
 COFECHA-style crossdating report: arge141
 Report generated using dplR 1.8.1 (R 4.5.2) on 2026-10-01 16:53 PDT
 Built with dplR's xdate.report(), not COFECHA; see the notes at the end.


      Measurement file name  : arge141.rwl
      MD5 of measurement file: a73b134caa4e53e26128a20fdaa65328
      Date checked           : 01OCT26
      Beginning year         : 1546
      Ending year            : 2011
      Principal investigators: Lavergne, A.; Daux, V.; Villalba, R.; Barichivich, J.
      Site name              : Cerro Diego de León
      Species information    : NOPU Nothofagus pumilio (Poepp. & Endl.) Reiche
      Latitude               : 41.2700 S
      Longitude              : 71.6300 W
      Elevation              : 1500 m

      Series intercorrelation: 0.593
      Avg mean sensitivity   : 0.326
      Avg standard deviation : 0.452
      Avg autocorrelation    : 0.655
      Number dated series    : 157
      Series crossdated      : 146
      Segment length tested  : 50

      Number problem segments: 62  (A 18, B 44; 20 of the B weak at every lag)
      Pct problem segments   : 5.77


 CORRELATION OF SERIES BY SEGMENTS: arge141
-----------------------------------------------------------------------------------------------------------------------------------
 Correlations of  50-year dated segments, lagged  25 years
 Flags:  A = correlation under   .3281 but highest as dated;  B = correlation higher at other than dated position

 Seq Series  Time_span  1600 1625 1650 1675 1700 1725 1750 1775 1800 1825 1850 1875 1900 1925 1950 
                        1649 1674 1699 1724 1749 1774 1799 1824 1849 1874 1899 1924 1949 1974 1999 
 --- -------- ---------  ---- ---- ---- ---- ---- ---- ---- ---- ---- ---- ---- ---- ---- ---- ---- 
   1 DEL09A   1756 1991                                     .66  .79  .72  .76  .74  .67  .75      
   2 DLE05D   1739 1991                                .65  .49  .55  .52  .62  .61  .63  .61      
   3 DLE06A   1728 1991                                .52  .55  .62  .42  .18B .26B .68  .77      
   4 DLE07C   1675 1991                      .86  .86  .80  .73  .79  .74  .74  .78  .76  .72      
   5 DLE07D   1634 1991            .55  .77  .81  .81  .81  .79  .84  .82  .84  .85  .74  .77      
   6 DLE10C   1729 1991                                .70  .56  .59  .73  .70  .63  .68  .74      
   7 DLE13B   1546 1991  .64  .66  .73  .76  .76  .77  .77  .64  .59  .62  .78  .69  .55  .62      
   8 DLE14A   1723 1991                           .76  .76  .76  .78  .74  .70  .66  .64  .59      
   9 DLE15A   1677 1991                      .85  .72  .68  .85  .79  .53  .71  .83  .75  .67      
  10 DLE15B   1776 1991                                          .76  .67  .76  .76  .68  .63      
  11 DLE16A   1618 1991       .73  .83  .89  .85  .79  .70  .61  .58  .56  .58  .67  .68  .66      
  12 DLE16B   1687 1991                      .83  .80  .74  .68  .61  .61  .67  .67  .76  .80      
  13 DLE18A   1675 1991                      .75  .85  .83  .76  .74  .74  .77  .74  .70  .70      
  14 DLE18B   1612 1991       .69  .77  .75  .67  .70  .73  .73  .55  .51  .69  .76  .83  .76      
  15 DLE20B   1676 1991                      .74  .71  .71  .73  .84  .78  .81  .72  .71  .77      
  16 DLE22B   1595 1991  .73  .77  .76  .72  .79  .83  .79  .81  .76  .67  .73  .81  .75  .72      
  17 DLE22C   1600 1991       .84  .84  .77  .78  .79  .79  .78  .78  .72  .76  .75  .67  .72      
  18 DLE23B   1628 1991            .76  .81  .75  .76  .70  .60  .59  .62  .68  .69  .72  .71      
  19 DLE23C   1611 1991       .52  .70  .74  .73  .71  .63  .44  .68  .61  .47  .49  .54  .54      
  20 DLE28B   1714 1991                           .74  .67  .68  .66  .67  .54  .46  .59  .64      
  21 DLE29A   1887 1991                                                              .51  .68      
  22 DLE29B   1765 1991                                     .61  .65  .62  .66  .61  .50  .61      
  23 DLE30A   1658 1991                 .79  .74  .66  .64  .69  .72  .70  .75  .75  .64  .58      
  24 DLE30B   1785 1991                                          .76  .74  .69  .68  .67  .66      
  25 DLE31A   1764 1991                                     .57  .54  .71  .75  .65  .56  .49      
  26 DLE31B   1826 1991                                                    .61  .51  .61  .64      
  27 DLE33B   1764 1991                                     .58  .63  .66  .75  .66  .52  .57      
  28 DLE37A   1737 1991                                .67  .74  .72  .67  .74  .75  .74  .64      
  29 mir4b    1819 2010                                               .73  .65  .56  .47  .64  .54 
  30 mir07b   1817 2010                                               .51  .60  .62  .53  .58  .42 
  31 mir09b   1771 2010                                     .60  .66  .55  .74  .75  .50  .64  .68 
  32 mir29b   1781 2010                                          .52  .59  .80  .80  .58  .58  .55 
  33 mir29a   1761 2010                                     .61  .62  .58  .81  .86  .71  .71  .71 
  34 mir11a   1798 2010                                          .53  .59  .69  .67  .62  .61  .58 
  35 mir11b   1779 2010                                          .57  .57  .74  .73  .62  .70  .72 
  36 mir03a   1758 2010                                     .63  .52  .45  .69  .77  .76  .67  .52 
  37 mir 18   1754 2010                                     .57  .61  .58  .75  .75  .55  .56  .46 
  38 mir01a   1797 2010                                          .78  .71  .81  .82  .73  .67  .60 
  39 mir25    1828 2010                                                    .40B .44B .65  .73  .68 
  40 mir07a   1926 2010                                                                        .65 
  41 mir02b   1895 2008                                                              .65  .75  .56 
  42 mir09a   1832 1997                                                    .78  .78  .58  .67      
  43 mir12a   1740 2010                                .47  .70  .70  .68  .64  .66  .70  .59  .48 
  44 mir08b   1712 1976                           .37  .53  .51  .39  .29B .51  .61  .53  .45      
  45 mir08a   1724 2010                           .28B .51  .52  .49  .27B .40  .43  .51  .67  .55 
  46 mir08c   1693 2010                      .51  .57  .56  .51  .34  .29A .49  .52  .57  .51  .24B
  47 mir06a   1788 2010                                          .59  .47  .43  .40  .60  .74  .65 
  48 mir04a   1825 1965                                                    .76  .74  .77           
  49 mir12b   1901 2010                                                                   .51  .49 
  50 mir01b   1833 1971                                                    .76  .84  .75           
  51 mir06b   1726 2010                                .61  .63  .77  .77  .75  .77  .76  .67  .38 
  52 mir05b   1827 2010                                                    .50  .43  .66  .55  .35 
  54 mir10b   1727 2010                                .56  .49  .30A .34  .60  .65  .73  .70  .70 
  55 mir10a   1720 2010                           .56  .43  .43  .35  .47  .52  .30A .29B .62  .63 
  56 mir17    1908 2002                                                                   .49  .34B
  57 mir27    1931 2001                                                                        .28B
  58 mir02a   1920 2010                                                                   .47  .44 
  59 mir28    1898 1982                                                              .50  .46      
  60 dl417b   1771 2003                                     .53  .67  .68  .61  .54  .55  .63  .61 
  61 dl415b   1787 2003                                          .75  .72  .81  .86  .76  .66  .58 
  62 dl432b   1832 2003                                                    .75  .75  .65  .76  .62 
  63 dl426a   1745 2003                                .71  .71  .71  .79  .83  .72  .60  .56  .45 
  64 dl425b   1747 2003                                .60  .64  .74  .71  .63  .49  .49  .68  .66 
  66 dl04b    1785 2003                                          .76  .70  .77  .80  .75  .69  .61 
  67 dl15a    1795 2003                                          .74  .68  .78  .72  .59  .73  .60 
  68 dl431a   1805 2003                                               .67  .76  .71  .65  .71  .66 
  69 dl431c   1765 2003                                     .44  .62  .73  .76  .75  .70  .75  .38 
  70 dl4112b  1743 2003                                .57  .43  .64  .60  .72  .78  .67  .64  .62 
  71 dl4112c  1739 2003                                .60  .80  .60  .30B .51  .64  .62  .53  .46 
  72 dl4112c2 1739 2003                                .60  .80  .60  .30B .51  .64  .62  .53  .46 
  73 dl4112a  1768 2003                                     .73  .55  .29B .39  .51  .57  .65  .57 
  74 dl413b   1682 2003                      .46  .53  .69  .61  .59  .70  .58  .49  .49  .44  .43 
  75 dl434c   1707 2002                           .66  .60  .79  .53  .47  .82  .78  .76  .75  .61 
  76 dl434b   1718 2003                           .80  .80  .79  .77  .68  .70  .70  .74  .75  .72 
  77 dl434a   1735 2002                                .39  .80  .85  .84  .82  .76  .72  .77  .57 
  78 dl431b   1725 2003                                .52  .61  .67  .70  .77  .82  .65  .61  .66 
  79 dl405b   1634 2003            .87  .83  .80  .86  .86  .81  .67  .57  .68  .79  .76  .74  .60 
  80 dl416a   1639 2003            .74  .55  .29B .43  .62  .71  .81  .76  .72  .72  .63  .58  .46 
  81 dl433b   1926 2003                                                                        .63 
  82 dl503b   1659 2003                 .76  .80  .51  .47  .64  .77  .85  .84  .79  .64  .69  .75 
  83 dl503a   1767 1994                                     .67  .69  .77  .75  .73  .71  .71      
  84 dl502a   1782 2003                                          .56  .34B .70  .80  .65  .69  .70 
  85 dl502b   1850 2003                                                         .60  .47  .48  .47 
  86 dl422a   1711 1984                           .83  .74  .70  .79  .70  .82  .85  .73  .72      
  87 dl421b   1824 2003                                               .62  .79  .79  .67  .68  .65 
  88 dl421a   1838 1969                                                    .71  .73  .67           
  89 dl413a   1624 2003            .70  .71  .76  .50  .41  .78  .72  .58  .65  .66  .67  .67  .62 
  90 mir05a   1814 2010                                               .31B .66  .69  .65  .52  .41 
  91 mir07c   1668 2010                 .61  .67  .55  .49  .61  .64  .58  .54  .47  .42  .46  .56 
  92 mir03b   1644 2010            .50  .62  .70  .45  .32B .64  .56  .49  .68  .76  .68  .72  .81 
  93 dl05a    1628 1979            .83  .78  .74  .81  .72  .65  .62  .60  .75  .79  .75  .48      
  95 dl423b1  1721 2003                           .68  .79  .76  .75  .65  .61  .45  .02B .22A .63 
  96 dl422b   1642 1997            .55  .86  .89  .84  .80  .82  .79  .75  .80  .79  .70  .72      
  97 dl7a     1944 2011                                                                        .17B
  99 dl10b2   1732 2008                                .55  .43  .57  .55  .49  .54  .65  .68  .36 
 100 dg19b    1776 2010                                          .52  .46  .72  .75  .70  .59  .42 
 101 dl4a     1797 2006                                          .55  .65  .59  .65  .80  .79  .49 
 102 dl1a     1669 2011                 .08B .10B .30A .24B .29B .38  .46B .75  .45  .26A .60  .54 
 103 dl15b    1857 2010                                                         .52  .65  .65  .66 
 105 dl19a    1799 2008                                          .45  .32B .58  .75  .66  .66  .51 
 106 dl27b    1772 2011                                     .48  .53  .29A .60  .57  .37  .38  .10B
 109 dl16b    1769 2011                                     .59  .60  .56  .70  .76  .69  .83  .69 
 110 dl3a     1717 2009                           .48  .61  .54  .58  .44  .52  .58  .63  .71  .63 
 111 dl12b    1748 2011                                .50  .69  .68  .63  .68  .71  .62  .62  .49 
 112 dl8a     1750 2011                                     .83  .89  .62  .28B .36B .55  .55  .51 
 113 dl14b    1707 2011                           .74  .68  .75  .74  .68  .79  .80  .47  .39  .54 
 114 dl8b     1661 2011                 .66  .60  .53  .33  .60  .87  .69  .73  .81  .74  .72  .70 
 115 dl1b     1723 2010                           .52  .63  .63  .74  .76  .54B .50B .63  .57  .48 
 116 dl14a    1770 2011                                     .34  .50  .48  .74  .73  .66  .65  .54 
 117 dl29a    1852 2010                                                         .50  .33B .63  .67 
 118 dl13b    1750 2010                                     .55  .67  .55  .61  .56  .36  .49  .43 
 119 dl21a    1900 2007                                                                   .57  .48 
 120 dl27a    1763 2011                                     .61  .38  .34  .62  .61  .62  .42  .11B
 121 dl24a    1731 2011                                .68  .58  .58  .55  .73  .77  .61  .62  .65 
 122 dl12a    1748 2011                                .19B .61  .65  .76  .76  .72  .61  .56  .54 
 123 dl26a    1932 2011                                                                        .53 
 124 dl28a    1684 2011                      .69  .33A .19B .57  .43  .42  .61  .69  .82  .78  .68 
 125 dl4b     1809 2007                                               .59  .68  .67  .56  .69  .48 
 126 dl22a    1855 2011                                                         .60  .58  .67  .72 
 127 dl26b    1823 2011                                               .27B .56  .58  .41  .66  .72 
 128 dl9a     1716 2010                           .54  .30B .37  .54  .68  .68  .58  .22A .29A .62 
 129 dl10a    1724 2010                                .26A .18B .43  .55  .67  .77  .55  .60  .70 
 130 dl13a    1756 2011                                     .66  .63  .37  .50  .65  .49  .41  .43 
 131 dl2b     1694 2009                      .37  .59  .45  .42  .68  .60  .65  .67  .57  .68  .64 
 133 dl18b    1814 2009                                               .30A .50  .49  .47  .51  .41 
 134 dl24b    1831 2011                                                    .72  .73  .67  .72  .74 
 135 dl6b     1905 2011                                                                   .47  .12B
 137 dl30a    1776 2011                                          .64  .68  .52  .44  .54  .62  .41 
 140 dl5a     1843 2006                                                    .77  .37  .10B .31A .29A
 142 dl29b    1830 2008                                                    .57  .61  .76  .59  .41 
 143 dl11b    1811 2011                                               .54  .60  .50  .46  .54  .52 
 144 dl22b    1857 2011                                                         .38  .20A .57  .51 
 147 dl15a2   1814 2011                                               .48  .40B .27B .40  .42  .43 
 148 dl16a    1720 2008                           .34B .69  .64  .32A .39  .77  .77  .54  .59  .40 
 149 dl21b    1901 2011                                                                   .49  .63 
 150 dl11a    1790 2011                                          .60  .50  .57  .71  .61  .69  .66 
 151 dl17a    1845 2011                                                    .55  .63  .60  .70  .66 
 152 dl23a    1775 2010                                          .55  .54  .50  .50  .60  .64  .29A
 153 dl25b    1911 2011                                                                   .59  .31A
 154 dl25bb   1915 2010                                                                   .58  .17B
 156 dl16b3   1788 2011                                          .56  .61  .41  .37  .66  .71  .43 
 157 dl20b    1791 2011                                          .55  .44  .58  .65  .62  .69  .50 
 Av segment correlation  .69  .70  .72  .71  .69  .64  .60  .63  .63  .58  .66  .65  .61  .62  .53 

 FLAGGED SEGMENTS: arge141
-----------------------------------------------------------------------------------------------------------------------------------
 Seq Series   Segment    Flag  r dated  Best lag  r at lag   Gain  Note
 --- -------- ---------  ----  -------  --------  --------  -----  -----------------
   3 DLE06A   1850 1899     B     .183        -1      .413   .230
   3 DLE06A   1875 1924     B     .262        -1      .263   .000  weak at every lag
  39 mir25    1850 1899     B     .398        -1      .656   .258
  39 mir25    1875 1924     B     .442        -1      .478   .037
  44 mir08b   1825 1874     B     .293         1      .316   .023  weak at every lag
  45 mir08a   1725 1774     B     .278        -3      .317   .039  weak at every lag
  45 mir08a   1825 1874     B     .270         1      .302   .031  weak at every lag
  46 mir08c   1825 1874     A     .287         0
  46 mir08c   1950 1999     B     .237        -5      .320   .083  weak at every lag
  54 mir10b   1800 1849     A     .298         0
  55 mir10a   1875 1924     A     .302         0
  55 mir10a   1900 1949     B     .286        -1      .308   .022  weak at every lag
  56 mir17    1950 1999     B     .343        -2      .370   .026
  57 mir27    1950 1999     B     .281         7      .299   .018  weak at every lag
  71 dl4112c  1825 1874     B     .297         3      .383   .086
  72 dl4112c2 1825 1874     B     .297         3      .383   .086
  73 dl4112a  1825 1874     B     .294         2      .403   .109
  80 dl416a   1700 1749     B     .288        -1      .461   .173
  84 dl502a   1825 1874     B     .339        -1      .456   .117
  90 mir05a   1825 1874     B     .313         1      .346   .033
  92 mir03b   1750 1799     B     .323         7      .367   .044
  95 dl423b1  1900 1949     B     .020         1      .277   .257  weak at every lag
  95 dl423b1  1925 1974     A     .224         0
  97 dl7a     1950 1999     B     .173         3      .197   .024  weak at every lag
 102 dl1a     1675 1724     B     .076         5      .622   .546
 102 dl1a     1700 1749     B     .097         1      .187   .090  weak at every lag
 102 dl1a     1725 1774     A     .297         0
 102 dl1a     1750 1799     B     .237        -1      .325   .088  weak at every lag
 102 dl1a     1775 1824     B     .295        10      .431   .136
 102 dl1a     1825 1874     B     .459        -1      .468   .009
 102 dl1a     1900 1949     A     .260         0
 105 dl19a    1825 1874     B     .319        10      .347   .028
 106 dl27b    1825 1874     A     .290         0
 106 dl27b    1950 1999     B     .099        -5      .248   .149  weak at every lag
 112 dl8a     1850 1899     B     .279         1      .638   .359
 112 dl8a     1875 1924     B     .358         1      .420   .062
 115 dl1b     1850 1899     B     .543        -1      .555   .012
 115 dl1b     1875 1924     B     .495        -1      .507   .012
 117 dl29a    1900 1949     B     .326        -3      .353   .027
 120 dl27a    1950 1999     B     .115        -8      .247   .132  weak at every lag
 122 dl12a    1750 1799     B     .185       -10      .331   .146
 124 dl28a    1725 1774     A     .326         0
 124 dl28a    1750 1799     B     .189        -6      .318   .129  weak at every lag
 127 dl26b    1825 1874     B     .273        -1      .282   .009  weak at every lag
 128 dl9a     1750 1799     B     .297         1      .328   .030  weak at every lag
 128 dl9a     1900 1949     A     .216         0
 128 dl9a     1925 1974     A     .292         0
 129 dl10a    1750 1799     A     .258         0
 129 dl10a    1775 1824     B     .178        10      .239   .061  weak at every lag
 133 dl18b    1825 1874     A     .305         0
 135 dl6b     1950 1999     B     .121         7      .427   .306
 140 dl5a     1900 1949     B     .098         7      .268   .170  weak at every lag
 140 dl5a     1925 1974     A     .310         0
 140 dl5a     1950 1999     A     .294         0
 144 dl22b    1900 1949     A     .200         0
 147 dl15a2   1850 1899     B     .397         1      .498   .102
 147 dl15a2   1875 1924     B     .272         1      .275   .004  weak at every lag
 148 dl16a    1725 1774     B     .335        10      .338   .003
 148 dl16a    1800 1849     A     .324         0
 152 dl23a    1950 1999     A     .295         0
 153 dl25b    1950 1999     A     .312         0
 154 dl25bb   1950 1999     B     .166         2      .248   .083  weak at every lag

 DESCRIPTIVE STATISTICS: arge141
-----------------------------------------------------------------------------------------------------------------------------------

                                                Corr   //-------- Unfiltered --------\\  //-- dplR filtered --\\
                           No.    No.    No.    with   Mean   Max     Std   Auto   Mean   Max     Std   Auto  AR
 Seq Series   Interval   Years  Segmt  Flags   Master  msmt   msmt    dev   corr   sens  value    dev   corr  ()
 --- -------- ---------  -----  -----  -----   ------ -----  -----  -----  -----  -----  -----  -----  -----  --
   1 DEL09A   1756 1991    236      7      0    .694    .53   1.62   .276   .632   .378   2.54   .362   .000   1
   2 DLE05D   1739 1991    253      8      0    .610    .82   1.63   .291   .690   .237   1.84   .238   .011   2
   3 DLE06A   1728 1991    264      8      2    .507    .57   1.43   .270   .670   .359   1.91   .324  -.001   2
   4 DLE07C   1675 1991    317     10      0    .775    .88   2.71   .429   .652   .345   2.37   .322  -.014   2
   5 DLE07D   1634 1991    358     12      0    .721    .97   2.83   .583   .753   .384   2.10   .364   .016   1
   6 DLE10C   1729 1991    263      8      0    .689    .72   1.91   .343   .563   .366   2.27   .338   .011   1
   7 DLE13B   1546 1991    446     14      0    .685    .83   3.38   .575   .658   .452   3.56   .456   .004   2
   8 DLE14A   1723 1991    269      9      0    .690    .54   2.88   .409   .777   .372   2.56   .380   .009   1
   9 DLE15A   1677 1991    315     10      0    .738   1.10   2.62   .506   .740   .303   2.26   .292  -.006   2
  10 DLE15B   1776 1991    216      6      0    .693   1.78   4.13   .615   .644   .244   1.60   .231  -.010   3
  11 DLE16A   1618 1991    374     13      0    .693   1.03   2.82   .471   .695   .321   1.89   .302   .010   1
  12 DLE16B   1687 1991    305     10      0    .722   1.05   2.19   .418   .445   .344   2.18   .329  -.028   3
  13 DLE18A   1675 1991    317     10      0    .730   1.03   2.69   .449   .641   .270   2.20   .275   .007   1
  14 DLE18B   1612 1991    380     13      0    .689    .89   2.35   .372   .682   .278   2.06   .277   .010   1
  15 DLE20B   1676 1991    316     10      0    .744    .57   1.88   .283   .701   .324   2.20   .317  -.007   2
  16 DLE22B   1595 1991    397     14      0    .731    .73   1.92   .342   .633   .338   2.85   .347  -.016   3
  17 DLE22C   1600 1991    392     13      0    .751    .72   2.13   .374   .665   .374   3.02   .370  -.022   3
  18 DLE23B   1628 1991    364     12      0    .680    .88   2.83   .436   .650   .335   2.23   .328   .022   1
  19 DLE23C   1611 1991    381     13      0    .569    .65   1.78   .271   .619   .310   2.01   .306  -.005   3
  20 DLE28B   1714 1991    278      9      0    .635    .93   2.00   .340   .642   .253   1.73   .247  -.004   1
  21 DLE29A   1887 1991    105      2      0    .561   1.62   3.33   .605   .662   .241   1.52   .233  -.028   1
  22 DLE29B   1765 1991    227      7      0    .626   1.61   3.57   .641   .634   .272   1.84   .280   .023   1
  23 DLE30A   1658 1991    334     11      0    .690   1.07   2.62   .432   .572   .310   2.08   .303   .035   2
  24 DLE30B   1785 1991    207      6      0    .695    .59   1.42   .239   .573   .300   2.12   .321   .004   1
  25 DLE31A   1764 1991    228      7      0    .597    .69   2.39   .449   .648   .357   2.31   .345  -.018   1
  26 DLE31B   1826 1991    166      4      0    .556    .70   2.10   .319   .454   .346   2.19   .359   .006   1
  27 DLE33B   1764 1991    228      7      0    .597   1.43   2.85   .613   .665   .323   1.80   .300  -.012   2
  28 DLE37A   1737 1991    255      8      0    .703    .63   1.73   .325   .617   .353   2.01   .343   .003   1
  29 mir4b    1819 2010    192      6      0    .623   1.17   2.58   .480   .670   .292   1.82   .280   .020   1
  30 mir07b   1817 2010    194      6      0    .521    .94   2.83   .481   .649   .319   2.03   .319  -.022   3
  31 mir09b   1771 2010    240      8      0    .629   1.07   2.56   .482   .645   .319   1.73   .303  -.011   1
  32 mir29b   1781 2010    230      7      0    .611   1.45   3.33   .540   .728   .237   1.70   .230   .021   1
  33 mir29a   1761 2010    250      8      0    .665   1.46   4.10   .675   .822   .228   1.59   .219  -.003   3
  34 mir11a   1798 2010    213      7      0    .624    .84   2.52   .412   .673   .331   1.82   .325  -.003   2
  35 mir11b   1779 2010    232      7      0    .639    .97   2.39   .426   .676   .293   1.83   .274   .005   2
  36 mir03a   1758 2010    253      8      0    .588   1.32   3.30   .578   .584   .339   2.02   .338   .013   1
  37 mir 18   1754 2010    257      8      0    .562   1.35   3.75   .736   .752   .340   2.27   .332   .010   1
  38 mir01a   1797 2010    214      7      0    .732   1.38   3.39   .629   .712   .307   1.84   .298  -.019   1
  39 mir25    1828 2010    183      5      2    .538   1.30   3.25   .633   .695   .302   2.01   .297  -.035   3
  40 mir07a   1926 2010     85      1      0    .547   1.48   2.73   .577   .363   .340   1.67   .332  -.010   3
  41 mir02b   1895 2008    114      3      0    .537   1.75   3.32   .636   .425   .324   1.92   .305   .012   1
  42 mir09a   1832 1997    166      4      0    .655   1.70   3.84   .607   .589   .294   1.53   .266  -.012   3
  43 mir12a   1740 2010    271      9      0    .579    .93   2.51   .494   .778   .316   1.95   .308   .004   3
  44 mir08b   1712 1976    265      9      1    .427    .94   2.51   .493   .715   .291   2.14   .292  -.033   3
  45 mir08a   1724 2010    287     10      2    .404   1.12   2.77   .531   .700   .307   1.88   .302   .028   1
  46 mir08c   1693 2010    318     11      2    .487   1.02   4.16   .575   .727   .310   2.16   .322  -.002   2
  47 mir06a   1788 2010    223      7      0    .537    .99   2.58   .431   .714   .246   1.88   .234   .008   3
  48 mir04a   1825 1965    141      3      0    .715    .81   1.98   .370   .664   .323   1.78   .307   .034   1
  49 mir12b   1901 2010    110      2      0    .543    .74   1.56   .248   .539   .274   1.67   .255   .003   1
  50 mir01b   1833 1971    139      3      0    .746   1.06   1.98   .399   .542   .307   1.76   .298   .019   1
  51 mir06b   1726 2010    285      9      0    .684   1.11   2.46   .451   .728   .264   1.99   .256   .002   2
  52 mir05b   1827 2010    184      5      0    .498    .84   2.29   .394   .724   .305   1.97   .304  -.014   3
  53 mir32    1964 1995     32      0      0    .249   1.10   2.15   .385   .753   .215   1.44   .170   .146   2
  54 mir10b   1727 2010    284      9      1    .568   1.11   2.82   .552   .694   .329   2.05   .331  -.007   2
  55 mir10a   1720 2010    291     10      2    .430   1.12   3.19   .691   .714   .365   3.06   .404   .015   1
  56 mir17    1908 2002     95      2      1    .451   2.42   5.97   .849   .652   .226   1.78   .230   .032   1
  57 mir27    1931 2001     71      1      1    .330   1.57   4.26  1.019   .650   .366   1.60   .321   .039   2
  58 mir02a   1920 2010     91      2      0    .419   1.43   2.38   .481   .718   .208   1.97   .229   .017   1
  59 mir28    1898 1982     85      2      0    .414   1.85   4.07   .893   .742   .274   1.98   .284  -.007   1
  60 dl417b   1771 2003    233      8      0    .568   1.02   3.95   .780   .816   .381   2.06   .363   .018   1
  61 dl415b   1787 2003    217      7      0    .726    .99   2.31   .356   .587   .268   1.90   .274   .016   1
  62 dl432b   1832 2003    172      5      0    .668    .84   2.61   .447   .687   .315   2.11   .347   .039   1
  63 dl426a   1745 2003    259      9      0    .683    .89   2.86   .520   .770   .339   1.84   .331   .026   1
  64 dl425b   1747 2003    257      9      0    .610   1.07   3.73   .740   .852   .305   2.36   .299   .028   1
  65 dl433a   1877 2003    127                          .66   1.82   .517   .768   .447                         
  66 dl04b    1785 2003    219      7      0    .718    .88   2.27   .425   .595   .319   2.41   .321   .026   1
  67 dl15a    1795 2003    209      7      0    .682    .88   1.63   .282   .450   .275   1.98   .277  -.032   3
  68 dl431a   1805 2003    199      6      0    .673    .88   2.92   .495   .744   .312   2.77   .323   .031   2
  69 dl431c   1765 2003    239      8      0    .591    .72   2.96   .453   .569   .404   2.79   .413   .012   1
  70 dl4112b  1743 2003    261      9      0    .642    .61   1.58   .252   .662   .265   1.96   .273   .005   1
  71 dl4112c  1739 2003    265      9      1    .515    .87   2.23   .400   .766   .264   2.12   .273   .029   1
  72 dl4112c2 1739 2003    265      9      1    .515    .87   2.23   .400   .766   .264   2.12   .273   .029   1
  73 dl4112a  1768 2003    236      8      1    .509   1.37   2.75   .493   .647   .253   2.10   .264   .024   1
  74 dl413b   1682 2003    322     11      0    .549    .67   2.04   .336   .554   .369   2.11   .351   .006   2
  75 dl434c   1707 2002    296     10      0    .622    .96   2.38   .388   .473   .343   1.86   .305   .006   1
  76 dl434b   1718 2003    286     10      0    .737    .99   2.15   .444   .556   .358   1.94   .329   .008   1
  77 dl434a   1735 2002    268      9      0    .630   1.13   2.49   .477   .679   .289   1.73   .270   .008   1
  78 dl431b   1725 2003    279      9      0    .588   1.00   3.03   .600   .749   .364   2.12   .353   .004   3
  79 dl405b   1634 2003    370     13      0    .763    .97   2.12   .413   .679   .292   2.23   .280   .014   1
  80 dl416a   1639 2003    365     13      1    .600    .72   2.10   .333   .539   .343   2.36   .341  -.025   3
  81 dl433b   1926 2003     78      1      0    .656    .85   2.24   .517   .634   .421   2.60   .432  -.010   3
  82 dl503b   1659 2003    345     12      0    .673    .69   1.83   .323   .661   .316   2.49   .319  -.008   3
  83 dl503a   1767 1994    228      7      0    .641    .65   1.80   .299   .574   .311   2.23   .323   .026   1
  84 dl502a   1782 2003    222      7      1    .633    .63   1.93   .382   .725   .315   2.12   .319   .020   1
  85 dl502b   1850 2003    154      4      0    .515    .57   1.68   .325   .547   .410   2.24   .404   .053   1
  86 dl422a   1711 1984    274      9      0    .776    .98   2.14   .382   .661   .278   1.78   .264  -.002   2
  87 dl421b   1824 2003    180      6      0    .687   1.53   3.19   .560   .562   .275   1.87   .276   .018   1
  88 dl421a   1838 1969    132      3      0    .639   1.88   3.98   .704   .637   .265   1.90   .263   .019   1
  89 dl413a   1624 2003    380     13      0    .651    .84   2.09   .408   .670   .329   2.39   .331  -.010   2
  90 mir05a   1814 2010    197      6      1    .520    .72   2.22   .396   .733   .322   2.30   .317  -.002   2
  91 mir07c   1668 2010    343     12      0    .526    .94   2.83   .493   .612   .342   2.25   .344  -.009   3
  92 mir03b   1644 2010    367     13      1    .579    .56   1.92   .300   .584   .381   2.83   .396  -.026   3
  93 dl05a    1628 1979    352     12      0    .689    .74   1.94   .348   .553   .379   2.24   .360  -.008   3
  94 dl423b   1653 1719     67      0      0    .494    .94   1.84   .428   .766   .280   1.87   .279   .041   1
  95 dl423b1  1721 2003    283     10      2    .537    .87   2.34   .423   .654   .297   2.31   .315  -.006   3
  96 dl422b   1642 1997    356     12      0    .719    .84   2.21   .350   .563   .313   2.17   .306  -.014   3
  97 dl7a     1944 2011     68      1      1    .141    .66   2.12   .421   .393   .464   2.85   .493   .147   0
  98 dl10b    1715 1733     19      0      0    .596   1.04   1.73   .412   .713   .229   1.34   .244   .161   1
  99 dl10b2   1732 2008    277      9      0    .515   1.07   2.91   .511   .612   .331   2.51   .332  -.009   1
 100 dg19b    1776 2010    235      7      0    .526    .96   2.44   .577   .741   .320   2.30   .326  -.006   3
 101 dl4a     1797 2006    210      7      0    .587   1.36   2.94   .519   .513   .329   1.90   .308   .022   1
 102 dl1a     1669 2011    343     12      7    .349    .96   3.29   .611   .683   .386   2.19   .382  -.017   3
 103 dl15b    1857 2010    154      4      0    .548    .74   1.96   .417   .701   .309   2.05   .318   .002   1
 104 dl9b     1722 2011    284                          .51   3.48   .404   .820   .376                         
 105 dl19a    1799 2008    210      7      1    .530   1.14   2.60   .503   .655   .296   1.82   .279   .061   0
 106 dl27b    1772 2011    240      8      2    .422   1.25   3.35   .669   .729   .309   2.44   .317  -.015   1
 107 dl7b     1655 2011    352                          .83   2.65   .487   .628   .388                         
 108 dl28b    1634 2011    377                          .65   2.27   .397   .659   .383                         
 109 dl16b    1769 2011    243      8      0    .629    .56   1.38   .280   .579   .392   2.19   .383   .031   1
 110 dl3a     1717 2009    293     10      0    .529    .59   2.18   .412   .778   .370   2.85   .395  -.035   3
 111 dl12b    1748 2011    264      9      0    .584    .94   2.39   .460   .695   .312   1.95   .299   .027   1
 112 dl8a     1750 2011    262      8      2    .510   1.16   2.73   .496   .726   .260   1.96   .275  -.027   3
 113 dl14b    1707 2011    305     10      0    .648    .93   2.40   .415   .651   .319   2.33   .313   .004   1
 114 dl8b     1661 2011    351     12      0    .649    .97   2.41   .400   .604   .309   1.98   .305  -.009   2
 115 dl1b     1723 2010    288     10      2    .553   1.00   3.44   .529   .645   .367   2.02   .350   .000   2
 116 dl14a    1770 2011    242      8      0    .496    .93   1.90   .355   .676   .267   1.99   .271  -.019   3
 117 dl29a    1852 2010    159      4      1    .474    .90   2.21   .354   .551   .297   2.16   .307   .012   1
 118 dl13b    1750 2010    261      8      0    .508    .63   2.15   .450   .787   .419   2.32   .396  -.010   3
 119 dl21a    1900 2007    108      2      0    .339   2.09   3.47   .567   .465   .219   1.58   .214   .028   1
 120 dl27a    1763 2011    249      8      1    .482   1.19   3.10   .737   .769   .328   1.95   .314   .012   3
 121 dl24a    1731 2011    281      9      0    .654    .90   2.34   .379   .585   .310   1.85   .296  -.001   2
 122 dl12a    1748 2011    264      9      1    .516    .79   3.90   .477   .698   .319   2.08   .325   .045   1
 123 dl26a    1932 2011     80      1      0    .485   1.56   2.72   .515   .400   .315   1.75   .298   .019   1
 124 dl28a    1684 2011    328     11      2    .563    .88   2.52   .390   .542   .330   2.07   .334   .001   2
 125 dl4b     1809 2007    199      6      0    .513   1.37   4.32   .609   .665   .300   2.12   .295   .035   1
 126 dl22a    1855 2011    157      4      0    .590   1.28   2.78   .545   .685   .269   2.38   .273  -.008   1
 127 dl26b    1823 2011    189      6      1    .507   1.78   3.86   .745   .571   .329   2.04   .297   .020   1
 128 dl9a     1716 2010    295     10      3    .475    .72   3.30   .532   .782   .409   2.57   .411   .033   1
 129 dl10a    1724 2010    287      9      2    .468   1.14   3.33   .526   .561   .337   2.41   .332  -.002   2
 130 dl13a    1756 2011    256      8      0    .523    .80   3.17   .565   .795   .376   2.12   .366  -.001   2
 131 dl2b     1694 2009    316     11      0    .521    .73   2.73   .441   .637   .344   2.26   .359   .004   2
 132 dl30b    1728 2011    283                          .62   1.80   .354   .733   .340                         
 133 dl18b    1814 2009    196      6      1    .437    .72   2.22   .330   .619   .306   2.20   .317  -.006   1
 134 dl24b    1831 2011    181      5      0    .653    .86   2.86   .439   .686   .288   2.22   .285   .011   1
 135 dl6b     1905 2011    107      2      1    .238   1.71   6.19   .778   .707   .243   2.22   .250  -.022   3
 136 dl18a    1832 2010    170                          .68   1.81   .300   .616   .278                         
 137 dl30a    1776 2011    236      7      0    .502    .57   1.66   .310   .651   .363   2.23   .361   .021   1
 138 dl5b     1781 2010    211                          .64   1.90   .334   .703   .311                         
 139 dl2a     1662 2007    344                          .46   2.04   .281   .503   .414                         
 140 dl5a     1843 2006    164      5      3    .401    .84   2.17   .305   .347   .306   2.36   .316   .002   1
 141 dl25a    1677 2005    305                          .56   2.65   .339   .649   .354                         
 142 dl29b    1830 2008    179      5      0    .579   1.18   2.46   .485   .588   .306   1.91   .288   .006   2
 143 dl11b    1811 2011    201      6      0    .525    .79   2.42   .391   .752   .262   1.89   .269  -.011   2
 144 dl22b    1857 2011    155      4      1    .462   1.48   4.05   .710   .602   .313   2.01   .321   .015   1
 145 dl20a    1791 2011    210                          .71   2.33   .515   .813   .312                         
 146 dl3b     1912 2010     78                         1.29   4.13   .721   .816   .267                         
 147 dl15a2   1814 2011    198      6      2    .407    .67   2.21   .366   .568   .377   2.22   .369  -.000   2
 148 dl16a    1720 2008    289     10      2    .462    .48   4.22   .413   .443   .501   3.97   .488  -.009   3
 149 dl21b    1901 2011    111      2      0    .475   1.92   5.52   .769   .744   .206   1.54   .206   .036   1
 150 dl11a    1790 2011    222      7      0    .588    .91   2.26   .445   .723   .288   2.89   .318   .007   1
 151 dl17a    1845 2011    167      5      0    .586    .71   1.64   .394   .778   .318   2.45   .332  -.025   3
 152 dl23a    1775 2010    236      7      1    .501    .62   1.59   .283   .655   .300   2.31   .306   .012   1
 153 dl25b    1911 2011    101      2      1    .430    .42   1.15   .264   .648   .356   1.85   .349  -.024   1
 154 dl25bb   1915 2010     96      2      1    .385    .45    .95   .182   .495   .300   2.31   .328  -.005   1
 155 dl16b2   1750 1778     29      0      0    .316    .37    .81   .200   .415   .505   1.80   .391   .158   2
 156 dl16b3   1788 2011    224      7      0    .497    .71   1.54   .324   .714   .303   1.74   .286  -.004   2
 157 dl20b    1791 2011    221      7      0    .568    .66   1.99   .434   .771   .327   2.04   .350  -.011   2
 --- -------- ---------  -----  -----  -----   ------ -----  -----  -----  -----  -----  -----  -----  -----  --
 Total or mean:          36848   1074     62    .593    .93   6.19   .452   .655   .326   3.97   .319   .004

 DATA CHECKS (rwl.check): arge141
-----------------------------------------------------------------------------------------------------------------------------------
 rwl.check: data_files/treering/measurements/southamerica/arge141.rwl
 157 series, 36848 measurements, 1546-2011, 0.001 mm precision
 1 error(s), 11 warning(s), 18 note(s)
 -------------
 ERROR
   RWL_DUP_SERIES (1)
     dl4112c: identical measurements in dl4112c, dl4112c2; one core may be archived twice
 -------------
 WARNING
   RWL_INTERNAL_NA (10)
     dl18a: no measurement for 1871-1879, inside the measured span of the series. The file records nothing for those years, which is not a fault, but detrend(), chron(), strip.rwl(), rwi.stats() and sss() fail on interior gaps and this series cannot be crossdated. Use fill.internal.NA() to close them deliberately
     dl20a: no measurement for 1864-1874, inside the measured span of the series. The file records nothing for those years, which is not a fault, but detrend(), chron(), strip.rwl(), rwi.stats() and sss() fail on interior gaps and this series cannot be crossdated. Use fill.internal.NA() to close them deliberately
     dl25a: no measurement for 1746-1769, inside the measured span of the series. The file records nothing for those years, which is not a fault, but detrend(), chron(), strip.rwl(), rwi.stats() and sss() fail on interior gaps and this series cannot be crossdated. Use fill.internal.NA() to close them deliberately
     dl28b: no measurement for 1843, inside the measured span of the series. The file records nothing for that year, which is not a fault, but detrend(), chron(), strip.rwl(), rwi.stats() and sss() fail on interior gaps and this series cannot be crossdated. Use fill.internal.NA() to close them deliberately
     dl2a: no measurement for 1741-1742, inside the measured span of the series. The file records nothing for those years, which is not a fault, but detrend(), chron(), strip.rwl(), rwi.stats() and sss() fail on interior gaps and this series cannot be crossdated. Use fill.internal.NA() to close them deliberately
     dl30b: no measurement for 1987, inside the measured span of the series. The file records nothing for that year, which is not a fault, but detrend(), chron(), strip.rwl(), rwi.stats() and sss() fail on interior gaps and this series cannot be crossdated. Use fill.internal.NA() to close them deliberately
     dl3b: no measurement for 1946-1966, inside the measured span of the series. The file records nothing for those years, which is not a fault, but detrend(), chron(), strip.rwl(), rwi.stats() and sss() fail on interior gaps and this series cannot be crossdated. Use fill.internal.NA() to close them deliberately
     dl5b: no measurement for 1861-1879, inside the measured span of the series. The file records nothing for those years, which is not a fault, but detrend(), chron(), strip.rwl(), rwi.stats() and sss() fail on interior gaps and this series cannot be crossdated. Use fill.internal.NA() to close them deliberately
     dl7b: no measurement for 1865-1869, inside the measured span of the series. The file records nothing for those years, which is not a fault, but detrend(), chron(), strip.rwl(), rwi.stats() and sss() fail on interior gaps and this series cannot be crossdated. Use fill.internal.NA() to close them deliberately
     dl9b: no measurement for 1745-1750, inside the measured span of the series. The file records nothing for those years, which is not a fault, but detrend(), chron(), strip.rwl(), rwi.stats() and sss() fail on interior gaps and this series cannot be crossdated. Use fill.internal.NA() to close them deliberately
   RWL_SERIES_OUTLIER (1)
     dl6b: correlates with the rest of the collection at r = 0.163 where the collection median is 0.588 (4.1 MAD below it); it does not fit the collection it is in
 18 note(s) not shown; see rwl.check() or the 'check' element of this report.

 NOTES
-----------------------------------------------------------------------------------------------------------------------------------
 Report generated using dplR 1.8.1 (R 4.5.2) on 2026-10-01 16:53 PDT.
 Measurement file arge141.rwl, MD5 a73b134caa4e53e26128a20fdaa65328.
 Filtering: each series divided by a 32-year smoothing spline (caps()), then prewhitened with
   an AR model (order by AIC, at most 3).
 Master: biweight robust mean of the other series (leave-one-out).
 Correlation: Pearson, one-tailed, pcrit = 0.01; critical r = 0.3281 for 50-year segments.
 Segments: 50 years, lagged 25, first segment floored to 100. Lags searched: +/- 10 years.
 A segment is tested only where the series and the master cover all of it, at the dated
   position and at every lag. COFECHA also tests partial segments at the ends of a series, so
   series here may show fewer segments, and no flags can be raised at the ends of the record.
 Lags follow COFECHA: negative means rings are probably missing from the series, positive means
   false rings. A missing ring carries its lag into every segment before it, so look where the
   lag changes along a series. A B flag is a hypothesis to check on the wood; the gain says how
   seriously to take it.
 A B flag marked "weak at every lag" correlates under the critical value even at its best lag:
   the segment is weak wherever it is placed, and the shift is not evidence of a dating error.
   Treat it as a low correlation, like an A.
 Averages in the summary and the totals are weighted by the number of years in each series, as
   COFECHA's are.
 Unfiltered block and mean sensitivity: the measurements as read, and sens1().
 dplR filtered block: the series that was correlated, after filtering. COFECHA's filtered
   series is defined differently, so these three columns are not COFECHA's numbers.
 AR: order of the AR model used to prewhiten.
 Left out of the crossdating: the 'nyrs' spline for series dl433a is not all positive, so
   dividing by it would give negative or infinite indices. Remove the series, or detrend the
   data yourself with detrend() and pass the indices with 'nyrs = NULL'
 Left out of the crossdating: series dl9b has internal NA values, and the 'nyrs' spline needs
   an unbroken series. Fill them with fill.internal.NA(), remove the series, or use 'n' instead
   of 'nyrs'
 Left out of the crossdating: series dl7b has internal NA values, and the 'nyrs' spline needs
   an unbroken series. Fill them with fill.internal.NA(), remove the series, or use 'n' instead
   of 'nyrs'
 Left out of the crossdating: series dl28b has internal NA values, and the 'nyrs' spline needs
   an unbroken series. Fill them with fill.internal.NA(), remove the series, or use 'n' instead
   of 'nyrs'
 Left out of the crossdating: series dl30b has internal NA values, and the 'nyrs' spline needs
   an unbroken series. Fill them with fill.internal.NA(), remove the series, or use 'n' instead
   of 'nyrs'
 Left out of the crossdating: series dl18a has internal NA values, and the 'nyrs' spline needs
   an unbroken series. Fill them with fill.internal.NA(), remove the series, or use 'n' instead
   of 'nyrs'
 Left out of the crossdating: series dl5b has internal NA values, and the 'nyrs' spline needs
   an unbroken series. Fill them with fill.internal.NA(), remove the series, or use 'n' instead
   of 'nyrs'
 Left out of the crossdating: series dl2a has internal NA values, and the 'nyrs' spline needs
   an unbroken series. Fill them with fill.internal.NA(), remove the series, or use 'n' instead
   of 'nyrs'
 Left out of the crossdating: series dl25a has internal NA values, and the 'nyrs' spline needs
   an unbroken series. Fill them with fill.internal.NA(), remove the series, or use 'n' instead
   of 'nyrs'
 Left out of the crossdating: series dl20a has internal NA values, and the 'nyrs' spline needs
   an unbroken series. Fill them with fill.internal.NA(), remove the series, or use 'n' instead
   of 'nyrs'
 Left out of the crossdating: series dl3b has internal NA values, and the 'nyrs' spline needs
   an unbroken series. Fill them with fill.internal.NA(), remove the series, or use 'n' instead
   of 'nyrs'
