
 COFECHA-style crossdating report: bra046
 Report generated using dplR 1.8.1 (R 4.5.2) on 2026-10-01 16:50 PDT
 Built with dplR's xdate.report(), not COFECHA; see the notes at the end.


      Measurement file name  : bra046.rwl
      MD5 of measurement file: 6f626d0f41be0c75ee63a863db744acb
      Date checked           : 01OCT26
      Beginning year         : 1945
      Ending year            : 2018
      Principal investigators: Godoy-Veiga, M.; Locosselli, G.M.
      Site name              : Cavernas do Peruaçu National Park
      Species information    : AMCE Amburana cearensis (Allemão) A.C.Sm.
      Latitude               : 15.1238 S
      Longitude              : 44.2458 W
      Elevation              : 700 m

      Series intercorrelation: 0.625
      Avg mean sensitivity   : 0.512
      Avg standard deviation : 1.896
      Avg autocorrelation    : 0.316
      Number dated series    : 112
      Segment length tested  : 36

      Number problem segments: 0  (A 0, B 0)
      Pct problem segments   : 0.00


 CORRELATION OF SERIES BY SEGMENTS: bra046
-----------------------------------------------------------------------------------------------------------------------------------
 Correlations of  36-year dated segments, lagged  18 years
 Flags:  A = correlation under   .3862 but highest as dated;  B = correlation higher at other than dated position

 Seq Series  Time_span  1950 1968 
                        1985 2003 
 --- -------- ---------  ---- ---- 
   6 7027C    1965 2016       .61 
  15 7486B    1960 2014       .76 
  16 7486C    1946 2017  .67  .79 
  17 7486D    1948 2014  .65  .75 
  18 7487C    1953 2017       .55 
  19 7487D    1954 2017       .56 
  24 7489D    1965 2017       .78 
  25 7490A    1963 2017       .73 
  26 7490B    1964 2017       .68 
  27 7490C    1966 2017       .68 
  41 7522A    1961 2017       .54 
  42 7522B    1961 2017       .66 
  43 7538A    1945 2012  .65  .84 
  44 7538B    1946 2013  .68  .78 
  45 7538C    1953 2017       .75 
  46 7538D    1953 2017       .87 
  55 7545A    1962 2017       .64 
  56 7545B    1961 2017       .71 
  67 8078X    1965 2017       .50 
  69 8078D    1964 2017       .52 
  84 7554A    1968 2010       .51 
 100 8005A    1958 2018       .76 
 102 8005C    1947 2018  .51  .56 
 103 8005D    1959 2018       .65 
 Av segment correlation  .63  .67 

 FLAGGED SEGMENTS: bra046
-----------------------------------------------------------------------------------------------------------------------------------
 None.

 DESCRIPTIVE STATISTICS: bra046
-----------------------------------------------------------------------------------------------------------------------------------

                                                Corr   //-------- Unfiltered --------\\  //-- dplR filtered --\\
                           No.    No.    No.    with   Mean   Max     Std   Auto   Mean   Max     Std   Auto  AR
 Seq Series   Interval   Years  Segmt  Flags   Master  msmt   msmt    dev   corr   sens  value    dev   corr  ()
 --- -------- ---------  -----  -----  -----   ------ -----  -----  -----  -----  -----  -----  -----  -----  --
   1 7025A    1982 2016     35      0      0    .607   3.02   6.00  1.634   .273   .535   1.87   .434   .029   0
   2 7025C    1985 2016     32      0      0    .452   3.05   6.99  1.878   .455   .501   1.91   .468   .254   0
   3 7025D    1985 2016     32      0      0    .659   2.81   6.87  1.784   .121   .682   1.99   .511  -.143   0
   4 7027A    1972 2016     45      0      0    .755   4.45   9.76  2.292   .501   .501   1.84   .422   .036   1
   5 7027B    1972 2016     45      0      0    .765   3.74   7.27  1.736   .225   .517   1.85   .410   .027   0
   6 7027C    1965 2016     52      1      0    .677   3.98   8.34  1.696   .218   .466   1.71   .371  -.009   0
   7 7033A    1969 2016     48      0      0    .788   3.33   8.09  1.766   .347   .445   2.10   .437   .191   0
   8 7033B    1967 2016     50      0      0    .714   3.05   8.25  1.695   .499   .352   2.16   .379   .003   3
   9 7033C    1989 2016     28      0      0    .858   3.53   7.18  2.137   .691   .434   1.65   .383  -.042   2
  10 7033D    1970 2016     47      0      0    .779   3.54  11.24  2.073   .261   .452   2.48   .476   .160   0
  11 7034A    1969 2016     48      0      0    .707   2.36   6.52  1.533   .529   .520   2.80   .493   .033   1
  12 7034B    1968 2016     49      0      0    .786   2.79   7.40  1.615   .477   .437   2.46   .425   .029   1
  13 7034C    1981 2016     36      0      0    .842   3.63   7.65  1.844   .344   .492   1.92   .419   .103   0
  14 7034D    1981 2016     36      0      0    .857   3.64   8.16  1.958   .470   .435   1.95   .406   .145   1
  15 7486B    1960 2014     55      1      0    .760   3.59   8.23  1.811   .204   .533   1.98   .471   .100   0
  16 7486C    1946 2017     72      2      0    .619   2.87   8.36  1.711   .387   .495   2.64   .441  -.015   0
  17 7486D    1948 2014     67      2      0    .696   2.95   8.57  1.714   .318   .516   2.20   .484   .068   0
  18 7487C    1953 2017     65      1      0    .403   2.54   5.39  1.175   .089   .506   2.03   .408  -.087   0
  19 7487D    1954 2017     64      1      0    .484   2.72   7.09  1.355   .019   .496   2.30   .407   .068   2
  20 7488B    1978 2017     40      0      0    .689   3.35   6.14  1.316  -.000   .502   1.61   .354  -.170   0
  21 7488C    1982 2017     36      0      0    .697   3.20   6.77  1.420   .064   .563   1.94   .425  -.058   0
  22 7488D    1978 2017     40      0      0    .555   2.80   6.24  1.306  -.189   .591   2.06   .446   .021   1
  23 7489C    1970 2017     48      0      0    .801   3.65   8.59  1.949   .395   .498   1.79   .429   .087   0
  24 7489D    1965 2017     53      1      0    .677   3.39   8.49  1.798   .407   .519   1.88   .383  -.013   0
  25 7490A    1963 2017     55      1      0    .752   4.40  10.68  1.807   .297   .382   2.15   .327   .047   0
  26 7490B    1964 2017     54      1      0    .704   3.71   8.38  1.435   .319   .364   2.01   .328  -.010   2
  27 7490C    1966 2017     52      1      0    .729   3.39   8.70  1.479   .311   .376   2.51   .383   .191   0
  28 7490D    1972 2017     46      0      0    .834   4.53   8.40  1.679   .170   .361   1.86   .331   .033   0
  29 7506B    1980 2017     38      0      0    .587   2.29   5.31  1.244   .366   .542   2.66   .513   .091   0
  30 7506D    1980 2009     30      0      0    .594   2.54   5.04  1.193   .117   .543   1.86   .441  -.002   0
  31 7507A    1989 2017     29      0      0    .707   4.22   6.71  1.454   .191   .370   1.47   .289  -.043   0
  32 7507B    1989 2017     29      0      0    .687   4.24   8.00  1.543   .164   .380   1.79   .339   .069   0
  33 7507C    1980 2017     38      0      0    .574   3.17   8.02  1.850   .491   .383   1.76   .362   .085   0
  34 7507D    1980 2009     30      0      0    .474   3.49   8.63  2.121   .511   .447   2.29   .398  -.007   0
  35 7511A    1974 2017     44      0      0    .691   3.08  11.77  2.025   .325   .511   2.48   .494   .169   0
  36 7511E    1973 2017     45      0      0    .749   4.21   9.34  2.128   .536   .418   1.88   .384   .063   1
  37 7521A    1997 2017     21      0      0    .586   3.90   8.40  2.160   .081   .625   1.80   .462  -.274   0
  38 7521B    1997 2017     21      0      0    .718   4.24   8.79  2.265   .198   .548   2.36   .505  -.134   0
  39 7521G    1999 2012     14      0      0    .730   4.65   9.16  2.462   .107   .625   2.52   .558  -.008   0
  40 7521H    1999 2017     19      0      0    .466   3.85  10.84  2.900   .480   .589   2.78   .595  -.007   0
  41 7522A    1961 2017     57      1      0    .543   4.13   8.89  2.185   .040   .579   2.25   .461  -.136   0
  42 7522B    1961 2017     57      1      0    .649   3.52   9.52  2.230   .492   .487   1.86   .421   .038   1
  43 7538A    1945 2012     68      2      0    .672   2.62   6.24  1.368   .196   .467   1.81   .412  -.020   2
  44 7538B    1946 2013     68      2      0    .694   3.00   9.58  1.799   .360   .482   2.49   .435   .009   2
  45 7538C    1953 2017     65      1      0    .731   3.13   8.63  1.631   .271   .506   2.18   .442   .093   0
  46 7538D    1953 2017     65      1      0    .806   2.98   7.13  1.443   .247   .465   1.97   .390   .010   2
  47 7539A    1985 2017     33      0      0    .684   2.61   4.93  1.433   .105   .697   2.26   .542  -.012   0
  48 7539B    1985 2013     29      0      0    .773   3.30   6.16  1.570   .142   .534   1.78   .455   .055   0
  49 7539C    1983 2017     35      0      0    .759   3.36   7.00  1.955   .663   .399   1.55   .386  -.030   2
  50 7539D    1983 2017     35      0      0    .648   3.20   7.57  1.915   .286   .631   1.92   .480  -.028   0
  51 7540A    1989 2015     27      0      0    .763   3.00   5.23  1.436  -.003   .641   1.96   .473  -.103   0
  52 7540B    1989 2017     29      0      0    .603   3.72   9.63  1.838   .240   .486   2.28   .454   .170   0
  53 7540C    1979 2017     39      0      0    .534   2.71   6.35  1.529   .289   .593   2.22   .493  -.006   0
  54 7540D    1982 2017     36      0      0    .660   2.79   8.22  1.712   .512   .540   2.20   .476   .082   1
  55 7545A    1962 2017     56      1      0    .696   2.68   7.13  1.728   .513   .479   1.91   .398   .025   0
  56 7545B    1961 2017     57      1      0    .669   2.25   6.90  1.530   .665   .430   1.93   .395   .060   0
  57 7545C    1978 2017     40      0      0    .881   3.01   7.04  1.787   .486   .520   1.68   .419   .159   0
  58 7545D    1978 2017     40      0      0    .826   2.97   8.36  1.896   .511   .505   2.09   .434  -.006   1
  59 7557B    1981 2017     37      0      0    .660   2.12   6.58  1.725   .353   .634   2.43   .582   .108   0
  60 7557D    1984 2017     34      0      0    .609   2.02   4.91  1.258   .368   .558   1.79   .454   .039   0
  61 7558C    1994 2017     24      0      0    .438   2.23   6.68  1.509  -.014   .752   2.29   .611  -.187   0
  62 7558D    1994 2017     24      0      0    .409   2.05   5.65  1.458  -.239   .949   2.19   .605  -.097   1
  63 7705E    1990 2017     28      0      0    .799   2.57   5.08  1.101   .214   .478   1.79   .371   .061   0
  64 7705F    1990 2017     28      0      0    .748   3.19   5.13  1.109  -.023   .448   1.54   .325  -.127   0
  65 7705G    1992 2017     26      0      0    .826   2.83   5.63  1.395   .043   .562   1.97   .457  -.077   0
  66 7705H    1992 2017     26      0      0    .900   3.60   6.90  1.824   .287   .506   1.80   .431   .114   0
  67 8078X    1965 2017     53      1      0    .600   4.40  12.02  2.830   .424   .626   2.20   .498   .034   1
  68 8078A    1971 2017     47      0      0    .559   3.82   9.52  2.017   .295   .520   2.10   .440   .072   0
  69 8078D    1964 2017     54      1      0    .591   4.28  11.40  2.723   .409   .595   1.93   .489   .107   0
  70 8045A    1971 2017     47      0      0    .785   4.72  10.69  2.478   .390   .594   1.93   .459   .138   0
  71 8045B    1971 2018     48      0      0    .777   2.74   8.25  1.962   .726   .565   1.76   .407   .035   0
  72 8045C    1973 2010     38      0      0    .753   4.70   9.18  1.918   .190   .501   1.89   .389   .114   0
  73 8047A    1972 2018     47      0      0    .742   2.71   5.71  1.121   .249   .462   1.96   .368   .112   0
  74 8047B    1972 2018     47      0      0    .834   3.12   5.94  1.280   .236   .461   1.88   .358   .005   0
  75 8047C    1971 2018     48      0      0    .747   3.09   6.41  1.295   .105   .459   1.92   .360  -.123   0
  76 7562B    1974 2017     44      0      0    .636   2.36   6.98  1.337   .540   .446   2.14   .413   .085   0
  77 7562D    1977 2013     37      0      0    .422   2.48   5.36  1.463   .479   .536   2.61   .537   .174   0
  78 7989A    1974 2018     45      0      0    .571   5.63  11.51  2.616   .321   .533   2.08   .432   .154   0
  79 7989C    1992 2018     27      0      0    .577   6.05  12.65  3.110   .294   .594   2.09   .513   .099   0
  80 8004B    1990 2018     29      0      0    .797   4.25   9.22  2.475   .458   .456   1.86   .394   .085   0
  81 8004C    1984 2018     35      0      0    .484   4.59  11.25  2.313   .151   .517   2.41   .446  -.073   0
  82 8012A    1972 2018     47      0      0    .423   4.34  14.79  2.942   .669   .495   3.07   .523  -.021   2
  83 8012F    1980 2018     39      0      0    .460   3.45   8.89  2.354   .607   .538   2.28   .532   .125   1
  84 7554A    1968 2010     43      1      0    .516   2.41   6.71  1.727   .410   .525   2.59   .487  -.093   0
  85 7554B    1980 2017     38      0      0    .706   2.59   6.13  1.833   .528   .550   1.96   .472   .196   0
  86 7986A    2001 2018     18      0      0    .324   3.11   6.09  1.312   .465   .280   1.77   .357  -.039   1
  87 7986C    2001 2018     18      0      0    .112   2.82   5.79  1.188   .015   .392   2.00   .403  -.062   0
  88 7986D    2001 2018     18      0      0    .069   3.76   7.87  1.890   .275   .533   1.93   .448   .144   0
  89 7987A    1971 2018     48      0      0    .438   4.47  11.51  2.400   .087   .523   1.99   .418  -.039   2
  90 7987B    1980 2018     39      0      0    .314   2.60   5.33  1.255   .071   .507   2.12   .454  -.066   0
  91 7988C    1981 2018     38      0      0    .405   5.09  10.21  2.443   .290   .455   1.80   .402   .061   0
  92 7988D    1980 2018     39      0      0    .503   3.30   8.85  2.035   .138   .651   2.54   .537  -.018   0
  93 7995A    1979 2018     40      0      0    .397   3.91   8.36  2.155   .231   .591   1.78   .404  -.011   2
  94 7995B    1981 2018     38      0      0    .465   3.59   8.25  2.285   .437   .626   1.95   .519   .210   0
  95 7995C    1978 2018     41      0      0    .534   3.94   8.74  2.138   .333   .522   1.74   .408  -.037   0
  96 8001A    1989 2018     30      0      0    .581   4.43  13.30  3.288   .424   .596   2.10   .501   .092   0
  97 8001B    1989 2018     30      0      0    .250   5.36  12.19  3.073   .318   .517   1.77   .458   .117   0
  98 8001C    1989 2014     26      0      0    .353   6.25  15.39  3.320   .303   .432   2.01   .410   .074   0
  99 8001D    1989 2018     30      0      0    .513   5.10  14.85  3.567   .342   .562   2.71   .626   .139   0
 100 8005A    1958 2018     61      1      0    .560   4.20   9.39  2.015   .417   .460   1.79   .390   .127   0
 101 8005B    1975 2018     44      0      0    .643   3.46   6.54  1.889   .247   .631   1.92   .476  -.109   0
 102 8005C    1947 2018     72      2      0    .485   3.31   7.38  1.716   .355   .506   1.84   .409   .035   0
 103 8005D    1959 2018     60      1      0    .517   3.68   7.45  1.865   .358   .517   1.99   .439   .126   0
 104 8059A    1982 2018     37      0      0    .409   4.17  11.79  2.733   .274   .581   2.40   .591   .017   1
 105 8059B    1983 2018     36      0      0    .389   2.95   8.43  1.881   .326   .523   2.97   .546   .153   0
 106 8061A    1988 2017     30      0      0    .598   5.21   9.40  2.732   .226   .519   1.98   .469   .138   0
 107 8061B    1980 2018     39      0      0    .464   4.79   9.92  2.640   .318   .592   1.94   .459   .024   0
 108 8062B    1988 2016     29      0      0    .282   4.93  13.50  3.406   .447   .597   2.04   .543  -.019   1
 109 8062C    1990 2012     23      0      0    .355   6.42  14.44  3.612   .229   .573   1.89   .481   .044   0
 110 8062D    1990 2018     29      0      0    .513   4.59  13.08  3.351   .412   .683   3.13   .626  -.018   0
 111 8063B    1995 2018     24      0      0    .366   2.39   5.77  1.461   .434   .441   2.07   .410   .102   0
 112 8063C    2003 2016     14      0      0    .152   3.98   7.80  1.941   .269   .451   1.86   .463   .222   0
 --- -------- ---------  -----  -----  -----   ------ -----  -----  -----  -----  -----  -----  -----  -----  --
 Total or mean:           4515     29      0    .625   3.49  15.39  1.896   .316   .512   3.13   .440   .037

 DATA CHECKS (rwl.check): bra046
-----------------------------------------------------------------------------------------------------------------------------------
 rwl.check: data_files/treering/measurements/southamerica/bra046.rwl
 112 series, 4515 measurements, 1945-2018, 0.01 mm precision
 0 error(s), 2 warning(s), 89 note(s)
 -------------
 WARNING
   RWL_MIXED_EOL (1)
     line endings are not consistent: 1051 carriage return(s) against 527 line feed(s); mixed endings can defeat a reader
   RWL_NON_ASCII (1)
     2 byte(s) outside printable ASCII
 89 note(s) not shown; see rwl.check() or the 'check' element of this report.

 NOTES
-----------------------------------------------------------------------------------------------------------------------------------
 Report generated using dplR 1.8.1 (R 4.5.2) on 2026-10-01 16:50 PDT.
 Measurement file bra046.rwl, MD5 6f626d0f41be0c75ee63a863db744acb.
 Filtering: each series divided by a 32-year smoothing spline (caps()), then prewhitened with
   an AR model (order by AIC, at most 3).
 Master: biweight robust mean of the other series (leave-one-out).
 Correlation: Pearson, one-tailed, pcrit = 0.01; critical r = 0.3862 for 36-year segments.
 Segments: 36 years, lagged 18, first segment floored to 50. Lags searched: +/- 10 years.
 A segment is tested only where the series and the master cover all of it, at the dated
   position and at every lag. COFECHA also tests partial segments at the ends of a series, so
   series here may show fewer segments, and no flags can be raised at the ends of the record.
 Lags follow COFECHA: negative means rings are probably missing from the series, positive means
   false rings. A missing ring carries its lag into every segment before it, so look where the
   lag changes along a series. A B flag is a hypothesis to check on the wood; the gain says how
   seriously to take it.
 A B flag marked "weak at every lag" correlates under the critical value even at its best lag:
   the segment is weak wherever it is placed, and the shift is not evidence of a dating error.
   Treat it as a low correlation, like an A.
 Averages in the summary and the totals are weighted by the number of years in each series, as
   COFECHA's are.
 Unfiltered block and mean sensitivity: the measurements as read, and sens1().
 dplR filtered block: the series that was correlated, after filtering. COFECHA's filtered
   series is defined differently, so these three columns are not COFECHA's numbers.
 AR: order of the AR model used to prewhiten.
 Segment length reduced from 50 to 36 years: the record is only 74 years long.
 First segment floored to 50 years, not 100: at 100 no segment could be tested.
