
 COFECHA-style crossdating report: dza015
 Report generated using dplR 1.8.1 (R 4.5.2) on 2026-10-01 16:55 PDT
 Built with dplR's xdate.report(), not COFECHA; see the notes at the end.


      Measurement file name  : dza015.rwl
      MD5 of measurement file: 3be4b8df5ce1d9e36e7a0d6728b60156
      Date checked           : 01OCT26
      Beginning year         : 1534
      Ending year            : 2011
      Principal investigators: Touchan, R.
      Site name              : Djamaa Tighrifine
      Species information    : CDAT Cedrus atlantica (Endl.) Manetti ex Carrière
      Latitude               : 36.4500 N
      Longitude              : 4.1000 E
      Elevation              : 1460 m

      Series intercorrelation: 0.619
      Avg mean sensitivity   : 0.266
      Avg standard deviation : 0.721
      Avg autocorrelation    : 0.780
      Number dated series    : 95
      Segment length tested  : 50

      Number problem segments: 12  (A 5, B 7; 2 of the B weak at every lag)
      Pct problem segments   : 2.88


 CORRELATION OF SERIES BY SEGMENTS: dza015
-----------------------------------------------------------------------------------------------------------------------------------
 Correlations of  50-year dated segments, lagged  25 years
 Flags:  A = correlation under   .3281 but highest as dated;  B = correlation higher at other than dated position

 Seq Series  Time_span  1600 1625 1650 1675 1700 1725 1750 1775 1800 1825 1850 1875 1900 1925 1950 
                        1649 1674 1699 1724 1749 1774 1799 1824 1849 1874 1899 1924 1949 1974 1999 
 --- -------- ---------  ---- ---- ---- ---- ---- ---- ---- ---- ---- ---- ---- ---- ---- ---- ---- 
   1 DJT01A   1889 2005                                                              .56  .64  .45 
   2 DJT01B   1930 2005                                                                        .57 
   3 DJT02A   1869 2005                                                         .48  .64  .60  .52 
   4 DJT02B   1887 2005                                                              .58  .54  .55 
   5 DJT03A   1895 2005                                                              .43  .51  .55 
   6 DJT03B   1909 2005                                                                   .61  .58 
   7 DJT03C   1887 2005                                                              .42  .42  .55 
   8 DJT04A   1910 2005                                                                   .50  .69 
   9 DJT04B   1889 2005                                                              .54  .61  .71 
  10 DJT05A   1949 2005                                                                        .50 
  12 DJT06A   1808 2005                                               .76  .81  .73  .72  .72  .76 
  13 DJT06B   1840 2005                                                    .77  .47  .52  .70  .72 
  14 DJT07A   1927 2005                                                                        .58 
  15 DJT07B   1926 2005                                                                        .35 
  16 DJT08A   1915 2005                                                                   .49  .20B
  17 DJT08B   1927 2005                                                                        .16B
  18 DJT09A   1815 2005                                               .57  .48  .20B .46  .58  .80 
  19 DJT09B   1788 2005                                          .28A .46  .48  .47  .61  .75  .84 
  20 DJT10A   1778 2005                                          .57  .68  .73  .59  .71  .78  .80 
  21 DJT10B   1661 2005                 .62  .60  .46  .38  .75  .73  .57  .58  .43  .65  .79  .64 
  22 DJT11A   1692 2005                      .87  .79  .77  .78  .77  .68  .68  .67  .75  .73  .61 
  23 DJT11B   1688 1981                      .79  .68  .60  .76  .79  .77  .77  .65  .62  .66      
  24 DJT12A   1696 2005                      .68  .50  .58  .63  .72  .66  .66  .52  .72  .82  .78 
  25 DJT12B1  1682 1817                      .66  .64  .44                                         
  26 DJT12B2  1870 2005                                                         .72  .75  .74  .68 
  27 DJT13A   1753 2005                                     .81  .84  .82  .79  .50  .64  .66  .53 
  28 DJT13B   1802 2005                                               .68  .71  .52  .61  .68  .61 
  29 DJT14A1  1796 1919                                          .77  .77  .75                     
  30 DJT14A2  1950 2005                                                                        .66 
  31 DJT15A   1754 2005                                     .82  .74  .54  .61  .72  .70  .74  .78 
  32 DJT15B   1800 2005                                               .79  .87  .75  .73  .78  .82 
  33 DJT16A   1763 2005                                     .77  .77  .62  .56  .47  .70  .78  .80 
  34 DJT16B   1681 1865                      .67  .63  .53  .66  .75                               
  35 DJT17A1  1705 1880                           .70  .61  .68  .64  .59                          
  36 DJT17A2  1883 2005                                                              .61  .73  .72 
  37 DJT17B   1733 2005                                .55  .60  .59  .48  .57  .66  .66  .65  .62 
  38 DJT18A   1733 2005                                .52  .67  .63  .71  .67  .42  .60  .53  .68 
  39 DJT18B   1578 2005  .64  .67  .71  .72  .78  .70  .54  .78  .77  .70  .70  .61  .73  .72  .80 
  40 DJT20A   1791 2005                                          .77  .62  .48  .41  .71  .75  .78 
  41 DJT20B   1854 2005                                                         .36  .29A .42  .68 
  42 DJT20C   1778 2005                                          .55  .58  .60  .42  .41  .67  .71 
  43 DJT21B1  1662 1750                 .63  .44                                                   
  44 DJT21B2  1752 1921                                     .38  .54  .73  .79                     
  45 DJT21C   1790 1912                                          .67  .67  .69                     
  46 DJT22    1727 1845                                .57  .54                                    
  47 DJT23    1626 1831            .68  .56  .63  .75  .60  .49                                    
  48 DJT25    1723 1872                           .67  .48  .62  .53                               
  49 DJT26    1534 1805  .37  .44  .45  .40  .61  .77  .66                                         
  50 DJT27    1569 1829  .48  .41  .37  .36  .45  .72  .56  .72                                    
  51 DJT28    1635 1778            .40  .66  .53  .59                                              
  52 DJT29    1540 1797  .59  .71  .71  .65  .73  .66                                              
  53 DJT30    1625 1769            .55  .63  .68                                                   
  54 DJT31    1620 1759       .46  .66  .60  .52                                                   
  55 DJT32A   1940 2011                                                                        .69 
  59 DJT34A   1938 2011                                                                        .69 
  60 DJT34B   1924 2011                                                                   .64  .65 
  61 DJT35A   1939 2011                                                                        .63 
  62 DJT35B   1942 2011                                                                        .55 
  63 DJT36A   1949 2011                                                                        .66 
  64 DJT36B   1942 2011                                                                        .61 
  65 DJT37A   1932 2011                                                                        .66 
  66 DJT37B   1928 2011                                                                        .56 
  67 DJT38A   1889 2011                                                              .54  .70  .74 
  68 DJT38B   1883 2011                                                              .32A .65  .83 
  69 DJT39A   1897 2011                                                              .39  .49  .69 
  70 DJT39B   1881 2011                                                              .44  .46  .55 
  71 DJT40A   1922 2011                                                                   .67  .73 
  72 DJT40B   1910 2011                                                                   .47  .67 
  73 DJT41B   1752 2011                                     .41B .52B .76  .74  .63  .71  .55  .44 
  74 DJT42A   1887 2011                                                              .59  .66  .65 
  75 DJT42B   1903 2011                                                                   .69  .73 
  76 DJT43A   1882 2011                                                              .56  .64  .69 
  77 DJT43B   1903 2011                                                                   .65  .65 
  78 DJT44A   1806 2011                                               .55  .56  .39  .53  .57  .55 
  79 DJT44B   1882 2011                                                              .42  .49  .63 
  80 DJT45A   1950 2011                                                                        .56 
  81 DJT45B   1944 2011                                                                        .70 
  82 DJT46A   1860 2011                                                         .66  .67  .73  .57 
  83 DJT46B   1826 2011                                                    .77  .32A .43  .69  .74 
  84 DJT47A   1725 2011                                .60  .76  .68  .75  .86  .62  .61  .69  .71 
  85 DJT47B   1756 2011                                     .65  .76  .67  .58  .32A .67  .69  .68 
  86 DJT48A   1900 2011                                                                   .81  .77 
  87 DJT48B   1825 2011                                                    .71  .44  .66  .71  .61 
  88 DJT49A   1920 2011                                                                   .72  .69 
  89 DJT49B   1896 2011                                                              .71  .77  .69 
  90 DJT50A   1635 2011            .61  .51  .60  .70  .63  .88  .75  .74  .82  .67  .73  .77  .74 
  91 DJT50B   1683 2011                      .73  .72  .69  .79  .79  .78  .83  .77  .75  .72  .76 
  92 DJT51A   1837 2011                                                    .81  .72  .73  .75  .79 
  93 DJT51B   1839 2011                                                    .73  .51  .47  .62  .64 
  94 DJT52A   1721 2011                           .53  .48  .44B .47B .70  .69  .54  .74  .75  .70 
  95 DJT52B   1697 2011                      .65  .46  .40  .80  .71  .51  .57  .68  .80  .77  .68 
 Av segment correlation  .52  .54  .57  .58  .65  .65  .56  .67  .67  .66  .69  .54  .60  .66  .65 

 FLAGGED SEGMENTS: dza015
-----------------------------------------------------------------------------------------------------------------------------------
 Seq Series   Segment    Flag  r dated  Best lag  r at lag   Gain  Note
 --- -------- ---------  ----  -------  --------  --------  -----  -----------------
  16 DJT08A   1950 1999     B     .202        -1      .208   .007  weak at every lag
  17 DJT08B   1950 1999     B     .158        -7      .192   .033  weak at every lag
  18 DJT09A   1875 1924     B     .200        -2      .329   .130
  19 DJT09B   1800 1849     A     .281         0
  41 DJT20B   1900 1949     A     .286         0
  68 DJT38B   1900 1949     A     .320         0
  73 DJT41B   1775 1824     B     .413         1      .556   .143
  73 DJT41B   1800 1849     B     .524         1      .617   .094
  83 DJT46B   1875 1924     A     .320         0
  85 DJT47B   1875 1924     A     .319         0
  94 DJT52A   1775 1824     B     .438         1      .459   .021
  94 DJT52A   1800 1849     B     .473         1      .509   .036

 DESCRIPTIVE STATISTICS: dza015
-----------------------------------------------------------------------------------------------------------------------------------

                                                Corr   //-------- Unfiltered --------\\  //-- dplR filtered --\\
                           No.    No.    No.    with   Mean   Max     Std   Auto   Mean   Max     Std   Auto  AR
 Seq Series   Interval   Years  Segmt  Flags   Master  msmt   msmt    dev   corr   sens  value    dev   corr  ()
 --- -------- ---------  -----  -----  -----   ------ -----  -----  -----  -----  -----  -----  -----  -----  --
   1 DJT01A   1889 2005    117      3      0    .526   1.29   2.75   .596   .612   .321   1.85   .310   .029   2
   2 DJT01B   1930 2005     76      1      0    .577   2.06   4.75   .721   .617   .229   1.75   .235   .062   1
   3 DJT02A   1869 2005    137      4      0    .513   1.78   4.78  1.006   .822   .298   2.23   .316   .003   1
   4 DJT02B   1887 2005    119      3      0    .556   1.48   3.37   .599   .799   .214   1.68   .227   .001   1
   5 DJT03A   1895 2005    111      3      0    .484   2.20   7.43  1.468   .744   .309   2.28   .325   .033   1
   6 DJT03B   1909 2005     97      2      0    .643    .98   2.00   .391   .793   .234   1.57   .231   .041   1
   7 DJT03C   1887 2005    119      3      0    .443   1.67   6.71  1.238   .778   .286   2.10   .322  -.018   2
   8 DJT04A   1910 2005     96      2      0    .580   2.51   6.48  1.113   .789   .214   1.77   .218   .018   1
   9 DJT04B   1889 2005    117      3      0    .605   2.40   6.23  1.127   .774   .223   1.89   .233   .010   1
  10 DJT05A   1949 2005     57      1      0    .487   3.82   6.64  1.213   .697   .189   1.39   .199   .019   1
  11 DJT05B   1971 2005     35      0      0    .581   3.97   6.57  1.185   .791   .150   1.37   .156   .230   0
  12 DJT06A   1808 2005    198      6      0    .748   1.71   3.72   .661   .753   .223   1.53   .223  -.020   1
  13 DJT06B   1840 2005    166      5      0    .693   1.72   4.12   .685   .637   .261   1.74   .272  -.011   1
  14 DJT07A   1927 2005     79      1      0    .605   3.18   6.09  1.208   .642   .239   1.67   .220   .113   3
  15 DJT07B   1926 2005     80      1      0    .483   2.90   5.73  1.014   .481   .254   1.57   .245   .150   0
  16 DJT08A   1915 2005     91      2      1    .315   3.38   7.02  1.244   .577   .267   1.72   .275   .051   1
  17 DJT08B   1927 2005     79      1      1    .310   4.03   6.44   .930   .535   .172   1.56   .193   .124   0
  18 DJT09A   1815 2005    191      6      1    .593   1.49   2.76   .636   .770   .306   1.74   .285  -.008   2
  19 DJT09B   1788 2005    218      7      1    .483   1.44   6.41   .969   .806   .301   2.72   .335  -.007   2
  20 DJT10A   1778 2005    228      7      0    .675   1.21   5.75   .883   .894   .310   2.05   .303   .019   1
  21 DJT10B   1661 2005    345     12      0    .600   1.16   4.23   .699   .788   .289   2.33   .323  -.020   3
  22 DJT11A   1692 2005    314     11      0    .744    .98   3.20   .492   .834   .234   1.79   .247   .010   1
  23 DJT11B   1688 1981    294     10      0    .684   1.09   2.90   .494   .813   .237   1.74   .241   .004   1
  24 DJT12A   1696 2005    310     11      0    .697    .98   3.73   .618   .826   .305   2.03   .294   .009   1
  25 DJT12B1  1682 1817    136      3      0    .584   1.32   5.05   .761   .800   .300   2.25   .333  -.033   1
  26 DJT12B2  1870 2005    136      4      0    .738    .91   2.04   .399   .772   .252   1.84   .253  -.052   1
  27 DJT13A   1753 2005    253      8      0    .693   1.36   3.83   .690   .848   .255   1.84   .257   .007   1
  28 DJT13B   1802 2005    204      6      0    .633   1.64   4.94   .762   .687   .304   1.95   .288  -.001   2
  29 DJT14A1  1796 1919    124      3      0    .716   1.00   1.91   .325   .559   .238   1.64   .258   .075   1
  30 DJT14A2  1950 2005     56      1      0    .604    .73   1.56   .380   .745   .303   1.58   .271   .108   0
  31 DJT15A   1754 2005    252      8      0    .691   1.27   3.91   .645   .845   .212   1.83   .228  -.046   1
  32 DJT15B   1800 2005    206      6      0    .772   1.31   3.08   .608   .821   .251   1.48   .244   .010   2
  33 DJT16A   1763 2005    243      8      0    .687   1.14   3.91   .847   .926   .258   1.71   .268   .009   1
  34 DJT16B   1681 1865    185      5      0    .731    .94   2.77   .518   .749   .299   1.97   .311  -.008   2
  35 DJT17A1  1705 1880    176      5      0    .592    .86   3.72   .658   .901   .308   2.06   .305   .022   1
  36 DJT17A2  1883 2005    123      3      0    .654    .83   2.84   .418   .837   .213   1.56   .218  -.017   2
  37 DJT17B   1733 2005    273      9      0    .556    .71   2.75   .511   .888   .333   2.20   .310   .021   2
  38 DJT18A   1733 2005    273      9      0    .625    .85   2.27   .459   .848   .264   1.82   .262  -.023   1
  39 DJT18B   1578 2005    428     15      0    .708    .83   2.92   .330   .832   .183   1.52   .186  -.005   1
  40 DJT20A   1791 2005    215      7      0    .665   1.58   5.04   .650   .775   .210   1.84   .227  -.047   3
  41 DJT20B   1854 2005    152      4      1    .614    .80   2.67   .609   .907   .262   1.82   .274   .072   1
  42 DJT20C   1778 2005    228      7      0    .530   1.35   6.05   .904   .854   .216   2.67   .266   .031   1
  43 DJT21B1  1662 1750     89      2      0    .531    .84   2.45   .537   .705   .422   2.50   .441   .061   1
  44 DJT21B2  1752 1921    170      4      0    .551    .57   1.94   .285   .709   .309   2.49   .317   .019   1
  45 DJT21C   1790 1912    123      3      0    .633    .73   1.64   .320   .808   .276   1.65   .260  -.050   1
  46 DJT22    1727 1845    119      2      0    .575   1.68   4.15   .931   .768   .302   1.75   .306  -.005   3
  47 DJT23    1626 1831    206      6      0    .560    .71   2.14   .400   .810   .280   2.08   .273  -.021   3
  48 DJT25    1723 1872    150      4      0    .647   1.11   3.38   .658   .906   .227   1.69   .219   .039   1
  49 DJT26    1534 1805    272      7      0    .410    .80   4.09   .544   .808   .308   2.28   .319  -.013   3
  50 DJT27    1569 1829    261      8      0    .449   1.21   4.42   .737   .708   .336   2.93   .389   .006   1
  51 DJT28    1635 1778    144      4      0    .470   2.08   4.92  1.029   .781   .263   2.53   .306   .039   1
  52 DJT29    1540 1797    258      6      0    .485   1.58   4.53   .854   .774   .278   2.47   .327   .009   3
  53 DJT30    1625 1769    145      3      0    .497   2.38   7.75  1.747   .769   .545   2.47   .493   .023   1
  54 DJT31    1620 1759    140      4      0    .508   2.15   5.64  1.280   .719   .407   2.64   .387  -.032   2
  55 DJT32A   1940 2011     72      1      0    .663   3.49  10.11  2.090   .867   .210   1.66   .230   .045   1
  56 DJT32B   1953 2011     59      0      0    .612   4.11  14.82  3.232   .927   .221   1.51   .220   .065   1
  57 DJT33A   1962 2011     50      0      0    .680   4.49   7.74  1.123   .429   .210   1.54   .214  -.003   1
  58 DJT33B   1955 2011     57      0      0    .651   4.23   7.79  1.228   .533   .210   1.51   .201   .126   0
  59 DJT34A   1938 2011     74      1      0    .709   2.92   5.84  1.083   .755   .199   1.53   .209   .019   1
  60 DJT34B   1924 2011     88      2      0    .650   2.33   4.61   .760   .567   .233   1.83   .226   .130   0
  61 DJT35A   1939 2011     73      1      0    .668   3.74   6.58  1.585   .827   .217   1.78   .245   .068   1
  62 DJT35B   1942 2011     70      1      0    .590   3.45   6.72  1.524   .872   .195   1.37   .167  -.092   1
  63 DJT36A   1949 2011     63      1      0    .697   1.93   3.47   .813   .782   .256   1.39   .207   .049   0
  64 DJT36B   1942 2011     70      1      0    .663   1.90   3.57   .776   .626   .277   1.63   .256   .076   0
  65 DJT37A   1932 2011     80      1      0    .601   2.65   4.51   .875   .732   .245   1.56   .221   .058   1
  66 DJT37B   1928 2011     84      1      0    .566   2.86   5.37   .974   .625   .239   1.53   .237   .001   2
  67 DJT38A   1889 2011    123      3      0    .626   1.46   3.93   .775   .848   .253   1.74   .245  -.012   1
  68 DJT38B   1883 2011    129      3      1    .532   1.80   4.38   .656   .568   .254   1.88   .261   .003   1
  69 DJT39A   1897 2011    115      3      0    .560   1.16   2.37   .495   .755   .225   1.64   .249  -.001   1
  70 DJT39B   1881 2011    131      3      0    .522   1.39   3.32   .677   .798   .259   1.79   .260  -.035   1
  71 DJT40A   1922 2011     90      2      0    .746   1.20   2.60   .430   .705   .259   1.60   .244  -.003   1
  72 DJT40B   1910 2011    102      2      0    .589   1.34   3.66   .491   .653   .233   2.14   .255  -.013   1
  73 DJT41B   1752 2011    260      8      2    .596    .89   2.93   .428   .765   .301   2.17   .300   .023   1
  74 DJT42A   1887 2011    125      3      0    .563    .91   2.97   .624   .861   .295   1.92   .318  -.029   1
  75 DJT42B   1903 2011    109      2      0    .552   1.23   2.80   .604   .791   .264   1.66   .259   .047   1
  76 DJT43A   1882 2011    130      3      0    .629   2.03   4.43   .863   .845   .193   1.44   .204   .024   1
  77 DJT43B   1903 2011    109      2      0    .627   1.98   5.58  1.239   .867   .233   1.88   .255   .007   2
  78 DJT44A   1806 2011    206      6      0    .601   1.38   5.58   .749   .792   .265   1.79   .284   .004   2
  79 DJT44B   1882 2011    130      3      0    .510   1.10   2.67   .564   .814   .220   1.93   .266   .044   1
  80 DJT45A   1950 2011     62      1      0    .579   2.68   4.95   .767   .572   .217   1.86   .222   .183   0
  81 DJT45B   1944 2011     68      1      0    .682   2.45   4.25   .857   .682   .221   1.63   .229  -.043   1
  82 DJT46A   1860 2011    152      4      0    .674   1.94   5.26   .827   .862   .175   1.49   .176  -.041   1
  83 DJT46B   1826 2011    186      5      1    .633   1.84   5.09   .795   .721   .241   1.52   .249  -.026   1
  84 DJT47A   1725 2011    287      9      0    .715   1.32   3.09   .578   .836   .239   1.71   .229  -.022   1
  85 DJT47B   1756 2011    256      8      1    .617   1.22   3.60   .593   .836   .262   1.96   .267  -.029   1
  86 DJT48A   1900 2011    112      2      0    .692    .75   2.51   .329   .684   .263   2.34   .277   .039   1
  87 DJT48B   1825 2011    187      5      0    .663    .80   3.58   .522   .831   .305   2.10   .312  -.024   3
  88 DJT49A   1920 2011     92      2      0    .732   2.05   4.60   .795   .568   .333   1.62   .287   .032   1
  89 DJT49B   1896 2011    116      3      0    .685   2.07   4.55   .919   .734   .278   1.61   .271   .039   1
  90 DJT50A   1635 2011    377     13      0    .691    .80   4.13   .511   .852   .292   1.67   .274   .017   1
  91 DJT50B   1683 2011    329     11      0    .757   1.15   2.95   .432   .674   .238   1.81   .243  -.012   1
  92 DJT51A   1837 2011    175      5      0    .780   1.76   3.94   .694   .708   .232   1.56   .233   .015   2
  93 DJT51B   1839 2011    173      5      0    .631   1.61   4.51   .827   .779   .273   1.55   .256  -.022   1
  94 DJT52A   1721 2011    291     10      2    .616   1.30   6.01   .986   .846   .274   1.80   .292   .020   1
  95 DJT52B   1697 2011    315     11      0    .625   1.04   4.05   .593   .766   .286   2.21   .313   .036   1
 --- -------- ---------  -----  -----  -----   ------ -----  -----  -----  -----  -----  -----  -----  -----  --
 Total or mean:          15191    417     12    .619   1.45  14.82   .721   .780   .266   2.93   .272   .008

 DATA CHECKS (rwl.check): dza015
-----------------------------------------------------------------------------------------------------------------------------------
 rwl.check: data_files/treering/measurements/africa/dza015.rwl
 95 series, 15191 measurements, 1534-2011, 0.01 mm precision
 0 error(s), 0 warning(s), 23 note(s)
 -------------
 Nothing to report at this severity.
 23 note(s) not shown; see rwl.check() or the 'check' element of this report.

 NOTES
-----------------------------------------------------------------------------------------------------------------------------------
 Report generated using dplR 1.8.1 (R 4.5.2) on 2026-10-01 16:55 PDT.
 Measurement file dza015.rwl, MD5 3be4b8df5ce1d9e36e7a0d6728b60156.
 Filtering: each series divided by a 32-year smoothing spline (caps()), then prewhitened with
   an AR model (order by AIC, at most 3).
 Master: biweight robust mean of the other series (leave-one-out).
 Correlation: Pearson, one-tailed, pcrit = 0.01; critical r = 0.3281 for 50-year segments.
 Segments: 50 years, lagged 25, first segment floored to 100. Lags searched: +/- 10 years.
 A segment is tested only where the series and the master cover all of it, at the dated
   position and at every lag. COFECHA also tests partial segments at the ends of a series, so
   series here may show fewer segments, and no flags can be raised at the ends of the record.
 Lags follow COFECHA: negative means rings are probably missing from the series, positive means
   false rings. A missing ring carries its lag into every segment before it, so look where the
   lag changes along a series. A B flag is a hypothesis to check on the wood; the gain says how
   seriously to take it.
 A B flag marked "weak at every lag" correlates under the critical value even at its best lag:
   the segment is weak wherever it is placed, and the shift is not evidence of a dating error.
   Treat it as a low correlation, like an A.
 Averages in the summary and the totals are weighted by the number of years in each series, as
   COFECHA's are.
 Unfiltered block and mean sensitivity: the measurements as read, and sens1().
 dplR filtered block: the series that was correlated, after filtering. COFECHA's filtered
   series is defined differently, so these three columns are not COFECHA's numbers.
 AR: order of the AR model used to prewhiten.
