
 COFECHA-style crossdating report: dza004
 Report generated using dplR 1.8.1 (R 4.5.2) on 2026-10-01 16:55 PDT
 Built with dplR's xdate.report(), not COFECHA; see the notes at the end.


      Measurement file name  : dza004.rwl
      MD5 of measurement file: baea61954cada4e7bc688f466738e6de
      Date checked           : 01OCT26
      Beginning year         : 1070
      Ending year            : 2012
      Principal investigators: Touchan, R.
      Site name              : Ain El Halfa
      Species information    : CDAT Cedrus atlantica (Endl.) Manetti ex Carrière
      Latitude               : 35.3300 N
      Longitude              : 6.9000 E
      Elevation              : 1756 m

      Series intercorrelation: 0.806
      Avg mean sensitivity   : 0.470
      Avg standard deviation : 0.519
      Avg autocorrelation    : 0.674
      Number dated series    : 91
      Segment length tested  : 50

      Number problem segments: 2  (A 2, B 0)
      Pct problem segments   : 0.25


 CORRELATION OF SERIES BY SEGMENTS: dza004
-----------------------------------------------------------------------------------------------------------------------------------
 Correlations of  50-year dated segments, lagged  25 years
 Flags:  A = correlation under   .3281 but highest as dated;  B = correlation higher at other than dated position

 Seq Series  Time_span  1100 1125 1150 1175 1200 1225 1250 1275 1300 1325 1350 1375 1400 1425 1450 1475 1500 1525 1550 1575 
                        1149 1174 1199 1224 1249 1274 1299 1324 1349 1374 1399 1424 1449 1474 1499 1524 1549 1574 1599 1624 
 --- -------- ---------  ---- ---- ---- ---- ---- ---- ---- ---- ---- ---- ---- ---- ---- ---- ---- ---- ---- ---- ---- ---- 
  87 AEH26    1070 1347       .75  .84  .85  .84  .87  .83  .76                                                             
  88 AEH27A   1108 1391       .75  .84  .80  .72  .79  .75  .68  .74  .76                                                   
  89 AEH27B   1396 1687                                                              .32A                                   
  90 AEH28    1212 1419                           .63  .70  .62  .66  .73  .61                                              
  91 AEH32    1308 1453                                               .51  .57  .50  .38                                    
 Av segment correlation       .75  .84  .83  .78  .77  .76  .69  .70  .67  .59  .50  .35                                    

 CORRELATION OF SERIES BY SEGMENTS: dza004
-----------------------------------------------------------------------------------------------------------------------------------
 Correlations of  50-year dated segments, lagged  25 years
 Flags:  A = correlation under   .3281 but highest as dated;  B = correlation higher at other than dated position

 Seq Series  Time_span  1600 1625 1650 1675 1700 1725 1750 1775 1800 1825 1850 1875 1900 1925 1950 
                        1649 1674 1699 1724 1749 1774 1799 1824 1849 1874 1899 1924 1949 1974 1999 
 --- -------- ---------  ---- ---- ---- ---- ---- ---- ---- ---- ---- ---- ---- ---- ---- ---- ---- 
   1 AEH01A   1745 2006                                .89  .89  .82  .83  .83  .72  .80  .91  .93 
   2 AEH01B   1794 2006                                          .78  .79  .84  .86  .90  .91  .93 
   3 AEH02A   1718 2006                           .66  .74  .79  .77  .68  .74  .78  .82  .85  .85 
   4 AEH02B   1711 2006                           .70  .88  .88  .82  .74  .81  .89  .91  .89  .90 
   5 AEH03A   1759 2006                                     .90  .84  .82  .84  .84  .88  .90  .92 
   6 AEH03B   1765 2006                                     .91  .86  .81  .78  .75  .82  .88  .90 
   7 AEH04A   1722 2006                           .71  .79  .84  .85  .82  .84  .84  .88  .88  .90 
   8 AEH04B   1728 2006                                .88  .78  .68  .81  .75  .78  .92  .90  .90 
   9 AEH05A   1726 1990                                .86  .89  .86  .87  .88  .87  .88  .91      
  10 AEH05B   1687 1975                      .56  .65  .86  .88  .77  .77  .85  .84  .87  .78      
  11 AEH06A   1795 2006                                          .79  .78  .75  .77  .83  .87  .88 
  12 AEH06B   1769 2006                                     .71  .84  .83  .86  .86  .88  .90  .92 
  13 AEH07A   1763 2006                                     .90  .86  .79  .83  .84  .87  .93  .93 
  14 AEH07B   1752 2006                                     .91  .93  .87  .86  .82  .89  .92  .91 
  15 AEH08A   1770 2006                                     .84  .78  .61  .76  .80  .84  .92  .94 
  16 AEH08B   1752 2006                                     .73  .68  .59  .78  .82  .87  .92  .93 
  17 AEH09A   1693 2006                      .46  .68  .88  .88  .80  .74  .74  .78  .84  .86  .89 
  18 AEH09B   1688 2006                      .52  .67  .83  .88  .88  .77  .77  .81  .84  .82  .84 
  19 AEH10A   1693 2006                      .64  .61  .86  .90  .90  .74  .72  .79  .79  .81  .87 
  20 AEH10B   1690 2006                      .63  .64  .88  .89  .84  .80  .75  .72  .82  .86  .88 
  21 AEH11A   1738 2006                                .84  .86  .86  .67  .51  .56  .78  .78  .83 
  22 AEH11B   1742 2006                                .74  .84  .88  .61  .49  .61  .78  .82  .88 
  23 AEH12A   1744 2006                                .88  .91  .92  .85  .82  .82  .86  .91  .90 
  24 AEH12B   1754 2006                                     .77  .84  .66  .69  .81  .84  .87  .88 
  25 AEH13A   1719 2006                           .87  .87  .89  .90  .82  .79  .81  .84  .89  .86 
  26 AEH16A   1690 2006                      .80  .89  .89  .90  .90  .87  .80  .76  .87  .84  .84 
  27 AEH16B   1679 2006                      .77  .80  .83  .88  .89  .70  .73  .88  .89  .91  .91 
  28 AEH17A   1745 2006                                .91  .89  .82  .83  .81  .76  .82  .88  .84 
  29 AEH17B   1742 2006                                .92  .92  .72  .69  .84  .83  .90  .92  .91 
  30 AEH18A   1728 2006                                .89  .91  .87  .79  .77  .75  .82  .86  .90 
  31 AEH18B   1752 2006                                     .89  .91  .87  .85  .81  .79  .86  .91 
  32 AEH19B   1724 2006                                .94  .94  .91  .85  .85  .86  .77  .81  .89 
  33 AEH20A   1745 2006                                .94  .94  .89  .87  .87  .86  .87  .86  .85 
  34 AEH20B   1761 2006                                     .93  .94  .85  .88  .92  .92  .93  .91 
  35 AEH21A   1718 2006                           .73  .87  .90  .82  .69  .71  .78  .80  .82  .84 
  36 AEH21B   1743 2006                                .71  .79  .86  .61  .57  .58  .68  .83  .75 
  37 AEH22A   1745 2006                                .85  .83  .79  .83  .87  .81  .71  .79  .92 
  38 AEH22B   1728 2006                                .94  .93  .91  .89  .89  .78  .77  .93  .95 
  39 AEH23A   1620 2006       .28A .66  .69  .80  .92  .84  .79  .77  .81  .86  .95  .95  .93  .94 
  40 AEH23B   1658 2006                 .77  .83  .93  .95  .86  .71  .75  .82  .88  .92  .73  .76 
  41 AEH25    1645 2005            .35  .74  .72  .72  .86  .87  .73  .65  .79  .77  .76  .87  .93 
  42 AEH29    1716 1948                           .72  .88  .90  .73  .66  .86  .90                
  43 AEH33A   1738 2011                                .91  .87  .87  .82  .77  .82  .90  .90  .91 
  44 AEH33B   1732 2011                                .90  .89  .86  .80  .78  .80  .88  .90  .91 
  45 AEH34A   1701 2011                           .88  .88  .89  .88  .80  .73  .75  .84  .87  .85 
  46 AEH34B   1693 2011                      .80  .90  .93  .93  .85  .72  .68  .72  .81  .88  .92 
  47 AEH35A   1706 2011                           .81  .91  .90  .85  .86  .87  .85  .86  .90  .88 
  48 AEH35B   1738 2011                                .91  .92  .87  .90  .87  .84  .84  .88  .90 
  49 AEH36A   1767 2011                                     .92  .88  .80  .80  .80  .87  .92  .92 
  50 AEH36B   1751 2011                                     .94  .91  .83  .78  .74  .87  .92  .92 
  51 AEH37A   1815 2011                                               .75  .82  .85  .86  .85  .84 
  52 AEH37B   1801 2011                                               .80  .77  .78  .81  .88  .84 
  53 AEH38A   1877 2011                                                              .83  .83  .87 
  54 AEH38B   1867 2011                                                         .74  .89  .85  .83 
  55 AEH39A   1792 2012                                          .89  .80  .68  .61  .67  .75  .84 
  56 AEH39B   1877 2011                                                              .78  .80  .81 
  57 AEH40A   1686 2011                      .83  .79  .83  .75  .61  .59  .67  .79  .88  .90  .89 
  58 AEH41A   1753 2011                                     .85  .87  .70  .70  .75  .86  .87  .89 
  59 AEH41B   1756 2011                                     .87  .88  .79  .81  .89  .89  .92  .89 
  60 AEH42A   1782 2011                                          .82  .72  .79  .87  .88  .82  .77 
  61 AEH42B   1811 2011                                               .69  .67  .75  .88  .86  .88 
  62 AEH43A   1773 2011                                     .81  .89  .83  .81  .74  .76  .88  .87 
  63 AEH43B   1790 2011                                          .83  .72  .76  .75  .76  .86  .92 
  64 AEH44A   1758 2011                                     .83  .86  .70  .72  .87  .87  .91  .93 
  65 AEH44B   1760 2011                                     .91  .88  .82  .74  .70  .82  .90  .96 
  66 AEH45A   1756 2011                                     .75  .76  .79  .82  .84  .83  .88  .91 
  67 AEH45B   1770 1990                                     .81  .85  .85  .81  .79  .83  .88      
  68 AEH46A   1793 2011                                          .78  .81  .81  .80  .84  .91  .92 
  69 AEH46B   1760 1997                                     .86  .88  .75  .76  .81  .83  .83      
  70 AEH47A1  1634 1855            .84  .81  .83  .88  .86  .85  .84                               
  71 AEH47A2  1859 2011                                                         .69  .78  .78  .82 
  72 AEH47B   1629 2011            .78  .85  .84  .84  .89  .91  .88  .75  .73  .79  .90  .86  .87 
  73 AEH48B   1649 2011                 .84  .86  .81  .83  .79  .78  .50  .61  .91  .91  .89  .85 
  74 AEH49A   1654 2011                 .70  .76  .75  .81  .85  .81  .67  .59  .70  .82  .84  .74 
  75 AEH49B   1625 1943            .68  .82  .85  .80  .44  .49  .86  .57  .55  .65                
  76 AEH50A1  1670 1800                 .85  .76  .70  .74                                         
  77 AEH50A2  1880 2011                                                              .78  .90  .91 
  78 AEH50B   1617 1816       .89  .89  .76  .62  .65  .81                                         
  79 AEH51A   1607 2011       .88  .87  .87  .85  .85  .84  .83  .73  .60  .64  .78  .85  .86  .87 
  80 AEH51B   1630 2011            .80  .86  .82  .82  .85  .86  .78  .69  .77  .78  .82  .85  .82 
  81 AEH52A   1661 2011                 .85  .75  .66  .80  .83  .77  .81  .80  .79  .89  .86  .85 
  82 AEH52B   1623 2011       .76  .80  .88  .87  .84  .87  .80  .76  .86  .88  .91  .93  .91  .87 
  83 AEH53A   1696 2011                      .64  .62  .77  .83  .87  .81  .83  .84  .86  .91  .94 
  84 AEH53B   1630 2011            .71  .72  .67  .66  .76  .84  .77  .62  .63  .70  .83  .85  .89 
  85 AEH54A   1623 1949       .84  .87  .81  .75  .75  .79  .75  .75  .73  .76  .83  .84           
  86 AEH54B   1636 2011            .90  .85  .72  .72  .88  .85  .77  .70  .68  .74  .83  .88  .90 
  89 AEH27B   1396 1687       .59                                                                  
 Av segment correlation       .71  .76  .80  .74  .76  .85  .86  .83  .76  .77  .79  .84  .87  .88 

 FLAGGED SEGMENTS: dza004
-----------------------------------------------------------------------------------------------------------------------------------
 Seq Series   Segment    Flag  r dated  Best lag  r at lag   Gain  Note
 --- -------- ---------  ----  -------  --------  --------  -----  -----------------
  39 AEH23A   1625 1674     A     .281         0
  89 AEH27B   1400 1449     A     .316         0

 DESCRIPTIVE STATISTICS: dza004
-----------------------------------------------------------------------------------------------------------------------------------

                                                Corr   //-------- Unfiltered --------\\  //-- dplR filtered --\\
                           No.    No.    No.    with   Mean   Max     Std   Auto   Mean   Max     Std   Auto  AR
 Seq Series   Interval   Years  Segmt  Flags   Master  msmt   msmt    dev   corr   sens  value    dev   corr  ()
 --- -------- ---------  -----  -----  -----   ------ -----  -----  -----  -----  -----  -----  -----  -----  --
   1 AEH01A   1745 2006    262      9      0    .870   1.01   4.78   .830   .764   .445   1.99   .368   .058   0
   2 AEH01B   1794 2006    213      7      0    .866   1.07   3.93   .720   .682   .501   2.13   .379  -.026   3
   3 AEH02A   1718 2006    289     10      0    .786    .71   3.05   .615   .843   .530   2.39   .443  -.009   2
   4 AEH02B   1711 2006    296     10      0    .822    .80   2.69   .490   .702   .489   1.91   .411   .006   2
   5 AEH03A   1759 2006    248      8      0    .880    .96   3.79   .650   .710   .471   2.35   .414  -.004   1
   6 AEH03B   1765 2006    242      8      0    .864    .95   3.16   .565   .587   .460   2.24   .398   .054   0
   7 AEH04A   1722 2006    285     10      0    .849    .84   2.92   .544   .757   .461   2.07   .385   .007   0
   8 AEH04B   1728 2006    279      9      0    .848   1.00   4.56   .864   .830   .486   2.27   .396  -.019   0
   9 AEH05A   1726 1990    265      8      0    .861    .73   3.19   .482   .663   .534   1.97   .422   .005   2
  10 AEH05B   1687 1975    289     10      0    .786    .67   2.27   .391   .604   .486   2.02   .383   .006   1
  11 AEH06A   1795 2006    212      7      0    .832   1.01   2.66   .565   .651   .463   2.08   .383   .019   2
  12 AEH06B   1769 2006    238      8      0    .852    .95   3.37   .604   .729   .477   2.02   .395   .004   2
  13 AEH07A   1763 2006    244      8      0    .889    .72   2.24   .456   .559   .590   2.35   .481   .006   2
  14 AEH07B   1752 2006    255      8      0    .890    .89   2.84   .519   .567   .527   2.68   .451   .007   2
  15 AEH08A   1770 2006    237      8      0    .853    .89   2.73   .535   .774   .419   2.36   .352   .020   0
  16 AEH08B   1752 2006    255      8      0    .828   1.05   4.89   .835   .818   .433   2.13   .368   .006   0
  17 AEH09A   1693 2006    314     11      0    .799    .89   4.39   .906   .880   .453   1.99   .366   .003   1
  18 AEH09B   1688 2006    319     11      0    .796    .73   3.93   .645   .868   .441   2.42   .372  -.054   0
  19 AEH10A   1693 2006    314     11      0    .800    .70   3.10   .631   .850   .425   2.09   .355  -.029   0
  20 AEH10B   1690 2006    317     11      0    .808    .84   3.88   .715   .850   .399   1.86   .337  -.031   0
  21 AEH11A   1738 2006    269      9      0    .769    .82   3.42   .630   .726   .510   2.32   .419   .001   2
  22 AEH11B   1742 2006    265      9      0    .771    .97   3.76   .733   .716   .482   2.05   .411  -.000   2
  23 AEH12A   1744 2006    263      9      0    .884   1.01   3.10   .524   .609   .391   2.23   .331   .001   0
  24 AEH12B   1754 2006    253      8      0    .801    .68   3.82   .492   .678   .452   2.13   .364  -.058   0
  25 AEH13A   1719 2006    288     10      0    .850    .84   3.07   .548   .659   .470   2.60   .400  -.001   2
  26 AEH16A   1690 2006    317     11      0    .850    .68   2.72   .552   .761   .508   2.09   .414  -.002   0
  27 AEH16B   1679 2006    328     11      0    .844    .62   2.48   .491   .767   .491   2.05   .405  -.046   0
  28 AEH17A   1745 2006    262      9      0    .841    .77   3.85   .722   .791   .557   2.40   .452   .015   2
  29 AEH17B   1742 2006    265      9      0    .881    .78   3.29   .584   .700   .520   2.25   .414   .002   2
  30 AEH18A   1728 2006    279      9      0    .837    .72   2.17   .401   .620   .416   2.11   .343   .043   0
  31 AEH18B   1752 2006    255      8      0    .852    .65   2.52   .342   .469   .440   2.02   .360  -.014   0
  32 AEH19B   1724 2006    283      9      0    .864    .64   2.91   .492   .735   .504   2.45   .441  -.003   2
  33 AEH20A   1745 2006    262      9      0    .875    .92   4.13   .720   .718   .540   2.75   .463   .067   0
  34 AEH20B   1761 2006    246      8      0    .907    .85   2.50   .510   .520   .562   2.23   .456   .003   2
  35 AEH21A   1718 2006    289     10      0    .803    .95   7.32   .867   .753   .445   2.25   .400   .004   3
  36 AEH21B   1743 2006    264      9      0    .715    .82   3.32   .633   .767   .488   3.44   .449  -.010   2
  37 AEH22A   1745 2006    262      9      0    .844    .76   2.96   .439   .579   .445   2.04   .368  -.041   0
  38 AEH22B   1728 2006    279      9      0    .892    .95   2.46   .427   .369   .419   1.98   .349  -.021   0
  39 AEH23A   1620 2006    387     14      1    .803    .83   7.31  1.045   .898   .469   2.36   .408   .025   0
  40 AEH23B   1658 2006    349     12      0    .812    .69   4.22   .620   .822   .458   3.31   .401  -.041   0
  41 AEH25    1645 2005    361     13      0    .791    .93   3.60   .563   .691   .417   2.18   .357  -.022   0
  42 AEH29    1716 1948    233      7      0    .812   1.30   3.60   .840   .767   .407   1.80   .334  -.007   2
  43 AEH33A   1738 2011    274      9      0    .874    .61   2.82   .469   .668   .529   2.06   .428   .000   0
  44 AEH33B   1732 2011    280      9      0    .867    .57   2.56   .480   .707   .547   2.46   .461  -.001   2
  45 AEH34A   1701 2011    311     10      0    .818    .51   3.46   .454   .760   .546   2.14   .423   .010   1
  46 AEH34B   1693 2011    319     11      0    .842    .56   2.24   .417   .740   .517   2.15   .408   .016   0
  47 AEH35A   1706 2011    306     10      0    .852    .62   2.00   .369   .522   .550   2.35   .446  -.012   0
  48 AEH35B   1738 2011    274      9      0    .884    .53   1.58   .272   .299   .545   2.09   .414  -.000   3
  49 AEH36A   1767 2011    245      8      0    .869    .62   2.76   .435   .586   .567   2.25   .463   .007   2
  50 AEH36B   1751 2011    261      8      0    .874    .61   3.44   .556   .648   .571   2.60   .473   .002   2
  51 AEH37A   1815 2011    197      6      0    .825    .77   2.73   .456   .566   .534   2.23   .433  -.004   3
  52 AEH37B   1801 2011    211      6      0    .801    .80   2.65   .494   .574   .563   2.33   .445  -.003   3
  53 AEH38A   1877 2011    135      3      0    .849   1.34   3.57   .803   .607   .567   2.28   .427  -.021   3
  54 AEH38B   1867 2011    145      4      0    .818   1.14   3.13   .640   .565   .520   2.30   .428  -.015   3
  55 AEH39A   1792 2012    221      7      0    .772    .78   1.94   .376   .576   .421   1.90   .363   .007   2
  56 AEH39B   1877 2011    135      3      0    .807   1.07   2.41   .511   .370   .486   2.44   .407   .013   2
  57 AEH40A   1686 2011    326     11      0    .781    .49   3.07   .371   .739   .504   2.67   .403  -.000   2
  58 AEH41A   1753 2011    259      8      0    .836    .80   4.24   .631   .777   .457   2.32   .409   .006   2
  59 AEH41B   1756 2011    256      8      0    .847    .73   3.30   .537   .750   .471   2.26   .424   .003   2
  60 AEH42A   1782 2011    230      7      0    .767    .62   1.52   .304   .697   .396   1.94   .337  -.009   3
  61 AEH42B   1811 2011    201      6      0    .837    .87   2.46   .518   .831   .391   1.78   .321  -.020   3
  62 AEH43A   1773 2011    239      8      0    .821    .70   1.94   .390   .608   .488   2.09   .402   .008   2
  63 AEH43B   1790 2011    222      7      0    .836    .61   1.87   .342   .525   .516   2.10   .414  -.006   2
  64 AEH44A   1758 2011    254      8      0    .862    .81   3.32   .545   .706   .460   2.16   .416  -.006   2
  65 AEH44B   1760 2011    252      8      0    .863    .69   2.81   .475   .740   .449   2.27   .405   .003   2
  66 AEH45A   1756 2011    256      8      0    .836    .62   2.69   .482   .852   .424   2.29   .376   .003   2
  67 AEH45B   1770 1990    221      7      0    .827    .59   2.57   .411   .772   .441   2.20   .394  -.010   3
  68 AEH46A   1793 2011    219      7      0    .860    .89   2.72   .523   .532   .474   2.22   .414   .089   0
  69 AEH46B   1760 1997    238      7      0    .803    .66   2.70   .474   .797   .438   1.84   .371  -.023   1
  70 AEH47A1  1634 1855    222      7      0    .830    .57   1.71   .314   .726   .321   2.52   .310   .052   0
  71 AEH47A2  1859 2011    153      4      0    .754    .27   1.11   .165   .379   .580   3.00   .455  -.010   2
  72 AEH47B   1629 2011    383     13      0    .834    .45   1.49   .265   .637   .436   2.70   .375  -.003   2
  73 AEH48B   1649 2011    363     12      0    .807    .45   1.52   .273   .712   .459   2.27   .369  -.003   2
  74 AEH49A   1654 2011    358     12      0    .699    .44   2.26   .240   .625   .376   2.22   .321  -.003   2
  75 AEH49B   1625 1943    319     10      0    .625    .52   1.99   .341   .739   .357   2.14   .329  -.008   2
  76 AEH50A1  1670 1800    131      4      0    .749    .53   1.57   .310   .681   .443   1.87   .377   .058   0
  77 AEH50A2  1880 2011    132      3      0    .826    .30    .97   .164   .227   .608   2.15   .455  -.035   0
  78 AEH50B   1617 1816    200      6      0    .755    .70   2.04   .454   .722   .415   2.30   .375   .031   0
  79 AEH51A   1607 2011    405     14      0    .779    .51   1.87   .393   .763   .493   2.42   .404   .001   2
  80 AEH51B   1630 2011    382     13      0    .802    .47   2.01   .357   .699   .499   2.32   .422   .027   0
  81 AEH52A   1661 2011    351     12      0    .815    .37   1.49   .243   .727   .481   2.24   .391  -.002   2
  82 AEH52B   1623 2011    389     14      0    .850    .47   2.19   .363   .730   .466   2.02   .374   .006   1
  83 AEH53A   1696 2011    316     11      0    .840    .54   1.36   .234   .622   .335   1.80   .304   .010   2
  84 AEH53B   1630 2011    382     13      0    .725    .46   1.36   .226   .632   .393   2.38   .350  -.006   2
  85 AEH54A   1623 1949    327     12      0    .781    .49   2.13   .358   .748   .439   2.22   .380   .006   2
  86 AEH54B   1636 2011    376     13      0    .819    .46   1.59   .291   .673   .469   2.01   .403  -.003   2
  87 AEH26    1070 1347    278      7      0    .661    .86   9.98   .798   .543   .432   3.97   .451   .031   1
  88 AEH27A   1108 1391    284      9      0    .631    .48   9.98   .614   .169   .421   4.00   .422   .028   1
  89 AEH27B   1396 1687    292      2      1    .204    .37   9.98   .607   .159   .510   5.04   .536   .051   0
  90 AEH28    1212 1419    208      6      0    .515   1.43   9.98  1.020   .540   .349   3.73   .387   .045   2
  91 AEH32    1308 1453    146      4      0    .364   1.96   9.98  1.428   .546   .424   4.50   .493   .094   1
 --- -------- ---------  -----  -----  -----   ------ -----  -----  -----  -----  -----  -----  -----  -----  --
 Total or mean:          24516    795      2    .806    .73   9.98   .519   .674   .470   5.04   .398   .002

 DATA CHECKS (rwl.check): dza004
-----------------------------------------------------------------------------------------------------------------------------------
 rwl.check: data_files/treering/measurements/africa/dza004.rwl
 91 series, 24516 measurements, 1070-2012, 0.01 mm precision
 0 error(s), 8 warning(s), 46 note(s)
 -------------
 WARNING
   RWL_ALL_ZERO_YEAR (4)
     every measured series is zero in 1557
     every measured series is zero in 1561
     every measured series is zero in 1575
     every measured series is zero in 1579
   RWL_SERIES_OUTLIER (4)
     AEH26: correlates with the rest of the collection at r = 0.595 where the collection median is 0.818 (4 MAD below it); it does not fit the collection it is in
     AEH27B: correlates with the rest of the collection at r = 0.199 where the collection median is 0.818 (11.2 MAD below it); it does not fit the collection it is in
     AEH28: correlates with the rest of the collection at r = 0.488 where the collection median is 0.818 (6 MAD below it); it does not fit the collection it is in
     AEH32: correlates with the rest of the collection at r = 0.333 where the collection median is 0.818 (8.8 MAD below it); it does not fit the collection it is in
 46 note(s) not shown; see rwl.check() or the 'check' element of this report.

 NOTES
-----------------------------------------------------------------------------------------------------------------------------------
 Report generated using dplR 1.8.1 (R 4.5.2) on 2026-10-01 16:55 PDT.
 Measurement file dza004.rwl, MD5 baea61954cada4e7bc688f466738e6de.
 Filtering: each series divided by a 32-year smoothing spline (caps()), then prewhitened with
   an AR model (order by AIC, at most 3).
 Master: biweight robust mean of the other series (leave-one-out).
 Correlation: Pearson, one-tailed, pcrit = 0.01; critical r = 0.3281 for 50-year segments.
 Segments: 50 years, lagged 25, first segment floored to 100. Lags searched: +/- 10 years.
 A segment is tested only where the series and the master cover all of it, at the dated
   position and at every lag. COFECHA also tests partial segments at the ends of a series, so
   series here may show fewer segments, and no flags can be raised at the ends of the record.
 Lags follow COFECHA: negative means rings are probably missing from the series, positive means
   false rings. A missing ring carries its lag into every segment before it, so look where the
   lag changes along a series. A B flag is a hypothesis to check on the wood; the gain says how
   seriously to take it.
 A B flag marked "weak at every lag" correlates under the critical value even at its best lag:
   the segment is weak wherever it is placed, and the shift is not evidence of a dating error.
   Treat it as a low correlation, like an A.
 Averages in the summary and the totals are weighted by the number of years in each series, as
   COFECHA's are.
 Unfiltered block and mean sensitivity: the measurements as read, and sens1().
 dplR filtered block: the series that was correlated, after filtering. COFECHA's filtered
   series is defined differently, so these three columns are not COFECHA's numbers.
 AR: order of the AR model used to prewhiten.
