
 COFECHA-style crossdating report: dza022
 Report generated using dplR 1.8.1 (R 4.5.2) on 2026-10-01 16:56 PDT
 Built with dplR's xdate.report(), not COFECHA; see the notes at the end.


      Measurement file name  : dza022.rwl
      MD5 of measurement file: f6a9a4665f6615cd7331e85d8fadbe3f
      Date checked           : 01OCT26
      Beginning year         : 1002
      Ending year            : 2014
      Principal investigators: Touchan, R.
      Site name              : Oued Tider
      Species information    : CDAT Cedrus atlantica (Endl.) Manetti ex Carrière
      Latitude               : 35.3100 N
      Longitude              : 6.6300 E
      Elevation              : 2073 m

      Series intercorrelation: 0.767
      Avg mean sensitivity   : 0.316
      Avg standard deviation : 0.528
      Avg autocorrelation    : 0.809
      Number dated series    : 151
      Series crossdated      : 148
      Segment length tested  : 50

      Number problem segments: 9  (A 6, B 3)
      Pct problem segments   : 0.48


 CORRELATION OF SERIES BY SEGMENTS: dza022
-----------------------------------------------------------------------------------------------------------------------------------
 Correlations of  50-year dated segments, lagged  25 years
 Flags:  A = correlation under   .3281 but highest as dated;  B = correlation higher at other than dated position

 Seq Series  Time_span  1100 1125 1150 1175 1200 1225 1250 1275 1300 1325 1350 1375 1400 1425 1450 1475 1500 1525 1550 1575 
                        1149 1174 1199 1224 1249 1274 1299 1324 1349 1374 1399 1424 1449 1474 1499 1524 1549 1574 1599 1624 
 --- -------- ---------  ---- ---- ---- ---- ---- ---- ---- ---- ---- ---- ---- ---- ---- ---- ---- ---- ---- ---- ---- ---- 
   9 OUT01A   1565 2006                                                                                                 .86 
  10 OUT01B   1474 2006                                                                             .75  .84  .75  .73  .87 
  11 OUT02A   1480 2006                                                                                  .82  .92  .94  .93 
  12 OUT02B   1530 2006                                                                                            .91  .95 
  13 OUT03A   1559 2006                                                                                                 .76 
  14 OUT03B   1568 2006                                                                                                 .86 
  15 OUT04A   1494 2006                                                                                  .90  .85  .82  .88 
  16 OUT04B   1530 2006                                                                                            .84  .89 
  17 OUT05A   1504 2006                                                                                       .88  .85  .88 
  18 OUT05B   1531 2006                                                                                            .90  .88 
  19 OUT06A   1514 2006                                                                                       .80  .71  .71 
  20 OUT06B   1564 2006                                                                                                 .76 
  21 OUT07A   1567 2006                                                                                                 .86 
  23 OUT07C   1570 2006                                                                                                 .81 
  24 OUT08A   1500 2006                                                                                       .88  .83  .78 
  25 OUT08B   1522 2006                                                                                       .90  .85  .71 
  26 OUT09A   1515 2006                                                                                       .86  .80  .78 
  27 OUT09B   1534 2006                                                                                            .83  .63 
  28 OUT10A   1519 2006                                                                                       .85  .90  .82 
  29 OUT10B   1507 2006                                                                                       .88  .89  .81 
  31 OUT11B   1533 1950                                                                                            .84  .72 
  32 OUT12A   1468 2006                                                                             .53  .78  .86  .86  .93 
  33 OUT12B   1482 2006                                                                                  .60  .83  .90  .88 
  35 OUT13B   1539 2006                                                                                            .73  .75 
  38 OUT17A   1513 1871                                                                                       .89  .89  .88 
  39 OUT17B   1548 1990                                                                                                 .82 
  40 OUT18A   1515 2005                                                                                       .87  .82  .80 
  41 OUT18B   1518 2005                                                                                       .88  .87  .82 
  44 OUT20A   1542 1940                                                                                            .67  .70 
  46 OUT21A   1570 2005                                                                                                 .69 
  48 OUT22A   1480 2006                                                                                  .75  .83  .83  .79 
  49 OUT22B   1521 2006                                                                                       .85  .86  .83 
  51 OUT24    1557 1999                                                                                                 .91 
  52 OUTW12   1296 1800                                          .74  .62  .62  .70  .76  .71  .59  .66  .46  .61  .77  .83 
  53 OUTW09   1170 1495                 .38  .75  .78  .71  .70  .78  .75  .70  .72  .75  .78                               
  54 OUTW11   1092 1448  .80  .87  .80  .67  .58  .69  .73  .78  .79  .79  .80  .79                                         
  55 OUTW08   1036 1346  .72  .77  .69  .40  .46  .64  .68  .67                                                             
  56 OUTW10   1100 1487       .69  .70  .68  .73  .71  .72  .83  .76  .77  .79  .47  .43  .56                               
  57 OUT32    1002 1432  .62  .80  .82  .68  .73  .81  .73  .69  .72  .85  .82  .42                                         
  58 OUT33A   1555 2011                                                                                                 .88 
  61 OUT33B2  1539 2000                                                                                            .77  .82 
  66 OUT37A   1569 2011                                                                                                 .89 
  67 OUT37B   1567 2011                                                                                                 .88 
  68 OUT38A   1520 2010                                                                                       .74  .87  .78 
  69 OUT38B   1538 2000                                                                                            .71  .71 
  74 OUT41A1  1535 1670                                                                                            .87  .65 
  76 OUT41B1  1536 1690                                                                                            .90  .87 
  79 OUT42B   1538 2010                                                                                            .82  .73 
  86 OUT46A   1533 2011                                                                                            .88  .85 
  90 OUT48B   1560 2011                                                                                                 .83 
  95 OUT51A   1524 1700                                                                                       .76  .75  .86 
  96 OUT51B   1532 1700                                                                                            .60  .79 
  99 OUT53A1  1473 1719                                                                                  .87  .87  .86  .88 
 101 OUT53B1  1474 1719                                                                                  .83  .79  .74  .72 
 103 OUT54A1  1539 1719                                                                                            .84  .83 
 105 OUT54B1  1533 1719                                                                                            .85  .88 
 111 OUT57A1  1512 1719                                                                                       .84  .83  .80 
 113 OUT57B1  1498 1719                                                                                       .90  .88  .88 
 115 OUT58A   1519 2008                                                                                       .92  .90  .91 
 116 OUT58B1  1511 1719                                                                                       .88  .89  .91 
 118 OUT59A   1573 2008                                                                                                 .89 
 119 OUT59B   1562 2008                                                                                                 .63 
 120 OUT60A   1539 2008                                                                                            .88  .90 
 128 OUT64A   1494 2008                                                                                  .88  .87  .85  .86 
 129 OUT64B   1526 2008                                                                                            .86  .88 
 131 OUT65B   1504 2008                                                                                       .91  .89  .91 
 132 OUT66A   1519 2008                                                                                       .85  .91  .89 
 133 OUT66B   1530 2008                                                                                            .85  .89 
 138 OUT69A   1500 2008                                                                                       .89  .87  .86 
 139 OUT69B   1522 2008                                                                                       .88  .87  .86 
 140 OUT70A   1492 2008                                                                                  .86  .89  .88  .87 
 141 OUT70B   1487 2008                                                                                  .71  .84  .87  .90 
 142 OUT71A1  1553 1719                                                                                                 .81 
 144 OUT71B1  1526 1719                                                                                            .80  .82 
 146 OUT72A1  1502 1719                                                                                       .84  .85  .90 
 148 OUT72B1  1533 1719                                                                                            .73  .84 
 150 OUT73A1  1515 1719                                                                                       .88  .87  .77 
 Av segment correlation  .71  .78  .75  .56  .65  .73  .72  .73  .76  .76  .75  .62  .64  .68  .59  .65  .77  .85  .84  .83 

 CORRELATION OF SERIES BY SEGMENTS: dza022
-----------------------------------------------------------------------------------------------------------------------------------
 Correlations of  50-year dated segments, lagged  25 years
 Flags:  A = correlation under   .3281 but highest as dated;  B = correlation higher at other than dated position

 Seq Series  Time_span  1600 1625 1650 1675 1700 1725 1750 1775 1800 1825 1850 1875 1900 1925 1950 
                        1649 1674 1699 1724 1749 1774 1799 1824 1849 1874 1899 1924 1949 1974 1999 
 --- -------- ---------  ---- ---- ---- ---- ---- ---- ---- ---- ---- ---- ---- ---- ---- ---- ---- 
   1 OUTI01   1762 2013                                     .40  .45  .26A .34  .62  .68  .50  .53 
   2 OUTI02   1678 2013                      .52  .48  .51  .41  .57  .45  .52  .51  .32A .32A .68 
   3 OUTI03   1778 2013                                          .68  .62  .49  .57  .44  .37  .54 
   4 OUTI04   1791 2013                                          .54  .47  .43  .57  .50  .44  .76 
   5 OUTI05   1764 2013                                     .58  .42  .34B .31B .35  .45  .36  .54 
   6 OUTI06   1747 2013                                .63  .67  .59  .46  .40  .58  .58  .61  .80 
   7 OUTI07   1743 2013                                .58  .59  .61  .36  .38  .54  .49  .57  .72 
   8 OUTI08   1733 2014                                .51  .34  .37  .43  .29B .30A .31A .33  .59 
   9 OUT01A   1565 2006  .90  .88  .82  .81  .85  .81  .76  .74  .80  .70  .67  .76  .74  .76  .83 
  10 OUT01B   1474 2006  .90  .90  .78  .78  .91  .85  .78  .75  .77  .74  .79  .78  .68  .77  .90 
  11 OUT02A   1480 2006  .93  .80  .82  .92  .95  .87  .87  .84  .80  .76  .71  .75  .75  .87  .94 
  12 OUT02B   1530 2006  .96  .82  .84  .93  .93  .87  .88  .90  .91  .80  .78  .77  .82  .85  .90 
  13 OUT03A   1559 2006  .79  .82  .88  .95  .93  .84  .86  .89  .87  .86  .85  .83  .76  .81  .87 
  14 OUT03B   1568 2006  .90  .87  .88  .87  .87  .89  .84  .83  .84  .83  .88  .88  .82  .79  .88 
  15 OUT04A   1494 2006  .84  .71  .82  .87  .88  .66  .56  .70  .74  .73  .78  .72  .71  .80  .87 
  16 OUT04B   1530 2006  .85  .72  .80  .84  .84  .60  .56  .72  .72  .58  .61  .70  .71  .78  .82 
  17 OUT05A   1504 2006  .94  .85  .78  .81  .81  .77  .82  .73  .59  .48  .52  .50  .49  .71  .86 
  18 OUT05B   1531 2006  .92  .89  .77  .81  .86  .81  .83  .74  .67  .55  .57  .55  .61  .83  .92 
  19 OUT06A   1514 2006  .76  .78  .74  .79  .83  .81  .78  .74  .72  .74  .67  .70  .82  .89  .94 
  20 OUT06B   1564 2006  .75  .81  .82  .82  .84  .82  .79  .83  .81  .76  .81  .74  .77  .88  .93 
  21 OUT07A   1567 2006  .79  .63  .77  .84  .84  .87  .86  .81  .72  .66  .66  .70  .71  .77  .92 
  22 OUT07B   1630 2006            .65  .78  .82  .80  .80  .83  .81  .63  .70  .87  .88  .89  .95 
  23 OUT07C   1570 2006  .80  .66  .66  .77  .82  .81  .76  .81  .82  .62  .71  .87  .87  .89  .94 
  24 OUT08A   1500 2006  .90  .84  .92  .91  .90  .85  .86  .88  .80  .71  .70  .75  .81  .85  .90 
  25 OUT08B   1522 2006  .77  .87  .87  .87  .88  .89  .84  .82  .81  .71  .72  .84  .84  .83  .91 
  26 OUT09A   1515 2006  .85  .80  .82  .89  .95  .87  .87  .80  .59  .59  .52  .50  .73  .86  .89 
  27 OUT09B   1534 2006  .72  .81  .77  .88  .94  .87  .87  .84  .80  .82  .80  .63  .62  .70  .85 
  28 OUT10A   1519 2006  .80  .75  .86  .89  .88  .82  .80  .72  .75  .86  .82  .68  .70  .76  .86 
  29 OUT10B   1507 2006  .85  .78  .81  .89  .90  .76  .70  .73  .73  .69  .73  .82  .78  .69  .83 
  30 OUT11A   1617 2006       .62  .76  .86  .90  .76  .78  .88  .77  .76  .75  .61  .69  .89  .92 
  31 OUT11B   1533 1950  .71  .61  .72  .83  .87  .83  .80  .65  .58  .79  .84  .72  .76           
  32 OUT12A   1468 2006  .81  .67  .82  .84  .84  .80  .69  .72  .77  .71  .72  .73  .73  .77  .86 
  33 OUT12B   1482 2006  .85  .81  .88  .88  .86  .85  .86  .76  .69  .72  .77  .71  .71  .82  .87 
  34 OUT13A   1600 2006       .75  .80  .80  .75  .72  .75  .72  .59  .52  .57  .54  .49  .63  .80 
  35 OUT13B   1539 2006  .83  .73  .78  .62  .56  .79  .77  .80  .75  .60  .64  .54  .56  .68  .66 
  36 OUT15A   1589 2006  .90  .77  .64  .67  .73  .73  .81  .71  .56  .67  .78  .72  .57  .76  .88 
  37 OUT15B   1583 2006  .88  .81  .71  .68  .71  .78  .83  .74  .52  .52  .66  .76  .68  .79  .81 
  38 OUT17A   1513 1871  .87  .76  .78  .84  .84  .85  .83  .83  .71                               
  39 OUT17B   1548 1990  .87  .78  .78  .84  .86  .86  .81  .77  .75  .71  .71  .66  .67  .68      
  40 OUT18A   1515 2005  .87  .81  .80  .86  .83  .81  .83  .81  .78  .76  .76  .63  .57  .76  .84 
  41 OUT18B   1518 2005  .83  .70  .69  .79  .78  .76  .77  .82  .80  .78  .80  .70  .53  .70  .83 
  42 OUT19A   1632 2005            .61  .71  .82  .76  .75  .77  .77  .48  .53  .65  .34  .51  .81 
  43 OUT19B   1692 2005                      .68  .67  .71  .77  .75  .36  .36  .61  .42  .50  .67 
  44 OUT20A   1542 1940  .74  .64  .76  .82  .80  .70  .75  .81  .70  .40  .47  .51                
  45 OUT20B   1700 2006                           .76  .77  .83  .75  .55  .50  .55  .61  .69  .86 
  46 OUT21A   1570 2005  .75  .70  .76  .77  .80  .74  .70  .77  .72  .68  .73  .66  .63  .73  .82 
  47 OUT21B   1574 2005  .65  .69  .75  .81  .85  .75  .81  .87  .82  .82  .89  .78  .67  .78  .90 
  48 OUT22A   1480 2006  .80  .82  .81  .75  .76  .85  .79  .62  .60  .64  .69  .78  .64  .70  .79 
  49 OUT22B   1521 2006  .79  .62  .74  .77  .72  .80  .70  .65  .81  .68  .61  .71  .63  .70  .76 
  50 OUT23    1587 1922  .87  .89  .90  .86  .83  .85  .88  .68  .58  .84  .81                     
  51 OUT24    1557 1999  .88  .78  .82  .86  .89  .82  .84  .82  .72  .74  .75  .71  .78  .86  .91 
  52 OUTW12   1296 1800  .85  .78  .79  .79  .76  .77  .82                                         
  58 OUT33A   1555 2011  .85  .79  .81  .76  .79  .87  .82  .86  .89  .86  .78  .72  .66  .73  .81 
  59 OUT33A2  1573 1980  .86  .75  .81  .84  .84  .85  .87  .83  .77  .76  .76  .80  .83  .71      
  60 OUT33B   1609 2011       .80  .79  .83  .85  .80  .80  .86  .86  .83  .78  .75  .73  .83  .87 
  61 OUT33B2  1539 2000  .87  .92  .88  .84  .84  .86  .85  .71  .63  .75  .76  .74  .77  .83  .84 
  62 OUT34A   1601 2011       .84  .86  .86  .91  .86  .76  .71  .77  .70  .79  .86  .79  .78  .81 
  63 OUT34B   1716 2011                           .81  .86  .89  .81  .69  .82  .85  .77  .81  .92 
  64 OUT36A   1688 2011                      .83  .86  .84  .80  .72  .72  .80  .76  .79  .77  .86 
  65 OUT36B   1743 2011                                .86  .88  .83  .78  .77  .80  .81  .84  .84 
  66 OUT37A   1569 2011  .92  .86  .81  .78  .76  .76  .78  .66  .52  .51  .53  .57  .63  .74  .90 
  67 OUT37B   1567 2011  .88  .81  .79  .84  .85  .78  .78  .76  .67  .36  .51  .64  .63  .65  .72 
  68 OUT38A   1520 2010  .78  .72  .50  .60  .81  .81  .83  .84  .75  .65  .60  .62  .63  .70  .75 
  69 OUT38B   1538 2000  .76  .73  .54  .63  .60  .54  .75  .70  .61  .33  .41  .67  .67  .66  .73 
  70 OUT39A   1775 2010                                          .86  .66  .64  .70  .72  .87  .82 
  71 OUT39B   1693 2011                      .89  .80  .80  .86  .82  .58  .42  .51  .74  .78  .84 
  72 OUT40A   1607 2011       .68  .76  .88  .93  .86  .87  .85  .83  .81  .81  .82  .74  .75  .85 
  73 OUT40B   1600 2011       .58  .71  .87  .92  .91  .91  .81  .73  .80  .83  .77  .73  .80  .85 
  74 OUT41A1  1535 1670  .64                                                                       
  75 OUT41A2  1733 2010                                .81  .83  .77  .72  .67  .58  .71  .86  .91 
  76 OUT41B1  1536 1690  .86  .75                                                                  
  77 OUT41B2  1730 2011                                .79  .89  .85  .79  .88  .74  .74  .82  .91 
  78 OUT42A   1730 2011                                .70  .79  .81  .76  .79  .85  .82  .79  .91 
  79 OUT42B   1538 2010  .83  .77  .76  .76  .63  .55  .74  .74  .72  .70  .72  .69  .73  .81  .81 
  80 OUT43A   1777 2011                                          .69  .62  .76  .81  .80  .87  .94 
  81 OUT43B   1659 2011                 .75  .78  .75  .73  .78  .57  .27A .69  .74  .77  .85  .86 
  82 OUT44A   1637 2011            .75  .85  .89  .90  .94  .86  .75  .76  .79  .83  .82  .83  .86 
  83 OUT44B   1621 2011       .76  .80  .82  .85  .89  .94  .86  .77  .77  .81  .75  .73  .87  .93 
  84 OUT45A   1780 2010                                          .81  .70  .61  .62  .74  .84  .93 
  85 OUT45B   1745 2011                                .87  .85  .83  .86  .73  .61  .67  .81  .89 
  86 OUT46A   1533 2011  .87  .80  .85  .88  .90  .87  .84  .83  .78  .80  .89  .90  .90  .82  .88 
  87 OUT46B   1585 1967  .89  .83  .84  .86  .89  .91  .90  .85  .73  .67  .75  .76  .78           
  88 OUT47B   1715 2011                           .91  .92  .86  .71  .66  .79  .74  .75  .90  .92 
  89 OUT48A   1583 2011  .83  .84  .87  .64  .49  .68  .74  .80  .79  .68  .72  .65  .66  .85  .92 
  90 OUT48B   1560 2011  .84  .79  .79  .75  .69  .77  .89  .84  .79  .83  .87  .83  .76  .86  .95 
  91 OUT49A   1610 2011       .60  .62  .73  .86  .81  .72  .75  .66  .49  .40  .34  .51  .78  .86 
  92 OUT49B   1620 2011       .59  .75  .87  .87  .81  .71  .75  .78  .58  .44  .61  .86  .91  .93 
  93 OUT50A   1715 2010                           .63  .76  .82  .77  .64  .75  .76  .78  .88  .91 
  94 OUT50B   1734 2011                                .82  .90  .85  .74  .82  .81  .79  .88  .57 
  95 OUT51A   1524 1700  .87  .79  .79                                                             
  96 OUT51B   1532 1700  .83  .66  .64                                                             
  97 OUT52A   1599 2011       .81  .62  .74  .92  .84  .82  .87  .85  .74  .65  .60  .57  .71  .90 
  98 OUT52B   1701 2010                           .78  .80  .83  .83  .77  .78  .79  .54  .67  .88 
  99 OUT53A1  1473 1719  .84  .80  .83                                                             
 100 OUT53A2  1725 2008                                .82  .85  .75  .64  .75  .74  .77  .89  .91 
 101 OUT53B1  1474 1719  .70  .79  .85                                                             
 102 OUT53B2  1725 2008                           .69  .71  .71  .65  .73  .75  .65  .68  .80  .87 
 103 OUT54A1  1539 1719  .87  .90  .79                                                             
 105 OUT54B1  1533 1719  .92  .86  .69                                                             
 106 OUT54B2  1725 2008                                .88  .85  .71  .77  .79  .71  .80  .91  .95 
 107 OUT55A   1731 2008                                .78  .80  .76  .54  .47  .64  .70  .84  .91 
 108 OUT55B   1720 2008                           .69  .78  .85  .75  .58  .67  .73  .74  .83  .91 
 109 OUT56A   1700 2008                           .57  .72  .75  .61  .59  .52  .48  .57  .66  .91 
 110 OUT56B   1705 2008                           .54  .65  .85  .69  .50  .51  .47  .57  .70  .87 
 111 OUT57A1  1512 1719  .85  .66  .68                                                             
 113 OUT57B1  1498 1719  .87  .79  .65                                                             
 115 OUT58A   1519 2008  .94  .91  .79  .77  .74  .64  .77  .87  .87  .77  .78  .78  .85  .89  .91 
 116 OUT58B1  1511 1719  .90  .88  .79                                                             
 117 OUT58B2  1725 2008                                .73  .71  .77  .78  .84  .80  .73  .80  .93 
 118 OUT59A   1573 2008  .75  .67  .79  .85  .90  .91  .89  .85  .80  .83  .85  .80  .83  .87  .88 
 119 OUT59B   1562 2008  .75  .72  .81  .87  .90  .89  .91  .89  .83  .80  .84  .87  .84  .86  .95 
 120 OUT60A   1539 2008  .93  .87  .77  .84  .93  .87  .89  .85  .62  .53  .73  .77  .85  .89  .92 
 121 OUT60B   1573 2008  .87  .85  .83  .88  .91  .86  .89  .87  .83  .75  .79  .87  .85  .88  .95 
 122 OUT61A   1683 2008                      .57  .41  .48  .56  .64  .39  .33  .58  .55  .62  .86 
 123 OUT61B   1725 2008                                .43  .62  .50  .34  .36  .68  .65  .54  .75 
 124 OUT62A   1703 2008                           .41  .45  .71  .60  .44  .60  .71  .74  .68  .82 
 125 OUT62B   1694 2008                      .69  .41  .50  .67  .62  .46  .58  .70  .66  .67  .86 
 126 OUT63A   1725 2008                                .56  .65  .66  .49  .61  .74  .65  .71  .88 
 127 OUT63B   1725 2008                                .58  .77  .63  .49  .64  .69  .56  .71  .87 
 128 OUT64A   1494 2008  .85  .78  .82  .85  .87  .72  .60  .62  .66  .68  .70  .84  .84  .79  .80 
 129 OUT64B   1526 2008  .89  .88  .85  .89  .91  .88  .78  .79  .81  .79  .83  .88  .89  .88  .90 
 130 OUT65A   1578 2008  .83  .69  .78  .85  .85  .89  .91  .90  .85  .79  .85  .81  .80  .80  .86 
 131 OUT65B   1504 2008  .88  .77  .79  .85  .85  .65  .63  .65  .63  .63  .64  .66  .73  .86  .90 
 132 OUT66A   1519 2008  .88  .87  .84  .88  .88  .85  .84  .83  .83  .85  .85  .82  .87  .94  .34 
 133 OUT66B   1530 2008  .94  .90  .89  .90  .90  .91  .86  .83  .72  .52  .52  .61  .79  .92  .94 
 134 OUT67A   1578 2008  .89  .71  .77  .91  .92  .86  .89  .85  .76  .83  .87  .75  .73  .89  .91 
 135 OUT67B   1723 2008                                .84  .83  .76  .75  .81  .78  .76  .92  .97 
 136 OUT68A   1659 2008                 .61  .76  .65  .67  .74  .68  .42  .51  .80  .76  .74  .84 
 137 OUT68B   1674 2008                      .78  .60  .65  .77  .65  .41  .49  .73  .75  .78  .87 
 138 OUT69A   1500 2008  .91  .86  .92  .92  .91  .88  .90  .89  .83  .74  .73  .73  .80  .90  .94 
 139 OUT69B   1522 2008  .91  .90  .90  .88  .88  .85  .86  .86  .82  .84  .77  .72  .81  .85  .92 
 140 OUT70A   1492 2008  .87  .90  .84  .66  .42  .47  .67  .74  .72  .54  .60  .68  .67  .75  .91 
 141 OUT70B   1487 2008  .90  .84  .77  .78  .77  .61  .59  .63  .55  .67  .67  .57  .60  .78  .85 
 142 OUT71A1  1553 1719  .77  .68  .61                                                             
 143 OUT71A2  1725 2008                                .81  .83  .80  .62  .67  .82  .79  .88  .94 
 144 OUT71B1  1526 1719  .75  .72  .79                                                             
 145 OUT71B2  1725 2008                                .83  .87  .83  .64  .70  .82  .78  .84  .84 
 146 OUT72A1  1502 1719  .89  .82  .66                                                             
 147 OUT72A2  1725 2008                           .84  .85  .70  .54  .63  .74  .65  .70  .83  .83 
 148 OUT72B1  1533 1719  .89  .85  .91                                                             
 149 OUT72B2  1725 2008                                .87  .86  .65  .58  .66  .60  .69  .90  .93 
 150 OUT73A1  1515 1719  .86  .82  .86                                                             
 151 OUT73A2  1725 2008                           .81  .79  .81  .75  .75  .76  .72  .77  .76  .76 
 Av segment correlation  .84  .78  .78  .82  .82  .77  .78  .78  .72  .65  .68  .70  .70  .77  .85 

 FLAGGED SEGMENTS: dza022
-----------------------------------------------------------------------------------------------------------------------------------
 Seq Series   Segment    Flag  r dated  Best lag  r at lag   Gain  Note
 --- -------- ---------  ----  -------  --------  --------  -----  -----------------
   1 OUTI01   1825 1874     A     .262         0
   2 OUTI02   1900 1949     A     .322         0
   2 OUTI02   1925 1974     A     .319         0
   5 OUTI05   1825 1874     B     .344        -6      .374   .030
   5 OUTI05   1850 1899     B     .308         8      .338   .030
   8 OUTI08   1850 1899     B     .294        -8      .372   .078
   8 OUTI08   1875 1924     A     .305         0
   8 OUTI08   1900 1949     A     .314         0
  81 OUT43B   1825 1874     A     .273         0

 DESCRIPTIVE STATISTICS: dza022
-----------------------------------------------------------------------------------------------------------------------------------

                                                Corr   //-------- Unfiltered --------\\  //-- dplR filtered --\\
                           No.    No.    No.    with   Mean   Max     Std   Auto   Mean   Max     Std   Auto  AR
 Seq Series   Interval   Years  Segmt  Flags   Master  msmt   msmt    dev   corr   sens  value    dev   corr  ()
 --- -------- ---------  -----  -----  -----   ------ -----  -----  -----  -----  -----  -----  -----  -----  --
   1 OUTI01   1762 2013    252      8      1    .435    .97   2.03   .413   .718   .317   2.11   .281  -.014   3
   2 OUTI02   1678 2013    336     11      2    .485    .92   3.61   .687   .856   .360   2.38   .341  -.032   3
   3 OUTI03   1778 2013    236      7      0    .504    .92   1.97   .355   .779   .214   1.69   .212  -.011   3
   4 OUTI04   1791 2013    223      7      0    .585   1.18   2.66   .378   .749   .183   1.59   .183  -.026   1
   5 OUTI05   1764 2013    250      8      2    .429   1.43   5.23   .778   .773   .285   1.94   .288   .033   1
   6 OUTI06   1747 2013    267      9      0    .560   1.08   2.84   .578   .849   .274   2.23   .287   .022   1
   7 OUTI07   1743 2013    271      9      0    .504   1.19   4.03   .581   .750   .284   1.88   .275  -.000   1
   8 OUTI08   1733 2014    282      9      3    .343   1.49   4.70   .854   .843   .235   1.91   .250   .012   2
   9 OUT01A   1565 2006    442     16      0    .799    .50   1.65   .272   .734   .366   2.39   .334  -.009   1
  10 OUT01B   1474 2006    533     20      0    .799    .56   3.84   .513   .848   .423   2.50   .373  -.016   1
  11 OUT02A   1480 2006    527     19      0    .847    .67   4.50   .574   .851   .348   1.85   .317  -.012   3
  12 OUT02B   1530 2006    477     17      0    .884    .50   5.48   .495   .896   .318   1.92   .294   .007   2
  13 OUT03A   1559 2006    448     16      0    .848    .78   2.61   .424   .723   .332   2.07   .305  -.022   1
  14 OUT03B   1568 2006    439     16      0    .852    .80   2.79   .457   .763   .309   1.93   .286  -.005   1
  15 OUT04A   1494 2006    513     19      0    .801    .74   3.04   .481   .856   .306   1.73   .286  -.011   1
  16 OUT04B   1530 2006    477     17      0    .782    .74   2.91   .398   .773   .302   1.88   .303  -.000   1
  17 OUT05A   1504 2006    503     18      0    .794    .77   4.88   .776   .914   .321   2.78   .311  -.002   3
  18 OUT05B   1531 2006    476     17      0    .818    .59   2.94   .419   .840   .316   1.88   .289  -.001   3
  19 OUT06A   1514 2006    493     18      0    .800    .90   3.89   .722   .898   .339   1.99   .307  -.000   3
  20 OUT06B   1564 2006    443     16      0    .824    .97   4.83   .656   .877   .324   2.14   .296  -.001   2
  21 OUT07A   1567 2006    440     16      0    .799    .64   2.18   .380   .817   .311   1.91   .284  -.001   3
  22 OUT07B   1630 2006    377     13      0    .812    .76   2.03   .365   .687   .359   2.44   .321  -.027   1
  23 OUT07C   1570 2006    437     16      0    .802    .83   2.52   .383   .617   .362   2.35   .328  -.012   1
  24 OUT08A   1500 2006    507     18      0    .840    .82   3.87   .507   .817   .284   1.97   .265  -.014   3
  25 OUT08B   1522 2006    485     18      0    .850    .83   3.54   .465   .793   .264   2.49   .262  -.011   3
  26 OUT09A   1515 2006    492     18      0    .798    .64   3.72   .621   .895   .319   1.85   .289  -.012   3
  27 OUT09B   1534 2006    473     17      0    .812    .86   3.56   .549   .804   .285   1.75   .256  -.017   3
  28 OUT10A   1519 2006    488     18      0    .828    .90   5.82   .759   .909   .286   2.12   .257   .005   2
  29 OUT10B   1507 2006    500     18      0    .820    .92   4.44   .785   .904   .275   2.15   .258  -.007   3
  30 OUT11A   1617 2006    390     14      0    .822   1.03   4.90   .598   .838   .295   1.89   .278  -.002   2
  31 OUT11B   1533 1950    418     15      0    .769    .77   3.35   .735   .938   .315   1.73   .287   .009   2
  32 OUT12A   1468 2006    539     20      0    .760    .80   7.37  1.050   .902   .382   2.08   .347  -.016   3
  33 OUT12B   1482 2006    525     19      0    .791    .90   7.30  1.187   .948   .390   2.23   .368   .004   2
  34 OUT13A   1600 2006    407     14      0    .718    .60   2.39   .384   .859   .274   2.69   .282  -.007   3
  35 OUT13B   1539 2006    468     17      0    .656    .76   4.14   .644   .885   .298   2.75   .303  -.003   3
  36 OUT15A   1589 2006    418     15      0    .774    .75   3.03   .419   .826   .278   1.86   .259   .004   2
  37 OUT15B   1583 2006    424     15      0    .761    .75   2.76   .387   .822   .275   2.32   .254   .008   2
  38 OUT17A   1513 1871    359     12      0    .822    .81   5.42   .967   .916   .341   1.90   .324  -.013   3
  39 OUT17B   1548 1990    443     15      0    .798    .57   4.12   .485   .786   .350   1.92   .333   .001   3
  40 OUT18A   1515 2005    491     18      0    .810    .65   3.26   .590   .918   .285   1.93   .278  -.015   3
  41 OUT18B   1518 2005    488     18      0    .786    .74   3.87   .654   .929   .273   2.31   .270  -.009   3
  42 OUT19A   1632 2005    374     13      0    .668    .88   2.89   .399   .765   .237   1.82   .241   .005   3
  43 OUT19B   1692 2005    314     11      0    .191    .98   3.96   .581   .799   .258  15.78   .888   .401   1
  44 OUT20A   1542 1940    399     14      0    .670    .80   3.12   .520   .831   .253   2.54   .264   .001   3
  45 OUT20B   1700 2006    307     10      0    .721   1.16   2.66   .517   .730   .280   1.73   .269  -.011   3
  46 OUT21A   1570 2005    436     16      0    .680    .38   1.53   .221   .816   .350   3.63   .349   .042   3
  47 OUT21B   1574 2005    432     15      0    .804    .54   1.22   .228   .603   .335   1.83   .308   .003   2
  48 OUT22A   1480 2006    527     19      0    .739    .64   4.32   .622   .925   .280   1.64   .262  -.012   3
  49 OUT22B   1521 2006    486     18      0    .744    .60   5.44   .553   .900   .316   1.75   .288  -.014   3
  50 OUT23    1587 1922    336     11      0    .803   1.00   2.46   .476   .728   .256   1.73   .253   .003   1
  51 OUT24    1557 1999    443     16      0    .850   1.09   4.71   .788   .860   .322   1.80   .293   .010   2
  52 OUTW12   1296 1800    505     19      0    .714    .55   1.27   .189   .512   .300   1.73   .267  -.011   1
  53 OUTW09   1170 1495    326     11      0    .668   1.18   3.81   .682   .839   .239   1.84   .245  -.010   3
  54 OUTW11   1092 1448    357     12      0    .736    .68   3.18   .387   .780   .267   1.80   .252   .021   2
  55 OUTW08   1036 1346    311      8      0    .564   1.06   5.46   .967   .909   .266   1.99   .266  -.018   1
  56 OUTW10   1100 1487    388     13      0    .674    .85   3.81   .542   .824   .300   1.94   .288  -.006   1
  57 OUT32    1002 1432    431     12      0    .648    .93   3.46   .630   .906   .223   1.75   .227  -.002   2
  58 OUT33A   1555 2011    457     16      0    .795    .52   2.35   .338   .750   .343   2.11   .322  -.041   1
  59 OUT33A2  1573 1980    408     14      0    .766    .49   1.27   .240   .692   .323   1.91   .288  -.006   3
  60 OUT33B   1609 2011    403     14      0    .809    .54   2.44   .399   .826   .356   2.13   .333  -.004   3
  61 OUT33B2  1539 2000    462     17      0    .802    .57   3.60   .422   .818   .354   2.31   .321  -.025   3
  62 OUT34A   1601 2011    411     14      0    .798    .48   1.26   .245   .685   .371   2.34   .339  -.022   1
  63 OUT34B   1716 2011    296     10      0    .837    .61   2.22   .391   .804   .366   1.80   .327   .012   1
  64 OUT36A   1688 2011    324     11      0    .815    .69   3.84   .420   .754   .313   2.17   .289  -.000   2
  65 OUT36B   1743 2011    269      9      0    .820    .62   2.34   .326   .767   .310   1.99   .303   .058   0
  66 OUT37A   1569 2011    443     16      0    .763    .51   1.92   .285   .762   .305   2.29   .291   .001   1
  67 OUT37B   1567 2011    445     16      0    .727    .53   2.29   .306   .815   .334   2.34   .315   .020   2
  68 OUT38A   1520 2010    491     18      0    .692    .63   5.60   .850   .935   .457   2.99   .426   .000   3
  69 OUT38B   1538 2000    463     17      0    .618    .46   4.53   .603   .908   .529   2.36   .457  -.004   3
  70 OUT39A   1775 2010    236      7      0    .781    .32   1.03   .155   .749   .272   1.75   .267   .003   1
  71 OUT39B   1693 2011    319     11      0    .760    .92   2.56   .422   .696   .290   1.95   .294  -.009   1
  72 OUT40A   1607 2011    405     14      0    .830    .62   1.83   .302   .726   .313   1.83   .283   .004   3
  73 OUT40B   1600 2011    412     14      0    .813    .65   3.15   .408   .785   .302   1.84   .285   .005   2
  74 OUT41A1  1535 1670    136      3      0    .713    .67   2.37   .484   .844   .348   2.06   .324  -.028   1
  75 OUT41A2  1733 2010    278      9      0    .765    .37   1.10   .184   .702   .330   3.06   .325   .053   0
  76 OUT41B1  1536 1690    155      4      0    .851    .62   2.72   .491   .839   .363   2.03   .311  -.007   1
  77 OUT41B2  1730 2011    282      9      0    .842    .37    .93   .170   .634   .345   2.03   .329  -.013   3
  78 OUT42A   1730 2011    282      9      0    .799    .74   3.55   .454   .864   .271   1.68   .271  -.012   1
  79 OUT42B   1538 2010    473     17      0    .757    .82   3.37   .445   .811   .294   2.19   .277   .002   2
  80 OUT43A   1777 2011    235      7      0    .841    .73   1.82   .316   .715   .305   1.74   .281   .046   0
  81 OUT43B   1659 2011    353     12      1    .761    .64   3.03   .479   .849   .362   2.19   .333   .013   2
  82 OUT44A   1637 2011    375     13      0    .837    .51   1.19   .220   .649   .290   1.73   .269   .002   2
  83 OUT44B   1621 2011    391     14      0    .844    .55   1.52   .241   .666   .306   1.73   .275   .004   2
  84 OUT45A   1780 2010    231      7      0    .811    .72   2.05   .324   .678   .301   1.71   .286   .008   2
  85 OUT45B   1745 2011    267      9      0    .831    .62   2.12   .328   .774   .297   1.69   .277   .001   2
  86 OUT46A   1533 2011    479     17      0    .866    .67   2.75   .417   .754   .360   2.15   .323   .003   2
  87 OUT46B   1585 1967    383     13      0    .808    .66   2.77   .345   .724   .318   2.25   .297  -.003   1
  88 OUT47B   1715 2011    297     10      0    .849   1.03   2.64   .388   .623   .258   1.84   .263   .010   1
  89 OUT48A   1583 2011    429     15      0    .756    .58   2.81   .382   .840   .339   2.31   .323   .017   2
  90 OUT48B   1560 2011    452     16      0    .816    .60   2.77   .350   .819   .319   2.08   .293   .008   2
  91 OUT49A   1610 2011    402     14      0    .694    .56   2.54   .414   .801   .351   2.15   .343   .000   2
  92 OUT49B   1620 2011    392     14      0    .763    .59   2.69   .390   .742   .385   2.82   .363   .021   2
  93 OUT50A   1715 2010    296     10      0    .761    .78   4.91   .733   .829   .401   2.42   .379   .040   1
  94 OUT50B   1734 2011    278      9      0    .703    .86   4.66   .645   .840   .388   2.62   .381   .035   1
  95 OUT51A   1524 1700    177      6      0    .784    .94   4.48   .702   .887   .279   1.91   .248  -.002   1
  96 OUT51B   1532 1700    169      5      0    .662    .90   4.41   .720   .894   .306   1.60   .262   .011   3
  97 OUT52A   1599 2011    413     14      0    .787    .68   1.70   .300   .723   .299   1.74   .275  -.001   2
  98 OUT52B   1701 2010    310     10      0    .778    .63   2.01   .338   .801   .304   2.08   .302  -.006   1
  99 OUT53A1  1473 1719    247      7      0    .819    .96   3.25   .843   .948   .312   1.80   .277  -.003   3
 100 OUT53A2  1725 2008    284      9      0    .818    .50   1.04   .193   .593   .283   1.83   .262  -.007   1
 101 OUT53B1  1474 1719    246      7      0    .757    .95   4.15   .922   .960   .262   1.70   .241  -.013   3
 102 OUT53B2  1725 2008    284     10      0    .761    .30    .92   .131   .601   .358   1.76   .307   .025   0
 103 OUT54A1  1539 1719    181      5      0    .825    .98   3.07   .621   .756   .360   2.14   .335  -.001   2
 104 OUT54A2  1725 2008    284                          .47   1.23   .213   .667   .327                         
 105 OUT54B1  1533 1719    187      5      0    .816    .92   2.68   .609   .822   .368   1.89   .336   .001   2
 106 OUT54B2  1725 2008    284      9      0    .846    .40   1.05   .175   .532   .357   2.05   .324   .015   2
 107 OUT55A   1731 2008    278      9      0    .775    .91   3.03   .690   .829   .374   2.13   .353  -.022   1
 108 OUT55B   1720 2008    289     10      0    .766    .97   3.90   .806   .861   .391   1.92   .349   .029   2
 109 OUT56A   1700 2008    309     10      0    .715   1.38   4.97   .937   .910   .241   1.64   .238   .011   2
 110 OUT56B   1705 2008    304     10      0    .732   1.44   5.71  1.224   .936   .217   1.53   .230   .013   2
 111 OUT57A1  1512 1719    208      6      0    .782    .75   1.79   .380   .699   .384   2.26   .351  -.032   1
 112 OUT57A2  1725 2008    284                          .75   2.53   .468   .841   .310                         
 113 OUT57B1  1498 1719    222      6      0    .791    .60   2.61   .443   .861   .402   2.09   .357  -.004   3
 114 OUT57B2  1725 2006    282                          .67   2.06   .326   .773   .286                         
 115 OUT58A   1519 2008    490     18      0    .827    .80   3.77   .569   .877   .340   1.99   .316  -.008   2
 116 OUT58B1  1511 1719    209      6      0    .828    .77   2.90   .524   .811   .426   1.92   .366   .014   2
 117 OUT58B2  1725 2008    284      9      0    .810    .83   2.47   .355   .754   .238   1.67   .238  -.004   1
 118 OUT59A   1573 2008    436     16      0    .853    .73   3.23   .507   .867   .277   1.76   .261   .004   2
 119 OUT59B   1562 2008    447     16      0    .833    .76   5.64   .629   .860   .308   1.94   .300  -.015   3
 120 OUT60A   1539 2008    470     17      0    .846    .89   2.79   .463   .799   .278   1.99   .259  -.012   3
 121 OUT60B   1573 2008    436     15      0    .863    .99   6.22   .704   .877   .267   1.88   .263  -.010   3
 122 OUT61A   1683 2008    326     11      0    .616   1.10   6.00   .929   .856   .304   2.13   .297  -.010   3
 123 OUT61B   1725 2008    284      9      0    .569   1.00   4.21   .903   .901   .331   1.78   .302   .019   2
 124 OUT62A   1703 2008    306     10      0    .687   1.14   5.28  1.023   .929   .308   1.79   .302   .008   2
 125 OUT62B   1694 2008    315     11      0    .664   1.06   4.23   .900   .882   .332   2.02   .301   .016   2
 126 OUT63A   1725 2008    284      9      0    .667   1.14   6.01  1.055   .894   .342   2.27   .340  -.026   3
 127 OUT63B   1725 2008    284      9      0    .683    .96   4.56   .679   .886   .309   1.87   .285  -.029   3
 128 OUT64A   1494 2008    515     19      0    .799    .82   2.93   .486   .828   .290   2.02   .289  -.004   1
 129 OUT64B   1526 2008    483     17      0    .851    .85   3.34   .556   .777   .322   2.38   .314  -.006   3
 130 OUT65A   1578 2008    431     15      0    .839    .81   3.48   .530   .803   .329   2.14   .311  -.003   1
 131 OUT65B   1504 2008    505     18      0    .810    .75   3.52   .448   .822   .310   2.00   .292   .004   2
 132 OUT66A   1519 2008    490     18      0    .774    .81   4.41   .584   .856   .328   2.05   .297  -.003   1
 133 OUT66B   1530 2008    479     17      0    .834    .81   4.17   .535   .765   .362   2.13   .325  -.011   3
 134 OUT67A   1578 2008    431     15      0    .857   1.00   2.86   .385   .716   .249   1.66   .236  -.015   1
 135 OUT67B   1723 2008    286      9      0    .851   1.28   3.03   .523   .653   .265   2.18   .276  -.023   3
 136 OUT68A   1659 2008    350     12      0    .688   1.10   4.63  1.031   .917   .331   1.98   .316  -.014   3
 137 OUT68B   1674 2008    335     11      0    .664    .87   5.18   .979   .909   .405   2.14   .371  -.000   3
 138 OUT69A   1500 2008    509     18      0    .857    .84   3.07   .495   .837   .261   1.76   .250  -.005   3
 139 OUT69B   1522 2008    487     18      0    .870    .84   3.29   .469   .819   .265   2.47   .253  -.022   3
 140 OUT70A   1492 2008    517     19      0    .746    .66   6.06   .551   .860   .306   2.06   .284   .009   2
 141 OUT70B   1487 2008    522     19      0    .744    .65   4.68   .673   .931   .286   2.12   .277  -.011   3
 142 OUT71A1  1553 1719    167      4      0    .756    .69   2.12   .408   .753   .368   2.01   .340  -.019   1
 143 OUT71A2  1725 2008    284      9      0    .830    .58   1.86   .321   .757   .331   1.90   .307  -.019   1
 144 OUT71B1  1526 1719    194      5      0    .742    .91   2.84   .466   .689   .349   2.90   .362  -.036   3
 145 OUT71B2  1725 2008    284      9      0    .828    .70   1.98   .291   .744   .256   1.78   .251  -.018   3
 146 OUT72A1  1502 1719    218      6      0    .797   1.21   3.94   .841   .898   .301   1.98   .265  -.006   3
 147 OUT72A2  1725 2008    284     10      0    .761    .42   1.22   .216   .708   .370   2.14   .337  -.045   0
 148 OUT72B1  1533 1719    187      5      0    .834   1.24   4.29   .763   .876   .305   1.58   .263  -.022   3
 149 OUT72B2  1725 2008    284      9      0    .796    .66   1.70   .354   .806   .326   2.09   .309   .007   1
 150 OUT73A1  1515 1719    205      6      0    .842   1.33   5.32  1.064   .890   .294   2.31   .282  -.010   1
 151 OUT73A2  1725 2008    284     10      0    .788    .60   1.15   .181   .441   .254   1.73   .230   .043   0
 --- -------- ---------  -----  -----  -----   ------ -----  -----  -----  -----  -----  -----  -----  -----  --
 Total or mean:          55483   1880      9    .767    .77   7.37   .528   .809   .316  15.78   .300  -.000

 DATA CHECKS (rwl.check): dza022
-----------------------------------------------------------------------------------------------------------------------------------
 rwl.check: data_files/treering/measurements/africa/dza022.rwl
 151 series, 55483 measurements, 1002-2014, 0.01 mm precision
 0 error(s), 5 warning(s), 106 note(s)
 -------------
 WARNING
   RWL_SERIES_OUTLIER (5)
     OUT19B: correlates with the rest of the collection at r = 0.241 where the collection median is 0.775 (7.7 MAD below it); it does not fit the collection it is in
     OUTI01: correlates with the rest of the collection at r = 0.46 where the collection median is 0.775 (4.6 MAD below it); it does not fit the collection it is in
     OUTI03: correlates with the rest of the collection at r = 0.467 where the collection median is 0.775 (4.5 MAD below it); it does not fit the collection it is in
     OUTI05: correlates with the rest of the collection at r = 0.419 where the collection median is 0.775 (5.2 MAD below it); it does not fit the collection it is in
     OUTI08: correlates with the rest of the collection at r = 0.338 where the collection median is 0.775 (6.3 MAD below it); it does not fit the collection it is in
 106 note(s) not shown; see rwl.check() or the 'check' element of this report.

 NOTES
-----------------------------------------------------------------------------------------------------------------------------------
 Report generated using dplR 1.8.1 (R 4.5.2) on 2026-10-01 16:56 PDT.
 Measurement file dza022.rwl, MD5 f6a9a4665f6615cd7331e85d8fadbe3f.
 Filtering: each series divided by a 32-year smoothing spline (caps()), then prewhitened with
   an AR model (order by AIC, at most 3).
 Master: biweight robust mean of the other series (leave-one-out).
 Correlation: Pearson, one-tailed, pcrit = 0.01; critical r = 0.3281 for 50-year segments.
 Segments: 50 years, lagged 25, first segment floored to 100. Lags searched: +/- 10 years.
 A segment is tested only where the series and the master cover all of it, at the dated
   position and at every lag. COFECHA also tests partial segments at the ends of a series, so
   series here may show fewer segments, and no flags can be raised at the ends of the record.
 Lags follow COFECHA: negative means rings are probably missing from the series, positive means
   false rings. A missing ring carries its lag into every segment before it, so look where the
   lag changes along a series. A B flag is a hypothesis to check on the wood; the gain says how
   seriously to take it.
 A B flag marked "weak at every lag" correlates under the critical value even at its best lag:
   the segment is weak wherever it is placed, and the shift is not evidence of a dating error.
   Treat it as a low correlation, like an A.
 Averages in the summary and the totals are weighted by the number of years in each series, as
   COFECHA's are.
 Unfiltered block and mean sensitivity: the measurements as read, and sens1().
 dplR filtered block: the series that was correlated, after filtering. COFECHA's filtered
   series is defined differently, so these three columns are not COFECHA's numbers.
 AR: order of the AR model used to prewhiten.
 Left out of the crossdating: the 'nyrs' spline for series OUT54A2 is not all positive, so
   dividing by it would give negative or infinite indices. Remove the series, or detrend the
   data yourself with detrend() and pass the indices with 'nyrs = NULL'
 Left out of the crossdating: the 'nyrs' spline for series OUT57A2 is not all positive, so
   dividing by it would give negative or infinite indices. Remove the series, or detrend the
   data yourself with detrend() and pass the indices with 'nyrs = NULL'
 Left out of the crossdating: the 'nyrs' spline for series OUT57B2 is not all positive, so
   dividing by it would give negative or infinite indices. Remove the series, or detrend the
   data yourself with detrend() and pass the indices with 'nyrs = NULL'
