
 COFECHA-style crossdating report: mar035
 Report generated using dplR 1.8.1 (R 4.5.2) on 2026-10-01 16:57 PDT
 Built with dplR's xdate.report(), not COFECHA; see the notes at the end.


      Measurement file name  : mar035.rwl
      MD5 of measurement file: ddbb424d8f802680958aa220fdd2a307
      Date checked           : 01OCT26
      Beginning year         : 889
      Ending year            : 2011
      Principal investigators: Touchan, R.
      Site name              : Jbel Jafaar
      Species information    : CDAT Cedrus atlantica (Endl.) Manetti ex Carrière
      Latitude               : 32.5300 N
      Longitude              : 4.9000 W
      Elevation              : 2118 m

      Series intercorrelation: 0.776
      Avg mean sensitivity   : 0.453
      Avg standard deviation : 0.463
      Avg autocorrelation    : 0.647
      Number dated series    : 116
      Segment length tested  : 50

      Number problem segments: 3  (A 1, B 2)
      Pct problem segments   : 0.25


 CORRELATION OF SERIES BY SEGMENTS: mar035
-----------------------------------------------------------------------------------------------------------------------------------
 Correlations of  50-year dated segments, lagged  25 years
 Flags:  A = correlation under   .3281 but highest as dated;  B = correlation higher at other than dated position

 Seq Series  Time_span   900  925  950  975 1000 1025 1050 1075 1100 1125 1150 1175 1200 1225 1250 1275 1300 1325 1350 1375 
                         949  974  999 1024 1049 1074 1099 1124 1149 1174 1199 1224 1249 1274 1299 1324 1349 1374 1399 1424 
 --- -------- ---------  ---- ---- ---- ---- ---- ---- ---- ---- ---- ---- ---- ---- ---- ---- ---- ---- ---- ---- ---- ---- 
  12 JAF07A   1173 1950                                                         .90  .92  .91  .86  .89  .86  .88  .91  .88 
  19 JAF10A    889 1330            .52  .69  .83  .86  .82  .74  .64  .84  .89  .90  .91  .90  .92  .86                     
  20 JAF10B   1092 1390                                          .78  .89  .90  .89  .89  .87  .89  .91  .88  .89           
  21 JAF11A   1181 1752                                                              .86  .89  .91  .74  .52  .57  .78  .82 
  29 JAF15A   1339 1900                                                                                            .91  .94 
  30 JAF15B   1253 1900                                                                             .91  .87  .79  .87  .91 
  31 JAF16A1  1123 1298                                               .88  .88  .88  .82  .77                               
  34 JAF16B2   942 1200            .52  .69  .83  .77  .71  .72  .68  .86  .92                                              
  35 JAF17A   1062 1330                                     .52  .57  .86  .88  .89  .88  .85  .77  .42                     
  47 JAF25    1328 1708                                                                                            .70  .76 
  50 JAF28    1182 1710                                                              .83  .80  .85  .87  .86  .88  .89  .66 
  51 JAF29    1336 1465                                                                                            .77  .75 
  52 JAF30    1350 1737                                                                                                 .75 
  53 JAF31    1311 1440                                                                                       .71  .80  .84 
  54 JAF32    1342 1817                                                                                            .79  .80 
  58 JAF36A   1344 1710                                                                                            .81  .79 
  59 JAF36B   1368 1540                                                                                                 .76 
  60 JAF37    1289 1682                                                                                  .60  .75  .76  .81 
  61 JAF38    1297 1543                                                                                  .79  .82  .85  .87 
  62 JAF39    1262 1603                                                                             .70  .70  .81  .91  .91 
  78 JAF48    1261 1740                                                                             .79  .86  .90  .91  .92 
  79 JAF49    1295 1510                                                                                  .50  .65  .86  .86 
  80 JAF50    1250 1400                                                                        .53  .76  .84  .87  .85      
 102 JAF61B1  1343 1683                                                                                            .54  .72 
 Av segment correlation            .52  .69  .83  .81  .77  .66  .67  .87  .89  .89  .87  .86  .82  .79  .75  .79  .82  .82 

 CORRELATION OF SERIES BY SEGMENTS: mar035
-----------------------------------------------------------------------------------------------------------------------------------
 Correlations of  50-year dated segments, lagged  25 years
 Flags:  A = correlation under   .3281 but highest as dated;  B = correlation higher at other than dated position

 Seq Series  Time_span  1400 1425 1450 1475 1500 1525 1550 1575 1600 1625 1650 1675 1700 1725 1750 1775 1800 1825 1850 1875 
                        1449 1474 1499 1524 1549 1574 1599 1624 1649 1674 1699 1724 1749 1774 1799 1824 1849 1874 1899 1924 
 --- -------- ---------  ---- ---- ---- ---- ---- ---- ---- ---- ---- ---- ---- ---- ---- ---- ---- ---- ---- ---- ---- ---- 
   1 JAF02A   1645 2004                                                    .67  .78  .82  .76  .61  .72  .79  .82  .84  .80 
   2 JAF02B   1737 2004                                                                        .57  .64  .74  .84  .92  .90 
   3 JAF03A   1451 1730                 .80  .75  .70  .54  .53  .66  .74  .79  .80                                         
   4 JAF03B   1453 1730                 .57  .64  .81  .73  .80  .81  .75  .45  .48                                         
   5 JAF04A   1475 2004                      .84  .89  .84  .75  .80  .89  .85  .85  .83  .76  .74  .83  .85  .87  .83  .75 
   6 JAF04B1  1493 1816                      .84  .88  .88  .89  .71  .64  .87  .90  .87  .78  .82                          
   7 JAF04B2  1830 2004                                                                                            .92  .90 
   8 JAF05A   1599 2004                                          .83  .82  .91  .86  .78  .81  .89  .94  .82  .77  .88  .84 
   9 JAF05B   1654 2004                                                         .83  .87  .87  .89  .90  .63  .55  .87  .86 
  10 JAF06A   1822 1996                                                                                       .82  .80  .79 
  11 JAF06B   1625 1995                                               .84  .83  .86  .87  .80  .76  .67  .64  .80  .72  .64 
  12 JAF07A   1173 1950  .88  .88  .87  .63  .62  .81  .87  .77  .78  .83  .85  .88  .75  .73  .80  .71  .74  .76  .77  .76 
  13 JAF07B   1639 1967                                                    .87  .89  .86  .84  .80  .65  .63  .76  .82  .82 
  14 JAF08A   1750 2004                                                                             .58  .54  .66  .75  .76 
  15 JAF08B   1799 2004                                                                                  .71  .65  .65  .61 
  16 JAF09A   1657 1994                                                         .90  .88  .86  .82  .84  .87  .88  .86  .79 
  17 JAF09B1  1600 1785                                               .73  .92  .94  .93  .90                               
  18 JAF09B2  1793 1994                                                                                  .81  .82  .79  .81 
  21 JAF11A   1181 1752  .85  .79  .70  .81  .91  .89  .82  .84  .88  .76  .66  .77  .63                                    
  22 JAF11B   1721 2004                                                                   .80  .83  .84  .88  .67  .69  .73 
  23 JAF12A   1691 2004                                                              .85  .81  .86  .89  .89  .89  .92  .90 
  24 JAF12B   1667 1930                                                         .75  .81  .89  .89  .85  .85  .92  .94  .91 
  25 JAF13A   1457 2001                 .91  .92  .83  .74  .87  .81  .74  .91  .92  .89  .85  .85  .83  .75  .79  .78  .65 
  26 JAF13B   1672 2004                                                         .93  .91  .83  .80  .86  .86  .91  .90  .79 
  27 JAF14A   1576 1991                                          .88  .88  .92  .82  .82  .90  .93  .90  .88  .92  .92  .90 
  28 JAF14B   1599 1987                                          .91  .90  .93  .82  .79  .87  .94  .89  .87  .93  .91  .87 
  29 JAF15A   1339 1900  .93  .94  .90  .90  .95  .95  .90  .93  .92  .88  .89  .89  .91  .92  .93  .83  .83  .94  .63      
  30 JAF15B   1253 1900  .92  .94  .88  .88  .92  .93  .93  .92  .90  .90  .93  .90  .93  .92  .91  .88  .86  .76  .61      
  32 JAF16A2  1440 1970            .83  .84  .87  .89  .91  .90  .86  .84  .89  .84  .71  .79  .81  .73  .77  .88  .83  .77 
  33 JAF16B1  1430 1850            .80  .82  .83  .81  .78  .75  .78  .86  .92  .87  .88  .90  .86  .83  .85                
  36 JAF17B   1385 1570  .87  .87  .78  .63  .70                                                                            
  37 JAF18A   1603 1996                                               .86  .93  .93  .90  .91  .94  .89  .84  .77  .76  .74 
  38 JAF18B   1543 1976                                .85  .84  .88  .91  .93  .93  .94  .93  .94  .92  .83  .74  .74  .82 
  39 JAF19A   1711 2004                                                                   .85  .84  .85  .87  .88  .90  .89 
  40 JAF19B   1742 1850                                                                        .82  .76  .78                
  41 JAF20A   1494 1730                      .74  .80  .77  .78  .82  .77  .82  .81                                         
  42 JAF20B   1543 1996                                .80  .82  .81  .74  .77  .78  .76  .78  .76  .70  .77  .85  .85  .82 
  43 JAF21A   1490 1995                      .91  .88  .84  .91  .92  .89  .87  .84  .85  .83  .74  .69  .74  .87  .84  .80 
  44 JAF21B   1669 1994                                                         .78  .77  .78  .71  .66  .70  .85  .90  .90 
  45 JAF22    1472 1647                 .91  .92  .91  .85  .85                                                             
  46 JAF23    1450 1912                 .91  .90  .94  .93  .87  .88  .89  .92  .93  .90  .88  .91  .90  .78  .72  .62      
  47 JAF25    1328 1708  .80  .77  .69  .64  .70  .71  .62  .55  .54  .52  .76                                              
  48 JAF26    1557 1820                                     .72  .67  .56  .89  .84  .81  .87  .88                          
  49 JAF27    1416 1965       .76  .79  .72  .78  .85  .66  .72  .81  .72  .86  .87  .86  .85  .80  .76  .83  .86  .77  .74 
  50 JAF28    1182 1710  .64  .87  .86  .88  .90  .91  .84  .70  .64  .77  .84                                              
  51 JAF29    1336 1465  .80                                                                                                
  52 JAF30    1350 1737  .83  .87  .84  .91  .92  .86  .78  .83  .86  .88  .92  .85                                         
  54 JAF32    1342 1817  .76  .69  .65  .70  .78  .90  .91  .73  .74  .87  .94  .91  .82  .68  .70                          
  55 JAF33    1420 1799       .65  .74  .78  .86  .93  .85  .84  .87  .86  .89  .89  .87  .70  .55                          
  56 JAF35A   1666 1930                                                         .85  .85  .88  .88  .82  .74  .73  .77  .76 
  57 JAF35B   1648 1891                                                    .89  .93  .88  .88  .91  .85  .80  .73           
  58 JAF36A   1344 1710  .84  .90  .91  .90  .91  .92  .89  .86  .86  .85  .87                                              
  59 JAF36B   1368 1540  .80  .88  .83  .86                                                                                 
  60 JAF37    1289 1682  .87  .86  .81  .85  .90  .89  .85  .83  .86  .88                                                   
  61 JAF38    1297 1543  .88  .91  .93  .93                                                                                 
  62 JAF39    1262 1603  .87  .87  .88  .89  .90  .86  .84                                                                  
  63 JAF40A   1618 2005                                               .73  .85  .85  .81  .83  .66  .73  .89  .88  .87  .82 
  64 JAF40B   1458 2005                 .80  .89  .89  .81  .77  .77  .71  .84  .85  .82  .81  .69  .79  .88  .79  .82  .78 
  65 JAF41A   1700 2001                                                                   .70  .85  .79  .78  .83  .91  .85 
  66 JAF41B   1526 2005                                .78  .85  .92  .78  .45  .51  .66  .71  .82  .78  .77  .83  .90  .85 
  67 JAF42A   1605 2005                                               .87  .78  .78  .89  .88  .85  .81  .81  .83  .80  .73 
  68 JAF42B   1542 2005                                .71  .82  .85  .80  .85  .82  .78  .74  .63  .64  .64  .68  .73  .71 
  69 JAF43B   1678 2005                                                              .83  .75  .68  .60  .54  .67  .82  .81 
  70 JAF44A2  1800 2005                                                                                       .76  .80  .66 
  71 JAF44B   1557 2005                                     .70  .76  .77  .88  .88  .80  .76  .69  .66  .64  .74  .54  .40 
  72 JAF45A   1581 1870                                          .82  .77  .89  .86  .80  .78  .83  .82  .64                
  73 JAF45B   1721 2005                                                                   .78  .84  .84  .72  .77  .65  .44 
  74 JAF46A   1682 1960                                                              .94  .93  .83  .74  .75  .71  .68  .78 
  75 JAF46B   1694 2005                                                              .89  .86  .80  .80  .82  .79  .80  .88 
  76 JAF47A   1611 1790                                               .83  .92  .84  .79  .84                               
  77 JAF47B   1622 1790                                               .86  .91  .91  .86  .85                               
  78 JAF48    1261 1740  .94  .93  .91  .88  .89  .87  .84  .71  .67  .77  .92  .91                                         
  79 JAF49    1295 1510  .89  .91  .88                                                                                      
  81 JAF51A   1640 2011                                                    .89  .89  .90  .94  .94  .86  .87  .95  .90  .88 
  82 JAF51B   1566 2008                                     .83  .88  .88  .92  .82  .79  .88  .94  .90  .89  .94  .93  .90 
  83 JAF52A   1649 2011                                                         .88  .91  .89  .82  .83  .81  .80  .80  .77 
  84 JAF52B   1466 2011                 .86  .91  .87  .81  .88  .89  .86  .92  .92  .93  .92  .86  .84  .79  .81  .76  .63 
  86 JAF53B   1766 2011                                                                             .70  .67  .83  .84  .82 
  87 JAF54A   1795 2011                                                                                  .65  .70  .79  .79 
  88 JAF54B   1754 2011                                                                             .50  .53  .53  .64  .61 
  91 JAF56A   1868 2011                                                                                                 .65 
  92 JAF56B   1828 2011                                                                                            .70  .67 
  93 JAF57A   1854 2011                                                                                                 .60 
  94 JAF58A1  1761 1883                                                                             .81  .85  .78           
  96 JAF58B   1728 2011                                                                        .84  .82  .84  .78  .81  .88 
  97 JAF59A   1739 1996                                                                        .77  .75  .85  .78  .79  .86 
  98 JAF59B   1743 1981                                                                        .88  .86  .83  .87  .88  .87 
  99 JAF60A2  1829 1980                                                                                            .86  .88 
 100 JAF61A1  1380 1479  .66  .56                                                                                           
 101 JAF61A2  1500 2011                           .90  .88  .86  .88  .86  .72  .74  .83  .79  .82  .78  .77  .84  .90  .89 
 102 JAF61B1  1343 1683  .65  .67  .70  .57  .72  .88  .82  .69  .75  .87                                                   
 103 JAF61B3  1830 2011                                                                                            .52  .68 
 104 JAF62A   1510 1778                           .84  .75  .56  .67  .86  .79  .64  .45  .61                               
 105 JAF62B   1526 1980                                .73  .68  .80  .87  .81  .69  .63  .72  .77  .74  .77  .88  .92  .85 
 106 JAF63A   1485 2011                      .69  .79  .67  .65  .76  .66  .66  .73  .35B .32B .52  .53  .66  .81  .86  .79 
 107 JAF63B   1541 1925                                .78  .66  .70  .68  .74  .72  .39  .44  .66  .61  .68  .85  .82  .75 
 108 JAF65A   1846 2011                                                                                            .69  .71 
 109 JAF65C   1847 1967                                                                                            .71  .70 
 110 JAF66B   1844 2011                                                                                            .55  .51 
 111 JAF67A   1800 2011                                                                                       .74  .84  .82 
 112 JAF67B   1800 2011                                                                                       .61  .76  .82 
 113 JAF68B   1842 2011                                                                                            .70  .62 
 114 JAF69A   1754 2011                                                                             .36  .45  .57  .70  .71 
 115 JAF69B   1766 2011                                                                             .31A .38  .44  .59  .73 
 116 JAF70A   1817 2011                                                                                       .55  .70  .74 
 Av segment correlation  .82  .83  .82  .81  .83  .86  .81  .78  .80  .80  .84  .83  .81  .81  .80  .76  .76  .78  .79  .77 

 CORRELATION OF SERIES BY SEGMENTS: mar035
-----------------------------------------------------------------------------------------------------------------------------------
 Correlations of  50-year dated segments, lagged  25 years
 Flags:  A = correlation under   .3281 but highest as dated;  B = correlation higher at other than dated position

 Seq Series  Time_span  1900 1925 1950 
                        1949 1974 1999 
 --- -------- ---------  ---- ---- ---- 
   1 JAF02A   1645 2004  .78  .76  .77 
   2 JAF02B   1737 2004  .82  .83  .88 
   5 JAF04A   1475 2004  .82  .55  .49 
   7 JAF04B2  1830 2004  .90  .87  .63 
   8 JAF05A   1599 2004  .82  .87  .89 
   9 JAF05B   1654 2004  .85  .81  .66 
  10 JAF06A   1822 1996  .80  .79      
  11 JAF06B   1625 1995  .62  .72      
  12 JAF07A   1173 1950  .53           
  13 JAF07B   1639 1967  .72           
  14 JAF08A   1750 2004  .79  .85  .68 
  15 JAF08B   1799 2004  .74  .86  .86 
  16 JAF09A   1657 1994  .84  .91      
  18 JAF09B2  1793 1994  .83  .82      
  22 JAF11B   1721 2004  .76  .80  .83 
  23 JAF12A   1691 2004  .73  .75  .77 
  25 JAF13A   1457 2001  .80  .81  .78 
  26 JAF13B   1672 2004  .76  .76  .82 
  27 JAF14A   1576 1991  .88  .88      
  28 JAF14B   1599 1987  .89  .91      
  32 JAF16A2  1440 1970  .80           
  37 JAF18A   1603 1996  .77  .83      
  38 JAF18B   1543 1976  .83  .77      
  39 JAF19A   1711 2004  .82  .79  .84 
  42 JAF20B   1543 1996  .75  .78      
  43 JAF21A   1490 1995  .81  .83      
  44 JAF21B   1669 1994  .92  .91      
  49 JAF27    1416 1965  .80           
  63 JAF40A   1618 2005  .87  .85  .75 
  64 JAF40B   1458 2005  .86  .81  .60 
  65 JAF41A   1700 2001  .80  .66  .57 
  66 JAF41B   1526 2005  .81  .72  .54 
  67 JAF42A   1605 2005  .79  .70  .62 
  68 JAF42B   1542 2005  .83  .81  .72 
  69 JAF43B   1678 2005  .83  .70  .56 
  70 JAF44A2  1800 2005  .63  .69  .55 
  71 JAF44B   1557 2005  .67  .68  .53 
  73 JAF45B   1721 2005  .61  .72  .74 
  74 JAF46A   1682 1960  .55           
  75 JAF46B   1694 2005  .65  .51  .62 
  81 JAF51A   1640 2011  .90  .91  .90 
  82 JAF51B   1566 2008  .90  .93  .85 
  83 JAF52A   1649 2011  .81  .74  .63 
  84 JAF52B   1466 2011  .73  .77  .79 
  85 JAF53A   1894 2011  .67  .81  .76 
  86 JAF53B   1766 2011  .78  .75  .75 
  87 JAF54A   1795 2011  .77  .83  .91 
  88 JAF54B   1754 2011  .70  .81  .88 
  90 JAF55B   1942 2011            .62 
  91 JAF56A   1868 2011  .68  .77  .83 
  92 JAF56B   1828 2011  .72  .79  .86 
  93 JAF57A   1854 2011  .56  .62  .73 
  95 JAF58A2  1904 2011       .88  .88 
  96 JAF58B   1728 2011  .91  .91  .87 
  97 JAF59A   1739 1996  .91  .88      
  98 JAF59B   1743 1981  .91  .78      
  99 JAF60A2  1829 1980  .87  .72      
 101 JAF61A2  1500 2011  .89  .88  .76 
 103 JAF61B3  1830 2011  .88  .85  .75 
 105 JAF62B   1526 1980  .84  .91      
 106 JAF63A   1485 2011  .74  .76  .84 
 108 JAF65A   1846 2011  .66  .66  .63 
 109 JAF65C   1847 1967  .55           
 110 JAF66B   1844 2011  .53  .64  .77 
 111 JAF67A   1800 2011  .69  .70  .75 
 112 JAF67B   1800 2011  .65  .65  .76 
 113 JAF68B   1842 2011  .81  .83  .84 
 114 JAF69A   1754 2011  .77  .82  .88 
 115 JAF69B   1766 2011  .77  .77  .86 
 116 JAF70A   1817 2011  .79  .78  .80 
 Av segment correlation  .77  .79  .75 

 FLAGGED SEGMENTS: mar035
-----------------------------------------------------------------------------------------------------------------------------------
 Seq Series   Segment    Flag  r dated  Best lag  r at lag   Gain  Note
 --- -------- ---------  ----  -------  --------  --------  -----  -----------------
 106 JAF63A   1700 1749     B     .351        -6      .359   .008
 106 JAF63A   1725 1774     B     .324        -6      .422   .098
 115 JAF69B   1775 1824     A     .315         0

 DESCRIPTIVE STATISTICS: mar035
-----------------------------------------------------------------------------------------------------------------------------------

                                                Corr   //-------- Unfiltered --------\\  //-- dplR filtered --\\
                           No.    No.    No.    with   Mean   Max     Std   Auto   Mean   Max     Std   Auto  AR
 Seq Series   Interval   Years  Segmt  Flags   Master  msmt   msmt    dev   corr   sens  value    dev   corr  ()
 --- -------- ---------  -----  -----  -----   ------ -----  -----  -----  -----  -----  -----  -----  -----  --
   1 JAF02A   1645 2004    360     13      0    .750    .91   3.67   .587   .881   .340   2.60   .325   .040   1
   2 JAF02B   1737 2004    268      9      0    .814    .98   2.31   .411   .683   .312   1.73   .286   .048   1
   3 JAF03A   1451 1730    280      9      0    .687    .62   3.58   .534   .715   .471   2.61   .427   .003   1
   4 JAF03B   1453 1730    278      9      0    .652    .79   3.42   .607   .726   .478   3.22   .463   .017   1
   5 JAF04A   1475 2004    530     19      0    .776    .73   3.55   .495   .706   .490   2.41   .420  -.001   1
   6 JAF04B1  1493 1816    324     11      0    .797    .77   1.98   .384   .525   .444   1.94   .366   .007   1
   7 JAF04B2  1830 2004    175      5      0    .782    .61   2.65   .443   .718   .553   3.61   .489   .016   3
   8 JAF05A   1599 2004    406     15      0    .844    .98   3.50   .618   .643   .514   2.78   .453  -.002   1
   9 JAF05B   1654 2004    351     12      0    .747   1.18   4.06   .793   .740   .496   4.57   .469   .014   2
  10 JAF06A   1822 1996    175      5      0    .706    .60   1.42   .276   .635   .381   1.77   .325  -.018   1
  11 JAF06B   1625 1995    371     13      0    .724    .48   1.55   .281   .641   .485   2.41   .404   .065   0
  12 JAF07A   1173 1950    778     30      0    .785    .49   1.92   .303   .552   .570   2.49   .454   .050   0
  13 JAF07B   1639 1967    329     11      0    .781    .90   2.34   .423   .626   .393   1.95   .331  -.010   1
  14 JAF08A   1750 2004    255      8      0    .711    .75   2.11   .403   .722   .390   2.27   .331   .005   2
  15 JAF08B   1799 2004    206      7      0    .757    .70   1.79   .378   .794   .359   2.34   .324   .060   0
  16 JAF09A   1657 1994    338     11      0    .824   1.14   2.98   .670   .695   .432   2.03   .373  -.011   1
  17 JAF09B1  1600 1785    186      5      0    .864    .97   3.51   .629   .758   .469   2.93   .439  -.004   1
  18 JAF09B2  1793 1994    202      6      0    .756    .82   2.81   .492   .724   .440   2.19   .391   .020   2
  19 JAF10A    889 1330    442     14      0    .764    .65   2.72   .501   .670   .641   2.62   .516  -.008   1
  20 JAF10B   1092 1390    299     10      0    .861    .61   1.82   .374   .347   .643   2.45   .485   .005   1
  21 JAF11A   1181 1752    572     21      0    .764    .48   2.52   .316   .561   .575   2.39   .468  -.002   1
  22 JAF11B   1721 2004    284     10      0    .783    .79   3.01   .555   .767   .493   3.12   .439   .011   1
  23 JAF12A   1691 2004    314     11      0    .831   1.11   3.20   .695   .710   .471   2.30   .409   .000   1
  24 JAF12B   1667 1930    264      9      0    .845    .60   2.55   .396   .722   .490   2.27   .398   .013   1
  25 JAF13A   1457 2001    545     20      0    .832    .72   2.12   .395   .734   .388   2.16   .355   .007   1
  26 JAF13B   1672 2004    333     12      0    .849   1.11   3.92   .542   .723   .300   2.18   .283  -.011   1
  27 JAF14A   1576 1991    416     14      0    .874    .96   3.03   .526   .609   .459   2.12   .392  -.007   1
  28 JAF14B   1599 1987    389     14      0    .875    .88   3.04   .509   .603   .466   2.13   .406  -.008   1
  29 JAF15A   1339 1900    562     21      0    .884    .60   1.48   .329   .395   .613   2.28   .468   .000   1
  30 JAF15B   1253 1900    648     24      0    .878    .50   1.96   .310   .474   .654   2.36   .496  -.004   1
  31 JAF16A1  1123 1298    176      5      0    .847    .40    .86   .188   .200   .580   2.17   .426  -.091   0
  32 JAF16A2  1440 1970    531     19      0    .817    .35   1.24   .218   .639   .531   3.02   .428  -.001   1
  33 JAF16B1  1430 1850    421     15      0    .814    .36   1.90   .207   .558   .448   2.76   .391  -.003   1
  34 JAF16B2   942 1200    259      9      0    .699    .53   1.49   .307   .542   .542   2.13   .431  -.007   1
  35 JAF17A   1062 1330    269      9      0    .685    .48   1.54   .279   .292   .629   2.77   .499  -.037   0
  36 JAF17B   1385 1570    186      5      0    .771    .48   1.42   .311   .372   .707   2.31   .522  -.005   3
  37 JAF18A   1603 1996    394     13      0    .832    .50   2.27   .356   .738   .533   2.55   .453  -.001   1
  38 JAF18B   1543 1976    434     16      0    .860    .62   2.18   .347   .592   .493   2.30   .422  -.002   1
  39 JAF19A   1711 2004    294     10      0    .849   1.38   4.93   .835   .637   .503   2.26   .410   .007   1
  40 JAF19B   1742 1850    109      3      0    .808   1.87   4.94   .957   .588   .419   1.81   .341   .080   0
  41 JAF20A   1494 1730    237      8      0    .765    .86   2.37   .377   .669   .292   1.93   .273   .002   1
  42 JAF20B   1543 1996    454     16      0    .768    .56   1.73   .309   .742   .342   1.94   .315   .001   2
  43 JAF21A   1490 1995    506     18      0    .787    .55   2.71   .340   .691   .445   2.09   .389   .000   1
  44 JAF21B   1669 1994    326     11      0    .756    .44   2.14   .318   .787   .464   2.24   .395  -.016   1
  45 JAF22    1472 1647    176      5      0    .894   1.08   4.54   .697   .540   .554   2.43   .482   .014   1
  46 JAF23    1450 1912    463     16      0    .832    .99   3.66   .622   .668   .492   2.14   .417  -.006   1
  47 JAF25    1328 1708    381     13      0    .670    .74   3.37   .532   .789   .415   2.16   .351  -.008   1
  48 JAF26    1557 1820    264      8      0    .754   1.33   5.17   .984   .805   .421   1.90   .374   .011   3
  49 JAF27    1416 1965    550     20      0    .768    .45   1.36   .246   .528   .501   2.46   .399   .038   0
  50 JAF28    1182 1710    529     19      0    .761    .47   1.08   .221   .383   .502   2.13   .396  -.004   0
  51 JAF29    1336 1465    130      3      0    .789   1.33   4.00   .905   .614   .523   2.35   .426  -.022   0
  52 JAF30    1350 1737    388     13      0    .791    .77   2.32   .450   .455   .537   2.18   .443  -.001   1
  53 JAF31    1311 1440    130      3      0    .758   1.73   4.33   .971   .751   .393   2.06   .352   .089   0
  54 JAF32    1342 1817    476     17      0    .760    .75   2.79   .446   .448   .588   2.50   .476   .001   1
  55 JAF33    1420 1799    380     14      0    .787    .72   2.09   .345   .486   .430   2.12   .366  -.002   1
  56 JAF35A   1666 1930    265      9      0    .797    .78   2.24   .466   .642   .453   2.73   .404  -.023   1
  57 JAF35B   1648 1891    244      8      0    .835    .87   2.88   .583   .709   .485   2.17   .401   .009   1
  58 JAF36A   1344 1710    367     13      0    .861    .64   2.72   .422   .582   .550   2.27   .444  -.005   1
  59 JAF36B   1368 1540    173      5      0    .829    .65   2.31   .442   .525   .640   2.23   .480   .008   1
  60 JAF37    1289 1682    394     14      0    .813   1.17   3.41   .678   .541   .515   2.39   .413   .054   0
  61 JAF38    1297 1543    247      8      0    .868   1.22   3.24   .650   .492   .497   2.05   .415   .001   1
  62 JAF39    1262 1603    342     12      0    .798   1.48   5.39  1.121   .836   .466   2.24   .391   .070   0
  63 JAF40A   1618 2005    388     14      0    .787    .48   1.28   .265   .685   .454   2.40   .378  -.001   2
  64 JAF40B   1458 2005    548     20      0    .770    .50   1.78   .309   .681   .474   2.14   .405   .002   2
  65 JAF41A   1700 2001    302     10      0    .720    .81   2.03   .373   .655   .354   2.13   .321  -.015   1
  66 JAF41B   1526 2005    480     17      0    .735    .55   3.97   .430   .782   .426   2.19   .386  -.005   1
  67 JAF42A   1605 2005    401     14      0    .798    .79   2.80   .472   .594   .462   2.27   .398   .010   1
  68 JAF42B   1542 2005    464     17      0    .758    .39   2.23   .273   .713   .471   2.40   .422  -.005   3
  69 JAF43B   1678 2005    328     11      0    .705   1.16   3.55   .581   .796   .279   2.22   .279  -.018   1
  70 JAF44A2  1800 2005    206      6      0    .500   1.21   5.76   .849   .794   .340   3.44   .366   .060   3
  71 JAF44B   1557 2005    449     16      0    .667    .87   4.01   .482   .719   .346   2.54   .326   .004   1
  72 JAF45A   1581 1870    290      9      0    .796    .52   1.40   .268   .660   .398   2.40   .362   .007   1
  73 JAF45B   1721 2005    285     10      0    .725    .77   2.03   .399   .712   .393   2.39   .360  -.021   3
  74 JAF46A   1682 1960    279      9      0    .738    .80   1.78   .360   .677   .341   1.89   .298   .011   1
  75 JAF46B   1694 2005    312     11      0    .772    .76   3.38   .456   .784   .352   1.84   .320  -.002   1
  76 JAF47A   1611 1790    180      5      0    .759    .70   1.82   .403   .540   .503   2.04   .429  -.005   2
  77 JAF47B   1622 1790    169      5      0    .875   1.07   2.99   .672   .541   .534   2.43   .458  -.008   2
  78 JAF48    1261 1740    480     17      0    .833    .91   3.71   .627   .711   .510   2.32   .429   .003   1
  79 JAF49    1295 1510    216      7      0    .785    .81   3.16   .703   .797   .547   2.16   .450   .080   0
  80 JAF50    1250 1400    151      5      0    .746   1.73   5.33  1.357   .892   .396   2.14   .340  -.082   0
  81 JAF51A   1640 2011    372     13      0    .892   1.02   3.27   .537   .589   .419   1.89   .360   .002   1
  82 JAF51B   1566 2008    443     16      0    .854    .89   3.14   .540   .661   .458   2.25   .394  -.010   1
  83 JAF52A   1649 2011    363     12      0    .781   1.04   3.03   .483   .703   .300   2.79   .299   .001   2
  84 JAF52B   1466 2011    546     20      0    .845    .71   2.61   .376   .724   .386   1.98   .341   .000   1
  85 JAF53A   1894 2011    118      3      0    .697    .74   2.49   .548   .826   .484   2.03   .441   .024   2
  86 JAF53B   1766 2011    246      8      0    .743    .72   2.06   .426   .699   .451   2.94   .404   .043   0
  87 JAF54A   1795 2011    217      7      0    .780    .87   2.53   .435   .746   .362   1.97   .313   .019   2
  88 JAF54B   1754 2011    258      8      0    .699    .61   1.80   .308   .717   .372   1.92   .323   .006   2
  89 JAF55A   1957 2011     55      0      0    .634   2.38   7.21  1.893   .826   .401   1.67   .436   .006   1
  90 JAF55B   1942 2011     70      1      0    .543   3.04   8.57  2.141   .834   .364   1.59   .332   .091   1
  91 JAF56A   1868 2011    144      4      0    .761   1.89   5.22   .987   .702   .341   1.82   .330   .000   1
  92 JAF56B   1828 2011    184      5      0    .751   1.76   5.19   .979   .750   .356   1.78   .335   .001   2
  93 JAF57A   1854 2011    158      4      0    .666   2.57   6.44  1.323   .774   .329   1.83   .301  -.001   3
  94 JAF58A1  1761 1883    123      3      0    .776   1.31   4.29   .783   .776   .399   2.05   .375   .020   1
  95 JAF58A2  1904 2011    108      2      0    .854   1.23   3.72   .700   .671   .440   1.88   .403  -.004   2
  96 JAF58B   1728 2011    284      9      0    .822   1.20   2.94   .563   .542   .419   2.05   .379  -.001   1
  97 JAF59A   1739 1996    258      8      0    .813    .59   2.02   .354   .792   .343   1.88   .329  -.014   2
  98 JAF59B   1743 1981    239      8      0    .823    .87   3.25   .456   .688   .287   2.13   .286  -.002   1
  99 JAF60A2  1829 1980    152      4      0    .758    .40   1.05   .228   .634   .426   2.09   .377  -.013   1
 100 JAF61A1  1380 1479    100      2      0    .641    .43   1.48   .243   .718   .341   1.89   .325  -.027   3
 101 JAF61A2  1500 2011    512     18      0    .799    .56   2.42   .328   .627   .399   2.81   .373   .003   2
 102 JAF61B1  1343 1683    341     12      0    .694    .35   1.00   .167   .536   .376   2.24   .341  -.002   1
 103 JAF61B3  1830 2011    182      5      0    .711    .32   1.02   .179   .567   .416   2.48   .407   .004   1
 104 JAF62A   1510 1778    269      9      0    .676    .39   1.19   .220   .549   .524   2.69   .433   .002   2
 105 JAF62B   1526 1980    455     16      0    .778    .42   1.25   .249   .586   .501   2.70   .417  -.005   1
 106 JAF63A   1485 2011    527     19      2    .661    .57   1.83   .295   .762   .327   2.16   .304   .010   2
 107 JAF63B   1541 1925    385     14      0    .672    .53   1.80   .345   .779   .391   2.38   .350   .006   2
 108 JAF65A   1846 2011    166      5      0    .640   1.41   4.13   .967   .792   .414   2.13   .418   .010   2
 109 JAF65C   1847 1967    121      3      0    .594   1.09   3.40   .530   .653   .358   1.73   .339  -.015   3
 110 JAF66B   1844 2011    168      5      0    .621    .99   4.98   .688   .705   .381   2.26   .378  -.029   1
 111 JAF67A   1800 2011    212      6      0    .730    .86   1.95   .362   .672   .315   1.63   .278  -.020   3
 112 JAF67B   1800 2011    212      6      0    .703    .87   1.57   .315   .548   .325   1.70   .286  -.018   3
 113 JAF68B   1842 2011    170      5      0    .762   1.21   3.32   .631   .743   .365   2.20   .365  -.006   1
 114 JAF69A   1754 2011    258      8      0    .629   1.27   2.92   .523   .687   .259   1.56   .247  -.000   1
 115 JAF69B   1766 2011    246      8      1    .595   1.09   2.64   .495   .748   .267   1.73   .257   .004   3
 116 JAF70A   1817 2011    195      6      0    .721   1.32   2.54   .507   .639   .313   1.79   .291  -.021   3
 --- -------- ---------  -----  -----  -----   ------ -----  -----  -----  -----  -----  -----  -----  -----  --
 Total or mean:          36160   1220      3    .776    .78   8.57   .463   .647   .453   4.57   .390   .004

 DATA CHECKS (rwl.check): mar035
-----------------------------------------------------------------------------------------------------------------------------------
 rwl.check: data_files/treering/measurements/africa/mar035.rwl
 116 series, 36160 measurements, 889-2011, 0.01 mm precision
 0 error(s), 0 warning(s), 45 note(s)
 -------------
 Nothing to report at this severity.
 45 note(s) not shown; see rwl.check() or the 'check' element of this report.

 NOTES
-----------------------------------------------------------------------------------------------------------------------------------
 Report generated using dplR 1.8.1 (R 4.5.2) on 2026-10-01 16:57 PDT.
 Measurement file mar035.rwl, MD5 ddbb424d8f802680958aa220fdd2a307.
 Filtering: each series divided by a 32-year smoothing spline (caps()), then prewhitened with
   an AR model (order by AIC, at most 3).
 Master: biweight robust mean of the other series (leave-one-out).
 Correlation: Pearson, one-tailed, pcrit = 0.01; critical r = 0.3281 for 50-year segments.
 Segments: 50 years, lagged 25, first segment floored to 100. Lags searched: +/- 10 years.
 A segment is tested only where the series and the master cover all of it, at the dated
   position and at every lag. COFECHA also tests partial segments at the ends of a series, so
   series here may show fewer segments, and no flags can be raised at the ends of the record.
 Lags follow COFECHA: negative means rings are probably missing from the series, positive means
   false rings. A missing ring carries its lag into every segment before it, so look where the
   lag changes along a series. A B flag is a hypothesis to check on the wood; the gain says how
   seriously to take it.
 A B flag marked "weak at every lag" correlates under the critical value even at its best lag:
   the segment is weak wherever it is placed, and the shift is not evidence of a dating error.
   Treat it as a low correlation, like an A.
 Averages in the summary and the totals are weighted by the number of years in each series, as
   COFECHA's are.
 Unfiltered block and mean sensitivity: the measurements as read, and sens1().
 dplR filtered block: the series that was correlated, after filtering. COFECHA's filtered
   series is defined differently, so these three columns are not COFECHA's numbers.
 AR: order of the AR model used to prewhiten.
