
 COFECHA-style crossdating report: mar041
 Report generated using dplR 1.8.1 (R 4.5.2) on 2026-10-01 16:56 PDT
 Built with dplR's xdate.report(), not COFECHA; see the notes at the end.


      Measurement file name  : mar041.rwl
      MD5 of measurement file: ad45e577044bdd4f1fcc13c2047ef97f
      Date checked           : 01OCT26
      Beginning year         : 1305
      Ending year            : 2011
      Principal investigators: Touchan, R.
      Site name              : Senoual
      Species information    : CDAT Cedrus atlantica (Endl.) Manetti ex Carrière
      Latitude               : 33.0000 N
      Longitude              : 5.2400 W
      Elevation              : 2060 m

      Series intercorrelation: 0.675
      Avg mean sensitivity   : 0.300
      Avg standard deviation : 0.436
      Avg autocorrelation    : 0.828
      Number dated series    : 108
      Segment length tested  : 50

      Number problem segments: 14  (A 3, B 11)
      Pct problem segments   : 1.21


 CORRELATION OF SERIES BY SEGMENTS: mar041
-----------------------------------------------------------------------------------------------------------------------------------
 Correlations of  50-year dated segments, lagged  25 years
 Flags:  A = correlation under   .3281 but highest as dated;  B = correlation higher at other than dated position

 Seq Series  Time_span  1400 1425 1450 1475 1500 1525 1550 1575 1600 1625 1650 1675 1700 1725 1750 1775 1800 1825 1850 1875 
                        1449 1474 1499 1524 1549 1574 1599 1624 1649 1674 1699 1724 1749 1774 1799 1824 1849 1874 1899 1924 
 --- -------- ---------  ---- ---- ---- ---- ---- ---- ---- ---- ---- ---- ---- ---- ---- ---- ---- ---- ---- ---- ---- ---- 
   1 SEN01A   1384 2003  .77  .79  .75  .69  .69  .72  .80  .77  .71  .70  .79  .82  .87  .83  .66  .71  .73  .72  .82  .84 
   2 SEN01B   1395 2003  .77  .75  .69  .57  .70  .76  .72  .60  .65  .86  .83  .83  .87  .78  .81  .77  .63  .71  .80  .77 
   3 SEN03A1  1515 1769                           .49  .73  .79  .73  .62  .53  .49  .42                                    
   4 SEN03A2  1789 2003                                                                                  .73  .39  .59  .63 
   5 SEN03B   1459 2003                 .79  .50B .45  .71  .78  .62  .59  .68  .66  .59  .49  .80  .85  .74  .59  .52  .39 
   6 SEN04B   1755 1991                                                                             .58  .62  .46  .59  .61 
   7 SEN05A1  1305 1521  .51  .35B .46                                                                                      
   8 SEN05B2  1739 2003                                                                        .72  .79  .61  .47  .72  .63 
   9 SEN06A   1820 1987                                                                                       .55  .63  .58 
  10 SEN06B   1790 2003                                                                                  .35  .30A .55  .67 
  11 SEN07A   1670 1995                                                         .82  .65  .59  .66  .71  .33B .31B .68  .73 
  12 SEN07B   1714 2003                                                                   .54  .29A .42  .56  .66  .81  .73 
  13 SEN08A1  1410 1684       .76  .72  .81  .80  .75  .68  .72  .79  .78                                                   
  14 SEN08A2  1688 1787                                                              .86  .86                               
  15 SEN08B   1445 1790            .79  .75  .77  .84  .78  .75  .77  .79  .80  .76  .84  .86                               
  16 SEN09A   1470 2002                 .50  .64  .47  .33A .47  .71  .54  .56  .67  .81  .80  .57  .63  .67  .50  .55  .58 
  17 SEN09B   1510 2003                           .74  .61  .53  .61  .69  .77  .71  .76  .79  .72  .73  .64  .61  .67  .70 
  18 SEN10A   1393 1949  .77  .71  .75  .70  .84  .90  .80  .74  .74  .76  .85  .87  .85  .82  .75  .69  .64  .71  .79  .76 
  19 SEN10B   1436 1788            .74  .67  .76  .79  .72  .70  .67  .57  .77  .81  .86  .89                               
  20 SEN11A   1609 2003                                               .74  .80  .74  .77  .85  .64  .68  .75  .69  .81  .76 
  21 SEN11B   1581 2003                                          .61  .67  .82  .81  .84  .82  .65  .73  .77  .75  .86  .82 
  22 SEN12A2  1630 1789                                                    .81  .78  .81  .78                               
  23 SEN12B1  1410 1510       .59  .73                                                                                      
  24 SEN12B2  1615 1979                                               .58  .59  .60  .82  .84  .61  .60  .59  .72  .79  .76 
  25 SEN13A   1424 1632       .72  .68  .84  .87  .85  .80  .73                                                             
  26 SEN13B   1423 2003       .62  .50  .50  .82  .88  .87  .81  .65  .70  .83  .69  .73  .80  .54  .66  .82  .80  .86  .84 
  27 SEN13C1  1396 1591  .84  .76  .76  .81  .81  .79                                                                       
  28 SEN13C2  1596 2003                                          .69  .76  .75  .73  .80  .76  .73  .79  .78  .66  .81  .77 
  29 SEN14A   1709 2003                                                                   .80  .62  .63  .78  .80  .79  .77 
  30 SEN14B   1754 2003                                                                             .83  .78  .81  .82  .84 
  31 SEN15A   1687 2003                                                              .79  .80  .86  .87  .79  .68  .75  .63 
  32 SEN15B   1726 2003                                                                        .78  .83  .78  .64  .75  .78 
  33 SEN16A   1405 1956       .64  .55  .68  .77  .84  .84  .62  .51  .74  .88  .82  .85  .86  .70  .75  .74  .74  .80  .66 
  34 SEN16B   1630 2003                                                    .63  .69  .82  .76  .77  .83  .65  .62  .86  .76 
  35 SEN17A   1563 2003                                     .73  .75  .80  .83  .81  .87  .77  .66  .74  .70  .74  .86  .78 
  36 SEN17B   1453 2003                 .62  .75  .69  .57  .65  .75  .82  .85  .80  .81  .78  .66  .73  .70  .69  .85  .80 
  37 SEN18A   1530 1858                                .65  .72  .65  .75  .71  .62  .75  .78  .72  .76  .59                
  38 SEN19A1  1624 1782                                                    .78  .82  .84  .80                               
  39 SEN19B1  1630 1792                                                    .82  .79  .70  .64                               
  40 SEN20A   1487 2003                      .76  .78  .67  .61  .54  .47  .59  .62  .71  .81  .77  .74  .59  .46B .57  .57 
  41 SEN20B   1697 2003                                                              .59  .70  .76  .79  .62  .49  .57  .57 
  42 SEN20C   1696 2003                                                              .74  .70  .70  .71  .58  .59  .77  .67 
  43 SEN21A   1458 2003                 .72  .79  .70  .73  .66  .62  .76  .76  .69  .74  .80  .78  .70  .51  .59  .74  .74 
  44 SEN21B   1346 2003  .77  .79  .60  .71  .80  .81  .83  .74  .69  .76  .87  .88  .86  .85  .77  .70  .50  .49  .63  .55 
  45 SEN22A   1532 2003                                .60  .63  .63  .65  .85  .79  .72  .75  .72  .79  .71  .61  .71  .70 
  46 SEN22B   1468 2003                 .59  .53  .53  .63  .60  .61  .73  .66  .57  .73  .76  .50  .62  .73  .57  .64  .57 
  47 SEN23A   1749 2003                                                                             .75  .59  .72  .75  .73 
  48 SEN24A1  1397 1520  .75  .68  .57                                                                                      
  49 SEN24B1  1373 1505  .69  .55  .53                                                                                      
  50 SEN24C   1319 1520  .79  .72  .63                                                                                      
  51 SEN25A   1411 2003       .70  .64  .64  .77  .79  .74  .73  .78  .71  .65  .62  .72  .74  .72  .71  .51  .47  .73  .73 
  52 SEN25B   1319 1519  .69  .62  .68                                                                                      
  53 SEN26A   1671 2011                                                         .59  .68  .68  .79  .78  .72  .71  .76  .71 
  54 SEN26B   1312 1920  .70  .78  .65  .55  .63  .72  .65  .60  .67  .73  .86  .84  .75  .76  .73  .79  .69  .54  .79      
  55 SEN27B1  1473 1799                      .76  .74  .71  .75  .77  .64  .69  .67  .62  .72  .76                          
  56 SEN27B2  1806 2011                                                                                       .67  .74  .79 
  57 SEN28A1  1441 1790            .71  .72  .80  .79  .74  .70  .65  .68  .70  .76  .84  .84                               
  58 SEN28A2  1820 2011                                                                                       .73  .72  .74 
  59 SEN28b2  1561 2011                                     .44  .55  .72  .71  .74  .86  .87  .80  .76  .76  .70  .72  .66 
  60 SEN29A   1329 1491  .63  .66                                                                                           
  61 SEN29B   1341 1451  .73                                                                                                
  62 SEN30A   1525 2011                                .62  .55  .65  .69  .82  .86  .71  .68  .67  .71  .64  .65  .77  .69 
  63 SEN30B1  1518 1746                           .55  .62  .62  .70  .78  .80  .76                                         
  65 SEN31A1  1498 1745                      .36  .57  .64  .52  .55  .78  .82  .67                                         
  66 SEN31A2  1812 2011                                                                                       .72  .78  .74 
  67 SEN31B1  1587 1745                                          .73  .79  .67  .60                                         
  68 SEN31B2  1824 2011                                                                                            .80  .81 
  69 SEN32A   1630 2011                                                    .76  .77  .80  .80  .75  .73  .55  .53  .78  .75 
  70 SEN32B   1829 2011                                                                                            .79  .75 
  71 SEN33A   1788 2011                                                                                  .48  .66  .70  .60 
  72 SEN33B   1348 1483  .54  .59                                                                                           
  73 SEN34A   1710 2011                                                                   .48  .71  .81  .82  .71  .70  .64 
  74 SEN34B1  1534 1746                                .59  .45  .61  .71  .56  .52                                         
  75 SEN34B2  1846 2011                                                                                            .50  .53 
  76 SEN35A   1795 2011                                                                                  .58  .60  .73  .71 
  77 SEN35B   1839 2011                                                                                            .52  .56 
  78 SEN36A   1333 1455  .57                                                                                                
  79 SEN36B   1328 1455  .74                                                                                                
  80 SEN38A   1366 1903  .64  .77  .76  .61  .60  .61  .61  .60  .66  .78  .60B .43B .71  .76  .67  .73  .69  .64  .82      
  81 SEN38b   1557 2011                                     .74  .75  .79  .57  .46B .67  .69  .77  .80  .65  .63  .77  .70 
  82 SEN39B   1317 2011  .70  .62  .66  .74  .59  .61  .71  .65  .71  .75  .84  .82  .85  .84  .70  .64  .54  .61  .84  .81 
  83 SEN40A1  1565 1708                                     .69  .68  .72  .67                                              
  85 SEN40B   1782 2011                                                                                  .71  .65  .75  .79 
  86 SEN41A   1580 2011                                          .68  .68  .76  .76  .71  .68  .52  .57  .37B .25B .80  .82 
  87 SEN41B1  1518 1746                           .57  .62  .66  .65  .57  .72  .73                                         
  88 SEN41B2  1836 2011                                                                                            .72  .75 
  89 SEN42A   1373 1900  .80  .69  .63  .51  .70  .86  .81  .65  .68  .56  .69  .82  .80  .76  .65  .71  .85  .81  .81      
  90 SEN42B   1402 2011       .63  .69  .48  .66  .79  .75  .70  .74  .47  .58  .82  .80  .79  .83  .82  .76  .76  .79  .71 
  91 SEN43A   1449 1927                 .79  .86  .82  .69  .73  .81  .69  .67  .79  .86  .85  .87  .86  .80  .70  .76  .82 
  92 SEN43B   1464 1993                 .71  .81  .84  .72  .73  .80  .55  .57  .83  .87  .85  .88  .86  .85  .83  .80  .80 
  93 SEN44A   1600 1946                                               .74  .78  .83  .77  .73  .49  .64  .86  .81  .86  .80 
  94 SEN44B   1600 1966                                               .64  .70  .77  .77  .77  .62  .69  .79  .82  .81  .72 
  95 SEN45A1  1480 1817                      .79  .84  .75  .76  .82  .69  .68  .71  .89  .86  .64                          
  96 SEN45A2  1824 1889                                                                                       .74           
  97 SEN45B   1387 2011  .67  .60  .72  .81  .83  .82  .70  .57  .61  .79  .81  .86  .93  .89  .83  .79  .74  .82  .82  .77 
  98 SEN46A   1490 1925                      .80  .84  .64  .62  .55  .61  .85  .81  .84  .77  .80  .80  .72  .72  .74  .69 
  99 SEN46B1  1491 1705                      .73  .76  .67  .60  .61  .72  .78                                              
 100 SEN46B2  1767 1926                                                                             .72  .62  .68  .70  .69 
 101 SEN47A   1610 2011                                               .64  .66  .62  .61  .63  .58  .71  .79  .70  .74  .71 
 102 SEN47B1  1770 2011                                                                             .72  .84  .77  .80  .81 
 103 SEN47B2  1620 1726                                               .62  .80  .77                                         
 104 SEN50    1370 1925  .36  .71  .62  .51  .57  .53  .60  .77  .81  .79  .61  .57  .67  .68  .55  .68  .72  .50  .70  .74 
 105 SEN51    1364 1775  .62  .62  .70  .51  .52  .63  .75  .65  .68  .75  .81  .84  .68  .67                               
 106 SEN52    1331 1481  .48  .68                                                                                           
 107 SEN53    1333 1500  .78  .62  .63                                                                                      
 108 SEN55    1374 2006  .66  .69  .68  .64  .73  .66  .57  .64  .70  .61  .65  .67  .58  .53  .65  .82  .78  .61  .63  .64 
 Av segment correlation  .68  .67  .66  .66  .72  .72  .69  .66  .68  .70  .73  .73  .77  .76  .70  .73  .67  .64  .74  .71 

 CORRELATION OF SERIES BY SEGMENTS: mar041
-----------------------------------------------------------------------------------------------------------------------------------
 Correlations of  50-year dated segments, lagged  25 years
 Flags:  A = correlation under   .3281 but highest as dated;  B = correlation higher at other than dated position

 Seq Series  Time_span  1900 1925 1950 
                        1949 1974 1999 
 --- -------- ---------  ---- ---- ---- 
   1 SEN01A   1384 2003  .80  .63  .46 
   2 SEN01B   1395 2003  .77  .76  .77 
   4 SEN03A2  1789 2003  .66  .59  .57 
   5 SEN03B   1459 2003  .36  .61  .55 
   6 SEN04B   1755 1991  .50  .41      
   8 SEN05B2  1739 2003  .36  .37  .34 
   9 SEN06A   1820 1987  .56  .53      
  10 SEN06B   1790 2003  .46  .47  .74 
  11 SEN07A   1670 1995  .70  .63      
  12 SEN07B   1714 2003  .69  .67  .62 
  16 SEN09A   1470 2002  .57  .37  .39 
  17 SEN09B   1510 2003  .84  .76  .72 
  18 SEN10A   1393 1949  .68           
  20 SEN11A   1609 2003  .68  .69  .73 
  21 SEN11B   1581 2003  .74  .78  .80 
  24 SEN12B2  1615 1979  .68  .72      
  26 SEN13B   1423 2003  .81  .78  .72 
  28 SEN13C2  1596 2003  .66  .71  .74 
  29 SEN14A   1709 2003  .81  .73  .80 
  30 SEN14B   1754 2003  .83  .61  .68 
  31 SEN15A   1687 2003  .59  .66  .74 
  32 SEN15B   1726 2003  .74  .60  .73 
  33 SEN16A   1405 1956  .72           
  34 SEN16B   1630 2003  .62  .59  .66 
  35 SEN17A   1563 2003  .61  .62  .64 
  36 SEN17B   1453 2003  .71  .80  .75 
  40 SEN20A   1487 2003  .37  .46  .53 
  41 SEN20B   1697 2003  .69  .57  .36B
  42 SEN20C   1696 2003  .42  .52  .62 
  43 SEN21A   1458 2003  .61  .70  .69 
  44 SEN21B   1346 2003  .44  .55  .57 
  45 SEN22A   1532 2003  .60  .64  .62 
  46 SEN22B   1468 2003  .51  .59  .60 
  47 SEN23A   1749 2003  .57  .56  .51 
  51 SEN25A   1411 2003  .76  .60  .61 
  53 SEN26A   1671 2011  .60  .72  .61 
  56 SEN27B2  1806 2011  .70  .63  .56 
  58 SEN28A2  1820 2011  .67  .63  .61 
  59 SEN28b2  1561 2011  .66  .75  .71 
  62 SEN30A   1525 2011  .58  .75  .73 
  64 SEN30B2  1932 2011            .61 
  66 SEN31A2  1812 2011  .66  .60  .62 
  68 SEN31B2  1824 2011  .68  .63  .66 
  69 SEN32A   1630 2011  .77  .79  .66 
  70 SEN32B   1829 2011  .70  .72  .61 
  71 SEN33A   1788 2011  .59  .66  .70 
  73 SEN34A   1710 2011  .48  .53  .61 
  75 SEN34B2  1846 2011  .70  .70  .58 
  76 SEN35A   1795 2011  .63  .62  .56 
  77 SEN35B   1839 2011  .60  .57  .56 
  81 SEN38b   1557 2011  .69  .67  .66 
  82 SEN39B   1317 2011  .72  .68  .67 
  84 SEN40A2  1892 2011  .61  .65  .74 
  85 SEN40B   1782 2011  .75  .62  .58 
  86 SEN41A   1580 2011  .66  .53  .51 
  88 SEN41B2  1836 2011  .61  .63  .54 
  90 SEN42B   1402 2011  .61  .64  .59 
  92 SEN43B   1464 1993  .49  .46      
  94 SEN44B   1600 1966  .70           
  97 SEN45B   1387 2011  .63  .63  .42 
 101 SEN47A   1610 2011  .62  .65  .45 
 102 SEN47B1  1770 2011  .59  .56  .49 
 108 SEN55    1374 2006  .63  .65  .68 
 Av segment correlation  .64  .63  .62 

 FLAGGED SEGMENTS: mar041
-----------------------------------------------------------------------------------------------------------------------------------
 Seq Series   Segment    Flag  r dated  Best lag  r at lag   Gain  Note
 --- -------- ---------  ----  -------  --------  --------  -----  -----------------
   5 SEN03B   1500 1549     B     .500        -1      .521   .021
   7 SEN05A1  1425 1474     B     .345         2      .414   .069
  10 SEN06B   1825 1874     A     .302         0
  11 SEN07A   1800 1849     B     .331         1      .370   .039
  11 SEN07A   1825 1874     B     .313        -1      .481   .167
  12 SEN07B   1750 1799     A     .289         0
  16 SEN09A   1550 1599     A     .326         0
  40 SEN20A   1825 1874     B     .461         3      .485   .024
  41 SEN20B   1950 1999     B     .358         6      .372   .014
  80 SEN38A   1650 1699     B     .600         1      .623   .022
  80 SEN38A   1675 1724     B     .429         1      .601   .172
  81 SEN38b   1675 1724     B     .463         1      .551   .088
  86 SEN41A   1800 1849     B     .372        -1      .486   .114
  86 SEN41A   1825 1874     B     .253        -1      .505   .252

 DESCRIPTIVE STATISTICS: mar041
-----------------------------------------------------------------------------------------------------------------------------------

                                                Corr   //-------- Unfiltered --------\\  //-- dplR filtered --\\
                           No.    No.    No.    with   Mean   Max     Std   Auto   Mean   Max     Std   Auto  AR
 Seq Series   Interval   Years  Segmt  Flags   Master  msmt   msmt    dev   corr   sens  value    dev   corr  ()
 --- -------- ---------  -----  -----  -----   ------ -----  -----  -----  -----  -----  -----  -----  -----  --
   1 SEN01A   1384 2003    620     23      0    .714    .66   4.12   .563   .898   .329   2.13   .321  -.002   3
   2 SEN01B   1395 2003    609     23      0    .738    .51   2.01   .323   .834   .337   2.22   .338   .023   1
   3 SEN03A1  1515 1769    255      8      0    .510    .62   2.58   .570   .946   .327   1.80   .319  -.013   3
   4 SEN03A2  1789 2003    215      7      0    .588    .60   1.37   .303   .869   .261   2.18   .258   .011   1
   5 SEN03B   1459 2003    545     20      1    .606    .67   3.59   .605   .941   .303   2.24   .304  -.022   1
   6 SEN04B   1755 1991    237      7      0    .506    .55   1.42   .261   .837   .254   2.52   .261   .000   3
   7 SEN05A1  1305 1521    217      3      1    .549    .71   3.11   .572   .882   .347   2.13   .340  -.006   3
   8 SEN05B2  1739 2003    265      9      0    .569    .58   2.61   .424   .898   .337   2.54   .344  -.003   2
   9 SEN06A   1820 1987    168      5      0    .537   1.70   4.36   .756   .827   .211   1.64   .229   .033   1
  10 SEN06B   1790 2003    214      7      1    .541   1.88   4.18   .927   .846   .227   1.81   .235   .085   1
  11 SEN07A   1670 1995    326     11      2    .626   1.10   5.19  1.027   .897   .311   2.37   .333  -.015   3
  12 SEN07B   1714 2003    290     10      1    .580   1.30   6.29  1.084   .907   .283   2.32   .295  -.008   2
  13 SEN08A1  1410 1684    275      9      0    .773    .97   2.61   .495   .823   .253   1.68   .256   .026   1
  14 SEN08A2  1688 1787    100      2      0    .823    .61   1.08   .211   .783   .230   1.59   .222   .023   1
  15 SEN08B   1445 1790    346     12      0    .793    .90   3.67   .598   .910   .248   1.67   .245   .023   1
  16 SEN09A   1470 2002    533     20      1    .541    .70   3.23   .408   .901   .206   1.64   .210  -.001   1
  17 SEN09B   1510 2003    494     18      0    .698    .74   1.83   .239   .795   .177   1.70   .183  -.001   1
  18 SEN10A   1393 1949    557     21      0    .753    .69   2.09   .397   .887   .285   1.91   .265  -.003   2
  19 SEN10B   1436 1788    353     12      0    .763    .96   3.19   .507   .882   .231   1.69   .226   .021   1
  20 SEN11A   1609 2003    395     14      0    .685    .76   2.28   .406   .831   .309   1.90   .292   .000   2
  21 SEN11B   1581 2003    423     15      0    .748    .88   2.08   .428   .773   .325   1.98   .294  -.009   3
  22 SEN12A2  1630 1789    160      4      0    .703    .51   1.17   .209   .695   .313   2.07   .282  -.006   2
  23 SEN12B1  1410 1510    101      2      0    .518    .58   1.88   .404   .874   .389   2.25   .377   .005   1
  24 SEN12B2  1615 1979    365     13      0    .665    .48   1.25   .264   .841   .291   1.94   .280  -.027   3
  25 SEN13A   1424 1632    209      7      0    .773    .81   2.10   .440   .886   .247   1.47   .234   .031   1
  26 SEN13B   1423 2003    581     22      0    .709    .74   2.60   .380   .857   .245   1.90   .253   .000   2
  27 SEN13C1  1396 1591    196      6      0    .792    .92   2.31   .432   .791   .254   1.56   .248   .016   1
  28 SEN13C2  1596 2003    408     15      0    .737    .52   1.69   .255   .838   .253   1.93   .257   .021   1
  29 SEN14A   1709 2003    295     10      0    .713   1.06   2.10   .470   .854   .242   2.14   .256  -.002   1
  30 SEN14B   1754 2003    250      8      0    .755   1.56   2.79   .533   .797   .196   1.72   .223   .001   3
  31 SEN15A   1687 2003    317     11      0    .720    .79   3.68   .597   .923   .249   2.01   .262  -.057   3
  32 SEN15B   1726 2003    278      9      0    .709   1.24   3.75   .640   .873   .218   2.38   .243  -.012   3
  33 SEN16A   1405 1956    552     20      0    .719    .61   1.98   .311   .849   .271   1.76   .261  -.014   3
  34 SEN16B   1630 2003    374     13      0    .692    .39   1.19   .202   .764   .359   2.28   .323  -.030   3
  35 SEN17A   1563 2003    441     16      0    .729    .89   1.98   .346   .757   .237   2.02   .244   .039   1
  36 SEN17B   1453 2003    551     20      0    .728    .69   2.18   .328   .787   .284   1.86   .272   .026   1
  37 SEN18A   1530 1858    329     11      0    .664    .65   1.80   .341   .770   .335   2.03   .319  -.026   3
  38 SEN19A1  1624 1782    159      4      0    .725    .62   1.45   .295   .761   .332   1.83   .300  -.038   3
  39 SEN19B1  1630 1792    163      4      0    .650    .59   1.57   .303   .713   .366   1.96   .339  -.021   2
  40 SEN20A   1487 2003    517     19      1    .619    .76   2.77   .325   .777   .239   1.86   .252  -.002   3
  41 SEN20B   1697 2003    307     11      1    .602    .61   1.74   .296   .834   .249   1.73   .253   .002   2
  42 SEN20C   1696 2003    308     11      0    .635    .51   1.20   .223   .759   .281   1.57   .266   .017   1
  43 SEN21A   1458 2003    546     20      0    .691    .73   2.76   .427   .826   .280   1.94   .278  -.003   2
  44 SEN21B   1346 2003    658     23      0    .687    .56   1.73   .314   .844   .305   2.08   .287  -.001   2
  45 SEN22A   1532 2003    472     17      0    .673    .78   1.64   .274   .655   .259   1.88   .249  -.006   2
  46 SEN22B   1468 2003    536     20      0    .606    .66   1.60   .293   .795   .249   1.93   .247  -.001   3
  47 SEN23A   1749 2003    255      8      0    .636   1.46   3.66   .706   .774   .254   2.01   .260  -.010   3
  48 SEN24A1  1397 1520    124      3      0    .617    .49   1.01   .175   .643   .251   1.56   .245  -.012   3
  49 SEN24B1  1373 1505    133      3      0    .620    .91   2.21   .405   .653   .266   1.77   .254  -.057   3
  50 SEN24C   1319 1520    202      3      0    .626    .94   2.66   .589   .833   .287   1.72   .283   .007   1
  51 SEN25A   1411 2003    593     22      0    .692    .66   1.99   .330   .770   .312   2.04   .295  -.005   3
  52 SEN25B   1319 1519    201      3      0    .710    .89   3.70   .590   .735   .380   2.34   .350  -.015   3
  53 SEN26A   1671 2011    341     12      0    .671    .99   2.71   .463   .860   .234   1.84   .239  -.009   1
  54 SEN26B   1312 1920    609     19      0    .685    .51   4.23   .633   .951   .403   2.33   .360  -.006   3
  55 SEN27B1  1473 1799    327     11      0    .714    .70   2.17   .409   .824   .379   2.36   .343   .018   3
  56 SEN27B2  1806 2011    206      6      0    .665    .68   1.95   .336   .795   .283   1.86   .266  -.020   3
  57 SEN28A1  1441 1790    350     12      0    .713    .78   4.03   .527   .925   .285   2.16   .272   .012   1
  58 SEN28A2  1820 2011    192      6      0    .699    .74   1.55   .296   .765   .254   1.69   .237   .013   1
  59 SEN28b2  1561 2011    451     16      0    .663    .61   2.18   .351   .846   .352   2.16   .322   .014   1
  60 SEN29A   1329 1491    163      2      0    .664   1.02   3.64   .777   .903   .304   1.71   .280  -.004   2
  61 SEN29B   1341 1451    111      1      0    .759   1.05   3.42   .681   .884   .233   1.77   .252   .067   1
  62 SEN30A   1525 2011    487     17      0    .644    .51   3.10   .380   .845   .399   2.10   .341   .001   2
  63 SEN30B1  1518 1746    229      7      0    .671    .34   1.24   .223   .774   .442   1.83   .373  -.008   2
  64 SEN30B2  1932 2011     80      1      0    .668    .58   1.90   .398   .795   .352   1.61   .287  -.010   2
  65 SEN31A1  1498 1745    248      8      0    .575    .81   2.13   .415   .737   .379   2.08   .330  -.014   2
  66 SEN31A2  1812 2011    200      6      0    .673    .76   1.81   .351   .765   .313   1.56   .278  -.005   3
  67 SEN31B1  1587 1745    159      4      0    .682   1.33   2.60   .584   .768   .282   1.59   .249   .007   3
  68 SEN31B2  1824 2011    188      5      0    .707    .84   1.86   .264   .576   .256   1.55   .245   .009   2
  69 SEN32A   1630 2011    382     13      0    .708    .51   2.02   .358   .868   .355   2.24   .320  -.008   3
  70 SEN32B   1829 2011    183      5      0    .649    .57   1.99   .435   .905   .289   1.73   .276   .018   1
  71 SEN33A   1788 2011    224      7      0    .605    .97   2.31   .505   .777   .349   1.76   .302   .030   3
  72 SEN33B   1348 1483    136      2      0    .581    .57   1.58   .322   .781   .416   1.96   .334   .001   2
  73 SEN34A   1710 2011    302     10      0    .648    .54   3.13   .478   .858   .415   1.90   .355  -.007   3
  74 SEN34B1  1534 1746    213      6      0    .579    .41   1.39   .241   .736   .420   1.89   .354  -.011   1
  75 SEN34B2  1846 2011    166      5      0    .593    .52   1.64   .347   .748   .374   2.08   .338   .007   2
  76 SEN35A   1795 2011    217      7      0    .646    .53   1.78   .296   .791   .332   1.86   .292  -.014   3
  77 SEN35B   1839 2011    173      5      0    .582   1.64   4.62   .773   .752   .258   1.67   .246   .003   3
  78 SEN36A   1333 1455    123      1      0    .649   1.22   4.12   .904   .934   .234   1.52   .227  -.020   2
  79 SEN36B   1328 1455    128      1      0    .726   1.20   5.07  1.052   .932   .272   1.58   .255   .010   3
  80 SEN38A   1366 1903    538     19      2    .651    .67   5.93   .688   .928   .342   2.02   .308  -.002   3
  81 SEN38b   1557 2011    455     16      1    .684    .63   1.56   .253   .677   .299   1.85   .267  -.008   3
  82 SEN39B   1317 2011    695     23      0    .679    .50   3.82   .533   .925   .397   2.07   .347  -.006   3
  83 SEN40A1  1565 1708    144      4      0    .679   1.11   2.31   .375   .751   .217   1.41   .197  -.029   3
  84 SEN40A2  1892 2011    120      3      0    .691    .81   1.67   .330   .889   .165   1.56   .178  -.016   2
  85 SEN40B   1782 2011    230      7      0    .684   1.00   2.02   .320   .847   .148   1.40   .157  -.004   2
  86 SEN41A   1580 2011    432     15      2    .617    .81   2.14   .341   .797   .234   1.64   .226  -.019   3
  87 SEN41B1  1518 1746    229      7      0    .647   1.01   2.38   .385   .741   .251   1.54   .231   .019   1
  88 SEN41B2  1836 2011    176      5      0    .563    .55   1.15   .237   .803   .248   1.72   .250  -.015   1
  89 SEN42A   1373 1900    528     19      0    .732    .65   2.80   .433   .869   .310   1.72   .297   .008   1
  90 SEN42B   1402 2011    610     22      0    .662    .66   2.02   .387   .851   .339   2.72   .323   .005   2
  91 SEN43A   1449 1927    479     17      0    .773    .75   2.83   .433   .877   .281   1.81   .266   .003   2
  92 SEN43B   1464 1993    530     19      0    .721    .78   2.99   .464   .865   .298   2.02   .287   .004   2
  93 SEN44A   1600 1946    347     11      0    .734    .51   2.06   .347   .814   .413   2.06   .386   .033   1
  94 SEN44B   1600 1966    367     12      0    .712    .66   2.61   .413   .828   .319   2.37   .336  -.005   1
  95 SEN45A1  1480 1817    338     11      0    .730    .81   1.86   .321   .717   .270   1.87   .262   .003   2
  96 SEN45A2  1824 1889     66      1      0    .749    .75   1.22   .213   .696   .183   1.40   .183   .049   1
  97 SEN45B   1387 2011    625     23      0    .695    .63   3.18   .409   .843   .396   2.54   .351   .006   2
  98 SEN46A   1490 1925    436     16      0    .723    .54   1.32   .242   .740   .310   1.95   .292  -.000   2
  99 SEN46B1  1491 1705    215      7      0    .705    .65   1.76   .355   .766   .320   1.70   .294   .004   2
 100 SEN46B2  1767 1926    160      5      0    .685    .54   2.12   .368   .806   .366   2.70   .361   .065   1
 101 SEN47A   1610 2011    402     14      0    .627    .70   2.17   .387   .773   .358   2.11   .335  -.018   3
 102 SEN47B1  1770 2011    242      8      0    .660    .60   1.47   .302   .741   .338   1.87   .328   .010   1
 103 SEN47B2  1620 1726    107      3      0    .659    .93   2.36   .460   .788   .350   1.64   .303   .172   3
 104 SEN50    1370 1925    556     20      0    .620   1.30   5.07   .826   .916   .230   1.66   .231  -.016   3
 105 SEN51    1364 1775    412     14      0    .675    .91   4.37   .685   .888   .272   1.96   .273  -.022   3
 106 SEN52    1331 1481    151      2      0    .565   1.59   6.15   .852   .710   .331   1.97   .319   .067   3
 107 SEN53    1333 1500    168      3      0    .734   1.46   3.95   .784   .843   .235   1.62   .231   .001   2
 108 SEN55    1374 2006    633     23      0    .653    .57   2.93   .375   .813   .364   2.11   .322  -.002   2
 --- -------- ---------  -----  -----  -----   ------ -----  -----  -----  -----  -----  -----  -----  -----  --
 Total or mean:          34997   1158     14    .675    .75   6.29   .436   .828   .300   2.72   .285   .001

 DATA CHECKS (rwl.check): mar041
-----------------------------------------------------------------------------------------------------------------------------------
 rwl.check: data_files/treering/measurements/africa/mar041.rwl
 108 series, 34997 measurements, 1305-2011, 0.01 mm precision
 0 error(s), 1 warning(s), 65 note(s)
 -------------
 WARNING
   RWL_SERIES_OUTLIER (1)
     SEN15A: correlates with the rest of the collection at r = 0.431 where the collection median is 0.698 (4.3 MAD below it); it does not fit the collection it is in
 65 note(s) not shown; see rwl.check() or the 'check' element of this report.

 NOTES
-----------------------------------------------------------------------------------------------------------------------------------
 Report generated using dplR 1.8.1 (R 4.5.2) on 2026-10-01 16:56 PDT.
 Measurement file mar041.rwl, MD5 ad45e577044bdd4f1fcc13c2047ef97f.
 Filtering: each series divided by a 32-year smoothing spline (caps()), then prewhitened with
   an AR model (order by AIC, at most 3).
 Master: biweight robust mean of the other series (leave-one-out).
 Correlation: Pearson, one-tailed, pcrit = 0.01; critical r = 0.3281 for 50-year segments.
 Segments: 50 years, lagged 25, first segment floored to 100. Lags searched: +/- 10 years.
 A segment is tested only where the series and the master cover all of it, at the dated
   position and at every lag. COFECHA also tests partial segments at the ends of a series, so
   series here may show fewer segments, and no flags can be raised at the ends of the record.
 Lags follow COFECHA: negative means rings are probably missing from the series, positive means
   false rings. A missing ring carries its lag into every segment before it, so look where the
   lag changes along a series. A B flag is a hypothesis to check on the wood; the gain says how
   seriously to take it.
 A B flag marked "weak at every lag" correlates under the critical value even at its best lag:
   the segment is weak wherever it is placed, and the shift is not evidence of a dating error.
   Treat it as a low correlation, like an A.
 Averages in the summary and the totals are weighted by the number of years in each series, as
   COFECHA's are.
 Unfiltered block and mean sensitivity: the measurements as read, and sens1().
 dplR filtered block: the series that was correlated, after filtering. COFECHA's filtered
   series is defined differently, so these three columns are not COFECHA's numbers.
 AR: order of the AR model used to prewhiten.
