
 COFECHA-style crossdating report: mar027
 Report generated using dplR 1.8.1 (R 4.5.2) on 2026-10-01 16:56 PDT
 Built with dplR's xdate.report(), not COFECHA; see the notes at the end.


      Measurement file name  : mar027.rwl
      MD5 of measurement file: 75ac9b8082fe80e834aa7e315726dd61
      Date checked           : 01OCT26
      Beginning year         : 1623
      Ending year            : 2004
      Principal investigators: Touchan, R.
      Site name              : Afechtal
      Species information    : CDAT Cedrus atlantica (Endl.) Manetti ex Carrière
      Latitude               : 35.0300 N
      Longitude              : 4.8300 W
      Elevation              : 1700 m

      Series intercorrelation: 0.647
      Avg mean sensitivity   : 0.216
      Avg standard deviation : 0.724
      Avg autocorrelation    : 0.861
      Number dated series    : 74
      Segment length tested  : 50

      Number problem segments: 7  (A 4, B 3; 1 of the B weak at every lag)
      Pct problem segments   : 1.30


 CORRELATION OF SERIES BY SEGMENTS: mar027
-----------------------------------------------------------------------------------------------------------------------------------
 Correlations of  50-year dated segments, lagged  25 years
 Flags:  A = correlation under   .3281 but highest as dated;  B = correlation higher at other than dated position

 Seq Series  Time_span  1700 1725 1750 1775 1800 1825 1850 1875 1900 1925 1950 
                        1749 1774 1799 1824 1849 1874 1899 1924 1949 1974 1999 
 --- -------- ---------  ---- ---- ---- ---- ---- ---- ---- ---- ---- ---- ---- 
   1 AFC 1A   1745 1984            .55  .52  .67  .80  .80  .79  .81  .64      
   2 AFC 1B   1738 1984            .73  .36  .34  .79  .76  .81  .76  .44      
   3 AFC 2A   1652 1984  .68  .79  .75  .74  .75  .61  .64  .75  .79  .72      
   4 AFC 2B   1674 1984  .66  .69  .68  .69  .66  .68  .83  .84  .81  .69      
   5 AFC 3A   1800 1984                           .42  .67  .78  .82  .75      
   6 AFC 3B   1806 1984                           .56  .52  .73  .83  .71      
   7 AFC 4A   1657 1800  .73  .79  .67                                         
   8 AFC 4B   1791 1984                      .76  .71  .66  .72  .69  .58      
   9 AFC 5A   1696 1984  .82  .84  .81  .81  .78  .71  .72  .84  .84  .71      
  10 AFC 5B   1840 1984                                .79  .85  .80  .70      
  11 AFC 5C   1640 1817  .79  .74  .70                                         
  12 AFC 6A   1632 1975  .69  .69  .62  .77  .72  .57  .70  .79  .83  .80      
  13 AFC 6B   1647 1984  .60  .58  .53  .61  .60  .54  .52  .59  .66  .56      
  14 AFC 7A   1672 1984  .59  .73  .73  .70  .71  .79  .82  .65  .68  .63      
  15 AFC 7B   1694 1966  .49  .55  .58  .67  .69  .74  .68  .62  .71           
  16 AFC11A   1767 1982                 .64  .66  .78  .80  .76  .78  .76      
  17 AFC11B   1726 1984            .51  .60  .71  .84  .79  .77  .78  .63      
  18 AFC12A   1816 1984                           .64  .74  .70  .70  .75      
  19 AFC12B   1816 1983                           .72  .81  .77  .74  .49      
  20 AFC13A   1828 1984                                .57  .59  .69  .62      
  21 AFC13B   1829 1984                                .65  .68  .69  .73      
  22 AFC14A   1829 1984                                .67  .74  .73  .40      
  23 AFC14B   1863 1984                                     .71  .74  .67      
  24 AFC15A   1806 1897                           .57                          
  26 AFC15C   1901 1984                                               .64      
  27 AFC15D   1849 1984                                .73  .69  .62  .52      
  28 AFC16A   1707 1910       .45  .55  .51  .49  .63  .75                     
  29 AFC16B   1698 1984       .60  .72  .75  .76  .82  .77  .88  .91  .67      
  30 AFC17A   1693 1984  .39  .47  .66  .66  .65  .71  .77  .75  .73  .66      
  31 AFC17B   1686 1984  .39  .46  .62  .73  .74  .74  .73  .73  .72  .61      
  32 AFE01A   1768 2004                 .71  .79  .71  .74  .85  .87  .73  .49 
  33 AFE01B   1655 2004  .64  .72  .71  .73  .72  .70  .68  .76  .79  .54  .53 
  34 AFE02A   1691 2004  .64  .77  .80  .81  .83  .77  .75  .71  .74  .72  .61 
  35 AFE02B   1743 2004            .83  .78  .81  .75  .73  .77  .79  .77  .71 
  36 AFE03A   1718 2004       .77  .73  .45  .55  .76  .69  .70  .73  .72  .70 
  37 AFE03B   1748 2004            .52  .57  .70  .80  .82  .82  .79  .75  .71 
  38 AFE04A   1695 2004  .60  .64  .64  .78  .88  .92  .75  .58  .66  .68  .60 
  39 AFE04B1  1675 1812  .81  .76  .66                                         
  40 AFE04B2  1836 2004                                .59  .68  .65  .43  .50 
  41 AFE05A   1657 2004  .79  .79  .75  .73  .75  .84  .69  .64  .76  .74  .66 
  42 AFE05B   1672 2004  .79  .83  .89  .80  .80  .84  .78  .68  .73  .82  .60 
  43 AFE06A   1661 2004  .65  .68  .62  .77  .77  .63  .67  .51  .48  .61  .55 
  44 AFE06B   1623 2004  .70  .63  .64  .71  .64  .56  .56  .57  .53  .46  .64 
  45 AFE07A   1669 2004  .69  .77  .78  .85  .87  .85  .83  .81  .77  .62  .54 
  46 AFE07B   1684 2004  .79  .79  .71  .81  .83  .81  .82  .77  .72  .70  .65 
  47 AFE08A   1900 2004                                               .57  .33A
  48 AFE08B   1802 2004                           .79  .78  .81  .77  .67  .55 
  49 AFE09A   1711 2004       .75  .64  .51  .57  .45  .39  .67  .52  .50  .70 
  50 AFE09B   1771 2004                 .48  .59  .72  .53  .47  .48  .39  .49 
  51 AFE10A   1704 2004       .58  .60  .78  .54  .39  .70  .78  .67  .46  .55 
  52 AFE10B   1733 2004            .60  .73  .78  .72  .71  .74  .67  .60  .56 
  53 AFE11A   1758 2004                 .75  .81  .76  .78  .87  .79  .67  .66 
  54 AFE11B1  1710 1914       .72  .80  .66  .64  .66  .65                     
  55 AFE11B2  1920 2004                                               .68  .73 
  56 AFE12A   1690 2004  .71  .80  .79  .74  .66  .66  .66  .67  .74  .66  .66 
  57 AFE12B   1727 2004            .76  .66  .63  .61  .60  .66  .75  .69  .53 
  58 AFE13A   1624 2004  .80  .51  .34B .50  .43  .40  .44  .60  .79  .64  .69 
  59 AFE13B   1753 2004                 .40  .38  .43  .46  .64  .75  .66  .67 
  60 AFE14A   1846 2004                                .65  .72  .56  .44  .47 
  61 AFE14B   1856 2004                                     .60  .66  .51  .31A
  62 AFE15A   1813 2004                           .43  .50  .77  .73  .50  .27A
  63 AFE15B   1746 2004            .59  .70  .65  .50  .42  .68  .69  .37  .27A
  64 AFE16A   1659 2004  .75  .86  .78  .76  .79  .82  .74  .67  .71  .49  .60 
  65 AFE16B   1660 2004  .65  .77  .82  .80  .74  .72  .67  .56  .56  .37  .48 
  66 AFE17A   1752 2004                 .62  .63  .72  .72  .75  .82  .76  .63 
  67 AFE17B   1736 2004            .64  .81  .81  .76  .57  .73  .84  .71  .61 
  68 AFE18A   1810 2004                           .60  .63  .66  .73  .68  .40 
  69 AFE18B   1789 2004                      .38B .51  .59  .66  .70  .68  .60 
  70 AFE19A   1810 2004                           .61  .59  .57  .66  .61  .48 
  71 AFE19B   1828 2004                                .64  .55  .50  .55  .23B
  72 AFE20A   1730 2004            .81  .78  .74  .71  .76  .72  .77  .75  .55 
  73 AFE20B1  1648 1847  .70  .74  .77  .75                                    
  74 AFE20B2  1860 2004                                     .87  .86  .74  .49 
 Av segment correlation  .67  .70  .68  .68  .68  .68  .68  .71  .72  .63  .55 

 FLAGGED SEGMENTS: mar027
-----------------------------------------------------------------------------------------------------------------------------------
 Seq Series   Segment    Flag  r dated  Best lag  r at lag   Gain  Note
 --- -------- ---------  ----  -------  --------  --------  -----  -----------------
  47 AFE08A   1950 1999     A     .328         0
  58 AFE13A   1750 1799     B     .344       -10      .400   .056
  61 AFE14B   1950 1999     A     .311         0
  62 AFE15A   1950 1999     A     .269         0
  63 AFE15B   1950 1999     A     .266         0
  69 AFE18B   1800 1849     B     .377        -3      .378   .000
  71 AFE19B   1950 1999     B     .232         2      .270   .038  weak at every lag

 DESCRIPTIVE STATISTICS: mar027
-----------------------------------------------------------------------------------------------------------------------------------

                                                Corr   //-------- Unfiltered --------\\  //-- dplR filtered --\\
                           No.    No.    No.    with   Mean   Max     Std   Auto   Mean   Max     Std   Auto  AR
 Seq Series   Interval   Years  Segmt  Flags   Master  msmt   msmt    dev   corr   sens  value    dev   corr  ()
 --- -------- ---------  -----  -----  -----   ------ -----  -----  -----  -----  -----  -----  -----  -----  --
   1 AFC 1A   1745 1984    240      8      0    .675   1.57   4.94   .859   .882   .204   1.59   .207  -.023   3
   2 AFC 1B   1738 1984    247      8      0    .562   1.47   3.94   .850   .909   .211   1.60   .216  -.015   3
   3 AFC 2A   1652 1984    333     10      0    .702   1.28   3.52   .492   .838   .188   1.50   .195  -.014   1
   4 AFC 2B   1674 1984    311     10      0    .724   1.26   2.64   .436   .774   .196   1.52   .191  -.009   3
   5 AFC 3A   1800 1984    185      5      0    .639   2.33   5.74  1.045   .905   .135   1.30   .143   .044   1
   6 AFC 3B   1806 1984    179      5      0    .663   2.15   5.69  1.056   .929   .137   1.37   .148   .009   1
   7 AFC 4A   1657 1800    144      3      0    .705   1.45   4.79   .808   .896   .190   1.50   .198  -.001   1
   8 AFC 4B   1791 1984    194      6      0    .674   1.52   4.52   .891   .915   .205   1.58   .209  -.029   3
   9 AFC 5A   1696 1984    289     10      0    .780   1.43   3.71   .714   .884   .192   1.67   .202  -.019   3
  10 AFC 5B   1840 1984    145      4      0    .554    .94   2.18   .430   .906   .169   2.73   .241   .341   1
  11 AFC 5C   1640 1817    178      3      0    .654   1.33   4.53   .784   .902   .212   2.10   .226   .005   2
  12 AFC 6A   1632 1975    344     10      0    .725   1.16   2.71   .360   .840   .135   1.43   .146  -.001   2
  13 AFC 6B   1647 1984    338     10      0    .564    .88   2.40   .353   .781   .209   1.62   .216   .047   1
  14 AFC 7A   1672 1984    313     10      0    .645   1.17   2.72   .345   .702   .181   1.55   .183  -.004   3
  15 AFC 7B   1694 1966    273      9      0    .601   1.30   3.66   .449   .765   .197   1.64   .204   .024   1
  16 AFC11A   1767 1982    216      7      0    .722   1.63   5.39   .820   .898   .192   1.51   .185  -.011   1
  17 AFC11B   1726 1984    259      8      0    .640   1.72   5.31   .895   .859   .209   1.82   .216  -.003   1
  18 AFC12A   1816 1984    169      5      0    .632   1.59   6.59  1.099   .889   .241   1.64   .247   .014   3
  19 AFC12B   1816 1983    168      5      0    .603   2.05   6.53  1.183   .865   .219   1.51   .227  -.021   3
  20 AFC13A   1828 1984    157      4      0    .577   1.61   7.16  1.319   .920   .313   1.80   .285   .015   3
  21 AFC13B   1829 1984    156      4      0    .657   1.88   7.55  1.398   .932   .250   2.04   .269   .029   1
  22 AFC14A   1829 1984    156      4      0    .619   2.07   4.20   .727   .726   .211   1.63   .213  -.000   3
  23 AFC14B   1863 1984    122      3      0    .644   2.09   4.02   .763   .723   .226   1.56   .220   .017   3
  24 AFC15A   1806 1897     92      1      0    .587   2.29   4.30   .955   .824   .193   1.49   .184   .046   2
  25 AFC15B   1796 1846     51      0      0    .615   3.06   5.01   .767   .096   .281   1.37   .186   .006   3
  26 AFC15C   1901 1984     84      1      0    .527   1.25   2.05   .386   .794   .178   1.45   .175  -.018   2
  27 AFC15D   1849 1984    136      4      0    .626   1.43   3.46   .637   .870   .192   1.58   .194   .017   1
  28 AFC16A   1707 1910    204      6      0    .594   1.76   4.36   .896   .789   .281   1.70   .247  -.001   3
  29 AFC16B   1698 1984    287      9      0    .733   1.36   3.49   .765   .859   .258   1.80   .236  -.003   3
  30 AFC17A   1693 1984    292     10      0    .585    .93   2.56   .452   .790   .234   1.82   .227  -.005   3
  31 AFC17B   1686 1984    299     10      0    .616    .95   2.36   .463   .817   .246   1.60   .225  -.024   3
  32 AFE01A   1768 2004    237      8      0    .731   1.77   3.91   .761   .869   .185   1.42   .188  -.010   3
  33 AFE01B   1655 2004    350     11      0    .645   1.11   3.81   .644   .888   .237   1.71   .239  -.010   3
  34 AFE02A   1691 2004    314     11      0    .721   1.27   4.97   .710   .904   .223   1.71   .224  -.021   3
  35 AFE02B   1743 2004    262      9      0    .769   1.52   2.94   .616   .844   .211   1.62   .207  -.017   3
  36 AFE03A   1718 2004    287     10      0    .673   1.38   3.41   .664   .866   .165   1.67   .173  -.014   3
  37 AFE03B   1748 2004    257      9      0    .724   1.48   3.77   .846   .923   .174   1.52   .180  -.004   2
  38 AFE04A   1695 2004    310     11      0    .682   1.29   6.17   .713   .843   .242   1.93   .226  -.019   3
  39 AFE04B1  1675 1812    138      3      0    .726   1.85   3.60   .580   .786   .153   1.59   .168  -.011   3
  40 AFE04B2  1836 2004    169      5      0    .575    .76   1.77   .400   .819   .320   2.06   .321  -.010   3
  41 AFE05A   1657 2004    348     11      0    .720   1.12   4.02   .660   .840   .249   1.75   .247  -.007   3
  42 AFE05B   1672 2004    333     11      0    .723   1.19   4.67   .699   .892   .226   1.75   .228  -.014   3
  43 AFE06A   1661 2004    344     11      0    .587   1.18   3.53   .620   .892   .244   1.87   .243  -.018   3
  44 AFE06B   1623 2004    382     11      0    .589   1.06   5.43   .990   .957   .289   1.95   .263  -.002   3
  45 AFE07A   1669 2004    336     11      0    .733   1.21   3.62   .657   .838   .262   1.80   .260  -.016   3
  46 AFE07B   1684 2004    321     11      0    .740   1.25   3.26   .609   .833   .249   1.89   .253  -.022   3
  47 AFE08A   1900 2004    105      2      1    .603   2.45   7.48  1.688   .850   .302   1.70   .291   .065   1
  48 AFE08B   1802 2004    203      6      0    .683   1.86   4.63   .939   .883   .219   1.63   .223  -.010   3
  49 AFE09A   1711 2004    294     10      0    .560   1.26   4.16   .628   .827   .228   1.79   .234  -.018   3
  50 AFE09B   1771 2004    234      8      0    .504   1.08   3.60   .528   .772   .259   2.07   .267  -.011   3
  51 AFE10A   1704 2004    301     10      0    .607   1.36   4.09   .784   .928   .207   1.54   .202  -.004   3
  52 AFE10B   1733 2004    272      9      0    .662   1.37   3.44   .758   .926   .235   1.51   .207  -.004   2
  53 AFE11A   1758 2004    247      8      0    .757   1.50   4.85   .774   .892   .234   1.67   .228  -.037   3
  54 AFE11B1  1710 1914    205      6      0    .668   1.53   3.69   .846   .899   .276   1.59   .235  -.011   3
  55 AFE11B2  1920 2004     85      2      0    .705   1.21   3.88   .842   .895   .276   1.61   .273   .006   2
  56 AFE12A   1690 2004    315     11      0    .692   1.25   3.38   .489   .847   .181   1.55   .185  -.034   3
  57 AFE12B   1727 2004    278      9      0    .633   1.46   3.35   .575   .844   .179   1.55   .188  -.027   3
  58 AFE13A   1624 2004    381     11      1    .546   1.05   5.36   .753   .894   .245   2.77   .287  -.007   3
  59 AFE13B   1753 2004    252      8      0    .533   1.09   5.10  1.031   .876   .287   2.34   .322  -.008   2
  60 AFE14A   1846 2004    159      5      0    .541   2.13   5.86  1.326   .935   .250   1.67   .229  -.041   3
  61 AFE14B   1856 2004    149      4      1    .519   2.34   7.01  1.464   .914   .250   1.93   .236   .031   3
  62 AFE15A   1813 2004    192      6      1    .576   1.31   2.91   .539   .810   .258   1.66   .232  -.025   3
  63 AFE15B   1746 2004    259      9      1    .549   1.50   3.97   .649   .847   .229   1.63   .207  -.023   3
  64 AFE16A   1659 2004    346     11      0    .639   1.15   3.85   .635   .931   .177   1.79   .188  -.018   3
  65 AFE16B   1660 2004    345     11      0    .600   1.11   4.43   .823   .944   .196   2.17   .206  -.012   3
  66 AFE17A   1752 2004    253      8      0    .674   1.41   4.11   .647   .864   .178   1.77   .190  -.058   3
  67 AFE17B   1736 2004    269      9      0    .711   1.42   2.78   .465   .810   .167   1.42   .168  -.043   3
  68 AFE18A   1810 2004    195      6      0    .584   1.07   4.97   .814   .911   .180   1.67   .188  -.048   3
  69 AFE18B   1789 2004    216      7      1    .575   1.80   5.12  1.055   .939   .158   1.54   .169  -.016   3
  70 AFE19A   1810 2004    195      6      0    .613   1.90   4.87   .889   .846   .194   1.61   .204  -.005   3
  71 AFE19B   1828 2004    177      5      1    .494   2.05   5.25   .976   .847   .192   1.80   .210   .031   1
  72 AFE20A   1730 2004    275      9      0    .743   1.28   3.35   .629   .889   .168   1.47   .178  -.005   3
  73 AFE20B1  1648 1847    200      4      0    .617   1.31   3.43   .658   .871   .209   1.64   .217   .013   3
  74 AFE20B2  1860 2004    145      4      0    .700    .93   2.44   .473   .897   .185   1.78   .197   .060   1
 --- -------- ---------  -----  -----  -----   ------ -----  -----  -----  -----  -----  -----  -----  -----  --
 Total or mean:          17496    539      7    .647   1.39   7.55   .724   .861   .216   2.77   .217  -.005

 DATA CHECKS (rwl.check): mar027
-----------------------------------------------------------------------------------------------------------------------------------
 rwl.check: data_files/treering/measurements/africa/mar027.rwl
 74 series, 17496 measurements, 1623-2004, 0.01 mm precision
 0 error(s), 0 warning(s), 28 note(s)
 -------------
 Nothing to report at this severity.
 28 note(s) not shown; see rwl.check() or the 'check' element of this report.

 NOTES
-----------------------------------------------------------------------------------------------------------------------------------
 Report generated using dplR 1.8.1 (R 4.5.2) on 2026-10-01 16:56 PDT.
 Measurement file mar027.rwl, MD5 75ac9b8082fe80e834aa7e315726dd61.
 Filtering: each series divided by a 32-year smoothing spline (caps()), then prewhitened with
   an AR model (order by AIC, at most 3).
 Master: biweight robust mean of the other series (leave-one-out).
 Correlation: Pearson, one-tailed, pcrit = 0.01; critical r = 0.3281 for 50-year segments.
 Segments: 50 years, lagged 25, first segment floored to 100. Lags searched: +/- 10 years.
 A segment is tested only where the series and the master cover all of it, at the dated
   position and at every lag. COFECHA also tests partial segments at the ends of a series, so
   series here may show fewer segments, and no flags can be raised at the ends of the record.
 Lags follow COFECHA: negative means rings are probably missing from the series, positive means
   false rings. A missing ring carries its lag into every segment before it, so look where the
   lag changes along a series. A B flag is a hypothesis to check on the wood; the gain says how
   seriously to take it.
 A B flag marked "weak at every lag" correlates under the critical value even at its best lag:
   the segment is weak wherever it is placed, and the shift is not evidence of a dating error.
   Treat it as a low correlation, like an A.
 Averages in the summary and the totals are weighted by the number of years in each series, as
   COFECHA's are.
 Unfiltered block and mean sensitivity: the measurements as read, and sens1().
 dplR filtered block: the series that was correlated, after filtering. COFECHA's filtered
   series is defined differently, so these three columns are not COFECHA's numbers.
 AR: order of the AR model used to prewhiten.
