
 COFECHA-style crossdating report: morc016
 Report generated using dplR 1.8.1 (R 4.5.2) on 2026-10-01 16:56 PDT
 Built with dplR's xdate.report(), not COFECHA; see the notes at the end.


      Measurement file name  : morc016.rwl
      MD5 of measurement file: 6ae8615792dd1c4cd307512695c9b1cd
      Date checked           : 01OCT26
      Beginning year         : 1490
      Ending year            : 2003
      Principal investigators: Touchan, R.
      Site name              : Tizi u Treten
      Species information    : CDAT Cedrus atlantica (Endl.) Manetti ex Carrière
      Latitude               : 32.4667 N
      Longitude              : 5.0167 W
      Elevation              : 1900 m

      Series intercorrelation: 0.663
      Avg mean sensitivity   : 0.262
      Avg standard deviation : 0.585
      Avg autocorrelation    : 0.823
      Number dated series    : 91
      Segment length tested  : 50

      Number problem segments: 17  (A 7, B 10; 2 of the B weak at every lag)
      Pct problem segments   : 2.47


 CORRELATION OF SERIES BY SEGMENTS: morc016
-----------------------------------------------------------------------------------------------------------------------------------
 Correlations of  50-year dated segments, lagged  25 years
 Flags:  A = correlation under   .3281 but highest as dated;  B = correlation higher at other than dated position

 Seq Series  Time_span  1500 1525 1550 1575 1600 1625 1650 1675 1700 1725 1750 1775 1800 1825 1850 1875 1900 1925 1950 
                        1549 1574 1599 1624 1649 1674 1699 1724 1749 1774 1799 1824 1849 1874 1899 1924 1949 1974 1999 
 --- -------- ---------  ---- ---- ---- ---- ---- ---- ---- ---- ---- ---- ---- ---- ---- ---- ---- ---- ---- ---- ---- 
   1 IFR01A   1598 1973                      .76  .69  .73  .77  .67  .68  .68  .80  .71  .50  .73  .73  .55           
   2 IFR01B   1649 1984                                     .78  .69  .68  .69  .69  .62  .52  .71  .79  .73  .79      
   3 IFR02A   1667 1952                                     .59  .79  .78  .48  .65  .70  .53  .67  .67  .62           
   4 IFR02B   1627 1976                                .64  .58  .59  .60  .58  .58  .54  .55  .70  .65  .65  .74      
   5 IFR03A   1820 1984                                                                   .54  .70  .67  .25B .25B     
   6 IFR03B   1830 1984                                                                        .75  .74  .71  .84      
   7 IFR03C   1550 1790                 .75  .77  .68  .70  .70  .67  .67                                              
   8 IFR03D   1550 1790                 .73  .78  .74  .83  .84  .82  .83                                              
   9 IFR04A   1701 1984                                               .60  .57  .46  .47B .65  .74  .68  .64  .68      
  10 IFR04B   1851 1984                                                                             .75  .66  .59      
  11 IFR04C   1570 1790                 .70  .78  .74  .82  .82  .67  .69                                              
  12 IFR11A   1773 1984                                                         .53  .34B .26A .69  .68  .72  .73      
  13 IFR11B   1775 1984                                                              .45  .36  .60  .52  .63  .79      
  14 IFR12A   1586 1814                      .87  .69  .49  .51  .86  .88  .87                                         
  15 IFR12B   1653 1984                                     .76  .86  .86  .74  .68  .58  .62  .76  .59  .56  .76      
  16 IFR12C   1830 1984                                                                        .72  .66  .61  .69      
  17 IFR13A   1712 1984                                               .74  .57  .81  .81  .63  .74  .69  .57  .66      
  18 IFR13B   1710 1984                                               .50  .58  .74  .70  .56  .63  .70  .63  .71      
  19 IFR14A   1687 1984                                          .84  .86  .78  .73  .58  .46  .75  .71  .63  .73      
  20 IFR14B   1550 1975                 .71  .68  .48  .64  .69  .82  .85  .78  .70  .53  .48  .74  .73  .68  .73      
  21 IFR15A   1791 1984                                                              .74  .80  .85  .76  .60  .71      
  22 IFR15B   1824 1981                                                                   .62  .77  .70  .63  .68      
  23 IFR16A   1617 1984                           .65  .74  .69  .70  .71  .77  .68  .65  .83  .70  .67  .78  .81      
  24 IFR16B   1703 1984                                               .68  .80  .74  .68  .74  .66  .54  .69  .75      
  25 IFR18A   1700 1984                                               .63  .73  .82  .72  .50  .70  .71  .73  .80      
  26 IFR18B   1630 1984                                .50  .50  .51  .54  .75  .78  .73  .66  .82  .65  .66  .78      
  27 IFR19A   1830 1984                                                                        .75  .76  .74  .78      
  28 IFR19B   1830 1984                                                                        .80  .79  .75  .81      
  29 IFR19C   1610 1790                           .73  .83  .86  .87  .85                                              
  30 IFR20A   1549 1983                 .52  .64  .59  .70  .66  .72  .78  .76  .85  .80  .49  .72  .80  .53  .53      
  31 IFR20B   1617 1790                           .65  .73  .75  .83  .82                                              
  33 IFR20D   1841 1984                                                                        .68  .79  .74  .72      
  34 IFR20E   1608 1706                           .65  .78                                                             
  35 IFR21A   1710 1984                                               .64  .73  .78  .72  .37  .54  .70  .63  .72      
  36 IFR21B   1574 1984                      .55  .60  .83  .85  .76  .71  .76  .81  .76  .60  .78  .81  .60  .63      
  37 IFR22B   1710 1984                                               .64  .74  .84  .82  .56  .57  .58  .67  .77      
  38 IFR23A   1672 1950                                     .65  .68  .81  .70  .70  .67  .76  .78  .81  .78           
  39 IFR23B   1721 1950                                               .82  .68  .62  .60  .61  .77  .80  .70           
  40 TRN01A   1830 2003                                                                        .54  .57  .54  .44  .32A
  41 TRN01B   1823 2003                                                                   .30A .47  .52  .56  .50  .33 
  42 TRN02A   1842 2003                                                                        .34  .41  .56  .33  .24B
  43 TRN02B   1834 2003                                                                        .29B .45  .66  .63  .51 
  44 TRN03A   1837 2003                                                                        .32A .53  .58  .41  .31A
  45 TRN03B   1858 2003                                                                             .55  .58  .44  .27A
  46 TRN04A   1933 2003                                                                                            .51 
  47 TRN04B   1914 2003                                                                                       .59  .59 
  48 TRN05A   1914 2003                                                                                       .52  .40 
  49 TRN05B   1919 2003                                                                                       .42  .38 
  50 TRN06A1  1490 1785                 .61  .63  .36  .56  .61  .71  .55                                              
  51 TRN06A2  1818 2003                                                                   .68  .71  .66  .52  .43  .53 
  52 TRN06B1  1550 1785                 .73  .67  .49  .68  .73  .71  .50                                              
  53 TRN06B2  1799 2003                                                              .12B .63  .76  .79  .68  .47  .53 
  54 TRN07A   1700 2003                                               .52  .53  .64  .53  .34  .56  .62  .50  .36  .58 
  55 TRN07B   1700 2003                                               .49  .47  .52  .56  .63  .57  .57  .53  .55  .68 
  56 TRN08A   1764 2003                                                         .68  .72  .60  .71  .77  .71  .46  .50 
  57 TRN08B   1631 2003                                .73  .72  .65  .61  .47  .64  .67  .45  .55  .77  .75  .66  .68 
  58 TRN09A   1746 2003                                                    .60  .67  .67  .69  .69  .69  .65  .66  .81 
  59 TRN09B   1800 2003                                                                   .65  .67  .64  .65  .67  .75 
  60 TRN10A1  1703 1882                                               .77  .73  .71  .64  .61                          
  61 TRN10A2  1890 2003                                                                                  .77  .72  .57 
  62 TRN11A   1865 2003                                                                             .49  .66  .54  .60 
  63 TRN11B   1860 2003                                                                             .45  .52  .69  .79 
  64 TRN12A   1768 2003                                                         .51B .47B .68  .45  .40  .60  .51  .57 
  65 TRN12B   1756 2003                                                         .63  .70  .69  .52  .59  .73  .70  .75 
  66 TRN13A   1638 2003                                .78  .81  .84  .82  .74  .71  .66  .64  .74  .74  .79  .84  .86 
  67 TRN13B1  1617 1723                           .61  .68                                                             
  68 TRN13B2  1772 2003                                                         .42  .63  .70  .61  .63  .66  .66  .78 
  69 TRN14A   1778 2003                                                              .73  .49  .55  .70  .72  .73  .81 
  70 TRN14B   1807 2003                                                                   .36  .51  .66  .76  .79  .85 
  71 TRN15A   1820 2003                                                                   .71  .76  .72  .72  .81  .88 
  72 TRN15B1  1702 1791                                               .65                                              
  73 TRN15B2  1819 2003                                                                   .76  .73  .78  .80  .84  .89 
  74 TRN16A1  1667 1799                                     .75  .71  .65  .58                                         
  75 TRN16A2  1810 2003                                                                   .62  .54  .59  .62  .69  .80 
  76 TRN16B   1661 2003                                     .82  .73  .64  .44  .60  .67  .70  .68  .69  .76  .80  .81 
  77 TRN17A   1641 2003                                .53  .66  .80  .88  .75  .76  .74  .73  .77  .81  .84  .87  .90 
  78 TRN17B   1631 2003                                .74  .74  .76  .78  .62  .77  .79  .28A .37  .70  .75  .74  .76 
  79 TRN18A   1652 2000                                     .78  .86  .87  .77  .85  .83  .54  .66  .77  .83  .89  .85 
  80 TRN18B   1618 2001                           .64  .77  .77  .86  .89  .79  .85  .83  .72  .77  .78  .73  .79  .89 
  81 TRN19A   1664 2003                                     .72  .69  .63  .54  .71  .70  .46  .57  .62  .71  .68  .75 
  82 TRN19B   1647 2001                                .70  .67  .70  .62  .51  .77  .80  .50  .60  .66  .74  .70  .73 
  83 TRN20A   1608 2003                           .58  .80  .83  .88  .88  .67  .74  .76  .66  .69  .65  .70  .77  .85 
  84 TRN20B1  1588 1792                      .75  .41  .72  .79  .90  .93                                              
  85 TRN20B2  1820 2003                                                                   .49  .65  .65  .69  .74  .76 
  86 TRN21A   1709 2003                                               .78  .55  .60  .65  .70  .71  .69  .70  .76  .71 
  87 TRN21B   1703 2003                                               .75  .58  .75  .78  .57  .67  .67  .71  .74  .70 
  88 TRN22A   1736 2003                                                    .74  .82  .83  .68  .73  .68  .69  .74  .70 
  89 TRN22B   1709 2003                                               .89  .78  .82  .85  .75  .72  .68  .74  .75  .77 
  90 TRN23A   1777 2003                                                              .37B .51  .55  .51  .54  .73  .84 
  91 TRN23B   1777 2003                                                              .64  .52  .56  .63  .65  .67  .74 
 Av segment correlation                 .68  .72  .61  .71  .72  .76  .72  .66  .70  .66  .58  .65  .67  .66  .67  .66 

 FLAGGED SEGMENTS: morc016
-----------------------------------------------------------------------------------------------------------------------------------
 Seq Series   Segment    Flag  r dated  Best lag  r at lag   Gain  Note
 --- -------- ---------  ----  -------  --------  --------  -----  -----------------
   5 IFR03A   1900 1949     B     .246        -1      .568   .322
   5 IFR03A   1925 1974     B     .253        -1      .579   .325
   9 IFR04A   1800 1849     B     .470        -5      .493   .023
  12 IFR11A   1800 1849     B     .341         4      .480   .140
  12 IFR11A   1825 1874     A     .259         0
  40 TRN01A   1950 1999     A     .320         0
  41 TRN01B   1825 1874     A     .305         0
  42 TRN02A   1950 1999     B     .236       -10      .259   .023  weak at every lag
  43 TRN02B   1850 1899     B     .289        -8      .311   .022  weak at every lag
  44 TRN03A   1850 1899     A     .321         0
  44 TRN03A   1950 1999     A     .307         0
  45 TRN03B   1950 1999     A     .275         0
  53 TRN06B2  1800 1849     B     .124         3      .346   .222
  64 TRN12A   1775 1824     B     .505         1      .586   .081
  64 TRN12A   1800 1849     B     .469         1      .657   .188
  78 TRN17B   1825 1874     A     .278         0
  90 TRN23A   1800 1849     B     .375        -3      .410   .036

 DESCRIPTIVE STATISTICS: morc016
-----------------------------------------------------------------------------------------------------------------------------------

                                                Corr   //-------- Unfiltered --------\\  //-- dplR filtered --\\
                           No.    No.    No.    with   Mean   Max     Std   Auto   Mean   Max     Std   Auto  AR
 Seq Series   Interval   Years  Segmt  Flags   Master  msmt   msmt    dev   corr   sens  value    dev   corr  ()
 --- -------- ---------  -----  -----  -----   ------ -----  -----  -----  -----  -----  -----  -----  -----  --
   1 IFR01A   1598 1973    376     13      0    .695   1.06   3.88   .727   .885   .233   2.09   .246   .003   2
   2 IFR01B   1649 1984    336     11      0    .710    .85   2.90   .442   .893   .194   1.79   .205   .006   2
   3 IFR02A   1667 1952    286     10      0    .642   1.06   2.98   .674   .902   .270   1.96   .278  -.000   1
   4 IFR02B   1627 1976    350     12      0    .613   1.10   6.72   .844   .881   .242   2.24   .278   .008   1
   5 IFR03A   1820 1984    165      5      2    .475    .41   1.17   .238   .919   .209   1.67   .222   .010   1
   6 IFR03B   1830 1984    155      4      0    .767    .42   1.02   .171   .792   .210   1.54   .215   .036   1
   7 IFR03C   1550 1790    241      7      0    .661    .52   1.09   .258   .876   .272   2.25   .285  -.018   1
   8 IFR03D   1550 1790    241      7      0    .774    .67   1.61   .260   .805   .221   1.57   .223  -.040   1
   9 IFR04A   1701 1984    284      9      1    .593    .66   1.85   .410   .910   .293   2.39   .293   .003   1
  10 IFR04B   1851 1984    134      3      0    .661    .56   1.51   .272   .785   .252   1.75   .278  -.021   1
  11 IFR04C   1570 1790    221      7      0    .713    .90   3.36   .554   .876   .288   2.34   .308  -.013   2
  12 IFR11A   1773 1984    212      7      2    .597   1.51   4.01   .749   .827   .224   1.92   .244   .002   2
  13 IFR11B   1775 1984    210      6      0    .603   1.53   4.45   .871   .815   .245   2.06   .270  -.003   2
  14 IFR12A   1586 1814    229      7      0    .707    .64   2.00   .367   .807   .358   1.80   .325   .019   1
  15 IFR12B   1653 1984    332     11      0    .712    .48   1.19   .254   .806   .296   1.74   .292  -.002   1
  16 IFR12C   1830 1984    155      4      0    .670    .34    .90   .165   .611   .398   1.75   .343   .023   1
  17 IFR13A   1712 1984    273      9      0    .709    .62   1.98   .377   .872   .313   1.99   .287   .002   2
  18 IFR13B   1710 1984    275      9      0    .620    .62   1.85   .366   .864   .304   1.82   .296   .016   1
  19 IFR14A   1687 1984    298     10      0    .705    .51   1.45   .279   .775   .333   1.90   .321  -.021   1
  20 IFR14B   1550 1975    426     15      0    .685    .58   2.95   .427   .898   .309   2.00   .296   .001   1
  21 IFR15A   1791 1984    194      6      0    .736    .81   3.93   .396   .690   .222   1.78   .229   .133   1
  22 IFR15B   1824 1981    158      5      0    .670    .65   1.21   .232   .698   .233   1.68   .231   .018   1
  23 IFR16A   1617 1984    368     13      0    .708    .83   2.83   .494   .873   .270   1.73   .265  -.001   3
  24 IFR16B   1703 1984    282      9      0    .690    .57   1.54   .308   .863   .298   1.79   .268  -.004   2
  25 IFR18A   1700 1984    285      9      0    .684    .99   3.65   .562   .842   .271   2.10   .274   .006   2
  26 IFR18B   1630 1984    355     12      0    .613    .84   3.45   .655   .896   .316   2.11   .312   .009   1
  27 IFR19A   1830 1984    155      4      0    .758    .43    .87   .163   .671   .265   2.00   .277  -.001   2
  28 IFR19B   1830 1984    155      4      0    .778    .64   1.33   .230   .636   .245   1.79   .240  -.023   2
  29 IFR19C   1610 1790    181      5      0    .806    .92   2.35   .510   .889   .246   1.52   .238   .018   1
  30 IFR20A   1549 1983    435     15      0    .653    .79   4.74   .691   .912   .279   2.08   .301   .003   2
  31 IFR20B   1617 1790    174      5      0    .726    .71   2.68   .466   .933   .258   1.82   .256  -.018   1
  32 IFR20C   1938 1984     47      0      0    .745    .37    .69   .164   .700   .365   2.02   .331   .153   0
  33 IFR20D   1841 1984    144      4      0    .724    .28    .61   .094   .493   .272   1.65   .264  -.007   2
  34 IFR20E   1608 1706     99      2      0    .731    .99   2.97   .788   .943   .309   1.84   .300  -.024   1
  35 IFR21A   1710 1984    275      9      0    .665    .61   1.97   .264   .660   .256   1.86   .271   .047   1
  36 IFR21B   1574 1984    411     14      0    .713    .80   3.99   .583   .891   .255   1.85   .259   .003   2
  37 IFR22B   1710 1984    275      9      0    .683    .67   1.84   .372   .786   .269   1.95   .288   .057   1
  38 IFR23A   1672 1950    279     10      0    .726   1.45   5.10   .557   .768   .185   1.81   .205   .034   1
  39 IFR23B   1721 1950    230      8      0    .710   1.22   4.37   .509   .803   .179   1.90   .202   .000   2
  40 TRN01A   1830 2003    174      5      1    .480   1.97   5.61  1.315   .917   .234   1.63   .257   .058   1
  41 TRN01B   1823 2003    181      6      1    .422   1.50   8.00  1.339   .930   .224   1.92   .253  -.021   1
  42 TRN02A   1842 2003    162      5      1    .409   2.43   7.31  1.283   .844   .220   1.88   .240  -.002   3
  43 TRN02B   1834 2003    170      5      1    .478   2.24   7.27  1.252   .886   .181   1.79   .207   .016   2
  44 TRN03A   1837 2003    167      5      2    .425   2.31   5.84  1.120   .861   .200   1.66   .221   .030   1
  45 TRN03B   1858 2003    146      4      1    .438   2.42   5.03   .830   .729   .209   1.58   .224   .027   1
  46 TRN04A   1933 2003     71      1      0    .523   4.14  12.46  1.785   .604   .221   1.92   .262   .256   1
  47 TRN04B   1914 2003     90      2      0    .564   4.05   7.24  1.563   .779   .239   1.48   .232   .174   1
  48 TRN05A   1914 2003     90      2      0    .543   3.69   7.14  1.606   .754   .238   1.76   .230   .094   1
  49 TRN05B   1919 2003     85      2      0    .486   3.04   6.70  1.312   .770   .247   1.82   .249   .036   1
  50 TRN06A1  1490 1785    296      7      0    .521    .83   3.86   .638   .856   .310   2.29   .300  -.004   2
  51 TRN06A2  1818 2003    186      6      0    .567    .51   1.16   .205   .580   .343   1.65   .309   .005   1
  52 TRN06B1  1550 1785    236      7      0    .583    .94   3.06   .661   .897   .265   1.71   .266   .037   1
  53 TRN06B2  1799 2003    205      7      1    .517    .60   1.99   .335   .742   .334   2.34   .328   .049   1
  54 TRN07A   1700 2003    304     10      0    .517   1.21   3.47   .688   .819   .305   2.05   .293  -.011   2
  55 TRN07B   1700 2003    304     10      0    .539   1.12   2.94   .523   .735   .305   2.17   .288  -.009   2
  56 TRN08A   1764 2003    240      8      0    .607    .88   1.82   .270   .710   .178   1.75   .180  -.012   3
  57 TRN08B   1631 2003    373     13      0    .653    .96   2.71   .459   .838   .228   1.65   .221  -.006   2
  58 TRN09A   1746 2003    258      9      0    .683   1.48   6.09  1.228   .931   .269   1.77   .273   .014   3
  59 TRN09B   1800 2003    204      6      0    .663   1.09   2.44   .497   .705   .335   2.02   .315   .017   3
  60 TRN10A1  1703 1882    180      5      0    .696   1.35   4.30   .785   .910   .213   1.59   .213  -.019   1
  61 TRN10A2  1890 2003    114      3      0    .636    .86   1.60   .278   .573   .234   1.75   .245  -.006   1
  62 TRN11A   1865 2003    139      4      0    .566   2.87   5.76  1.069   .898   .146   1.46   .150   .015   3
  63 TRN11B   1860 2003    144      4      0    .598   2.75   6.70  1.006   .904   .123   1.38   .132  -.005   3
  64 TRN12A   1768 2003    236      8      2    .490   1.73   5.27   .809   .841   .211   1.74   .222  -.002   3
  65 TRN12B   1756 2003    248      8      0    .587   1.69   4.40   .728   .819   .210   1.78   .230   .026   1
  66 TRN13A   1638 2003    366     13      0    .753   1.08   3.70   .609   .846   .300   2.40   .293  -.002   2
  67 TRN13B1  1617 1723    107      2      0    .698   1.77   5.40  1.088   .884   .248   1.89   .264   .040   1
  68 TRN13B2  1772 2003    232      8      0    .584    .79   2.46   .444   .805   .302   1.89   .309   .004   2
  69 TRN14A   1778 2003    226      7      0    .741   1.72   4.71   .790   .857   .229   1.71   .237   .009   2
  70 TRN14B   1807 2003    197      6      0    .684   1.60   3.24   .524   .739   .204   1.53   .213  -.002   2
  71 TRN15A   1820 2003    184      6      0    .765    .93   1.98   .357   .695   .266   1.87   .253   .027   3
  72 TRN15B1  1702 1791     90      1      0    .571   1.53   4.13   .709   .641   .266   2.25   .298   .030   1
  73 TRN15B2  1819 2003    185      6      0    .805    .65   1.55   .268   .690   .288   1.59   .266   .070   1
  74 TRN16A1  1667 1799    133      4      0    .651   1.70   3.63   .810   .861   .195   2.00   .224   .147   1
  75 TRN16A2  1810 2003    194      6      0    .617    .78   1.46   .252   .699   .222   1.67   .216  -.002   1
  76 TRN16B   1661 2003    343     12      0    .701   1.13   4.16   .832   .917   .236   1.74   .245   .007   3
  77 TRN17A   1641 2003    363     13      0    .732   1.06   4.49   .484   .823   .200   1.72   .206   .005   2
  78 TRN17B   1631 2003    373     13      1    .670   1.01   3.14   .481   .847   .218   1.75   .221  -.012   1
  79 TRN18A   1652 2000    349     12      0    .794    .72   2.12   .285   .706   .261   1.83   .253   .012   1
  80 TRN18B   1618 2001    384     14      0    .801    .96   4.93   .530   .846   .257   1.76   .253   .010   1
  81 TRN19A   1664 2003    340     12      0    .681   1.14   6.44   .952   .868   .301   1.82   .296   .014   1
  82 TRN19B   1647 2001    355     13      0    .674   1.08   6.65   .867   .854   .322   2.06   .328  -.030   1
  83 TRN20A   1608 2003    396     14      0    .769    .93   3.68   .635   .886   .321   2.22   .312   .004   1
  84 TRN20B1  1588 1792    205      6      0    .797    .97   3.60   .614   .858   .283   1.88   .280   .034   1
  85 TRN20B2  1820 2003    184      6      0    .680    .57   1.62   .317   .803   .340   2.30   .330   .013   1
  86 TRN21A   1709 2003    295     10      0    .680   1.28   4.46   .949   .908   .255   1.94   .256  -.014   1
  87 TRN21B   1703 2003    301     10      0    .718   1.21   4.15   .760   .874   .287   1.85   .272  -.011   1
  88 TRN22A   1736 2003    268      9      0    .751    .82   1.84   .386   .765   .321   1.75   .301   .024   1
  89 TRN22B   1709 2003    295     10      0    .797    .96   2.24   .406   .712   .269   2.13   .267   .010   1
  90 TRN23A   1777 2003    227      7      1    .573   1.61   3.75   .624   .778   .229   1.85   .233   .000   3
  91 TRN23B   1777 2003    227      7      0    .669   1.35   3.35   .631   .849   .246   1.79   .240  -.024   1
 --- -------- ---------  -----  -----  -----   ------ -----  -----  -----  -----  -----  -----  -----  -----  --
 Total or mean:          21523    688     17    .663   1.07  12.46   .585   .823   .262   2.40   .264   .010

 DATA CHECKS (rwl.check): morc016
-----------------------------------------------------------------------------------------------------------------------------------
 rwl.check: data_files/treering/measurements/africa/morc016.rwl
 91 series, 21523 measurements, 1490-2003, 0.01 mm precision
 0 error(s), 1 warning(s), 19 note(s)
 -------------
 WARNING
   RWL_SERIES_OUTLIER (1)
     TRN02A: correlates with the rest of the collection at r = 0.298 where the collection median is 0.668 (4 MAD below it); it does not fit the collection it is in
 19 note(s) not shown; see rwl.check() or the 'check' element of this report.

 NOTES
-----------------------------------------------------------------------------------------------------------------------------------
 Report generated using dplR 1.8.1 (R 4.5.2) on 2026-10-01 16:56 PDT.
 Measurement file morc016.rwl, MD5 6ae8615792dd1c4cd307512695c9b1cd.
 Filtering: each series divided by a 32-year smoothing spline (caps()), then prewhitened with
   an AR model (order by AIC, at most 3).
 Master: biweight robust mean of the other series (leave-one-out).
 Correlation: Pearson, one-tailed, pcrit = 0.01; critical r = 0.3281 for 50-year segments.
 Segments: 50 years, lagged 25, first segment floored to 100. Lags searched: +/- 10 years.
 A segment is tested only where the series and the master cover all of it, at the dated
   position and at every lag. COFECHA also tests partial segments at the ends of a series, so
   series here may show fewer segments, and no flags can be raised at the ends of the record.
 Lags follow COFECHA: negative means rings are probably missing from the series, positive means
   false rings. A missing ring carries its lag into every segment before it, so look where the
   lag changes along a series. A B flag is a hypothesis to check on the wood; the gain says how
   seriously to take it.
 A B flag marked "weak at every lag" correlates under the critical value even at its best lag:
   the segment is weak wherever it is placed, and the shift is not evidence of a dating error.
   Treat it as a low correlation, like an A.
 Averages in the summary and the totals are weighted by the number of years in each series, as
   COFECHA's are.
 Unfiltered block and mean sensitivity: the measurements as read, and sens1().
 dplR filtered block: the series that was correlated, after filtering. COFECHA's filtered
   series is defined differently, so these three columns are not COFECHA's numbers.
 AR: order of the AR model used to prewhiten.
