
 COFECHA-style crossdating report: ak050
 Report generated using dplR 1.8.1 (R 4.5.2) on 2026-10-01 16:57 PDT
 Built with dplR's xdate.report(), not COFECHA; see the notes at the end.


      Measurement file name  : ak050.rwl
      MD5 of measurement file: 9ffc5f5abb6385ee496616a335a4b580
      Date checked           : 01OCT26
      Beginning year         : 1731
      Ending year            : 2000
      Principal investigators: Wilmking, M.
      Site name              : Nutirwik Creek
      Species information    : PCGL Picea glauca (Moench) Voss
      Latitude               : 67.1500 N
      Longitude              : 149.1300 W
      Elevation              : 100 m

      Series intercorrelation: 0.492
      Avg mean sensitivity   : 0.220
      Avg standard deviation : 0.367
      Avg autocorrelation    : 0.788
      Number dated series    : 154
      Series crossdated      : 153
      Segment length tested  : 50

      Number problem segments: 80  (A 19, B 61; 22 of the B weak at every lag)
      Pct problem segments   : 16.88


 CORRELATION OF SERIES BY SEGMENTS: ak050
-----------------------------------------------------------------------------------------------------------------------------------
 Correlations of  50-year dated segments, lagged  25 years
 Flags:  A = correlation under   .3281 but highest as dated;  B = correlation higher at other than dated position

 Seq Series  Time_span  1800 1825 1850 1875 1900 1925 1950 
                        1849 1874 1899 1924 1949 1974 1999 
 --- -------- ---------  ---- ---- ---- ---- ---- ---- ---- 
   1 BRNC65N  1890 2000                     -.03B .07B .01B
   2 BRNC65S  1890 2000                     -.21B-.11B-.13B
   3 BRNC66NE 1852 2000                 .79  .83  .68  .62 
   4 BRNC66SW 1852 2000                 .81  .87  .75  .59 
   5 BRNC80E  1878 2000                      .82  .81  .77 
   6 BRNC80W  1878 2000                      .76  .74  .66 
   7 BRNC81W  1833 1998            .75  .77  .72  .68      
   8 BRNC81E  1833 1979            .66  .68  .63  .62      
   9 BRNC43BN 1939 2000                                .77 
  10 BRNC43BS 1939 2000                                .74 
  11 BRNC72NW 1932 2000                                .69 
  12 BRNC72SE 1932 2000                                .73 
  13 BRNC62N  1819 2000       .43  .56  .73  .68  .66  .81 
  14 BRNC62S  1819 1989       .53  .58  .66  .42  .10B     
  15 BRNC30SW 1854 2000                 .63  .60  .59  .46 
  16 BRNC67NW 1938 2000                                .51 
  17 BRNC67SE 1938 2000                                .67 
  18 BRNC52NW 1898 2000                           .07B .45 
  19 BRNC52SE 1898 2000                      .29B .57  .79 
  20 BRNC71E  1858 2000                 .79  .82  .68  .72 
  21 BRNC71W  1858 2000                 .86  .86  .76  .77 
  22 BRNC79E  1855 2000                 .58  .75  .75  .71 
  23 BRNC79W  1855 2000                 .60  .62  .69  .67 
  24 BRNC77W  1875 2000                 .72  .81  .76  .76 
  25 BRNC77E  1875 2000                      .89  .84  .83 
  26 BRNC78E  1877 2000                      .68  .75  .77 
  27 BRNC78W  1877 2000                      .67  .73  .75 
  28 BRNC68W  1863 2000                 .63  .79  .78  .69 
  29 BRNC68E  1862 2000                 .68  .84  .78  .69 
  30 BRNC73E  1812 2000       .03B .45  .76  .81  .73  .63 
  31 BRNC63NE 1839 2000            .51  .72  .70  .55  .55 
  32 BRNC63SW 1838 2000            .28B .74  .80  .72  .72 
  33 BRNC74NW 1864 2000                -.17B-.15B-.07B-.13B
  34 BRNC74SE 1864 2000                -.21B-.14B-.04B-.02B
  35 BRNC82W  1731 2000  .35  .56  .43  .58  .70  .74  .62 
  36 BRNC76E  1878 2000                      .82  .79  .80 
  37 BRNC76W  1878 2000                      .79  .51  .49 
  38 BRNC69E  1896 2000                      .49  .71  .72 
  39 BRNC69W  1896 2000                      .48  .55  .58 
  40 BRNC70E  1876 2000                      .68  .70  .70 
  41 BRNC70W  1876 2000                      .72  .63  .58 
  42 BRNC42SE 1943 2000                                .62 
  43 BRNC42NW 1943 2000                                .63 
  44 BRNC51BW 1860 2000                 .65  .77  .73  .65 
  45 BRNC51BE 1860 1995                 .60  .56  .61      
  46 BRNC59NE 1947 2000                                .71 
  47 BRNC59SW 1947 2000                                .63 
  48 BRNC46NW 1936 2000                                .30A
  49 BRNC46SE 1936 2000                               -.09B
  50 BRNC45E  1907 2000                           .48  .71 
  51 BRNC57NW 1936 2000                                .54 
  52 BRNC57SE 1936 2000                                .46 
  57 BRNC83SW 1864 2000                 .70  .70  .70  .73 
  58 BRNC83NE 1864 2000                 .67  .71  .71  .73 
  59 BRNC61E  1857 2000                 .72  .83  .74  .71 
  60 BRNC61W  1857 2000                 .68  .71  .65  .69 
  61 BRNC56NW 1877 2000                      .59  .70  .64 
  62 BRNC56SE 1904 2000                           .81  .72 
  63 BRNC84NW 1878 2000                      .59  .59  .54 
  64 BRNC84SE 1878 2000                      .48  .54  .56 
  65 BRNC55E  1947 2000                                .72 
  66 BRNC55W  1947 2000                                .74 
  67 BRNC53NW 1890 2000                      .72  .81  .78 
  68 BRNC53SE 1890 2000                      .75  .72  .55 
  69 BRNC54NE 1890 2000                      .65  .68  .70 
  70 BRNC54SW 1890 1987                      .64  .68      
  71 BRNC58NE 1936 2000                                .71 
  72 BRNC58SW 1936 2000                                .63 
  73 BRNC50W  1797 2000  .24B .13B .11B .47  .61  .63  .53 
  74 BRNC50E  1797 2000  .16B .29A .42  .71  .84  .71  .68 
  75 BRNC67W  1936 2000                                .38 
  76 BRNC67E  1936 2000                                .57 
  79 BRNC03W  1852 2000                 .56  .32A .23B .37B
  80 BRNC03E  1852 2000                 .57  .43  .31A .44B
  81 BRNC13W  1859 2000                 .65  .56  .54  .71 
  82 BRNC13E  1859 2000                 .54  .46  .55  .73 
  83 BRNC06NW 1905 2000                           .57  .66 
  84 BRNC06SE 1905 2000                           .26A .29A
  85 BRNC12E  1855 2000                 .65  .61  .56  .67 
  86 BRNC12W  1855 2000                 .47  .42  .57  .70 
  87 BRNC16N  1901 2000                           .52  .47 
  88 BRNC16S  1901 2000                           .61  .67 
  89 BRNC09E  1902 2000                           .71  .54 
  90 BRNC09W  1902 2000                           .62  .56 
  91 BRNC01W  1900 2000                           .33  .47 
  93 BRNC15W  1859 2000                 .01B-.06B .01B .59 
  94 BRNC08E  1892 2000                      .23A .45  .53 
  95 BRNC08W  1892 2000                      .54  .41  .35 
  96 BRNC41NW 1894 2000                     -.16B .13B .37 
  97 BRNC41SE 1894 2000                     -.17B .22B .19B
  98 BRNC29W  1851 2000                 .38  .38  .42  .62 
  99 BRNC29E  1850 2000                 .26A .17B .26B .66 
 100 BRNC38E  1872 2000                 .74  .75  .60  .56 
 101 BRNC24W  1865 2000                 .41  .59  .73  .71 
 102 BRNC24E  1865 2000                 .52  .64  .70  .68 
 103 BRNC28W  1892 2000                      .59  .57  .57 
 104 BRNC28E  1892 2000                      .68  .64  .67 
 105 BRNC39W  1803 2000       .59  .50  .60  .59  .60  .59 
 106 BRNC39E  1803 2000       .61  .45  .61  .72  .68  .68 
 107 BRNC35E  1870 2000                 .11B .17B .48  .59 
 108 BRNC35W  1870 2000                 .15B .34  .41  .59 
 109 BRNC36W  1897 2000                      .34  .41  .57 
 110 BRNC36E  1897 2000                      .30A .62  .68 
 111 BRNC32SE 1881 2000                      .63  .54  .37 
 112 BRNC32NW 1881 2000                      .50  .45  .41 
 113 BRNC25W  1858 2000                 .54  .72  .75  .64 
 114 BRNC25E  1858 2000                 .52  .72  .66  .75 
 115 BRNC17W  1868 2000                 .53  .51  .23A .39 
 116 BRNC17E  1868 2000                 .67  .57  .51  .26A
 117 BRNC33NE 1846 2000            .44  .50  .59  .55  .54 
 118 BRNC33SW 1846 2000            .47  .64  .59  .58  .70 
 119 BRNC30N  1904 2000                           .63  .51 
 120 BRNC30S  1904 1987                           .52      
 121 BRNC34SE 1895 2000                      .36  .30A .58 
 122 BRNC34NW 1895 2000                      .49  .40  .44 
 123 BRNC31W  1880 2000                      .53  .53  .35 
 124 BRNC31E  1880 2000                      .43  .54  .44 
 125 BRNC07W  1892 2000                      .48  .53  .46 
 126 BRNC07E  1892 2000                      .15B .32A .34 
 129 BRNC22W  1812 2000       .52  .37B .41  .46  .43  .58 
 130 BRNC22E  1812 2000       .45  .40  .44  .59  .61  .61 
 131 BRNC19W  1931 2000                                .51 
 132 BRNC19E  1931 2000                                .51 
 133 BRNC11SW 1893 2000                      .35  .21B .16B
 134 BRNC11NE 1893 1996                      .51  .38      
 135 BRNC27W  1843 2000            .32A .34  .44  .38  .39 
 136 BRNC27E  1843 2000            .40  .51  .57  .52  .74 
 137 BRNC05NW 1895 2000                      .41  .46  .49 
 138 BRNC05SE 1895 2000                      .27A .55  .63 
 139 BRNC40N  1820 1994       .20B .35  .36  .45  .47      
 140 BRNC04NW 1843 2000            .65  .56  .52  .63  .63 
 141 BRNC04SE 1843 2000            .54  .33B .30B .52  .64 
 142 BRNC20E  1876 2000                      .54  .34  .15B
 143 BRNC20W  1876 2000                      .50  .25A .31A
 144 BRNC02E  1895 2000                      .25B .41  .53 
 145 BRNC14E  1840 2000            .30B .45  .49  .31A .32B
 146 BRNC14W  1840 2000            .25A .25B .35  .35  .53 
 147 BRNC23W  1875 2000                      .53  .54  .52 
 148 BRNC23E  1872 2000                 .51  .60  .50  .57 
 149 BRNC18NE 1767 2000  .22B .10B-.16B-.28B-.19B-.00B-.00B
 150 BRNC18SW 1767 2000  .14B .12B .35  .50  .60  .66  .65 
 151 BRNC37W  1907 2000                           .63  .52 
 152 BRNC37E  1907 2000                           .75  .63 
 153 BRNC26NW 1898 2000                      .45  .52  .64 
 154 BRNC26SE 1898 2000                      .49  .56  .69 
 Av segment correlation  .22  .35  .42  .53  .52  .53  .56 

 FLAGGED SEGMENTS: ak050
-----------------------------------------------------------------------------------------------------------------------------------
 Seq Series   Segment    Flag  r dated  Best lag  r at lag   Gain  Note
 --- -------- ---------  ----  -------  --------  --------  -----  -----------------
   1 BRNC65N  1900 1949     B    -.029        -1      .817   .846
   1 BRNC65N  1925 1974     B     .068        -1      .767   .699
   1 BRNC65N  1950 1999     B     .012        -1      .706   .694
   2 BRNC65S  1900 1949     B    -.212        -1      .777   .989
   2 BRNC65S  1925 1974     B    -.113        -1      .759   .872
   2 BRNC65S  1950 1999     B    -.135        -1      .774   .909
  14 BRNC62S  1925 1974     B     .098        -2      .334   .236
  18 BRNC52NW 1925 1974     B     .068        -1      .641   .573
  19 BRNC52SE 1900 1949     B     .290         2      .383   .092
  30 BRNC73E  1825 1874     B     .029        -3      .361   .332
  32 BRNC63SW 1850 1899     B     .284        -6      .341   .057
  33 BRNC74NW 1875 1924     B    -.169        -1      .779   .949
  33 BRNC74NW 1900 1949     B    -.152        -1      .874  1.026
  33 BRNC74NW 1925 1974     B    -.073        -1      .791   .865
  33 BRNC74NW 1950 1999     B    -.126        -1      .667   .793
  34 BRNC74SE 1875 1924     B    -.207        -1      .630   .837
  34 BRNC74SE 1900 1949     B    -.139        -1      .788   .927
  34 BRNC74SE 1925 1974     B    -.041        -1      .800   .840
  34 BRNC74SE 1950 1999     B    -.024        -1      .752   .776
  48 BRNC46NW 1950 1999     A     .302         0
  49 BRNC46SE 1950 1999     B    -.088        -1      .493   .581
  73 BRNC50W  1800 1849     B     .238        -4      .454   .215
  73 BRNC50W  1825 1874     B     .129        -4      .392   .263
  73 BRNC50W  1850 1899     B     .110        -6      .327   .216  weak at every lag
  74 BRNC50E  1800 1849     B     .160        -4      .236   .076  weak at every lag
  74 BRNC50E  1825 1874     A     .294         0
  79 BRNC03W  1900 1949     A     .324         0
  79 BRNC03W  1925 1974     B     .225        10      .301   .075  weak at every lag
  79 BRNC03W  1950 1999     B     .373        -7      .385   .012
  80 BRNC03E  1925 1974     A     .313         0
  80 BRNC03E  1950 1999     B     .437        -4      .450   .014
  84 BRNC06SE 1925 1974     A     .262         0
  84 BRNC06SE 1950 1999     A     .291         0
  93 BRNC15W  1875 1924     B     .007         2      .548   .541
  93 BRNC15W  1900 1949     B    -.056         2      .326   .382  weak at every lag
  93 BRNC15W  1925 1974     B     .014         1      .261   .247  weak at every lag
  94 BRNC08E  1900 1949     A     .234         0
  96 BRNC41NW 1900 1949     B    -.159        -1      .341   .500
  96 BRNC41NW 1925 1974     B     .131        -9      .231   .100  weak at every lag
  97 BRNC41SE 1900 1949     B    -.170         4      .311   .481  weak at every lag
  97 BRNC41SE 1925 1974     B     .222         7      .260   .037  weak at every lag
  97 BRNC41SE 1950 1999     B     .189         1      .379   .190
  99 BRNC29E  1875 1924     A     .261         0
  99 BRNC29E  1900 1949     B     .169        -9      .413   .244
  99 BRNC29E  1925 1974     B     .264        -9      .325   .061  weak at every lag
 107 BRNC35E  1875 1924     B     .109         1      .256   .148  weak at every lag
 107 BRNC35E  1900 1949     B     .173        -3      .230   .058  weak at every lag
 108 BRNC35W  1875 1924     B     .147         3      .263   .116  weak at every lag
 110 BRNC36E  1900 1949     A     .302         0
 115 BRNC17W  1925 1974     A     .231         0
 116 BRNC17E  1950 1999     A     .262         0
 121 BRNC34SE 1925 1974     A     .299         0
 126 BRNC07E  1900 1949     B     .149        -1      .246   .097  weak at every lag
 126 BRNC07E  1925 1974     A     .324         0
 129 BRNC22W  1850 1899     B     .370        -4      .377   .007
 133 BRNC11SW 1925 1974     B     .208         8      .364   .156
 133 BRNC11SW 1950 1999     B     .156        -8      .161   .005  weak at every lag
 135 BRNC27W  1850 1899     A     .322         0
 138 BRNC05SE 1900 1949     A     .272         0
 139 BRNC40N  1825 1874     B     .201        -2      .409   .208
 141 BRNC04SE 1875 1924     B     .325         9      .340   .015
 141 BRNC04SE 1900 1949     B     .297         7      .351   .054
 142 BRNC20E  1950 1999     B     .151        -8      .233   .082  weak at every lag
 143 BRNC20W  1925 1974     A     .250         0
 143 BRNC20W  1950 1999     A     .307         0
 144 BRNC02E  1900 1949     B     .252         1      .270   .018  weak at every lag
 145 BRNC14E  1850 1899     B     .303        10      .320   .017  weak at every lag
 145 BRNC14E  1925 1974     A     .310         0
 145 BRNC14E  1950 1999     B     .317         1      .383   .066
 146 BRNC14W  1850 1899     A     .254         0
 146 BRNC14W  1875 1924     B     .249         7      .280   .031  weak at every lag
 149 BRNC18NE 1800 1849     B     .219         5      .265   .046  weak at every lag
 149 BRNC18NE 1825 1874     B     .095        -1      .287   .192  weak at every lag
 149 BRNC18NE 1850 1899     B    -.156        -1      .424   .580
 149 BRNC18NE 1875 1924     B    -.278        -1      .400   .677
 149 BRNC18NE 1900 1949     B    -.188        -1      .448   .636
 149 BRNC18NE 1925 1974     B    -.004        -1      .349   .353
 149 BRNC18NE 1950 1999     B    -.004        -9      .215   .220  weak at every lag
 150 BRNC18SW 1800 1849     B     .139         4      .237   .098  weak at every lag
 150 BRNC18SW 1825 1874     B     .116        10      .342   .226

 DESCRIPTIVE STATISTICS: ak050
-----------------------------------------------------------------------------------------------------------------------------------

                                                Corr   //-------- Unfiltered --------\\  //-- dplR filtered --\\
                           No.    No.    No.    with   Mean   Max     Std   Auto   Mean   Max     Std   Auto  AR
 Seq Series   Interval   Years  Segmt  Flags   Master  msmt   msmt    dev   corr   sens  value    dev   corr  ()
 --- -------- ---------  -----  -----  -----   ------ -----  -----  -----  -----  -----  -----  -----  -----  --
   1 BRNC65N  1890 2000    111      3      3    .031    .98   1.85   .377   .783   .196   1.44   .188   .011   1
   2 BRNC65S  1890 2000    111      3      3   -.162   1.38   2.59   .451   .602   .218   1.76   .219  -.031   3
   3 BRNC66NE 1852 2000    149      4      0    .695    .87   1.92   .347   .772   .200   1.66   .205   .021   1
   4 BRNC66SW 1852 2000    149      4      0    .688   1.15   2.65   .411   .768   .177   1.66   .188  -.006   1
   5 BRNC80E  1878 2000    123      3      0    .767    .84   1.68   .315   .643   .243   1.81   .237  -.018   1
   6 BRNC80W  1878 2000    123      3      0    .715   1.10   2.39   .425   .648   .247   1.55   .228   .122   0
   7 BRNC81W  1833 1998    166      4      0    .710    .87   1.49   .280   .745   .198   1.43   .186   .083   1
   8 BRNC81E  1833 1979    147      4      0    .622    .81   1.64   .277   .809   .174   1.61   .185   .070   1
   9 BRNC43BN 1939 2000     62      1      0    .755   1.84   3.22   .556   .719   .189   1.58   .183  -.081   1
  10 BRNC43BS 1939 2000     62      1      0    .721   1.45   2.68   .482   .692   .201   1.54   .197  -.049   1
  11 BRNC72NW 1932 2000     69      1      0    .733   1.72   2.88   .526   .689   .202   1.43   .172  -.031   3
  12 BRNC72SE 1932 2000     69      1      0    .726   1.62   3.56   .609   .775   .202   1.58   .201  -.078   1
  13 BRNC62N  1819 2000    182      6      0    .607    .85   1.84   .285   .598   .235   2.01   .237   .008   2
  14 BRNC62S  1819 1989    171      5      1    .402   1.21   3.04   .471   .735   .233   1.68   .231  -.019   1
  15 BRNC30SW 1854 2000    147      4      0    .503    .74   1.64   .414   .891   .182   1.80   .185  -.007   1
  16 BRNC67NW 1938 2000     63      1      0    .581   1.66   3.24   .748   .843   .210   1.64   .194   .052   0
  17 BRNC67SE 1938 2000     63      1      0    .688   1.48   2.36   .450   .658   .210   1.41   .181   .091   0
  18 BRNC52NW 1898 2000    103      2      1    .132   1.02   2.50   .485   .806   .264   2.07   .275  -.096   3
  19 BRNC52SE 1898 2000    103      3      1    .423   1.27   2.18   .452   .733   .235   1.62   .248   .001   1
  20 BRNC71E  1858 2000    143      4      0    .732    .70   1.73   .369   .842   .222   1.63   .224  -.037   1
  21 BRNC71W  1858 2000    143      4      0    .819    .87   1.90   .347   .744   .209   1.56   .204   .005   1
  22 BRNC79E  1855 2000    146      4      0    .614    .63   1.41   .246   .717   .219   1.57   .215   .008   1
  23 BRNC79W  1855 2000    146      4      0    .577    .69   1.58   .309   .807   .218   1.83   .242   .041   1
  24 BRNC77W  1875 2000    126      4      0    .733    .90   1.85   .304   .600   .234   1.76   .217   .058   0
  25 BRNC77E  1875 2000    126      3      0    .811   1.10   2.41   .448   .744   .218   1.58   .206  -.005   1
  26 BRNC78E  1877 2000    124      3      0    .718    .76   1.55   .249   .583   .232   1.97   .234   .014   1
  27 BRNC78W  1877 2000    124      3      0    .652   1.19   2.67   .551   .818   .215   1.77   .222   .006   1
  28 BRNC68W  1863 2000    138      4      0    .636    .86   2.39   .489   .876   .202   1.64   .212   .016   1
  29 BRNC68E  1862 2000    139      4      0    .647    .76   2.02   .428   .905   .194   1.67   .199   .026   1
  30 BRNC73E  1812 2000    189      6      1    .402    .81   2.16   .412   .811   .249   2.64   .283  -.021   1
  31 BRNC63NE 1839 2000    162      5      0    .570   1.15   2.75   .642   .885   .209   1.70   .221   .011   1
  32 BRNC63SW 1838 2000    163      5      1    .550    .97   2.48   .620   .901   .229   1.83   .248  -.001   2
  33 BRNC74NW 1864 2000    137      4      4   -.107    .89   1.82   .366   .672   .257   1.71   .235  -.005   1
  34 BRNC74SE 1864 2000    137      4      4   -.076   1.01   2.55   .461   .618   .250   1.98   .258   .098   0
  35 BRNC82W  1731 2000    270      7      0    .452    .42   1.54   .256   .843   .238   1.87   .257   .017   1
  36 BRNC76E  1878 2000    123      3      0    .778   1.02   2.26   .436   .772   .197   1.57   .201   .030   1
  37 BRNC76W  1878 2000    123      3      0    .655    .84   1.86   .380   .795   .210   1.57   .189  -.005   1
  38 BRNC69E  1896 2000    105      3      0    .521   1.08   2.16   .469   .864   .179   1.74   .206  -.028   1
  39 BRNC69W  1896 2000    105      3      0    .434   1.21   2.49   .520   .870   .189   1.74   .204  -.034   1
  40 BRNC70E  1876 2000    125      3      0    .671    .81   1.90   .417   .850   .208   1.63   .217  -.045   1
  41 BRNC70W  1876 2000    125      3      0    .678    .70   1.56   .349   .877   .186   1.88   .197   .010   1
  42 BRNC42SE 1943 2000     58      1      0    .647   1.96   4.51  1.082   .867   .251   1.39   .216   .074   0
  43 BRNC42NW 1943 2000     58      1      0    .623   1.90   4.19   .915   .861   .208   1.34   .184   .060   0
  44 BRNC51BW 1860 2000    141      4      0    .458    .64   1.38   .255   .752   .208   2.98   .308  -.272   1
  45 BRNC51BE 1860 1995    136      3      0    .425    .33   1.17   .227   .817   .266   2.91   .355  -.180   1
  46 BRNC59NE 1947 2000     54      1      0    .705   1.65   2.77   .450   .599   .191   1.50   .195   .060   1
  47 BRNC59SW 1947 2000     54      1      0    .581   2.21   3.48   .668   .543   .231   1.61   .231  -.043   2
  48 BRNC46NW 1936 2000     65      1      1    .278   1.24   3.14   .633   .622   .369   1.81   .343  -.002   3
  49 BRNC46SE 1936 2000     65      1      1   -.102   1.63   4.15   .890   .623   .312   2.04   .316   .003   1
  50 BRNC45E  1907 2000     94      2      0    .501   1.14   2.83   .470   .758   .200   1.99   .236  -.015   1
  51 BRNC57NW 1936 2000     65      1      0    .555    .73   2.27   .633   .913   .284   1.85   .286  -.036   1
  52 BRNC57SE 1936 2000     65      1      0    .473    .90   2.71   .797   .934   .247   1.68   .269   .067   1
  53 BRNC49SE 1971 2000     30      0      0    .330   1.73   3.44   .853   .867   .240   1.46   .250   .022   1
  54 BRNC49NW 1971 2000     30      0      0    .525   1.73   3.14   .699   .753   .238   1.42   .213  -.038   2
  55 BRNC60N  1950 2000     51      0      0    .537   1.39   2.88   .701   .798   .221   1.62   .217  -.003   3
  56 BRNC60S  1950 2000     51      0      0    .522   1.52   3.16   .770   .813   .226   1.61   .228   .035   1
  57 BRNC83SW 1864 2000    137      4      0    .699    .62   1.57   .302   .894   .178   1.75   .186   .080   2
  58 BRNC83NE 1864 2000    137      4      0    .693    .62   1.55   .298   .895   .178   1.72   .187  -.000   1
  59 BRNC61E  1857 2000    144      4      0    .700    .74   1.78   .334   .808   .235   1.64   .243  -.015   1
  60 BRNC61W  1857 2000    144      4      0    .641    .74   1.66   .390   .815   .265   1.91   .276  -.020   1
  61 BRNC56NW 1877 2000    124      3      0    .433   1.02   2.28   .431   .772   .212   1.71   .215   .001   2
  62 BRNC56SE 1904 2000     97      2      0    .659    .99   1.43   .290   .769   .170   1.35   .166  -.059   1
  63 BRNC84NW 1878 2000    123      3      0    .560   1.32   2.77   .440   .700   .200   1.75   .200   .024   2
  64 BRNC84SE 1878 2000    123      3      0    .539   1.52   3.15   .534   .697   .223   1.69   .210   .021   1
  65 BRNC55E  1947 2000     54      1      0    .720   2.65   4.42   .790   .603   .213   1.55   .192   .124   0
  66 BRNC55W  1947 2000     54      1      0    .731   2.35   6.07  1.162   .755   .242   1.83   .263  -.004   2
  67 BRNC53NW 1890 2000    111      3      0    .736   1.02   1.97   .379   .580   .273   2.07   .269  -.047   1
  68 BRNC53SE 1890 2000    111      3      0    .668    .70   1.66   .371   .800   .235   1.57   .229  -.042   1
  69 BRNC54NE 1890 2000    111      3      0    .649   1.21   2.17   .395   .612   .238   2.03   .227   .005   2
  70 BRNC54SW 1890 1987     98      2      0    .599   1.28   2.58   .449   .667   .219   2.03   .218   .004   2
  71 BRNC58NE 1936 2000     65      1      0    .607   1.17   2.26   .511   .815   .220   1.44   .226  -.076   3
  72 BRNC58SW 1936 2000     65      1      0    .598   2.26   5.16  1.121   .826   .239   1.70   .244   .070   1
  73 BRNC50W  1797 2000    204      7      3    .349    .43   1.54   .328   .906   .237   2.05   .264  -.013   1
  74 BRNC50E  1797 2000    204      7      2    .436    .42    .95   .186   .724   .254   2.24   .274   .013   1
  75 BRNC67W  1936 2000     65      1      0    .400    .97   3.18   .567   .708   .365   1.91   .348  -.018   2
  76 BRNC67E  1936 2000     65      1      0    .620   1.17   3.10   .662   .697   .325   1.78   .301  -.014   3
  77 BRNC44E  1967 2000     34      0      0    .412   1.66   4.15   .910   .806   .254   1.56   .250   .063   2
  78 BRNC44W  1967 2000     34      0      0    .562   1.69   2.83   .662   .764   .246   1.43   .215   .037   0
  79 BRNC03W  1852 2000    149      4      3    .398    .41   1.49   .177   .729   .214   2.00   .231   .007   3
  80 BRNC03E  1852 2000    149      4      2    .436    .38   1.65   .219   .811   .221   1.95   .264   .004   3
  81 BRNC13W  1859 2000    142      4      0    .643    .45    .95   .179   .774   .229   1.61   .242  -.008   1
  82 BRNC13E  1859 2000    142      4      0    .517    .32    .80   .136   .786   .202   1.71   .227   .030   1
  83 BRNC06NW 1905 2000     96      2      0    .641    .69   1.65   .363   .870   .217   1.59   .219  -.048   3
  84 BRNC06SE 1905 2000     96      2      2    .474    .46   1.57   .237   .846   .198   1.70   .219  -.041   3
  85 BRNC12E  1855 2000    146      4      0    .592    .45   1.31   .182   .608   .243   2.68   .280   .008   1
  86 BRNC12W  1855 2000    146      4      0    .555    .42   1.62   .232   .818   .212   2.23   .259  -.031   1
  87 BRNC16N  1901 2000    100      2      0    .555    .43   1.40   .262   .856   .179   1.55   .186  -.048   1
  88 BRNC16S  1901 2000    100      2      0    .587    .27    .91   .163   .836   .236   1.78   .214   .132   0
  89 BRNC09E  1902 2000     99      2      0    .581    .36   1.18   .229   .848   .287   2.32   .322   .151   2
  90 BRNC09W  1902 2000     99      2      0    .566    .49   1.33   .271   .874   .241   1.59   .225   .210   2
  91 BRNC01W  1900 2000    101      2      0    .497    .51   1.36   .213   .738   .240   1.57   .232   .022   1
  92 BRNC01E  1900 2000    101                          .98  52.92  5.224   .237   .249                         
  93 BRNC15W  1859 2000    142      4      3    .082    .33    .80   .181   .833   .264   2.05   .289   .014   2
  94 BRNC08E  1892 2000    109      3      1    .382    .48   1.12   .237   .801   .269   2.20   .283   .194   1
  95 BRNC08W  1892 2000    109      3      0    .441    .62   1.92   .332   .797   .255   1.72   .251   .122   1
  96 BRNC41NW 1894 2000    107      3      2   -.038    .72   2.62   .692   .914   .299   3.32   .403   .050   1
  97 BRNC41SE 1894 2000    107      3      3   -.095    .51   1.39   .412   .938   .255   2.68   .299  -.008   2
  98 BRNC29W  1851 2000    150      4      0    .369    .67   1.53   .374   .908   .185   1.87   .223   .029   1
  99 BRNC29E  1850 2000    151      4      3    .314    .53   2.03   .364   .898   .177   2.72   .258   .039   2
 100 BRNC38E  1872 2000    129      4      0    .646    .64   1.90   .405   .868   .228   1.74   .246   .002   2
 101 BRNC24W  1865 2000    136      4      0    .538    .84   2.63   .510   .910   .184   1.51   .198   .007   1
 102 BRNC24E  1865 2000    136      4      0    .584    .66   1.46   .314   .879   .193   1.78   .197   .043   1
 103 BRNC28W  1892 2000    109      3      0    .575    .83   2.35   .294   .635   .209   1.68   .224   .024   1
 104 BRNC28E  1892 2000    109      3      0    .658   1.63   4.18   .712   .794   .200   1.96   .223  -.043   3
 105 BRNC39W  1803 2000    198      6      0    .519    .43    .93   .196   .848   .193   1.73   .200   .004   2
 106 BRNC39E  1803 2000    198      6      0    .548    .45    .83   .143   .694   .191   1.81   .199  -.017   1
 107 BRNC35E  1870 2000    131      4      2    .290    .49   2.02   .336   .869   .229   2.12   .307  -.029   1
 108 BRNC35W  1870 2000    131      4      1    .300    .48   1.32   .328   .916   .219   1.78   .242   .014   1
 109 BRNC36W  1897 2000    104      3      0    .438    .55   1.35   .321   .865   .236   1.65   .250  -.004   1
 110 BRNC36E  1897 2000    104      3      1    .464    .66   2.52   .554   .913   .225   1.79   .245  -.042   1
 111 BRNC32SE 1881 2000    120      3      0    .518    .50   1.06   .220   .854   .194   2.28   .233  -.031   1
 112 BRNC32NW 1881 2000    120      3      0    .480    .54   1.15   .213   .790   .207   1.90   .220   .002   2
 113 BRNC25W  1858 2000    143      4      0    .598    .42   1.82   .327   .934   .189   1.73   .221   .029   1
 114 BRNC25E  1858 2000    143      4      0    .580    .41   1.13   .238   .903   .221   2.18   .246   .007   1
 115 BRNC17W  1868 2000    133      4      1    .450    .45   1.03   .190   .762   .210   1.72   .251   .057   3
 116 BRNC17E  1868 2000    133      4      1    .408    .43   1.46   .223   .790   .217   2.11   .254   .051   1
 117 BRNC33NE 1846 2000    155      5      0    .517    .41   1.40   .266   .886   .194   1.77   .200   .027   1
 118 BRNC33SW 1846 2000    155      5      0    .592    .33   1.02   .176   .850   .202   1.97   .240   .070   1
 119 BRNC30N  1904 2000     97      2      0    .550    .80   1.94   .343   .806   .216   1.51   .219   .035   1
 120 BRNC30S  1904 1987     84      1      0    .484    .83   1.75   .277   .554   .220   1.73   .209   .135   0
 121 BRNC34SE 1895 2000    106      3      1    .419    .56   1.68   .336   .898   .210   1.68   .248  -.065   1
 122 BRNC34NW 1895 2000    106      3      0    .455    .48   1.09   .154   .752   .171   1.69   .194   .026   1
 123 BRNC31W  1880 2000    121      3      0    .502    .51   1.04   .234   .898   .178   1.52   .175   .025   2
 124 BRNC31E  1880 2000    121      3      0    .445    .42   1.08   .194   .816   .219   1.63   .234   .025   2
 125 BRNC07W  1892 2000    109      3      0    .475    .27    .55   .089   .618   .211   1.55   .219   .003   1
 126 BRNC07E  1892 2000    109      3      2    .237    .26    .57   .119   .732   .243   2.32   .268   .016   1
 127 BRNC21E  1956 2000     45      0      0    .254    .84   2.27   .542   .864   .271   1.70   .274  -.023   1
 128 BRNC21W  1956 2000     45      0      0    .276    .86   1.95   .504   .895   .210   1.68   .234   .072   1
 129 BRNC22W  1812 2000    189      6      1    .458    .32    .76   .129   .731   .216   1.69   .216  -.003   3
 130 BRNC22E  1812 2000    189      6      0    .486    .26    .76   .135   .883   .188   1.64   .197  -.009   3
 131 BRNC19W  1931 2000     70      1      0    .462    .68   1.40   .281   .774   .215   1.79   .234   .028   1
 132 BRNC19E  1931 2000     70      1      0    .378    .61   1.47   .292   .780   .223   1.76   .245   .089   1
 133 BRNC11SW 1893 2000    108      3      2    .315    .36   1.29   .231   .820   .189   1.68   .201   .019   3
 134 BRNC11NE 1893 1996    104      2      0    .501    .76   1.30   .207   .608   .187   1.69   .182  -.009   3
 135 BRNC27W  1843 2000    158      5      1    .388    .31   1.16   .148   .738   .234   2.09   .258  -.008   3
 136 BRNC27E  1843 2000    158      5      0    .496    .34   1.23   .171   .723   .203   2.18   .235   .004   3
 137 BRNC05NW 1895 2000    106      3      0    .437    .79   2.05   .469   .879   .232   1.73   .245   .000   1
 138 BRNC05SE 1895 2000    106      3      1    .423    .46    .87   .185   .848   .190   1.63   .210   .077   1
 139 BRNC40N  1820 1994    175      5      1    .270    .36   1.03   .286   .942   .216   1.87   .240   .000   1
 140 BRNC04NW 1843 2000    158      5      0    .581    .46    .90   .166   .711   .229   1.83   .243   .030   1
 141 BRNC04SE 1843 2000    158      5      2    .451    .30    .81   .137   .832   .205   1.78   .236   .003   1
 142 BRNC20E  1876 2000    125      3      1    .355    .43   1.40   .260   .836   .224   1.75   .239  -.067   3
 143 BRNC20W  1876 2000    125      3      2    .425    .38   2.92   .428   .915   .253   1.74   .264  -.001   3
 144 BRNC02E  1895 2000    106      3      1    .333    .31   1.08   .233   .800   .307   2.49   .373   .081   1
 145 BRNC14E  1840 2000    161      5      3    .394    .25    .55   .123   .852   .199   1.68   .206   .030   1
 146 BRNC14W  1840 2000    161      5      2    .373    .31    .86   .142   .846   .188   1.57   .198   .045   1
 147 BRNC23W  1875 2000    126      3      0    .457    .43   1.36   .230   .753   .244   2.51   .303  -.033   1
 148 BRNC23E  1872 2000    129      4      0    .496    .28    .92   .176   .905   .193   1.86   .210  -.044   1
 149 BRNC18NE 1767 2000    234      7      7   -.011    .29    .80   .135   .702   .226   2.93   .275  -.010   3
 150 BRNC18SW 1767 2000    234      7      2    .268    .32    .97   .150   .788   .202   1.85   .211   .017   1
 151 BRNC37W  1907 2000     94      2      0    .648    .93   1.81   .320   .555   .253   1.66   .232  -.031   1
 152 BRNC37E  1907 2000     94      2      0    .668    .85   2.01   .360   .749   .226   1.60   .210   .130   0
 153 BRNC26NW 1898 2000    103      3      0    .507    .54   1.24   .239   .853   .185   1.62   .182  -.019   2
 154 BRNC26SE 1898 2000    103      3      0    .557    .56   1.06   .209   .771   .214   1.55   .220  -.005   1
 --- -------- ---------  -----  -----  -----   ------ -----  -----  -----  -----  -----  -----  -----  -----  --
 Total or mean:          18228    474     80    .492    .73  52.92   .367   .788   .220   3.32   .234   .009

 DATA CHECKS (rwl.check): ak050
-----------------------------------------------------------------------------------------------------------------------------------
 rwl.check: data_files/treering/measurements/northamerica/usa/ak050.rwl
 154 series, 18228 measurements, 1731-2000, 0.001 mm precision
 5 error(s), 1 warning(s), 68 note(s)
 -------------
 ERROR
   RWL_DATING_LAG (5)
     BRNC46SE: correlates best with the master at lag -1 (r = 0.516 against r = 0.088 as dated); the series may be misdated by 1 year(s), most likely a missing ring
     BRNC65N: correlates best with the master at lag -1 (r = 0.722 against r = 0.308 as dated); the series may be misdated by 1 year(s), most likely a missing ring
     BRNC65S: correlates best with the master at lag -1 (r = 0.691 against r = 0.169 as dated); the series may be misdated by 1 year(s), most likely a missing ring
     BRNC74NW: correlates best with the master at lag -1 (r = 0.665 against r = 0.164 as dated); the series may be misdated by 1 year(s), most likely a missing ring
     BRNC74SE: correlates best with the master at lag -1 (r = 0.618 against r = 0.161 as dated); the series may be misdated by 1 year(s), most likely a missing ring
 -------------
 WARNING
   RWL_SERIES_OUTLIER (1)
     BRNC41SE: correlates with the rest of the collection at r = -0.115 where the collection median is 0.512 (4.1 MAD below it); it does not fit the collection it is in
 68 note(s) not shown; see rwl.check() or the 'check' element of this report.

 NOTES
-----------------------------------------------------------------------------------------------------------------------------------
 Report generated using dplR 1.8.1 (R 4.5.2) on 2026-10-01 16:57 PDT.
 Measurement file ak050.rwl, MD5 9ffc5f5abb6385ee496616a335a4b580.
 Filtering: each series divided by a 32-year smoothing spline (caps()), then prewhitened with
   an AR model (order by AIC, at most 3).
 Master: biweight robust mean of the other series (leave-one-out).
 Correlation: Pearson, one-tailed, pcrit = 0.01; critical r = 0.3281 for 50-year segments.
 Segments: 50 years, lagged 25, first segment floored to 100. Lags searched: +/- 10 years.
 A segment is tested only where the series and the master cover all of it, at the dated
   position and at every lag. COFECHA also tests partial segments at the ends of a series, so
   series here may show fewer segments, and no flags can be raised at the ends of the record.
 Lags follow COFECHA: negative means rings are probably missing from the series, positive means
   false rings. A missing ring carries its lag into every segment before it, so look where the
   lag changes along a series. A B flag is a hypothesis to check on the wood; the gain says how
   seriously to take it.
 A B flag marked "weak at every lag" correlates under the critical value even at its best lag:
   the segment is weak wherever it is placed, and the shift is not evidence of a dating error.
   Treat it as a low correlation, like an A.
 Averages in the summary and the totals are weighted by the number of years in each series, as
   COFECHA's are.
 Unfiltered block and mean sensitivity: the measurements as read, and sens1().
 dplR filtered block: the series that was correlated, after filtering. COFECHA's filtered
   series is defined differently, so these three columns are not COFECHA's numbers.
 AR: order of the AR model used to prewhiten.
 Left out of the crossdating: the 'nyrs' spline for series BRNC01E is not all positive, so
   dividing by it would give negative or infinite indices. Remove the series, or detrend the
   data yourself with detrend() and pass the indices with 'nyrs = NULL'
