
 COFECHA-style crossdating report: ak094
 Report generated using dplR 1.8.1 (R 4.5.2) on 2026-10-01 16:48 PDT
 Built with dplR's xdate.report(), not COFECHA; see the notes at the end.


      Measurement file name  : ak094.rwl
      MD5 of measurement file: 2892ea1f5e5bde3eb3bd0ac724db21cd
      Date checked           : 01OCT26
      Beginning year         : 873
      Ending year            : 1991
      Principal investigators: Barclay, D.; Wiles, G.
      Site name              : Prince William Sound
      Species information    : TSME Tsuga mertensiana (Bong.) Carrière
      Latitude               : 60.4500 N
      Longitude              : 148.3300 W
      Elevation              : 100 m

      Series intercorrelation: 0.621
      Avg mean sensitivity   : 0.298
      Avg standard deviation : 0.280
      Avg autocorrelation    : 0.761
      Number dated series    : 111
      Segment length tested  : 50

      Number problem segments: 3  (A 1, B 2)
      Pct problem segments   : 0.38


 CORRELATION OF SERIES BY SEGMENTS: ak094
-----------------------------------------------------------------------------------------------------------------------------------
 Correlations of  50-year dated segments, lagged  25 years
 Flags:  A = correlation under   .3281 but highest as dated;  B = correlation higher at other than dated position

 Seq Series  Time_span   900  925  950  975 1000 1025 1050 1075 1100 1125 1150 1175 1200 1225 1250 1275 1300 1325 1350 1375 
                         949  974  999 1024 1049 1074 1099 1124 1149 1174 1199 1224 1249 1274 1299 1324 1349 1374 1399 1424 
 --- -------- ---------  ---- ---- ---- ---- ---- ---- ---- ---- ---- ---- ---- ---- ---- ---- ---- ---- ---- ---- ---- ---- 
   1 TBL018   1318 1991                                                                                       .50  .47  .47 
  31 PW15M    1190 1270                                                              .43                                    
  32 PW15Q2   1175 1290                                                              .46  .46                               
  34 PW18B    1214 1293                                                                   .62                               
  35 PW18C    1126 1229                                                    .54  .59                                         
  36 PW18D    1158 1240                                                         .72                                         
  37 PW18E    1177 1257                                                              .64                                    
  38 PW18F1   1114 1292                                               .73  .67  .68  .74  .69                               
  39 PW18F2   1115 1281                                               .65  .70  .70  .73  .68                               
  40 PW18G1   1119 1288                                               .73  .59  .49  .61  .68                               
  41 PW18G2   1115 1289                                               .74  .64  .55  .67  .78                               
  42 PW25A1    968 1277                 .44  .50  .57  .47  .59  .53  .42  .34  .52  .59  .57                               
  43 PW25A2   1088 1254                                          .55  .48  .50  .49  .56                                    
  44 PW35C1   1320 1520                                                                                       .34  .36  .51 
  45 PW35C2   1320 1520                                                                                       .33  .43  .52 
  46 PW37A1   1352 1598                                                                                                 .63 
  47 PW37A2   1369 1587                                                                                                 .68 
  48 PW38A1   1052 1590                                     .51  .48  .60  .62  .62  .71  .64  .53  .53  .70  .71  .76  .74 
  49 PW38A2   1052 1592                                     .61  .63  .68  .62  .68  .73  .67  .67  .60  .65  .75  .78  .69 
  50 PW38B1   1260 1575                                                                             .51  .64  .58  .55  .66 
  51 PW38B2   1281 1552                                                                                  .74  .64  .54  .57 
  73 PW59C1   1363 1693                                                                                                 .66 
  74 PW59C2   1354 1690                                                                                                 .64 
  83 PR01C1   1164 1235                                                         .52                                         
  84 PR01C2   1164 1235                                                         .59                                         
  85 PR01D1    985 1206                      .52  .53  .43  .39  .37  .45  .45                                              
  86 PR01D2    953 1141                 .53  .52  .37  .47  .52                                                             
  87 PR01H1   1061 1249                                     .40  .58  .52  .43  .59  .60                                    
  88 PR01H2   1061 1244                                     .60  .65  .56  .53  .55                                         
  89 PR04B1    985 1222                      .52  .50  .71  .79  .80  .74  .74                                              
  90 PR04B2    988 1201                      .60  .50  .69  .82  .78  .70  .63                                              
  91 PR05A    1053 1191                                     .52  .56  .53                                                   
  92 PR05B1   1044 1163                                .71  .61  .54                                                        
  93 PR05B2   1051 1210                                     .58  .57  .62  .67                                              
  94 PR05C1    873 1115  .44  .41  .48  .58  .65  .60  .64                                                                  
  95 PR05C2    873 1087  .44  .45  .63  .64  .65  .65                                                                       
  96 PR06A    1061 1154                                     .59  .66                                                        
  97 PR06B1   1021 1195                           .64  .63  .66  .68  .72                                                   
  98 PR06B2   1021 1195                           .76  .73  .66  .51  .53                                                   
  99 PR06C1   1004 1229                           .69  .63  .57  .54  .54  .53  .51                                         
 100 PR06C2   1000 1223                           .47  .60  .55  .62  .71  .66                                              
 101 PR06E    1102 1230                                               .65  .75  .56                                         
 102 PR06F1   1123 1229                                               .59  .62  .72                                         
 103 PR06F2   1125 1231                                                    .70  .73                                         
 104 PR06H1    958 1184                 .61  .72  .57  .50  .53  .49  .52                                                   
 105 PR06H2    949 1062            .43  .60  .65                                                                            
 106 PR06K1   1133 1232                                                    .61  .59                                         
 107 PR06K2   1134 1232                                                    .59  .60                                         
 108 PR06L1   1037 1211                                .60  .73  .70  .70  .72                                              
 109 PR06L2    973 1211                 .44  .58  .63  .77  .76  .78  .75  .69                                              
 110 PR11A     961 1058                 .49  .50                                                                            
 111 PR13A    1042 1201                                .60  .58  .43  .38  .45                                              
 Av segment correlation  .44  .43  .51  .54  .58  .57  .61  .60  .59  .61  .60  .60  .62  .64  .60  .55  .68  .55  .55  .61 

 CORRELATION OF SERIES BY SEGMENTS: ak094
-----------------------------------------------------------------------------------------------------------------------------------
 Correlations of  50-year dated segments, lagged  25 years
 Flags:  A = correlation under   .3281 but highest as dated;  B = correlation higher at other than dated position

 Seq Series  Time_span  1400 1425 1450 1475 1500 1525 1550 1575 1600 1625 1650 1675 1700 1725 1750 1775 1800 1825 1850 1875 
                        1449 1474 1499 1524 1549 1574 1599 1624 1649 1674 1699 1724 1749 1774 1799 1824 1849 1874 1899 1924 
 --- -------- ---------  ---- ---- ---- ---- ---- ---- ---- ---- ---- ---- ---- ---- ---- ---- ---- ---- ---- ---- ---- ---- 
   1 TBL018   1318 1991  .47  .57  .67  .62  .58  .56  .58  .51  .49  .65  .62  .60  .52  .56  .65  .60  .52  .54  .61  .54 
   2 TBL022   1670 1991                                                         .71  .70  .84  .75  .47  .50  .63  .74  .74 
   3 TBL102   1601 1991                                               .61  .60  .70  .53  .52  .49  .44  .67  .61  .63  .67 
   4 TBL134   1736 1991                                                                        .52  .51  .68  .72  .78  .80 
   5 TBL135   1744 1991                                                                        .61  .55  .67  .67  .74  .78 
   6 TBL146   1660 1898                                                         .71  .58  .51  .51  .44  .70  .60           
   7 TBL208   1628 1991                                                    .75  .81  .69  .63  .60  .40B .53  .56  .73  .73 
   8 TBL228   1729 1991                                                                        .55  .48  .53  .56  .75  .77 
   9 TBL244   1716 1991                                                                   .68  .66  .51  .64  .74  .71  .69 
  10 TBL248   1736 1991                                                                        .45  .42  .70  .70  .73  .77 
  11 TBL921   1696 1991                                                              .62  .58  .59  .43  .56  .77  .70  .64 
  12 NJL018   1528 1991                                .59  .49  .57  .63  .78  .75  .66  .67  .64  .45  .54  .78  .83  .80 
  13 NJL036   1596 1991                                          .52  .40  .75  .78  .71  .65  .63  .66  .70  .59  .69  .74 
  14 NJL058   1801 1991                                                                                       .52  .67  .74 
  15 NJL067   1705 1991                                                                   .70  .60  .57  .63  .75  .80  .82 
  16 NJL068   1705 1991                                                                   .74  .70  .68  .62  .77  .79  .73 
  17 NJL096   1540 1991                                .67  .47  .52  .72  .67  .69  .72  .68  .57  .56  .67  .76  .67  .68 
  18 NJL112   1626 1971                                                    .61  .67  .73  .67  .45  .56  .65  .64  .79  .80 
  19 NJL118   1635 1971                                                    .78  .71  .66  .57  .34  .43  .52  .62  .72  .73 
  20 NJL132   1513 1991                           .67  .63  .41  .38B .51  .48  .51  .64  .72  .64  .64  .74  .78  .82  .78 
  21 NJL138   1515 1991                           .64  .58  .46  .45  .44  .48  .60  .67  .71  .69  .62  .72  .81  .77  .73 
  22 NJL158   1630 1991                                                    .72  .62  .59  .67  .53  .36  .59  .82  .86  .73 
  23 NJL196   1576 1991                                          .57  .70  .77  .69  .72  .76  .64  .54  .69  .83  .80  .79 
  24 NJL292   1608 1991                                               .57  .64  .61  .39  .29A .53  .66  .66  .70  .69  .67 
  25 NJL298   1608 1991                                               .58  .67  .72  .48  .39  .50  .46  .63  .68  .72  .71 
  26 NJL308   1544 1991                                .67  .70  .47  .40  .53  .60  .58  .64  .68  .40  .43  .70  .81  .80 
  27 NJL316   1736 1991                                                                        .52  .62  .67  .80  .69  .42 
  28 PW13A    1420 1598       .64  .65  .67  .56  .59                                                                       
  29 PW13B    1419 1601       .50  .55  .43  .56  .62  .59                                                                  
  30 PW13C    1433 1594            .48  .62  .62  .60                                                                       
  33 PW16C    1464 1647                 .69  .57  .55  .61  .41                                                             
  44 PW35C1   1320 1520  .67  .77  .69                                                                                      
  45 PW35C2   1320 1520  .59  .70  .70                                                                                      
  46 PW37A1   1352 1598  .49  .62  .65  .57  .59  .63                                                                       
  47 PW37A2   1369 1587  .62  .62  .66  .64  .67  .66                                                                       
  48 PW38A1   1052 1590  .67  .72  .73  .78  .81  .74                                                                       
  49 PW38A2   1052 1592  .63  .63  .66  .79  .84  .79                                                                       
  50 PW38B1   1260 1575  .61  .66  .66  .61  .64  .64                                                                       
  51 PW38B2   1281 1552  .47  .49  .54  .55  .71                                                                            
  52 PW54B1   1558 1727                                     .44  .46  .62  .59  .66                                         
  53 PW54B2   1598 1727                                          .39  .63  .61  .61                                         
  54 PW54C    1598 1746                                               .74  .66  .54                                         
  55 PW57C    1523 1705                                .64  .64  .65  .61  .59                                              
  56 PW57D1   1550 1713                                     .70  .68  .59  .68                                              
  57 PW57D2   1550 1713                                     .71  .69  .54  .67                                              
  58 PW57E    1594 1710                                          .67  .63  .69                                              
  59 PW57F    1537 1712                                .65  .55  .54  .64  .77                                              
  60 PW57H1   1511 1708                           .67  .74  .71  .71  .67  .74                                              
  61 PW57H2   1513 1708                           .77  .78  .69  .61  .59  .70                                              
  62 PW57I1   1507 1713                           .59  .70  .81  .72  .70  .71                                              
  63 PW57I2   1507 1714                           .72  .77  .73  .65  .62  .67                                              
  64 PW58B1   1464 1699                 .70  .66  .69  .72  .69  .79  .60  .61                                              
  65 PW58B2   1460 1689                 .70  .71  .72  .63  .57  .69  .55                                                   
  66 PW58D    1493 1701                      .70  .70  .53  .50  .71  .66  .56                                              
  67 PW58F    1484 1700                      .74  .72  .77  .77  .59  .45  .61                                              
  68 PW58G    1464 1667                 .55  .59  .54  .64  .68  .68                                                        
  69 PW58H    1524 1700                                .54  .58  .68  .74  .70                                              
  70 PW58I    1471 1676                 .55  .57  .65  .72  .66  .61  .55                                                   
  71 PW59B1   1582 1731                                          .65  .59  .73  .74                                         
  72 PW59B2   1583 1690                                          .65  .61                                                   
  73 PW59C1   1363 1693  .57  .68  .83  .80  .75  .76  .77  .76  .72  .76                                                   
  74 PW59C2   1354 1690  .61  .70  .84  .79  .73  .67  .69  .76  .75  .68                                                   
  75 PW61A1   1384 1649  .44  .55  .71  .79  .78  .70  .62  .73  .79                                                        
  76 PW61A2   1380 1695  .49  .62  .71  .76  .79  .68  .62  .76  .78  .63                                                   
  77 PW62C1   1556 1709                                     .66  .62  .70  .72                                              
  78 PW62C2   1511 1710                           .64  .72  .55  .52  .74  .74                                              
  79 PW62D1   1565 1709                                     .69  .63  .61  .56                                              
  80 PW62D2   1491 1712                      .59  .67  .75  .76  .67  .67  .57                                              
  81 PW63A    1422 1636       .77  .78  .80  .71  .65  .71  .69                                                             
  82 PW64C    1522 1683                           .51  .56  .48  .42  .49                                                   
 Av segment correlation  .56  .64  .68  .67  .67  .66  .66  .63  .61  .61  .66  .67  .62  .63  .58  .52  .62  .69  .74  .72 

 CORRELATION OF SERIES BY SEGMENTS: ak094
-----------------------------------------------------------------------------------------------------------------------------------
 Correlations of  50-year dated segments, lagged  25 years
 Flags:  A = correlation under   .3281 but highest as dated;  B = correlation higher at other than dated position

 Seq Series  Time_span  1900 1925 
                        1949 1974 
 --- -------- ---------  ---- ---- 
   1 TBL018   1318 1991  .50  .67 
   2 TBL022   1670 1991  .67  .66 
   3 TBL102   1601 1991  .62  .72 
   4 TBL134   1736 1991  .66  .69 
   5 TBL135   1744 1991  .68  .60 
   7 TBL208   1628 1991  .51  .69 
   8 TBL228   1729 1991  .60  .66 
   9 TBL244   1716 1991  .67  .67 
  10 TBL248   1736 1991  .67  .63 
  11 TBL921   1696 1991  .57  .64 
  12 NJL018   1528 1991  .77  .56 
  13 NJL036   1596 1991  .65  .78 
  14 NJL058   1801 1991  .59  .39 
  15 NJL067   1705 1991  .73  .73 
  16 NJL068   1705 1991  .70  .68 
  17 NJL096   1540 1991  .63  .53 
  18 NJL112   1626 1971  .68      
  19 NJL118   1635 1971  .60      
  20 NJL132   1513 1991  .76  .76 
  21 NJL138   1515 1991  .78  .78 
  22 NJL158   1630 1991  .61  .71 
  23 NJL196   1576 1991  .84  .80 
  24 NJL292   1608 1991  .52  .57 
  25 NJL298   1608 1991  .60  .70 
  26 NJL308   1544 1991  .72  .63 
  27 NJL316   1736 1991  .38  .60 
 Av segment correlation  .64  .66 

 FLAGGED SEGMENTS: ak094
-----------------------------------------------------------------------------------------------------------------------------------
 Seq Series   Segment    Flag  r dated  Best lag  r at lag   Gain  Note
 --- -------- ---------  ----  -------  --------  --------  -----  -----------------
   7 TBL208   1775 1824     B     .399        10      .399   .000
  20 NJL132   1600 1649     B     .375         5      .398   .023
  24 NJL292   1725 1774     A     .288         0

 DESCRIPTIVE STATISTICS: ak094
-----------------------------------------------------------------------------------------------------------------------------------

                                                Corr   //-------- Unfiltered --------\\  //-- dplR filtered --\\
                           No.    No.    No.    with   Mean   Max     Std   Auto   Mean   Max     Std   Auto  AR
 Seq Series   Interval   Years  Segmt  Flags   Master  msmt   msmt    dev   corr   sens  value    dev   corr  ()
 --- -------- ---------  -----  -----  -----   ------ -----  -----  -----  -----  -----  -----  -----  -----  --
   1 TBL018   1318 1991    674     25      0    .562    .39    .88   .159   .802   .212   1.75   .217  -.015   3
   2 TBL022   1670 1991    322     11      0    .678    .67   2.17   .393   .790   .306   2.01   .311  -.021   3
   3 TBL102   1601 1991    391     13      0    .627    .61   2.29   .314   .775   .291   2.10   .284   .005   3
   4 TBL134   1736 1991    256      8      0    .635    .49   1.22   .214   .632   .318   2.55   .314   .011   3
   5 TBL135   1744 1991    248      8      0    .631    .51   1.40   .210   .625   .313   2.08   .295   .033   3
   6 TBL146   1660 1898    239      7      0    .617    .48   1.66   .286   .833   .297   1.91   .288  -.023   3
   7 TBL208   1628 1991    364     12      1    .658    .47   1.69   .249   .711   .310   2.56   .309   .004   3
   8 TBL228   1729 1991    263      8      0    .658    .44   1.01   .154   .697   .230   1.60   .229  -.014   3
   9 TBL244   1716 1991    276      9      0    .667    .48   1.52   .235   .687   .309   2.20   .312  -.012   3
  10 TBL248   1736 1991    256      8      0    .640    .47   1.38   .212   .569   .314   2.91   .339  -.005   3
  11 TBL921   1696 1991    296     10      0    .623    .45   1.14   .215   .701   .325   2.36   .322  -.000   3
  12 NJL018   1528 1991    464     16      0    .664    .36   1.01   .154   .784   .226   1.73   .231  -.001   3
  13 NJL036   1596 1991    396     14      0    .670    .38   1.27   .203   .826   .272   2.23   .276  -.013   3
  14 NJL058   1801 1991    191      5      0    .570    .77   2.28   .335   .764   .245   1.80   .240  -.010   3
  15 NJL067   1705 1991    287      9      0    .711    .67   2.22   .352   .697   .307   1.98   .296  -.007   3
  16 NJL068   1705 1991    287      9      0    .677    .59   1.97   .333   .767   .325   2.29   .345   .010   1
  17 NJL096   1540 1991    452     16      0    .615    .62   2.40   .423   .912   .252   1.67   .246  -.024   3
  18 NJL112   1626 1971    346     11      0    .670    .69   1.36   .280   .863   .185   1.56   .190  -.005   3
  19 NJL118   1635 1971    337     11      0    .627    .68   1.91   .324   .862   .210   1.67   .216  -.008   3
  20 NJL132   1513 1991    479     17      1    .639    .25   1.48   .179   .826   .368   1.95   .337  -.029   3
  21 NJL138   1515 1991    477     17      0    .639    .26    .73   .145   .779   .356   2.04   .328  -.021   3
  22 NJL158   1630 1991    362     12      0    .650    .40   1.66   .208   .809   .252   1.85   .256  -.005   3
  23 NJL196   1576 1991    416     14      0    .728    .48   1.39   .269   .842   .281   1.73   .273  -.004   3
  24 NJL292   1608 1991    384     13      1    .586    .42   1.19   .194   .855   .211   1.69   .217  -.003   3
  25 NJL298   1608 1991    384     13      0    .622    .42   1.22   .192   .829   .225   1.59   .223  -.003   3
  26 NJL308   1544 1991    448     16      0    .598    .57   1.66   .276   .804   .249   2.70   .277   .039   1
  27 NJL316   1736 1991    256      8      0    .574    .63   1.82   .371   .862   .278   1.83   .282  -.003   3
  28 PW13A    1420 1598    179      5      0    .593    .72   1.42   .239   .643   .227   1.86   .239   .026   1
  29 PW13B    1419 1601    183      6      0    .516    .79   1.72   .268   .782   .194   1.51   .199   .069   1
  30 PW13C    1433 1594    162      4      0    .523    .36    .94   .182   .665   .338   2.29   .335  -.010   1
  31 PW15M    1190 1270     81      1      0    .425    .68   1.65   .335   .493   .421   1.88   .359  -.025   3
  32 PW15Q2   1175 1290    116      2      0    .507    .98   2.76   .596   .859   .242   1.72   .257   .037   1
  33 PW16C    1464 1647    184      5      0    .563    .87   2.26   .353   .649   .271   1.69   .276   .013   1
  34 PW18B    1214 1293     80      1      0    .553    .98   1.64   .259   .641   .175   1.47   .175   .017   1
  35 PW18C    1126 1229    104      2      0    .575    .84   1.76   .341   .486   .359   1.91   .335  -.016   3
  36 PW18D    1158 1240     83      1      0    .688    .77   2.09   .359   .683   .296   1.68   .281  -.003   1
  37 PW18E    1177 1257     81      1      0    .592   1.21   2.07   .321   .602   .195   1.45   .185  -.009   1
  38 PW18F1   1114 1292    179      5      0    .652    .75   2.40   .476   .808   .348   2.09   .360  -.001   1
  39 PW18F2   1115 1281    167      5      0    .654    .67   1.98   .402   .701   .374   2.14   .383   .037   1
  40 PW18G1   1119 1288    170      5      0    .614   1.04   3.92   .676   .737   .366   2.57   .381  -.010   2
  41 PW18G2   1115 1289    175      5      0    .672    .80   2.35   .527   .775   .368   2.13   .348   .023   1
  42 PW25A1    968 1277    310     11      0    .507    .78   2.83   .577   .799   .381   2.51   .360   .030   1
  43 PW25A2   1088 1254    167      5      0    .553    .74   1.97   .441   .690   .357   1.88   .348   .008   1
  44 PW35C1   1320 1520    201      6      0    .512    .51   1.89   .278   .508   .409   4.21   .446   .024   1
  45 PW35C2   1320 1520    201      6      0    .504    .41   1.36   .241   .470   .480   4.07   .494   .031   1
  46 PW37A1   1352 1598    247      7      0    .579    .55   1.61   .329   .765   .378   2.03   .351  -.047   3
  47 PW37A2   1369 1587    219      7      0    .633    .55   1.68   .315   .803   .337   1.78   .319  -.047   3
  48 PW38A1   1052 1590    539     19      0    .630    .30   1.03   .175   .669   .435   2.59   .418  -.023   3
  49 PW38A2   1052 1592    541     19      0    .667    .39   1.23   .217   .602   .420   2.69   .398  -.013   1
  50 PW38B1   1260 1575    316     11      0    .557    .35    .88   .168   .632   .377   2.35   .329  -.020   3
  51 PW38B2   1281 1552    272      9      0    .597    .53   1.43   .270   .694   .353   2.13   .337  -.022   3
  52 PW54B1   1558 1727    170      5      0    .538    .73   1.75   .342   .772   .281   1.64   .266   .031   1
  53 PW54B2   1598 1727    130      4      0    .549    .84   1.68   .337   .717   .268   1.64   .256   .036   1
  54 PW54C    1598 1746    149      3      0    .642    .67   1.96   .296   .721   .268   1.92   .262  -.013   3
  55 PW57C    1523 1705    183      5      0    .654    .44   1.72   .378   .913   .249   1.77   .246  -.021   3
  56 PW57D1   1550 1713    164      4      0    .672    .62   1.72   .280   .780   .260   1.80   .258   .059   1
  57 PW57D2   1550 1713    164      4      0    .663    .64   1.73   .301   .812   .253   1.72   .255  -.003   2
  58 PW57E    1594 1710    117      3      0    .691    .89   1.45   .261   .670   .206   1.51   .201  -.005   3
  59 PW57F    1537 1712    176      5      0    .659    .48   1.69   .266   .674   .388   1.98   .352  -.062   3
  60 PW57H1   1511 1708    198      6      0    .705    .79   1.65   .296   .834   .175   1.41   .177  -.012   3
  61 PW57H2   1513 1708    196      6      0    .688    .88   1.74   .322   .814   .168   1.46   .172   .007   3
  62 PW57I1   1507 1713    207      6      0    .694    .41   1.27   .230   .790   .274   2.22   .282   .003   2
  63 PW57I2   1507 1714    208      6      0    .686    .43   1.05   .245   .851   .274   1.86   .271   .020   1
  64 PW58B1   1464 1699    236      8      0    .670    .51   1.30   .294   .868   .219   1.60   .231  -.008   2
  65 PW58B2   1460 1689    230      7      0    .633    .56   1.48   .334   .877   .230   1.84   .241  -.020   3
  66 PW58D    1493 1701    209      7      0    .612    .46   1.00   .200   .857   .180   1.50   .189  -.011   3
  67 PW58F    1484 1700    217      7      0    .688    .31   1.21   .239   .887   .267   1.79   .268  -.004   2
  68 PW58G    1464 1667    204      6      0    .609    .46   1.28   .246   .810   .259   1.81   .280   .040   1
  69 PW58H    1524 1700    177      5      0    .552    .40   1.23   .205   .746   .240   1.82   .235   .045   2
  70 PW58I    1471 1676    206      7      0    .610    .63   1.75   .315   .842   .194   1.71   .198   .031   1
  71 PW59B1   1582 1731    150      4      0    .626    .85   1.79   .344   .839   .192   1.59   .196  -.024   3
  72 PW59B2   1583 1690    108      2      0    .677    .72   1.67   .285   .818   .200   1.79   .210   .003   3
  73 PW59C1   1363 1693    331     11      0    .706    .33   1.22   .227   .836   .337   2.19   .329  -.039   3
  74 PW59C2   1354 1690    337     11      0    .682    .34   1.31   .245   .843   .349   2.22   .333  -.044   3
  75 PW61A1   1384 1649    266      9      0    .665    .70   1.93   .386   .847   .242   1.68   .247   .025   1
  76 PW61A2   1380 1695    316     10      0    .650    .60   1.80   .356   .857   .237   1.87   .246  -.002   2
  77 PW62C1   1556 1709    154      4      0    .686    .38   1.35   .187   .700   .269   1.91   .276   .020   1
  78 PW62C2   1511 1710    200      6      0    .604    .37   1.18   .193   .714   .312   2.01   .316   .001   1
  79 PW62D1   1565 1709    145      4      0    .634    .38    .64   .125   .682   .223   1.66   .229   .002   1
  80 PW62D2   1491 1712    222      7      0    .643    .56   2.15   .330   .896   .223   1.70   .232   .042   1
  81 PW63A    1422 1636    215      7      0    .726    .72   2.31   .455   .874   .226   1.69   .237   .040   1
  82 PW64C    1522 1683    162      5      0    .521    .57   1.18   .200   .721   .200   1.84   .222   .040   1
  83 PR01C1   1164 1235     72      1      0    .608   1.01   2.97   .593   .774   .285   1.95   .295   .035   1
  84 PR01C2   1164 1235     72      1      0    .587   1.10   2.58   .625   .886   .207   1.46   .228   .032   1
  85 PR01D1    985 1206    222      7      0    .474    .72   2.01   .370   .823   .235   1.78   .243  -.023   3
  86 PR01D2    953 1141    189      5      0    .485    .52   1.83   .316   .769   .321   2.15   .328  -.020   3
  87 PR01H1   1061 1249    189      6      0    .511    .54   1.94   .311   .772   .286   2.31   .294   .050   1
  88 PR01H2   1061 1244    184      5      0    .565    .48   1.65   .288   .810   .283   2.03   .283   .005   2
  89 PR04B1    985 1222    238      7      0    .638    .60   1.73   .341   .664   .445   2.31   .421   .003   1
  90 PR04B2    988 1201    214      7      0    .650    .55   1.38   .286   .655   .421   2.27   .399  -.016   3
  91 PR05A    1053 1191    139      3      0    .556    .32   1.41   .249   .927   .251   1.70   .253  -.008   1
  92 PR05B1   1044 1163    120      3      0    .586    .88   1.78   .393   .803   .236   1.71   .242  -.036   1
  93 PR05B2   1051 1210    160      4      0    .648    .95   2.15   .411   .805   .228   1.67   .237   .027   1
  94 PR05C1    873 1115    243      7      0    .549    .31   1.09   .178   .557   .434   2.49   .451  -.008   2
  95 PR05C2    873 1087    215      6      0    .600    .36   1.20   .248   .639   .454   2.52   .446  -.027   3
  96 PR06A    1061 1154     94      2      0    .649    .47   1.42   .264   .756   .313   2.13   .322  -.035   3
  97 PR06B1   1021 1195    175      5      0    .657    .57   1.64   .406   .833   .330   2.25   .352   .003   1
  98 PR06B2   1021 1195    175      5      0    .618    .57   2.60   .464   .855   .336   2.29   .341   .010   1
  99 PR06C1   1004 1229    226      7      0    .570    .48   1.65   .271   .695   .374   1.95   .337   .013   1
 100 PR06C2   1000 1223    224      6      0    .579    .37   1.39   .195   .608   .397   2.90   .377   .012   1
 101 PR06E    1102 1230    129      3      0    .620    .49   1.14   .235   .682   .348   2.03   .352   .065   1
 102 PR06F1   1123 1229    107      3      0    .640    .45   1.42   .268   .719   .344   2.07   .355  -.021   1
 103 PR06F2   1125 1231    107      2      0    .654    .48   1.24   .251   .748   .264   1.77   .296   .084   1
 104 PR06H1    958 1184    227      7      0    .527    .27    .93   .167   .686   .401   2.11   .359   .006   1
 105 PR06H2    949 1062    114      3      0    .554    .31   1.09   .200   .615   .501   2.16   .446  -.013   1
 106 PR06K1   1133 1232    100      2      0    .625    .74   1.50   .311   .767   .238   1.62   .245  -.006   3
 107 PR06K2   1134 1232     99      2      0    .602    .72   1.34   .287   .726   .259   1.69   .261  -.062   3
 108 PR06L1   1037 1211    175      5      0    .667    .37   1.49   .288   .790   .339   1.98   .352   .041   1
 109 PR06L2    973 1211    239      8      0    .612    .37   1.29   .253   .770   .423   2.49   .407  -.012   1
 110 PR11A     961 1058     98      2      0    .401    .44    .95   .184   .599   .309   1.96   .316  -.010   2
 111 PR13A    1042 1201    160      5      0    .534    .50   1.67   .324   .855   .259   1.88   .278  -.025   1
 --- -------- ---------  -----  -----  -----   ------ -----  -----  -----  -----  -----  -----  -----  -----  --
 Total or mean:          25361    781      3    .621    .53   3.92   .280   .761   .298   4.21   .296  -.001

 DATA CHECKS (rwl.check): ak094
-----------------------------------------------------------------------------------------------------------------------------------
 rwl.check: data_files/treering/measurements/northamerica/usa/ak094.rwl
 111 series, 25361 measurements, 873-1991, 0.001 mm precision
 0 error(s), 0 warning(s), 7 note(s)
 -------------
 Nothing to report at this severity.
 7 note(s) not shown; see rwl.check() or the 'check' element of this report.

 NOTES
-----------------------------------------------------------------------------------------------------------------------------------
 Report generated using dplR 1.8.1 (R 4.5.2) on 2026-10-01 16:48 PDT.
 Measurement file ak094.rwl, MD5 2892ea1f5e5bde3eb3bd0ac724db21cd.
 Filtering: each series divided by a 32-year smoothing spline (caps()), then prewhitened with
   an AR model (order by AIC, at most 3).
 Master: biweight robust mean of the other series (leave-one-out).
 Correlation: Pearson, one-tailed, pcrit = 0.01; critical r = 0.3281 for 50-year segments.
 Segments: 50 years, lagged 25, first segment floored to 100. Lags searched: +/- 10 years.
 A segment is tested only where the series and the master cover all of it, at the dated
   position and at every lag. COFECHA also tests partial segments at the ends of a series, so
   series here may show fewer segments, and no flags can be raised at the ends of the record.
 Lags follow COFECHA: negative means rings are probably missing from the series, positive means
   false rings. A missing ring carries its lag into every segment before it, so look where the
   lag changes along a series. A B flag is a hypothesis to check on the wood; the gain says how
   seriously to take it.
 A B flag marked "weak at every lag" correlates under the critical value even at its best lag:
   the segment is weak wherever it is placed, and the shift is not evidence of a dating error.
   Treat it as a low correlation, like an A.
 Averages in the summary and the totals are weighted by the number of years in each series, as
   COFECHA's are.
 Unfiltered block and mean sensitivity: the measurements as read, and sens1().
 dplR filtered block: the series that was correlated, after filtering. COFECHA's filtered
   series is defined differently, so these three columns are not COFECHA's numbers.
 AR: order of the AR model used to prewhiten.
