
 COFECHA-style crossdating report: ak110
 Report generated using dplR 1.8.1 (R 4.5.2) on 2026-10-01 16:52 PDT
 Built with dplR's xdate.report(), not COFECHA; see the notes at the end.


      Measurement file name  : ak110.rwl
      MD5 of measurement file: abf8820ca9c539d292a0529531b3d98c
      Date checked           : 01OCT26
      Beginning year         : 980
      Ending year            : 1990
      Principal investigators: Jacoby, G.C.; D'Arrigo, R.D.; Buckley, B.M.
      Site name              : Giddings
      Species information    : PCGL Picea glauca (Moench) Voss
      Latitude               : 67.0833 N
      Longitude              : 157.9167 W
      Elevation              : 48 m

      Series intercorrelation: 0.614
      Avg mean sensitivity   : 0.213
      Avg standard deviation : 0.171
      Avg autocorrelation    : 0.785
      Number dated series    : 83
      Series crossdated      : 82
      Segment length tested  : 50

      Number problem segments: 4  (A 1, B 3)
      Pct problem segments   : 0.81


 CORRELATION OF SERIES BY SEGMENTS: ak110
-----------------------------------------------------------------------------------------------------------------------------------
 Correlations of  50-year dated segments, lagged  25 years
 Flags:  A = correlation under   .3281 but highest as dated;  B = correlation higher at other than dated position

 Seq Series  Time_span  1000 1025 1050 1075 1100 1125 1150 1175 1200 1225 1250 1275 1300 1325 1350 1375 1400 1425 1450 1475 
                        1049 1074 1099 1124 1149 1174 1199 1224 1249 1274 1299 1324 1349 1374 1399 1424 1449 1474 1499 1524 
 --- -------- ---------  ---- ---- ---- ---- ---- ---- ---- ---- ---- ---- ---- ---- ---- ---- ---- ---- ---- ---- ---- ---- 
   1 EK1129   1327 1404                                                                        .62                          
   5 EK2B     1121 1384                           .71  .74  .63  .60  .62  .76  .79  .76  .64                               
   6 EK1135   1179 1377                                          .59  .50  .48  .43  .34  .57                               
   7 EK30A    1280 1374                                                              .55  .45                               
   8 EK42B    1099 1373                      .58  .59  .55  .56  .67  .75  .73  .82  .82                                    
   9 EK36A    1174 1372                                     .54  .75  .73  .63  .71  .62                                    
  10 EK7A     1239 1371                                                    .44  .57  .56                                    
  11 EK7B     1239 1375                                                    .53  .52  .45  .47                               
  12 EK28A    1229 1370                                                    .55  .65  .62                                    
  13 EK6B     1221 1369                                               .37  .44  .72  .81                                    
  14 EK6A     1229 1364                                                    .59  .70  .66                                    
  15 EK1133   1214 1363                                               .54  .42  .42B .49                                    
  16 EK1118   1205 1355                                               .37  .42  .61  .59                                    
  17 EK5A     1125 1348                           .79  .70  .66  .69  .56  .70  .83                                         
  18 EK8A     1097 1239                      .69  .73  .46  .46                                                             
  19 EK8B     1097 1237                      .70  .67  .42  .45                                                             
  20 EK1110   1135 1325                                .52  .61  .61  .34B .29B .58                                         
  21 EK1125   1094 1318                      .64  .62  .39  .44  .45  .47  .69                                              
  22 EK812B   1170 1312                                     .48  .37  .34  .55                                              
  23 EK2A     1120 1281                           .71  .79  .82  .76  .72                                                   
  25 K111B    1326 1517                                                                        .60  .49  .37  .44  .69      
  26 K113A    1380 1507                                                                                  .72  .77  .78      
  27 K113B    1380 1507                                                                                  .64  .81  .83      
  28 K831     1416 1520                                                                                       .66  .80      
  29 TRBUL     980 1947                      .56  .67  .61  .73  .71  .74  .85  .79  .74  .75  .73  .65  .54  .68  .68      
 Av segment correlation                      .63  .69  .58  .58  .62  .54  .57  .65  .62  .58  .65  .57  .57  .67  .75      

 CORRELATION OF SERIES BY SEGMENTS: ak110
-----------------------------------------------------------------------------------------------------------------------------------
 Correlations of  50-year dated segments, lagged  25 years
 Flags:  A = correlation under   .3281 but highest as dated;  B = correlation higher at other than dated position

 Seq Series  Time_span  1500 1525 1550 1575 1600 1625 1650 1675 1700 1725 1750 1775 1800 1825 1850 1875 1900 1925 
                        1549 1574 1599 1624 1649 1674 1699 1724 1749 1774 1799 1824 1849 1874 1899 1924 1949 1974 
 --- -------- ---------  ---- ---- ---- ---- ---- ---- ---- ---- ---- ---- ---- ---- ---- ---- ---- ---- ---- ---- 
  29 TRBUL     980 1947            .46  .52  .82  .83  .79  .79  .78  .60  .53  .77  .76  .77  .80  .84           
  30 SQR2     1588 1947                      .63  .59  .54  .48  .68  .70  .57  .61  .64  .63  .77  .76           
  31 SQR3     1540 1947            .43  .32A .71  .78  .74  .73  .74  .79  .80  .79  .69  .67  .79  .76           
  32 SQR5     1527 1947            .39  .37  .51  .56  .49  .57  .74  .77  .72  .62  .52  .59  .79  .75           
  33 SQR6     1776 1947                                                              .67  .69  .73  .78           
  34 SQR7     1630 1947                                .67  .61  .78  .79  .67  .64  .63  .61  .67  .73           
  35 SQR9     1675 1947                                          .51  .59  .53  .43  .58  .63  .68  .75           
  36 SQR11    1672 1947                                     .42  .62  .81  .65  .48  .65  .63  .68  .74           
  37 SQR13    1702 1947                                               .85  .66  .54  .65  .57  .70  .82           
  38 SQR14    1699 1937                                          .73  .69  .59  .68  .69  .64  .76  .75           
  39 SQR15    1641 1947                                .56  .46  .60  .74  .70  .75  .65  .58  .66  .77           
  40 SQR17    1830 1947                                                                        .58  .55           
  41 SQR19    1654 1947                                     .38  .49  .66  .63  .58  .58  .56  .57  .50           
  42 SQR20    1672 1947                                     .62  .75  .80  .72  .72  .76  .63  .64  .76           
  43 SQR21    1649 1837                                     .48  .64  .66  .60  .73                               
  44 SQR22    1610 1782                           .70  .63  .54  .62  .67                                         
  45 SQR23    1671 1800                                     .61  .72  .76  .67                                    
  46 SQR24    1600 1706                      .72  .75  .68                                                        
  47 SQR25    1678 1774                                          .69  .78                                         
  48 SQR29    1630 1947                                .50  .59  .60  .72  .68  .63  .57  .46  .60  .75           
  49 ND09     1579 1855                      .41  .48  .46  .47  .57  .62  .59  .67  .53                          
  50 ND10B    1795 1967                                                              .53  .60  .52  .64  .70      
  51 ND14     1716 1958                                               .70  .56  .38  .46  .61  .63  .76  .71      
  52 ND16A    1694 1957                                          .60  .58  .41  .51  .70  .75  .65  .64  .69      
  53 ND16B    1694 1958                                          .58  .51  .41  .55  .57  .54  .67  .82  .75      
  54 ND19A    1748 1966                                                    .51  .49  .60  .67  .76  .82  .81      
  55 ND19B    1748 1964                                                    .50  .55  .49  .59  .71  .81  .83      
  56 ND20A    1728 1965                                                    .69  .58  .61  .66  .71  .78  .71      
  57 ND20B    1726 1966                                                    .64  .40  .39  .42  .54  .69  .58      
  58 ND25A    1623 1920                                .53  .47  .59  .62  .60  .65  .67  .61  .62                
  59 ND25B    1700 1906                                               .68  .60  .52  .34  .48  .64                
  60 ND33A    1600 1752                           .73  .68  .64  .74                                              
  61 ND33B    1600 1759                           .76  .79  .67  .75                                              
  62 ND38A    1668 1855                                     .38  .60  .71  .66  .59  .49                          
  63 ND38B    1668 1825                                     .43  .71  .71  .60  .34                               
  64 021071   1743 1977                                                    .59  .43  .56  .47  .60  .67  .56  .54 
  65 021072   1743 1977                                                    .64  .56  .65  .71  .75  .72  .63  .41 
  66 021073   1754 1977                                                         .57  .63  .73  .72  .68  .65  .44 
  67 021074   1754 1977                                                         .52  .45  .56  .77  .74  .65  .49 
  68 021091   1648 1977                                .49  .49  .59  .72  .73  .68  .66  .64  .67  .70  .70  .52 
  69 021092   1662 1977                                     .41  .45  .62  .63  .68  .66  .69  .73  .59  .57  .53 
  70 021093   1648 1977                                     .46  .52  .60  .58  .69  .53  .61  .75  .73  .68  .52 
  71 021102   1678 1977                                          .52  .58  .60  .61  .64  .71  .78  .70  .60  .41 
  72 021103   1709 1977                                               .72  .74  .63  .58  .73  .71  .67  .66  .51 
  73 021131   1758 1977                                                         .52  .54  .70  .67  .68  .64  .51 
  74 021133   1734 1977                                                    .55  .50  .53  .66  .71  .71  .61  .46 
  78 FTR14WBS 1915 1990                                                                                       .43 
  80 FTR19ES  1753 1990                                                         .71  .54  .69  .74  .70  .62  .53 
  82 FTR36SS  1799 1882                                                              .48  .49                     
  83 FTR38EBS 1914 1990                                                                                       .60 
 Av segment correlation            .43  .40  .63  .69  .61  .53  .64  .69  .62  .59  .59  .62  .69  .72  .67  .49 

 FLAGGED SEGMENTS: ak110
-----------------------------------------------------------------------------------------------------------------------------------
 Seq Series   Segment    Flag  r dated  Best lag  r at lag   Gain  Note
 --- -------- ---------  ----  -------  --------  --------  -----  -----------------
  15 EK1133   1275 1324     B     .423         2      .491   .068
  20 EK1110   1225 1274     B     .338        10      .365   .027
  20 EK1110   1250 1299     B     .294        -7      .412   .118
  31 SQR3     1575 1624     A     .316         0

 DESCRIPTIVE STATISTICS: ak110
-----------------------------------------------------------------------------------------------------------------------------------

                                                Corr   //-------- Unfiltered --------\\  //-- dplR filtered --\\
                           No.    No.    No.    with   Mean   Max     Std   Auto   Mean   Max     Std   Auto  AR
 Seq Series   Interval   Years  Segmt  Flags   Master  msmt   msmt    dev   corr   sens  value    dev   corr  ()
 --- -------- ---------  -----  -----  -----   ------ -----  -----  -----  -----  -----  -----  -----  -----  --
   1 EK1129   1327 1404     78      1      0    .515    .28    .52   .111   .705   .233   1.53   .220  -.010   1
   2 EK26A    1331 1398     68      0      0    .568    .52   1.47   .212   .769   .192   1.51   .211  -.040   1
   3 EK26B    1334 1398     65      0      0    .585    .41    .86   .141   .669   .215   1.43   .219   .034   1
   4 EK1112   1328 1396     69      0      0    .574    .59   1.42   .268   .832   .201   1.61   .188   .163   0
   5 EK2B     1121 1384    264      9      0    .683    .30   1.08   .169   .908   .184   1.67   .178   .009   1
   6 EK1135   1179 1377    199      6      0    .506    .31   1.15   .160   .850   .204   1.82   .206  -.007   1
   7 EK30A    1280 1374     95      2      0    .521    .10    .22   .031   .630   .205   1.50   .198   .015   2
   8 EK42B    1099 1373    275      9      0    .670    .27    .58   .107   .739   .233   1.76   .209  -.000   1
   9 EK36A    1174 1372    199      6      0    .640    .27    .56   .088   .696   .200   1.71   .192  -.031   1
  10 EK7A     1239 1371    133      3      0    .512    .23    .72   .164   .932   .199   1.56   .196   .003   1
  11 EK7B     1239 1375    137      4      0    .491    .25    .69   .169   .929   .191   1.48   .190   .005   1
  12 EK28A    1229 1370    142      3      0    .594    .17    .92   .162   .907   .227   1.65   .211   .024   0
  13 EK6B     1221 1369    149      4      0    .604    .21    .80   .100   .780   .183   1.74   .202   .045   1
  14 EK6A     1229 1364    136      3      0    .632    .21    .47   .070   .706   .208   1.61   .192  -.027   3
  15 EK1133   1214 1363    150      4      1    .516    .53   1.91   .360   .851   .252   1.72   .251   .030   2
  16 EK1118   1205 1355    151      4      0    .492    .22    .63   .107   .844   .200   1.82   .215  -.006   1
  17 EK5A     1125 1348    224      7      0    .710    .26    .46   .062   .502   .191   1.46   .167   .041   0
  18 EK8A     1097 1239    143      4      0    .583    .40   1.13   .266   .869   .218   1.58   .204   .101   0
  19 EK8B     1097 1237    141      4      0    .568    .41   1.19   .272   .881   .214   1.57   .212   .018   1
  20 EK1110   1135 1325    191      6      2    .535    .34   1.10   .259   .952   .175   1.66   .169   .057   0
  21 EK1125   1094 1318    225      7      0    .557    .30   1.07   .183   .853   .226   2.30   .235   .021   1
  22 EK812B   1170 1312    143      4      0    .546    .36   1.29   .196   .841   .203   1.68   .187   .002   2
  23 EK2A     1120 1281    162      5      0    .715    .38   1.08   .139   .799   .165   1.56   .163   .000   1
  24 K111A    1326 1517    192                          .26    .79   .207   .937   .198                         
  25 K111B    1326 1517    192      5      0    .542    .21    .68   .154   .929   .201   1.79   .218  -.004   1
  26 K113A    1380 1507    128      3      0    .690    .34    .74   .133   .744   .214   1.96   .225  -.022   2
  27 K113B    1380 1507    128      3      0    .703    .38    .79   .135   .744   .217   1.84   .208  -.010   2
  28 K831     1416 1520    105      2      0    .736    .63   1.78   .395   .860   .238   1.87   .243   .006   2
  29 TRBUL     980 1947    968     29      0    .681   1.00   2.45   .264   .466   .201   1.82   .192  -.005   3
  30 SQR2     1588 1947    360     12      0    .639    .30    .88   .114   .706   .203   1.92   .212  -.021   3
  31 SQR3     1540 1947    408     14      1    .644    .34    .93   .140   .714   .234   1.80   .230  -.010   3
  32 SQR5     1527 1947    421     14      0    .584    .17    .61   .106   .838   .282   2.26   .289  -.013   3
  33 SQR6     1776 1947    172      4      0    .704    .38    .93   .179   .823   .205   1.74   .209   .004   1
  34 SQR7     1630 1947    318     10      0    .666    .34    .82   .127   .705   .216   1.83   .212  -.014   3
  35 SQR9     1675 1947    273      8      0    .611    .36   1.02   .190   .882   .180   1.58   .181  -.022   1
  36 SQR11    1672 1947    276      9      0    .628    .48   1.13   .189   .742   .219   1.72   .217   .008   1
  37 SQR13    1702 1947    246      7      0    .665    .45   1.04   .169   .754   .212   1.53   .202  -.005   1
  38 SQR14    1699 1937    239      8      0    .663    .46    .96   .172   .781   .191   1.93   .193   .009   1
  39 SQR15    1641 1947    307     10      0    .622    .34    .70   .134   .769   .208   1.71   .205   .007   2
  40 SQR17    1830 1947    118      2      0    .577    .80   1.95   .413   .809   .226   1.66   .233  -.021   1
  41 SQR19    1654 1947    294      9      0    .499    .25   1.07   .207   .920   .245   2.03   .252  -.014   1
  42 SQR20    1672 1947    276      9      0    .711    .31    .82   .153   .851   .206   1.79   .208  -.012   1
  43 SQR21    1649 1837    189      5      0    .610    .47   1.05   .240   .887   .186   1.71   .193  -.012   3
  44 SQR22    1610 1782    173      5      0    .600    .35    .84   .110   .537   .225   1.85   .224   .002   3
  45 SQR23    1671 1800    130      4      0    .678    .38    .78   .136   .748   .198   1.87   .204  -.032   3
  46 SQR24    1600 1706    107      3      0    .700    .28    .65   .096   .709   .197   1.73   .197   .087   0
  47 SQR25    1678 1774     97      2      0    .699    .38    .84   .149   .711   .211   1.75   .238   .005   1
  48 SQR29    1630 1947    318     10      0    .601    .48   1.15   .221   .802   .230   1.85   .222   .007   2
  49 ND09     1579 1855    277      9      0    .507    .16    .46   .076   .741   .255   1.63   .252  -.007   1
  50 ND10B    1795 1967    173      5      0    .590    .33   1.54   .278   .957   .178   1.40   .160   .055   0
  51 ND14     1716 1958    243      8      0    .587    .25    .87   .164   .881   .247   2.14   .257  -.018   3
  52 ND16A    1694 1957    264      9      0    .583    .26   1.00   .182   .890   .217   1.83   .233   .014   1
  53 ND16B    1694 1958    265      9      0    .566    .28   1.00   .159   .861   .226   2.10   .236   .002   1
  54 ND19A    1748 1966    219      7      0    .663    .32   1.26   .163   .770   .224   1.72   .224   .020   1
  55 ND19B    1748 1964    217      7      0    .640    .28   1.29   .153   .806   .230   1.84   .230   .022   1
  56 ND20A    1728 1965    238      7      0    .660    .33    .86   .135   .722   .222   1.74   .219   .014   2
  57 ND20B    1726 1966    241      7      0    .551    .33    .85   .147   .765   .209   1.72   .216  -.009   3
  58 ND25A    1623 1920    298      9      0    .570    .31    .98   .169   .794   .268   1.96   .270   .025   3
  59 ND25B    1700 1906    207      6      0    .551    .15    .45   .089   .834   .268   2.02   .277  -.007   1
  60 ND33A    1600 1752    153      4      0    .639    .51   1.49   .232   .684   .267   1.98   .282   .017   1
  61 ND33B    1600 1759    160      4      0    .720    .46   1.15   .177   .687   .250   1.87   .249  -.011   1
  62 ND38A    1668 1855    188      6      0    .580    .44   1.39   .261   .841   .227   1.90   .226   .005   1
  63 ND38B    1668 1825    158      5      0    .529    .49   1.20   .216   .757   .220   1.94   .238   .012   1
  64 021071   1743 1977    235      8      0    .587    .48   1.14   .250   .865   .197   1.85   .194   .003   1
  65 021072   1743 1977    235      8      0    .650    .54   1.32   .264   .857   .182   1.62   .182   .002   3
  66 021073   1754 1977    224      7      0    .637    .58   1.34   .297   .845   .199   1.60   .198  -.002   1
  67 021074   1754 1977    224      7      0    .579    .52   1.30   .270   .888   .178   1.60   .179  -.008   1
  68 021091   1648 1977    330     12      0    .634    .22    .57   .099   .828   .200   1.73   .202  -.017   1
  69 021092   1662 1977    316     11      0    .592    .28    .80   .165   .888   .204   1.85   .212  -.012   3
  70 021093   1648 1977    330     11      0    .583    .29    .87   .165   .891   .197   1.73   .204  -.006   3
  71 021102   1678 1977    300     10      0    .599    .29    .73   .131   .805   .203   1.78   .199   .049   1
  72 021103   1709 1977    269      9      0    .662    .36    .81   .168   .839   .213   1.65   .202   .006   1
  73 021131   1758 1977    220      7      0    .609    .35    .83   .131   .790   .187   1.58   .183  -.005   1
  74 021133   1734 1977    244      8      0    .609    .30    .66   .103   .744   .187   1.52   .183   .009   1
  75 FTR6NS   1930 1990     61      0      0    .626    .43    .98   .228   .907   .168   1.39   .164  -.029   1
  76 FTR10NBS 1914 1949     36      0      0    .580    .31    .46   .080   .467   .218   1.40   .203   .066   0
  77 FTR10NCS 1952 1990     39      0      0    .614    .19    .37   .096   .838   .254   1.75   .260   .114   0
  78 FTR14WBS 1915 1990     76      1      0    .633    .33    .76   .161   .812   .205   1.67   .201  -.025   1
  79 FTR14ES  1848 1883     36      0      0    .564    .44    .98   .166   .738   .198   1.65   .209  -.103   1
  80 FTR19ES  1753 1990    238      7      0    .688    .18    .53   .080   .800   .211   1.67   .221  -.016   1
  81 FTR25WCS 1959 1990     32      0      0    .642    .37    .59   .068   .444   .131   1.49   .143   .146   0
  82 FTR36SS  1799 1882     84      2      0    .514    .20    .53   .071   .708   .203   1.84   .213   .048   1
  83 FTR38EBS 1914 1990     77      1      0    .556    .37    .61   .107   .777   .144   1.28   .143   .068   1
 --- -------- ---------  -----  -----  -----   ------ -----  -----  -----  -----  -----  -----  -----  -----  --
 Total or mean:          16881    493      4    .614    .37   2.45   .171   .785   .213   2.30   .213   .004

 DATA CHECKS (rwl.check): ak110
-----------------------------------------------------------------------------------------------------------------------------------
 rwl.check: data_files/treering/measurements/northamerica/usa/ak110.rwl
 83 series, 16881 measurements, 980-1990, 0.01 mm precision
 0 error(s), 2 warning(s), 8 note(s)
 -------------
 WARNING
   RWL_MIXED_EOL (1)
     line endings are not consistent: 1761 carriage return(s) against 1764 line feed(s); mixed endings can defeat a reader
   RWL_REPEATED_VALUE (1)
     K111B: 0.06 repeated in 6 consecutive rings, 1434-1439; a constant stretch is a placeholder, not a measurement
 8 note(s) not shown; see rwl.check() or the 'check' element of this report.

 NOTES
-----------------------------------------------------------------------------------------------------------------------------------
 Report generated using dplR 1.8.1 (R 4.5.2) on 2026-10-01 16:52 PDT.
 Measurement file ak110.rwl, MD5 abf8820ca9c539d292a0529531b3d98c.
 Filtering: each series divided by a 32-year smoothing spline (caps()), then prewhitened with
   an AR model (order by AIC, at most 3).
 Master: biweight robust mean of the other series (leave-one-out).
 Correlation: Pearson, one-tailed, pcrit = 0.01; critical r = 0.3281 for 50-year segments.
 Segments: 50 years, lagged 25, first segment floored to 100. Lags searched: +/- 10 years.
 A segment is tested only where the series and the master cover all of it, at the dated
   position and at every lag. COFECHA also tests partial segments at the ends of a series, so
   series here may show fewer segments, and no flags can be raised at the ends of the record.
 Lags follow COFECHA: negative means rings are probably missing from the series, positive means
   false rings. A missing ring carries its lag into every segment before it, so look where the
   lag changes along a series. A B flag is a hypothesis to check on the wood; the gain says how
   seriously to take it.
 A B flag marked "weak at every lag" correlates under the critical value even at its best lag:
   the segment is weak wherever it is placed, and the shift is not evidence of a dating error.
   Treat it as a low correlation, like an A.
 Averages in the summary and the totals are weighted by the number of years in each series, as
   COFECHA's are.
 Unfiltered block and mean sensitivity: the measurements as read, and sens1().
 dplR filtered block: the series that was correlated, after filtering. COFECHA's filtered
   series is defined differently, so these three columns are not COFECHA's numbers.
 AR: order of the AR model used to prewhiten.
 Left out of the crossdating: the 'nyrs' spline for series K111A is not all positive, so
   dividing by it would give negative or infinite indices. Remove the series, or detrend the
   data yourself with detrend() and pass the indices with 'nyrs = NULL'
