
 COFECHA-style crossdating report: ak120
 Report generated using dplR 1.8.1 (R 4.5.2) on 2026-10-01 16:47 PDT
 Built with dplR's xdate.report(), not COFECHA; see the notes at the end.


      Measurement file name  : ak120.rwl
      MD5 of measurement file: 5d446e9aa22ec12205cf34ea804bbb07
      Date checked           : 01OCT26
      Beginning year         : 1034
      Ending year            : 1999
      Principal investigators: Barclay, D.; Milligan, J.M.; Wiles, G.
      Site name              : Nellie Juan
      Species information    : TSME Tsuga mertensiana (Bong.) Carrière
      Latitude               : 60.4667 N
      Longitude              : 148.3500 W
      Elevation              : 30 m

      Series intercorrelation: 0.661
      Avg mean sensitivity   : 0.277
      Avg standard deviation : 0.244
      Avg autocorrelation    : 0.785
      Number dated series    : 72
      Series crossdated      : 70
      Segment length tested  : 50

      Number problem segments: 10  (A 4, B 6; 3 of the B weak at every lag)
      Pct problem segments   : 1.17


 CORRELATION OF SERIES BY SEGMENTS: ak120
-----------------------------------------------------------------------------------------------------------------------------------
 Correlations of  50-year dated segments, lagged  25 years
 Flags:  A = correlation under   .3281 but highest as dated;  B = correlation higher at other than dated position

 Seq Series  Time_span  1100 1125 1150 1175 1200 1225 1250 1275 1300 1325 1350 1375 1400 1425 1450 1475 1500 1525 1550 1575 
                        1149 1174 1199 1224 1249 1274 1299 1324 1349 1374 1399 1424 1449 1474 1499 1524 1549 1574 1599 1624 
 --- -------- ---------  ---- ---- ---- ---- ---- ---- ---- ---- ---- ---- ---- ---- ---- ---- ---- ---- ---- ---- ---- ---- 
   1 PW35F1   1317 1559                                               .67  .72  .70  .69  .70  .64  .60  .63                
   2 PW35F2   1317 1560                                               .45  .50  .57  .61  .61  .64  .69  .61                
   3 PW38A1   1034 1590  .64  .75  .76  .71  .64  .59  .65  .78  .83  .75  .74  .78  .78  .72  .76  .82  .79  .71           
   4 PW38A2   1035 1592  .77  .78  .71  .68  .66  .78  .82  .75  .78  .75  .74  .74  .68  .62  .75  .87  .86  .81           
   5 PW38B1   1212 1580                           .34  .25B .44  .52  .57  .62  .73  .70  .70  .76  .75  .71  .68           
   6 PW38B2   1281 1552                                          .62  .63  .61  .64  .52  .50  .61  .62  .71                
   7 PW39B1   1232 1538                                .49  .51  .57  .54  .60  .55  .49  .55  .59  .60                     
   8 PW39B2   1232 1538                                .46  .44  .51  .46  .54  .59  .62  .66  .72  .68                     
   9 NJ01A1   1083 1591  .66  .74  .68  .77  .80  .68  .64  .70  .79  .53  .41  .57  .63  .68  .71  .70  .63  .61           
  10 NJ01A3   1069 1592  .67  .72  .64  .70  .79  .82  .80  .58  .55  .69  .60  .51  .56  .70  .73  .71  .74  .75           
  11 NJ01C1   1301 1579                                               .71  .72  .77  .83  .80  .76  .62  .65  .81           
  13 NJ01D1   1348 1594                                                         .55  .68  .74  .70  .61  .61  .59           
  14 NJ01D2   1349 1594                                                         .48  .66  .70  .69  .68  .72  .63           
  15 NJ01G1   1318 1590                                               .75  .82  .85  .83  .74  .73  .79  .81  .87           
  16 NJ01G2   1315 1594                                               .78  .80  .83  .83  .74  .73  .77  .77  .83           
  17 NJ01H1   1174 1566                      .82  .86  .78  .67  .70  .69  .62  .72  .71  .67  .72  .70  .67                
  18 NJ01H2   1182 1586                      .84  .88  .83  .78  .82  .88  .80  .69  .66  .70  .81  .79  .71  .73           
  19 NJ01I2   1150 1595                 .79  .76  .76  .79  .87  .83  .50  .53  .63  .65  .78  .72  .62  .66  .80           
  20 NJ01I3   1100 1594       .61  .77  .81  .71  .74  .77  .78  .75  .59  .50  .57  .76  .76  .72  .72  .75  .72           
  21 NJ01J3   1072 1592  .86  .84  .80  .82  .81  .62  .61  .64  .48  .60  .62  .64  .70  .64  .77  .81  .77  .76           
  22 NJ01J6   1072 1593  .47  .67  .71  .78  .71  .53  .56  .67  .61  .56  .62  .65  .73  .66  .67  .76  .77  .71           
  23 NJ01L2   1145 1566            .60  .57  .62  .77  .69  .67  .78  .79  .84  .86  .82  .84  .90  .90  .85                
  24 NJ01L7   1145 1592            .77  .76  .74  .83  .78  .79  .85  .83  .88  .87  .80  .81  .85  .78  .77  .81           
  25 NJ01N1   1223 1566                                .39  .59  .71  .82  .79  .71  .71  .74  .72  .73  .74                
  26 NJ01N2   1267 1498                                     .63  .70  .76  .71  .67  .72  .77                               
  27 NJ01O1   1091 1563  .75  .78  .83  .78  .67  .71  .65  .72  .71  .71  .73  .55  .48  .67  .74  .67  .63                
  28 NJ01O2   1135 1592            .74  .76  .66  .78  .80  .74  .78  .80  .83  .62  .48  .72  .77  .71  .58  .51           
  30 NJ01X2   1222 1584                           .48  .57  .69  .81  .66  .72  .77  .75  .80  .68  .65  .78  .74           
  31 NJ03A1   1337 1567                                                    .71  .74  .71  .67  .73  .71  .79                
  32 NJ03A2   1339 1570                                                    .77  .83  .80  .78  .77  .76  .75                
  33 NJ03B1   1282 1530                                          .63  .77  .72  .67  .78  .81  .76  .60                     
  34 NJ03B2   1282 1540                                          .64  .74  .71  .58  .60  .70  .76  .69                     
  35 NJ03C1   1265 1547                                     .42  .42  .60  .69  .53  .49  .67  .66  .56                     
  36 NJ03C2   1267 1515                                     .45  .43  .58  .73  .66  .61  .65  .52                          
  37 NJ02D1   1309 1635                                               .61  .74  .69  .58  .68  .73  .61  .44  .57  .78  .62 
  38 NJ02D2   1309 1588                                               .70  .83  .75  .64  .71  .81  .68  .53  .65           
  39 PW58B1   1464 1699                                                                             .59  .55  .62  .67  .60 
  40 PW58B2   1460 1689                                                                             .66  .64  .64  .57  .46 
  41 PW59C1   1363 1693                                                         .62  .63  .77  .79  .72  .69  .69  .71  .67 
  42 PW59C2   1357 1690                                                         .62  .63  .75  .78  .71  .67  .64  .67  .68 
  43 PW61A1   1384 1649                                                              .29B .40  .58  .65  .71  .62  .56  .69 
  44 PW61A2   1380 1695                                                              .33A .51  .61  .61  .69  .61  .57  .71 
  45 NBL202   1491 1985                                                                                  .75  .72  .71  .75 
  46 NBL205   1493 1999                                                                                  .58  .52  .65  .72 
  57 NBL302   1567 1996                                                                                                 .64 
  58 NBL303   1569 1996                                                                                                 .71 
  67 NBL454   1395 1999                                                              .48  .74  .70  .58  .59  .53  .50  .51 
  68 NBL458   1376 1999                                                              .56  .71  .69  .61  .62  .61  .68  .69 
 Av segment correlation  .69  .74  .73  .74  .73  .70  .65  .65  .67  .67  .69  .67  .65  .70  .72  .69  .69  .68  .64  .65 

 CORRELATION OF SERIES BY SEGMENTS: ak120
-----------------------------------------------------------------------------------------------------------------------------------
 Correlations of  50-year dated segments, lagged  25 years
 Flags:  A = correlation under   .3281 but highest as dated;  B = correlation higher at other than dated position

 Seq Series  Time_span  1600 1625 1650 1675 1700 1725 1750 1775 1800 1825 1850 1875 1900 1925 1950 
                        1649 1674 1699 1724 1749 1774 1799 1824 1849 1874 1899 1924 1949 1974 1999 
 --- -------- ---------  ---- ---- ---- ---- ---- ---- ---- ---- ---- ---- ---- ---- ---- ---- ---- 
  39 PW58B1   1464 1699  .58  .43  .53                                                             
  40 PW58B2   1460 1689  .48  .42                                                                  
  41 PW59C1   1363 1693  .62  .68                                                                  
  42 PW59C2   1357 1690  .65  .60                                                                  
  43 PW61A1   1384 1649  .67                                                                       
  44 PW61A2   1380 1695  .68  .55                                                                  
  45 NBL202   1491 1985  .72  .66  .77  .72  .61  .58  .30A .40  .61  .76  .82  .80  .70  .75      
  46 NBL205   1493 1999  .66  .54  .66  .78  .57  .58  .67  .63  .62  .58  .74  .77  .64  .75  .67 
  47 NBL214   1710 1999                           .58  .56  .37  .43  .55  .70  .75  .63  .66  .57 
  48 NBL217   1718 1999                           .59  .54  .55  .65  .57  .61  .71  .65  .57  .47 
  49 NBL222   1702 1999                           .68  .68  .56  .65  .76  .79  .84  .75  .72  .71 
  50 NBL228   1736 1999                                .60  .57  .64  .75  .77  .81  .74  .59  .51 
  51 NBL245   1680 1999                      .69  .65  .64  .67  .75  .78  .65  .54  .69  .77  .69 
  52 NBL247   1680 1999                      .70  .71  .63  .66  .72  .80  .82  .78  .70  .63  .56 
  53 NBL272   1722 1999                           .59  .57  .69  .75  .79  .84  .88  .63  .63  .62 
  54 NBL275   1681 1999                      .57  .52  .48  .65  .80  .75  .82  .88  .70  .58  .53 
  55 NBL284   1689 1999                      .69  .62  .68  .62  .72  .79  .83  .79  .66  .74  .65 
  56 NBL286   1689 1999                      .66  .60  .69  .69  .75  .77  .83  .87  .61  .54  .71 
  57 NBL302   1567 1996  .66  .67  .62  .64  .60  .58  .49  .37  .56  .70  .72  .69  .60  .64      
  58 NBL303   1569 1996  .63  .53  .63  .70  .51  .49  .46  .42  .63  .70  .73  .70  .61  .66      
  59 NBL314   1610 1999       .70  .81  .86  .79  .77  .72  .68  .78  .81  .83  .84  .69  .72  .77 
  60 NBL315   1629 1999            .81  .76  .66  .73  .67  .57  .73  .84  .87  .78  .47  .61  .71 
  61 NBL323   1689 1999                      .65  .64  .62  .55  .57  .74  .76  .68  .60  .67  .55 
  62 NBL325   1605 1999       .75  .70  .75  .75  .74  .74  .70  .70  .61  .75  .81  .54  .69  .65 
  63 NBL404   1642 1999            .34B .29A .47  .67  .54  .46  .58  .58  .62  .64  .57  .70  .66 
  64 NBL406   1607 1999       .44  .40  .44  .71  .78  .64  .55  .65  .69  .77  .86  .77  .75  .77 
  65 NBL436   1650 1999                 .73  .71  .64  .28B .45  .66  .82  .82  .72  .65  .65  .65 
  66 NBL438   1639 1999            .58  .69  .73  .69  .47  .47  .66  .74  .79  .75  .66  .77  .79 
  67 NBL454   1395 1999  .62  .51  .46  .66  .73  .67  .53  .55  .54  .70  .75  .69  .59  .60  .64 
  68 NBL458   1376 1999  .71  .68  .57  .61  .74  .75  .60  .61  .66  .78  .74  .66  .60  .57  .52 
  69 NBL484   1625 1999            .57  .65  .58  .58  .65  .60  .71  .81  .76  .72  .73  .66  .52 
  70 NBL488   1596 1999  .45  .48  .59  .69  .64  .58  .63  .63  .73  .84  .80  .76  .77  .79  .77 
  71 NBL502   1598 1999       .53  .50B .57  .64  .52  .27B .32A .56  .60  .70  .72  .67  .71  .63 
  72 NBL508   1696 1999                      .69  .57  .45  .56  .61  .65  .75  .74  .63  .65  .68 
 Av segment correlation  .62  .57  .60  .66  .66  .63  .57  .56  .66  .72  .76  .76  .65  .67  .64 

 FLAGGED SEGMENTS: ak120
-----------------------------------------------------------------------------------------------------------------------------------
 Seq Series   Segment    Flag  r dated  Best lag  r at lag   Gain  Note
 --- -------- ---------  ----  -------  --------  --------  -----  -----------------
   5 PW38B1   1250 1299     B     .253         1      .266   .013  weak at every lag
  43 PW61A1   1400 1449     B     .293         8      .331   .039
  44 PW61A2   1400 1449     A     .325         0
  45 NBL202   1750 1799     A     .301         0
  63 NBL404   1650 1699     B     .341         2      .351   .010
  63 NBL404   1675 1724     A     .286         0
  65 NBL436   1750 1799     B     .285        -2      .288   .003  weak at every lag
  71 NBL502   1650 1699     B     .505        -3      .517   .013
  71 NBL502   1750 1799     B     .270        -8      .286   .016  weak at every lag
  71 NBL502   1775 1824     A     .322         0

 DESCRIPTIVE STATISTICS: ak120
-----------------------------------------------------------------------------------------------------------------------------------

                                                Corr   //-------- Unfiltered --------\\  //-- dplR filtered --\\
                           No.    No.    No.    with   Mean   Max     Std   Auto   Mean   Max     Std   Auto  AR
 Seq Series   Interval   Years  Segmt  Flags   Master  msmt   msmt    dev   corr   sens  value    dev   corr  ()
 --- -------- ---------  -----  -----  -----   ------ -----  -----  -----  -----  -----  -----  -----  -----  --
   1 PW35F1   1317 1559    243      8      0    .641    .60   1.96   .347   .737   .420   2.63   .410  -.051   3
   2 PW35F2   1317 1560    244      8      0    .560    .66   2.53   .413   .787   .390   2.17   .364  -.047   3
   3 PW38A1   1034 1590    557     18      0    .707    .29   1.03   .175   .675   .429   2.59   .418  -.024   3
   4 PW38A2   1035 1592    558     18      0    .734    .38   1.23   .219   .619   .416   2.69   .398  -.015   1
   5 PW38B1   1212 1580    369     13      1    .537    .33    .88   .174   .677   .377   2.54   .344  -.024   3
   6 PW38B2   1281 1552    272      9      0    .595    .53   1.43   .270   .694   .353   2.13   .337  -.022   3
   7 PW39B1   1232 1538    307     10      0    .539    .52   1.50   .277   .891   .186   1.62   .193  -.051   3
   8 PW39B2   1232 1538    307     10      0    .558    .42   1.33   .234   .882   .196   1.70   .205  -.040   3
   9 NJ01A1   1083 1591    509     18      0    .665    .60   2.26   .356   .791   .334   2.21   .320  -.038   3
  10 NJ01A3   1069 1592    524     18      0    .666    .52   1.40   .269   .716   .358   2.03   .354  -.032   3
  11 NJ01C1   1301 1579    279      9      0    .741    .59   2.21   .296   .757   .269   1.98   .278  -.035   3
  12 NJ01C2   1256 1595    323                          .67   1.54   .277   .671   .262                         
  13 NJ01D1   1348 1594    247      7      0    .605    .24    .59   .106   .730   .282   1.76   .271  -.037   3
  14 NJ01D2   1349 1594    246      7      0    .604    .19    .59   .095   .748   .321   1.73   .298  -.046   3
  15 NJ01G1   1318 1590    273      9      0    .789    .56   1.98   .243   .661   .273   2.29   .272  -.051   3
  16 NJ01G2   1315 1594    280      9      0    .773    .49   1.32   .251   .778   .283   2.27   .282  -.044   3
  17 NJ01H1   1174 1566    393     13      0    .727    .48   1.50   .345   .873   .285   1.84   .276  -.049   3
  18 NJ01H2   1182 1586    405     14      0    .770    .43   1.30   .267   .841   .245   1.69   .250   .003   3
  19 NJ01I2   1150 1595    446     15      0    .695    .51   1.31   .203   .678   .262   2.11   .271  -.020   3
  20 NJ01I3   1100 1594    495     17      0    .682    .52   1.74   .262   .794   .265   1.89   .265  -.025   3
  21 NJ01J3   1072 1592    521     18      0    .713    .38   1.15   .209   .668   .339   2.81   .360  -.027   3
  22 NJ01J6   1072 1593    522     18      0    .628    .53   1.72   .297   .585   .387   2.90   .408  -.031   3
  23 NJ01L2   1145 1566    422     15      0    .737    .55   1.40   .213   .663   .254   1.88   .259  -.007   3
  24 NJ01L7   1145 1592    448     16      0    .786    .45   1.28   .192   .745   .254   1.92   .262  -.017   3
  25 NJ01N1   1223 1566    344     11      0    .642    .68   1.78   .342   .803   .266   1.86   .267  -.027   3
  26 NJ01N2   1267 1498    232      7      0    .695    .30   1.28   .223   .806   .354   2.40   .341  -.057   3
  27 NJ01O1   1091 1563    473     17      0    .686    .64   1.51   .263   .767   .208   1.67   .218  -.008   3
  28 NJ01O2   1135 1592    458     16      0    .692    .68   1.74   .318   .808   .209   1.73   .217  -.020   3
  29 NJ01X1   1299 1590    288                          .53   1.32   .191   .714   .224                         
  30 NJ01X2   1222 1584    363     13      0    .643    .48   1.66   .267   .823   .259   2.61   .279   .002   2
  31 NJ03A1   1337 1567    231      7      0    .711    .36   1.17   .220   .844   .329   2.61   .321  -.017   3
  32 NJ03A2   1339 1570    232      7      0    .739    .34   1.24   .248   .878   .343   2.12   .333  -.027   3
  33 NJ03B1   1282 1530    249      8      0    .660    .58   2.17   .339   .852   .253   1.79   .268  -.023   3
  34 NJ03B2   1282 1540    259      8      0    .646    .58   2.15   .334   .848   .250   2.00   .268  -.020   3
  35 NJ03C1   1265 1547    283      9      0    .544    .52   3.10   .388   .831   .275   1.93   .280   .004   3
  36 NJ03C2   1267 1515    249      8      0    .568    .42   1.72   .350   .903   .316   2.05   .306  -.017   3
  37 NJ02D1   1309 1635    327     11      0    .616    .44   1.62   .320   .891   .298   2.10   .297  -.008   3
  38 NJ02D2   1309 1588    280      9      0    .676    .51   1.57   .318   .875   .265   1.80   .275  -.013   3
  39 PW58B1   1464 1699    236      8      0    .573    .51   1.30   .294   .868   .219   1.60   .231  -.008   2
  40 PW58B2   1460 1689    230      7      0    .554    .56   1.48   .334   .877   .230   1.84   .241  -.020   3
  41 PW59C1   1363 1693    331     11      0    .685    .33   1.22   .227   .836   .337   2.19   .329  -.039   3
  42 PW59C2   1357 1690    334     11      0    .668    .34   1.31   .245   .843   .350   2.22   .333  -.036   3
  43 PW61A1   1384 1649    266      9      1    .574    .70   1.93   .386   .847   .242   1.68   .247   .025   1
  44 PW61A2   1380 1695    316     10      1    .578    .60   1.80   .356   .857   .237   1.87   .246  -.002   2
  45 NBL202   1491 1985    495     18      1    .703    .34   1.72   .203   .845   .255   1.93   .264  -.014   3
  46 NBL205   1493 1999    507     19      0    .640    .37   1.22   .185   .871   .209   1.88   .215   .006   3
  47 NBL214   1710 1999    290     10      0    .584    .68   1.74   .291   .845   .190   1.67   .201  -.016   3
  48 NBL217   1718 1999    282     10      0    .573    .55   1.14   .215   .831   .180   1.54   .189  -.011   3
  49 NBL222   1702 1999    298     10      0    .696    .35    .88   .155   .762   .249   1.74   .247  -.008   3
  50 NBL228   1736 1999    264      9      0    .693    .36    .91   .166   .733   .303   2.34   .296   .011   1
  51 NBL245   1680 1999    320     11      0    .658    .30    .73   .120   .748   .238   1.70   .235  -.035   3
  52 NBL247   1680 1999    320     11      0    .721    .34    .81   .149   .815   .230   1.61   .228  -.012   3
  53 NBL272   1722 1999    278     10      0    .698    .42    .90   .166   .551   .312   2.14   .310   .004   1
  54 NBL275   1681 1999    319     11      0    .637    .63   2.22   .295   .791   .254   1.88   .259   .001   3
  55 NBL284   1689 1999    311     11      0    .720    .34    .78   .134   .744   .247   1.84   .252  -.023   3
  56 NBL286   1689 1999    311     11      0    .718    .39    .88   .173   .795   .259   1.87   .262  -.001   3
  57 NBL302   1567 1996    430     15      0    .634    .43   1.32   .286   .908   .273   1.98   .281  -.018   3
  58 NBL303   1569 1996    428     15      0    .627    .40   1.10   .223   .891   .229   1.91   .241  -.014   3
  59 NBL314   1610 1999    390     14      0    .760    .58   1.32   .232   .796   .223   1.73   .231  -.005   1
  60 NBL315   1629 1999    371     13      0    .726    .58   1.46   .243   .788   .229   1.83   .234   .001   1
  61 NBL323   1689 1999    311     11      0    .641    .45   1.38   .247   .822   .268   2.01   .276  -.001   3
  62 NBL325   1605 1999    395     14      0    .693    .59   1.43   .233   .803   .209   1.69   .217  -.015   3
  63 NBL404   1642 1999    358     13      2    .538    .43   2.29   .321   .877   .256   2.33   .278  -.011   3
  64 NBL406   1607 1999    393     14      0    .620    .49   1.72   .329   .874   .306   2.13   .306  -.006   3
  65 NBL436   1650 1999    350     12      1    .682    .35   1.68   .269   .919   .270   1.91   .263   .003   2
  66 NBL438   1639 1999    361     13      0    .676    .32   1.20   .234   .879   .284   2.25   .285   .008   3
  67 NBL454   1395 1999    605     23      0    .591    .29   1.04   .124   .788   .222   1.71   .227  -.019   3
  68 NBL458   1376 1999    624     23      0    .634    .24    .84   .121   .790   .253   2.22   .261  -.012   3
  69 NBL484   1625 1999    375     13      0    .637    .31    .94   .128   .649   .273   2.21   .283  -.011   3
  70 NBL488   1596 1999    404     15      0    .663    .27    .98   .136   .714   .302   1.84   .296  -.004   3
  71 NBL502   1598 1999    402     14      3    .571    .62   1.91   .299   .844   .206   1.70   .208  -.006   3
  72 NBL508   1696 1999    304     11      0    .658    .52   1.48   .250   .836   .215   1.63   .216  -.002   3
 --- -------- ---------  -----  -----  -----   ------ -----  -----  -----  -----  -----  -----  -----  -----  --
 Total or mean:          25667    858     10    .661    .46   3.10   .244   .785   .277   2.90   .279  -.017

 DATA CHECKS (rwl.check): ak120
-----------------------------------------------------------------------------------------------------------------------------------
 rwl.check: data_files/treering/measurements/northamerica/usa/ak120.rwl
 72 series, 25667 measurements, 1034-1999, 0.001 mm precision
 0 error(s), 2 warning(s), 39 note(s)
 -------------
 WARNING
   RWL_INTERNAL_NA (2)
     NJ01C2: no measurement for 1313-1316, 1401-1413, inside the measured span of the series. The file records nothing for those years, which is not a fault, but detrend(), chron(), strip.rwl(), rwi.stats() and sss() fail on interior gaps and this series cannot be crossdated. Use fill.internal.NA() to close them deliberately
     NJ01X1: no measurement for 1424-1427, inside the measured span of the series. The file records nothing for those years, which is not a fault, but detrend(), chron(), strip.rwl(), rwi.stats() and sss() fail on interior gaps and this series cannot be crossdated. Use fill.internal.NA() to close them deliberately
 39 note(s) not shown; see rwl.check() or the 'check' element of this report.

 NOTES
-----------------------------------------------------------------------------------------------------------------------------------
 Report generated using dplR 1.8.1 (R 4.5.2) on 2026-10-01 16:47 PDT.
 Measurement file ak120.rwl, MD5 5d446e9aa22ec12205cf34ea804bbb07.
 Filtering: each series divided by a 32-year smoothing spline (caps()), then prewhitened with
   an AR model (order by AIC, at most 3).
 Master: biweight robust mean of the other series (leave-one-out).
 Correlation: Pearson, one-tailed, pcrit = 0.01; critical r = 0.3281 for 50-year segments.
 Segments: 50 years, lagged 25, first segment floored to 100. Lags searched: +/- 10 years.
 A segment is tested only where the series and the master cover all of it, at the dated
   position and at every lag. COFECHA also tests partial segments at the ends of a series, so
   series here may show fewer segments, and no flags can be raised at the ends of the record.
 Lags follow COFECHA: negative means rings are probably missing from the series, positive means
   false rings. A missing ring carries its lag into every segment before it, so look where the
   lag changes along a series. A B flag is a hypothesis to check on the wood; the gain says how
   seriously to take it.
 A B flag marked "weak at every lag" correlates under the critical value even at its best lag:
   the segment is weak wherever it is placed, and the shift is not evidence of a dating error.
   Treat it as a low correlation, like an A.
 Averages in the summary and the totals are weighted by the number of years in each series, as
   COFECHA's are.
 Unfiltered block and mean sensitivity: the measurements as read, and sens1().
 dplR filtered block: the series that was correlated, after filtering. COFECHA's filtered
   series is defined differently, so these three columns are not COFECHA's numbers.
 AR: order of the AR model used to prewhiten.
 Left out of the crossdating: series NJ01C2 has internal NA values, and the 'nyrs' spline needs
   an unbroken series. Fill them with fill.internal.NA(), remove the series, or use 'n' instead
   of 'nyrs'
 Left out of the crossdating: series NJ01X1 has internal NA values, and the 'nyrs' spline needs
   an unbroken series. Fill them with fill.internal.NA(), remove the series, or use 'n' instead
   of 'nyrs'
