
 COFECHA-style crossdating report: ar049
 Report generated using dplR 1.8.1 (R 4.5.2) on 2026-10-01 16:55 PDT
 Built with dplR's xdate.report(), not COFECHA; see the notes at the end.


      Measurement file name  : ar049.rwl
      MD5 of measurement file: 4208203cc45728b3fbeea6c7b85f7dc6
      Date checked           : 01OCT26
      Beginning year         : 1133
      Ending year            : 1985
      Principal investigators: Stahle, D.W.
      Site name              : Bayou Deview
      Species information    : TADI Taxodium distichum (L.) Rich.
      Latitude               : 34.9500 N
      Longitude              : 91.2200 W
      Elevation              : 50 m

      Series intercorrelation: 0.724
      Avg mean sensitivity   : 0.525
      Avg standard deviation : 0.422
      Avg autocorrelation    : 0.529
      Number dated series    : 60
      Segment length tested  : 50

      Number problem segments: 8  (A 5, B 3; 2 of the B weak at every lag)
      Pct problem segments   : 0.85


 CORRELATION OF SERIES BY SEGMENTS: ar049
-----------------------------------------------------------------------------------------------------------------------------------
 Correlations of  50-year dated segments, lagged  25 years
 Flags:  A = correlation under   .3281 but highest as dated;  B = correlation higher at other than dated position

 Seq Series  Time_span  1200 1225 1250 1275 1300 1325 1350 1375 1400 1425 1450 1475 1500 1525 1550 1575 1600 1625 1650 1675 
                        1249 1274 1299 1324 1349 1374 1399 1424 1449 1474 1499 1524 1549 1574 1599 1624 1649 1674 1699 1724 
 --- -------- ---------  ---- ---- ---- ---- ---- ---- ---- ---- ---- ---- ---- ---- ---- ---- ---- ---- ---- ---- ---- ---- 
   1 DEV46A   1495 1985                                                              .62  .67  .59  .52  .72  .79  .78  .75 
   3 DEV47A   1480 1985                                                              .85  .82  .77  .63  .60  .72  .69  .74 
   4 DEV47B   1596 1985                                                                                  .76  .82  .78  .81 
   5 DEV48A   1205 1448       .40  .49  .66  .78  .68  .69  .71                                                             
   6 DEV48B   1205 1386       .55  .54  .64  .74  .65                                                                       
   8 DEV49C   1409 1985                                               .84  .79  .83  .80  .81  .82  .81  .80  .70  .66  .73 
   9 DEV51B   1318 1985                           .74  .80  .79  .73  .82  .86  .77  .74  .83  .83  .77  .84  .86  .84  .84 
  10 DEV51C   1133 1985  .76  .82  .78  .54  .65  .59  .68  .76  .79  .86  .83  .76  .75  .76  .80  .81  .84  .84  .76  .83 
  11 DEV51D   1133 1985  .73  .80  .74  .63  .78  .62  .65  .77  .68  .71  .84  .71  .64  .79  .85  .85  .88  .87  .81  .79 
  12 DEV52B   1155 1985  .69  .71  .82  .79  .81  .77  .81  .83  .78  .79  .77  .73  .79  .83  .88  .87  .79  .81  .87  .88 
  13 DEV52C   1228 1985            .82  .84  .85  .79  .86  .88  .76  .68  .70  .80  .83  .74  .78  .86  .85  .87  .90  .85 
  14 DEV54A   1444 1985                                                    .76  .79  .81  .80  .83  .84  .76  .80  .78  .75 
  15 DEV54C   1471 1985                                                         .75  .77  .78  .79  .85  .81  .74  .81  .86 
  16 DEV55A   1398 1985                                          .76  .72  .79  .68  .50  .54  .78  .81  .75  .74  .73  .67 
  17 DEV55B   1426 1985                                                    .57  .39  .47  .68  .79  .70  .58  .59  .75  .79 
  18 DEV57A   1350 1765                                     .78  .78  .80  .85  .86  .83  .81  .82  .85  .81  .83  .80  .80 
  19 DEV57B   1351 1782                                     .62  .62  .74  .76  .69  .73  .80  .78  .63  .61  .76  .79  .83 
  26 DEV62B   1155 1985  .77  .79  .81  .78  .88  .92  .79  .78  .85  .79  .75  .80  .82  .84  .87  .85  .78  .77  .79  .76 
  27 DEV62C   1256 1985                 .86  .90  .91  .85  .85  .90  .84  .81  .91  .91  .89  .86  .83  .81  .79  .78  .79 
  28 DEV62D   1154 1985  .80  .83  .89  .85  .90  .89  .83  .86  .89  .84  .80  .87  .91  .88  .86  .84  .66  .64  .78  .81 
  29 DEV64A   1356 1821                                     .54  .45  .44  .58  .59  .43  .36  .33B .28A .52  .62  .56  .63 
  30 DEV64B   1358 1809                                     .56  .63  .39  .29A .43  .51  .45  .24B .29A .46  .45  .48  .64 
  31 DEV65A   1201 1670       .56  .48  .60  .82  .59  .65  .73  .66  .56  .52  .62  .71  .54  .39  .52  .62                
  32 DEV65B   1205 1615       .59  .67  .74  .78  .63  .74  .79  .53  .54  .68  .72  .70  .60  .41                          
  33 DEV67A   1221 1985       .57  .62  .74  .77  .73  .77  .78  .76  .79  .72  .67  .69  .77  .64  .52  .68  .72  .71  .78 
  34 DEV68A   1531 1985                                                                        .89  .84  .76  .79  .77  .77 
  35 DEV68B   1462 1985                                                         .47  .62  .73  .84  .79  .67  .75  .82  .88 
  36 DEV69A   1567 1985                                                                             .69  .73  .81  .82  .81 
  37 DEV69B   1480 1985                                                              .75  .78  .68  .63  .64  .77  .72  .67 
  38 DEV69C   1489 1985                                                              .73  .72  .79  .76  .76  .80  .82  .79 
  39 DEV70A   1438 1985                                                    .75  .78  .77  .84  .87  .84  .87  .89  .85  .83 
  40 DEV70B   1416 1985                                               .74  .77  .72  .74  .85  .87  .85  .90  .91  .91  .85 
  41 DEV70C   1535 1985                                                                        .87  .84  .84  .84  .85  .87 
  44 DEV73A   1145 1768  .70  .69  .62  .75  .85  .81  .85  .84  .79  .74  .65  .70  .80  .83  .82  .80  .80  .71  .64  .73 
  45 DEV73B   1145 1749  .72  .76  .72  .70  .78  .77  .78  .77  .58  .52  .62  .72  .74  .78  .76  .74  .72  .68  .70  .81 
  46 DEV73C   1145 1654  .70  .64  .56  .64  .64  .61  .77  .79  .76  .71  .68  .71  .71  .76  .79  .71  .75                
  47 DEV74A   1314 1732                           .67  .68  .73  .70  .70  .76  .74  .71  .72  .76  .76  .79  .82  .75  .76 
  48 DEV74B   1315 1450                           .67  .53  .56  .74                                                        
  49 DEV75A   1528 1819                                                                        .73  .70  .73  .59  .61  .81 
  50 DEV75B   1528 1810                                                                        .70  .76  .80  .72  .70  .75 
  51 DEV76A   1661 1985                                                                                                 .75 
  52 DEV76B   1613 1985                                                                                       .80  .79  .79 
  53 DEV77A   1245 1710            .53  .63  .79  .80  .72  .60  .46  .61  .53  .42  .56  .56  .46  .25B .37  .38  .33A     
  54 DEV77B   1245 1696            .65  .74  .85  .76  .68  .61  .49  .61  .57  .51  .61  .59  .49  .31A .35  .46           
  55 DEV78A   1480 1745                                                              .53  .63  .73  .58  .44  .51  .46  .61 
  56 DEV78B   1480 1776                                                              .68  .72  .74  .67  .69  .66  .58  .66 
  57 DEV79A   1245 1715            .36  .39  .55  .53  .61  .73  .53  .57  .62  .49  .50  .49  .48  .51  .48  .50  .57      
  58 DEV79B   1245 1746            .37  .61  .71  .71  .78  .81  .60  .66  .71  .64  .74  .80  .80  .83  .80  .80  .80  .81 
  59 DEV80A   1435 1739                                                    .64  .64  .66  .72  .87  .78  .66  .65  .63  .71 
  60 DEV80B   1435 1755                                                    .76  .69  .56  .59  .72  .73  .56  .45  .61  .64 
 Av segment correlation  .73  .67  .64  .69  .78  .72  .74  .74  .69  .69  .70  .68  .70  .72  .73  .70  .71  .72  .73  .77 

 CORRELATION OF SERIES BY SEGMENTS: ar049
-----------------------------------------------------------------------------------------------------------------------------------
 Correlations of  50-year dated segments, lagged  25 years
 Flags:  A = correlation under   .3281 but highest as dated;  B = correlation higher at other than dated position

 Seq Series  Time_span  1700 1725 1750 1775 1800 1825 1850 1875 1900 1925 
                        1749 1774 1799 1824 1849 1874 1899 1924 1949 1974 
 --- -------- ---------  ---- ---- ---- ---- ---- ---- ---- ---- ---- ---- 
   1 DEV46A   1495 1985  .72  .72  .78  .76  .70  .66  .61  .72  .83  .75 
   2 DEV46B   1722 1985       .72  .82  .76  .67  .72  .69  .75  .82  .79 
   3 DEV47A   1480 1985  .71  .61  .62  .66  .73  .78  .80  .84  .70  .66 
   4 DEV47B   1596 1985  .78  .71  .73  .79  .78  .79  .79  .80  .75  .75 
   7 DEV49A   1813 1985                           .73  .64  .62  .74  .77 
   8 DEV49C   1409 1985  .85  .80  .64  .61  .68  .84  .87  .84  .81  .84 
   9 DEV51B   1318 1985  .84  .81  .81  .84  .85  .90  .87  .87  .90  .88 
  10 DEV51C   1133 1985  .84  .71  .80  .84  .72  .77  .87  .88  .85  .85 
  11 DEV51D   1133 1985  .81  .74  .78  .77  .75  .85  .83  .82  .86  .81 
  12 DEV52B   1155 1985  .88  .85  .79  .76  .81  .89  .89  .81  .79  .83 
  13 DEV52C   1228 1985  .79  .78  .73  .75  .79  .80  .80  .78  .82  .81 
  14 DEV54A   1444 1985  .82  .75  .75  .88  .85  .83  .88  .87  .81  .82 
  15 DEV54C   1471 1985  .82  .78  .66  .75  .74  .72  .82  .85  .80  .79 
  16 DEV55A   1398 1985  .70  .67  .59  .66  .77  .77  .58  .62  .81  .79 
  17 DEV55B   1426 1985  .65  .52  .59  .72  .70  .73  .78  .80  .82  .75 
  18 DEV57A   1350 1765  .86                                              
  19 DEV57B   1351 1782  .85  .75                                         
  20 DEV59A   1833 1985                                .79  .84  .86  .83 
  21 DEV59B   1843 1985                                .82  .77  .76  .81 
  22 DEV60A   1836 1985                                .78  .82  .82  .85 
  23 DEV60C   1822 1985                           .70  .69  .83  .88  .87 
  24 DEV61A   1816 1985                           .88  .91  .85  .85  .85 
  25 DEV61B   1820 1985                           .89  .87  .86  .83  .81 
  26 DEV62B   1155 1985  .81  .84  .82  .84  .82  .87  .87  .87  .90  .85 
  27 DEV62C   1256 1985  .84  .86  .85  .84  .77  .78  .79  .84  .85  .84 
  28 DEV62D   1154 1985  .85  .81  .83  .83  .77  .80  .81  .81  .84  .82 
  29 DEV64A   1356 1821  .58  .44  .55                                    
  30 DEV64B   1358 1809  .58  .39  .54                                    
  33 DEV67A   1221 1985  .78  .80  .58  .57  .77  .84  .85  .75  .71  .68 
  34 DEV68A   1531 1985  .76  .76  .79  .85  .77  .77  .83  .79  .80  .84 
  35 DEV68B   1462 1985  .92  .87  .80  .84  .78  .80  .88  .80  .85  .87 
  36 DEV69A   1567 1985  .79  .74  .72  .76  .49  .51  .66  .63  .60  .61 
  37 DEV69B   1480 1985  .71  .68  .55  .65  .68  .66  .65  .64  .61  .47 
  38 DEV69C   1489 1985  .64  .66  .85  .77  .67  .75  .68  .58  .58  .61 
  39 DEV70A   1438 1985  .82  .81  .86  .82  .70  .81  .89  .89  .90  .87 
  40 DEV70B   1416 1985  .79  .77  .80  .83  .80  .81  .80  .79  .85  .86 
  41 DEV70C   1535 1985  .85  .80  .77  .77  .75  .81  .88  .84  .84  .88 
  42 DEV72A   1689 1985  .55  .60  .81  .79  .80  .84  .82  .80  .79  .80 
  43 DEV72B   1704 1985       .64  .83  .79  .72  .71  .74  .83  .80  .81 
  44 DEV73A   1145 1768  .77                                              
  45 DEV73B   1145 1749  .84                                              
  49 DEV75A   1528 1819  .77  .68  .75                                    
  50 DEV75B   1528 1810  .71  .74  .72                                    
  51 DEV76A   1661 1985  .79  .79  .87  .80  .78  .84  .82  .72  .72  .79 
  52 DEV76B   1613 1985  .66  .63  .74  .72  .78  .84  .80  .76  .77  .83 
  56 DEV78B   1480 1776  .72  .62                                         
  60 DEV80B   1435 1755  .65                                              
 Av segment correlation  .77  .72  .74  .77  .75  .78  .79  .79  .80  .79 

 FLAGGED SEGMENTS: ar049
-----------------------------------------------------------------------------------------------------------------------------------
 Seq Series   Segment    Flag  r dated  Best lag  r at lag   Gain  Note
 --- -------- ---------  ----  -------  --------  --------  -----  -----------------
  29 DEV64A   1550 1599     B     .333         1      .402   .070
  29 DEV64A   1575 1624     A     .282         0
  30 DEV64B   1450 1499     A     .292         0
  30 DEV64B   1550 1599     B     .238        -8      .241   .003  weak at every lag
  30 DEV64B   1575 1624     A     .289         0
  53 DEV77A   1575 1624     B     .250         3      .268   .018  weak at every lag
  53 DEV77A   1650 1699     A     .325         0
  54 DEV77B   1575 1624     A     .306         0

 DESCRIPTIVE STATISTICS: ar049
-----------------------------------------------------------------------------------------------------------------------------------

                                                Corr   //-------- Unfiltered --------\\  //-- dplR filtered --\\
                           No.    No.    No.    with   Mean   Max     Std   Auto   Mean   Max     Std   Auto  AR
 Seq Series   Interval   Years  Segmt  Flags   Master  msmt   msmt    dev   corr   sens  value    dev   corr  ()
 --- -------- ---------  -----  -----  -----   ------ -----  -----  -----  -----  -----  -----  -----  -----  --
   1 DEV46A   1495 1985    491     18      0    .693    .39   1.26   .232   .171   .648   3.20   .520   .004   1
   2 DEV46B   1722 1985    264      9      0    .745    .40   1.32   .228   .237   .612   2.71   .511  -.059   0
   3 DEV47A   1480 1985    506     18      0    .725    .70   2.58   .450   .642   .409   2.19   .371  -.003   1
   4 DEV47B   1596 1985    390     14      0    .766    .59   2.66   .356   .510   .464   2.41   .400   .059   0
   5 DEV48A   1205 1448    244      7      0    .549    .87   3.55   .593   .586   .546   2.45   .480   .023   3
   6 DEV48B   1205 1386    182      5      0    .638   1.21   4.71   .846   .458   .551   2.96   .541   .013   2
   7 DEV49A   1813 1985    173      5      0    .680    .59   1.74   .355   .470   .521   3.11   .476  -.010   3
   8 DEV49C   1409 1985    577     21      0    .764    .54   2.59   .347   .533   .577   2.67   .471  -.005   3
   9 DEV51B   1318 1985    668     25      0    .822    .50   2.39   .328   .388   .612   3.02   .535  -.000   3
  10 DEV51C   1133 1985    853     30      0    .745    .44   2.68   .335   .446   .652   4.61   .594  -.008   1
  11 DEV51D   1133 1985    853     30      0    .749    .43   2.35   .323   .377   .706   3.88   .596  -.005   3
  12 DEV52B   1155 1985    831     30      0    .798    .39   2.00   .268   .375   .657   3.28   .545  -.009   3
  13 DEV52C   1228 1985    758     28      0    .788    .39   1.70   .245   .353   .652   2.75   .519   .006   2
  14 DEV54A   1444 1985    542     20      0    .802    .59   3.41   .372   .398   .506   3.65   .495  -.010   3
  15 DEV54C   1471 1985    515     19      0    .785    .66   2.86   .416   .388   .562   3.11   .498   .027   0
  16 DEV55A   1398 1985    588     22      0    .712    .56   2.38   .320   .560   .447   2.57   .397  -.001   1
  17 DEV55B   1426 1985    560     20      0    .682    .61   3.94   .685   .603   .668   3.76   .589  -.004   3
  18 DEV57A   1350 1765    416     14      0    .799    .70   4.21   .520   .508   .541   2.74   .491   .005   2
  19 DEV57B   1351 1782    432     15      0    .716    .56   4.90   .564   .722   .536   3.33   .501  -.001   2
  20 DEV59A   1833 1985    153      4      0    .802    .76   2.12   .368   .285   .459   2.27   .414   .012   3
  21 DEV59B   1843 1985    143      4      0    .771    .88   2.72   .364   .150   .386   2.68   .368  -.013   3
  22 DEV60A   1836 1985    150      4      0    .807    .58   2.81   .396   .401   .577   2.53   .480  -.030   0
  23 DEV60C   1822 1985    164      5      0    .797    .59   1.92   .380   .490   .620   2.10   .475  -.084   0
  24 DEV61A   1816 1985    170      5      0    .849    .68   4.32   .596   .473   .620   2.78   .578  -.005   3
  25 DEV61B   1820 1985    166      5      0    .835    .61   2.36   .390   .595   .433   2.44   .413   .027   2
  26 DEV62B   1155 1985    831     30      0    .809    .52   2.59   .331   .566   .511   2.96   .429  -.009   3
  27 DEV62C   1256 1985    730     27      0    .839    .50   2.49   .319   .592   .521   2.29   .429  -.005   3
  28 DEV62D   1154 1985    832     30      0    .816    .54   2.74   .356   .627   .485   2.33   .415  -.007   3
  29 DEV64A   1356 1821    466     16      2    .486    .47   1.82   .259   .695   .344   2.54   .335  -.009   1
  30 DEV64B   1358 1809    452     16      3    .455    .48   2.08   .286   .638   .362   2.49   .340   .001   1
  31 DEV65A   1201 1670    470     16      0    .587    .61   4.07   .525   .728   .479   3.09   .448  -.003   2
  32 DEV65B   1205 1615    411     14      0    .637    .57   2.87   .455   .773   .445   2.28   .387  -.001   2
  33 DEV67A   1221 1985    765     29      0    .712    .55   4.19   .448   .508   .708   3.36   .591  -.004   3
  34 DEV68A   1531 1985    455     16      0    .778    .66   3.84   .521   .543   .561   2.88   .500  -.009   3
  35 DEV68B   1462 1985    524     19      0    .778    .73   4.84   .653   .620   .601   3.63   .559  -.008   3
  36 DEV69A   1567 1985    419     15      0    .679    .58   3.48   .451   .605   .680   2.78   .527  -.008   3
  37 DEV69B   1480 1985    506     18      0    .630    .66   3.21   .392   .485   .502   2.86   .442   .003   2
  38 DEV69C   1489 1985    497     18      0    .698    .67   2.83   .435   .601   .555   3.66   .477   .003   3
  39 DEV70A   1438 1985    548     20      0    .829    .67   1.95   .320   .364   .407   2.34   .397  -.012   3
  40 DEV70B   1416 1985    570     21      0    .810    .60   3.23   .357   .332   .502   3.66   .477  -.009   3
  41 DEV70C   1535 1985    451     16      0    .822    .57   2.88   .337   .289   .540   3.28   .492  -.010   3
  42 DEV72A   1689 1985    297     10      0    .732    .92   3.22   .633   .478   .581   3.07   .544  -.017   3
  43 DEV72B   1704 1985    282      9      0    .757    .87   3.22   .608   .388   .555   2.81   .492  -.016   3
  44 DEV73A   1145 1768    624     21      0    .751    .52   3.07   .359   .715   .395   2.28   .370  -.000   2
  45 DEV73B   1145 1749    605     21      0    .724    .53   4.36   .363   .661   .382   2.79   .371  -.003   1
  46 DEV73C   1145 1654    510     17      0    .709    .53   3.51   .369   .690   .402   2.29   .369   .011   1
  47 DEV74A   1314 1732    419     15      0    .723    .70   4.58   .628   .642   .579   3.38   .567  -.011   1
  48 DEV74B   1315 1450    136      4      0    .666    .76   4.24   .754   .583   .662   3.79   .681  -.023   1
  49 DEV75A   1528 1819    292      9      0    .689    .98   3.13   .532   .567   .357   2.10   .363  -.018   1
  50 DEV75B   1528 1810    283      9      0    .694    .98   3.05   .533   .532   .346   2.34   .350  -.002   1
  51 DEV76A   1661 1985    325     11      0    .778    .52   1.94   .321   .239   .614   3.16   .498  -.012   3
  52 DEV76B   1613 1985    373     13      0    .772    .57   1.67   .323   .361   .552   2.63   .464  -.002   3
  53 DEV77A   1245 1710    466     17      2    .526    .92   4.19   .612   .654   .412   2.75   .404   .004   2
  54 DEV77B   1245 1696    452     16      1    .566    .78   2.98   .460   .559   .443   2.53   .415  -.002   3
  55 DEV78A   1480 1745    266      8      0    .547   1.12   2.98   .459   .586   .283   1.88   .274  -.008   1
  56 DEV78B   1480 1776    297     10      0    .637   1.09   3.80   .480   .671   .262   1.97   .262   .005   2
  57 DEV79A   1245 1715    471     17      0    .528    .69   3.99   .652   .842   .489   2.23   .407   .009   3
  58 DEV79B   1245 1746    502     18      0    .716    .65   3.29   .609   .821   .493   2.62   .411  -.006   2
  59 DEV80A   1435 1739    305     10      0    .685    .99   4.19   .660   .662   .430   2.66   .448   .024   1
  60 DEV80B   1435 1755    321     11      0    .645   1.03   3.80   .696   .677   .456   2.72   .462  -.012   1
 --- -------- ---------  -----  -----  -----   ------ -----  -----  -----  -----  -----  -----  -----  -----  --
 Total or mean:          26942    944      8    .724    .62   4.90   .422   .529   .525   4.61   .466  -.003

 DATA CHECKS (rwl.check): ar049
-----------------------------------------------------------------------------------------------------------------------------------
 rwl.check: data_files/treering/measurements/northamerica/usa/ar049.rwl
 60 series, 26942 measurements, 1133-1985, 0.01 mm precision
 0 error(s), 0 warning(s), 6 note(s)
 -------------
 Nothing to report at this severity.
 6 note(s) not shown; see rwl.check() or the 'check' element of this report.

 NOTES
-----------------------------------------------------------------------------------------------------------------------------------
 Report generated using dplR 1.8.1 (R 4.5.2) on 2026-10-01 16:55 PDT.
 Measurement file ar049.rwl, MD5 4208203cc45728b3fbeea6c7b85f7dc6.
 Filtering: each series divided by a 32-year smoothing spline (caps()), then prewhitened with
   an AR model (order by AIC, at most 3).
 Master: biweight robust mean of the other series (leave-one-out).
 Correlation: Pearson, one-tailed, pcrit = 0.01; critical r = 0.3281 for 50-year segments.
 Segments: 50 years, lagged 25, first segment floored to 100. Lags searched: +/- 10 years.
 A segment is tested only where the series and the master cover all of it, at the dated
   position and at every lag. COFECHA also tests partial segments at the ends of a series, so
   series here may show fewer segments, and no flags can be raised at the ends of the record.
 Lags follow COFECHA: negative means rings are probably missing from the series, positive means
   false rings. A missing ring carries its lag into every segment before it, so look where the
   lag changes along a series. A B flag is a hypothesis to check on the wood; the gain says how
   seriously to take it.
 A B flag marked "weak at every lag" correlates under the critical value even at its best lag:
   the segment is weak wherever it is placed, and the shift is not evidence of a dating error.
   Treat it as a low correlation, like an A.
 Averages in the summary and the totals are weighted by the number of years in each series, as
   COFECHA's are.
 Unfiltered block and mean sensitivity: the measurements as read, and sens1().
 dplR filtered block: the series that was correlated, after filtering. COFECHA's filtered
   series is defined differently, so these three columns are not COFECHA's numbers.
 AR: order of the AR model used to prewhiten.
