
 COFECHA-style crossdating report: az568
 Report generated using dplR 1.8.1 (R 4.5.2) on 2026-10-01 16:52 PDT
 Built with dplR's xdate.report(), not COFECHA; see the notes at the end.


      Measurement file name  : az568.rwl
      MD5 of measurement file: f5ab5cdd4d8fd43e3bba3a56170de791
      Date checked           : 01OCT26
      Beginning year         : 1565
      Ending year            : 2008
      Principal investigators: Griffin, R.D.; Biggs, R.
      Site name              : Black River Arizona
      Species information    : PSME Pseudotsuga menziesii (Mirb.) Franco
      Latitude               : 33.8000 N
      Longitude              : 109.3200 W
      Elevation              : 2438 m

      Series intercorrelation: 0.789
      Avg mean sensitivity   : 0.364
      Avg standard deviation : 0.506
      Avg autocorrelation    : 0.695
      Number dated series    : 112
      Segment length tested  : 50

      Number problem segments: 1  (A 0, B 1)
      Pct problem segments   : 0.12


 CORRELATION OF SERIES BY SEGMENTS: az568
-----------------------------------------------------------------------------------------------------------------------------------
 Correlations of  50-year dated segments, lagged  25 years
 Flags:  A = correlation under   .3281 but highest as dated;  B = correlation higher at other than dated position

 Seq Series  Time_span  1600 1625 1650 1675 1700 1725 1750 1775 1800 1825 1850 1875 1900 1925 1950 
                        1649 1674 1699 1724 1749 1774 1799 1824 1849 1874 1899 1924 1949 1974 1999 
 --- -------- ---------  ---- ---- ---- ---- ---- ---- ---- ---- ---- ---- ---- ---- ---- ---- ---- 
   1 BRF01A   1683 1986                      .50  .52  .50  .57  .74  .78  .73  .72  .70  .46      
   2 BRF3A    1641 1987            .70  .71  .80  .74  .72  .83  .82  .80  .79  .85  .85  .74      
   3 BRF03A   1685 1987                      .73  .72  .79  .83  .76  .71  .61  .59  .62  .64      
   4 BRF03B   1663 1987                 .71  .79  .77  .77  .70  .72  .79  .68  .68  .64  .64      
   5 BRF04A   1649 1730            .68  .80                                                        
   6 BRF04C   1758 1987                                     .78  .81  .86  .82  .85  .88  .81      
   7 BRF05A   1822 1987                                               .57  .57  .67  .75  .72      
   8 BRF05B   1808 1987                                               .56  .64  .70  .66  .59      
   9 BRF06A   1853 1987                                                         .56  .59  .53      
  10 BRF06B   1829 1987                                                    .59  .68  .73  .58      
  11 BRF07A   1701 1987                           .57  .61  .55  .59  .75  .69  .76  .80  .67      
  12 BRF07B   1711 1987                           .69  .68  .67  .63  .74  .84  .79  .65  .49      
  13 BRF08A   1795 1987                                          .45  .64  .64  .72  .80  .68      
  14 BRF08B   1803 1987                                               .75  .81  .74  .67  .76      
  15 BRF09A   1768 1987                                     .64  .71  .80  .67  .66  .76  .68      
  16 BRF09B   1718 1987                           .67  .72  .81  .77  .75  .75  .84  .87  .74      
  17 BRF10A   1635 1987            .76  .63  .78  .80  .71  .78  .82  .86  .83  .81  .88  .91      
  18 BRF10B   1565 1987  .66  .66  .65  .69  .82  .81  .82  .92  .90  .90  .88  .88  .86  .85      
  19 BRF11A   1619 1949       .80  .80  .80  .89  .90  .84  .87  .91  .91  .91  .88  .86           
  20 BRF11B   1611 1987       .79  .79  .82  .93  .90  .87  .91  .83  .85  .92  .91  .86  .82      
  21 BRF12B   1618 1987       .81  .81  .83  .86  .80  .74  .83  .82  .87  .87  .86  .83  .84      
  22 BRF13A   1658 1987                 .83  .88  .86  .76  .81  .84  .81  .74  .70  .81  .62      
  23 BRF13B   1655 1987                 .73  .84  .91  .84  .82  .86  .87  .86  .87  .86  .70      
  24 BRF15A   1674 1987                 .87  .80  .84  .90  .91  .91  .88  .88  .84  .88  .89      
  25 BRF15B   1665 1987                 .85  .86  .90  .91  .91  .92  .92  .93  .84  .82  .87      
  26 BRF16A   1680 1987                      .84  .89  .83  .84  .90  .92  .88  .78  .75  .87      
  27 BRF16B   1661 1987                 .75  .90  .89  .85  .88  .85  .87  .91  .82  .80  .90      
  28 BRF18B   1589 1987  .73  .78  .82  .84  .88  .88  .87  .90  .91  .89  .83  .84  .85  .85      
  29 BRF19A   1600 1899       .88  .83  .85  .92  .91  .88  .92  .84  .73  .72                     
  30 BRF19B   1575 1987  .92  .92  .90  .87  .88  .85  .87  .91  .80  .70  .64  .68  .81  .78      
  31 BRF21A   1809 2005                                               .92  .87  .74  .78  .81  .71 
  32 BRF21B   1787 2005                                          .79  .85  .81  .65  .69  .74  .81 
  33 BRF22A   1845 2005                                                    .58  .60  .66  .66  .66 
  34 BRF22B   1839 2005                                                    .69  .55  .64  .61  .59 
  35 BRF22C   1846 2005                                                    .62  .65  .74  .68  .70 
  36 BRF23A   1911 2005                                                                   .57  .65 
  37 BRF23B   1909 2005                                                                   .59  .51 
  38 BRF23C   1911 2005                                                                   .56  .61 
  39 BRF24A   1735 2005                                .86  .93  .92  .92  .91  .88  .85  .87  .88 
  40 BRF24B   1701 2005                           .69  .80  .93  .93  .90  .88  .88  .84  .87  .88 
  41 BRF24C   1727 2005                                .90  .92  .89  .89  .93  .90  .86  .90  .87 
  42 BRF25A   1861 2005                                                         .84  .82  .75  .73 
  43 BRF25B   1878 2005                                                              .80  .74  .65 
  44 BRF25C   1875 2005                                                              .79  .70  .75 
  45 BRF26A   1679 2005                      .91  .92  .83  .86  .91  .86  .83  .85  .86  .86  .80 
  46 BRF26B   1810 2005                                               .82  .70  .71  .75  .77  .79 
  47 BRF26C   1865 2005                                                         .72  .75  .81  .82 
  48 BRF27A   1858 2005                                                         .83  .81  .74  .82 
  49 BRF27B   1845 2005                                                    .61  .86  .79  .73  .82 
  50 BRF27C   1866 2005                                                         .50  .77  .82  .83 
  51 BRF28A   1703 2005                           .82  .78  .84  .85  .85  .81  .82  .83  .82  .87 
  52 BRF28B   1809 2005                                               .76  .80  .88  .86  .78  .81 
  53 BRF28C   1794 2005                                          .75  .81  .90  .87  .84  .85  .86 
  54 BRF29A   1685 2005                      .57  .67  .82  .87  .90  .91  .89  .72  .69  .84  .82 
  55 BRF29B   1736 2005                                .85  .85  .87  .92  .88  .81  .81  .78  .85 
  56 BRF29C   1694 2005                      .59  .72  .83  .90  .87  .84  .85  .85  .82  .73  .76 
  57 BRF30A   1614 2005       .78  .77  .83  .85  .85  .86  .89  .90  .90  .91  .90  .86  .88  .93 
  58 BRF30B   1662 2005                 .82  .91  .90  .89  .88  .88  .88  .86  .90  .89  .85  .86 
  59 BRF30C   1681 2005                      .94  .91  .90  .94  .91  .91  .91  .92  .90  .88  .84 
  60 BRF31A   1610 2005       .83  .79  .73  .82  .88  .91  .93  .86  .77  .74  .64  .68  .81  .87 
  61 BRF31B   1595 2005  .75  .63  .72  .83  .85  .88  .90  .91  .87  .84  .79  .76  .78  .80  .87 
  62 BRF31C   1614 2005       .88  .73  .61  .62  .71  .88  .83  .55  .51  .69  .70  .77  .80  .88 
  63 BRF32A   1875 2005                                                              .85  .76  .79 
  64 BRF32B   1869 2005                                                         .84  .83  .79  .77 
  65 BRF32C   1838 2005                                                    .77  .80  .73  .76  .80 
  66 BRF33A   1722 2005                           .89  .81  .84  .86  .88  .90  .81  .72  .82  .88 
  67 BRF33B   1689 2005                      .80  .83  .87  .86  .89  .90  .87  .81  .76  .83  .85 
  68 BRF33C   1771 2005                                     .90  .93  .94  .94  .92  .80  .74  .87 
  69 BRF34A   1846 2005                                                    .84  .86  .87  .87  .89 
  70 BRF34B   1859 2005                                                         .89  .85  .80  .81 
  71 BRF34C   1842 2005                                                    .81  .87  .82  .85  .75 
  72 BRF35A   1919 2005                                                                   .75  .78 
  73 BRF35B   1916 2005                                                                   .76  .85 
  74 BRF35C   1903 2005                                                                   .70  .78 
  75 BRF36A   1664 2005                 .87  .86  .86  .87  .89  .91  .91  .91  .86  .85  .88  .85 
  76 BRF36B   1689 2005                      .84  .86  .84  .85  .90  .91  .89  .86  .83  .88  .89 
  77 BRF36C   1662 2005                 .87  .92  .95  .89  .90  .92  .92  .93  .87  .87  .91  .88 
  78 BRM01A   1836 2008                                                    .84  .83  .80  .79  .77 
  79 BRM01B   1833 2008                                                    .87  .87  .81  .72  .73 
  80 BRM03B   1836 2008                                                    .85  .87  .87  .81  .82 
  81 BRM04A   1829 2008                                                    .71  .80  .81  .83  .87 
  82 BRM05A   1839 2008                                                    .83  .85  .79  .75  .83 
  83 BRM05B   1843 2008                                                    .84  .84  .83  .79  .85 
  84 BRM06B   1691 2008                      .76  .81  .86  .91  .89  .88  .83  .78  .85  .85  .88 
  85 BRM10A   1843 2008                                                    .83  .79  .79  .80  .80 
  86 BRM12A   1842 2008                                                    .78  .84  .77  .68  .72 
  87 BRM12B   1848 2008                                                    .84  .86  .80  .77  .82 
  88 BRM13A   1664 2008                 .86  .91  .92  .90  .90  .90  .89  .91  .91  .86  .87  .90 
  89 BRM13B   1667 2008                 .87  .92  .90  .87  .92  .90  .89  .91  .89  .90  .87  .87 
  90 BRM14A   1734 2008                                .69  .83  .85  .90  .88  .82  .77  .77  .53 
  91 BRM14B   1727 2008                                .74  .79  .88  .91  .86  .85  .88  .86  .87 
  92 BRM15A   1941 2008                                                                        .65 
  93 BRM15B   1941 2008                                                                        .69 
  94 BRM16A   1935 2008                                                                        .74 
  95 BRM16B   1935 2008                                                                        .79 
  96 BRM17A   1638 2008            .81  .83  .84  .86  .83  .86  .91  .88  .86  .88  .87  .84  .85 
  97 BRM17B   1599 2008  .63  .65  .68  .79  .86  .88  .89  .90  .36B .39  .89  .91  .89  .86  .86 
  98 BRM17C   1614 2008       .84  .84  .80  .80  .83  .87  .89  .88  .87  .86  .90  .89  .83  .82 
  99 BRM18A   1920 2008                                                                   .81  .74 
 100 BRM18B   1920 2008                                                                   .81  .77 
 101 BRM19A   1917 2008                                                                   .66  .77 
 102 BRM19B   1917 2008                                                                   .72  .74 
 103 BRM20A   1855 2008                                                         .73  .77  .72  .64 
 104 BRM20B   1855 2008                                                         .79  .67  .61  .58 
 105 BRM21A   1676 2008                      .55  .60  .64  .59  .64  .74  .78  .81  .73  .67  .73 
 106 BRM21B   1722 2008                           .52  .63  .71  .68  .66  .68  .74  .69  .70  .79 
 107 BRM22A   1916 2008                                                                   .80  .82 
 108 BRM22B   1914 2008                                                                   .78  .81 
 109 BRM23A   1644 2008            .65  .57  .74  .84  .84  .87  .90  .87  .83  .85  .86  .77  .80 
 110 BRM23B   1608 2008       .82  .88  .90  .93  .94  .90  .91  .90  .88  .85  .84  .86  .77  .80 
 111 BRM24A   1849 2008                                                         .81  .75  .75  .72 
 112 BRM24B   1849 2008                                                         .79  .76  .80  .88 
 Av segment correlation  .74  .79  .77  .79  .82  .81  .82  .84  .82  .82  .81  .80  .80  .76  .79 

 FLAGGED SEGMENTS: az568
-----------------------------------------------------------------------------------------------------------------------------------
 Seq Series   Segment    Flag  r dated  Best lag  r at lag   Gain  Note
 --- -------- ---------  ----  -------  --------  --------  -----  -----------------
  97 BRM17B   1800 1849     B     .358        -1      .566   .209

 DESCRIPTIVE STATISTICS: az568
-----------------------------------------------------------------------------------------------------------------------------------

                                                Corr   //-------- Unfiltered --------\\  //-- dplR filtered --\\
                           No.    No.    No.    with   Mean   Max     Std   Auto   Mean   Max     Std   Auto  AR
 Seq Series   Interval   Years  Segmt  Flags   Master  msmt   msmt    dev   corr   sens  value    dev   corr  ()
 --- -------- ---------  -----  -----  -----   ------ -----  -----  -----  -----  -----  -----  -----  -----  --
   1 BRF01A   1683 1986    304     10      0    .566    .94   2.60   .514   .869   .213   2.29   .226  -.013   1
   2 BRF3A    1641 1987    347     12      0    .761    .90   3.76   .697   .891   .318   2.07   .288  -.004   3
   3 BRF03A   1685 1987    303     10      0    .692   1.14   2.89   .560   .743   .317   1.93   .297   .001   1
   4 BRF03B   1663 1987    325     11      0    .715   1.02   2.59   .573   .812   .303   1.63   .278  -.013   1
   5 BRF04A   1649 1730     82      2      0    .720    .52   1.05   .208   .511   .347   1.83   .331   .007   1
   6 BRF04C   1758 1987    230      7      0    .805   1.17   3.36   .818   .784   .376   2.08   .332  -.016   3
   7 BRF05A   1822 1987    166      5      0    .614   1.85   9.22  1.281   .868   .224   1.50   .217   .005   1
   8 BRF05B   1808 1987    180      5      0    .555   1.76   6.00  1.078   .874   .230   1.64   .212   .003   1
   9 BRF06A   1853 1987    135      3      0    .588   3.04   6.33   .985   .701   .185   1.48   .183   .007   3
  10 BRF06B   1829 1987    159      4      0    .567   2.01   3.64   .692   .825   .161   1.47   .160  -.019   3
  11 BRF07A   1701 1987    287      9      0    .631   1.44   3.88   .691   .813   .238   1.78   .235  -.006   3
  12 BRF07B   1711 1987    277      9      0    .679   1.01   2.05   .369   .695   .232   1.86   .224  -.001   1
  13 BRF08A   1795 1987    193      6      0    .622   1.74   3.69   .708   .746   .233   1.87   .237   .003   3
  14 BRF08B   1803 1987    185      5      0    .716   1.32   3.92   .630   .751   .266   1.96   .264  -.018   3
  15 BRF09A   1768 1987    220      7      0    .693   1.53   3.64   .743   .705   .280   1.91   .266   .002   1
  16 BRF09B   1718 1987    270      9      0    .742   1.31   3.15   .501   .566   .295   1.81   .271   .022   1
  17 BRF10A   1635 1987    353     12      0    .797    .90   2.49   .483   .721   .306   1.96   .293   .007   1
  18 BRF10B   1565 1987    423     14      0    .798    .75   2.24   .364   .719   .298   1.89   .274   .007   1
  19 BRF11A   1619 1949    331     12      0    .860    .88   2.44   .500   .809   .322   1.93   .291   .003   3
  20 BRF11B   1611 1987    377     13      0    .847    .75   2.66   .493   .855   .327   2.10   .287   .000   3
  21 BRF12B   1618 1987    370     13      0    .821    .86   2.27   .440   .742   .308   1.70   .283  -.002   2
  22 BRF13A   1658 1987    330     11      0    .776    .75   2.34   .514   .771   .373   2.32   .346  -.010   1
  23 BRF13B   1655 1987    333     11      0    .806    .66   1.92   .404   .796   .335   1.86   .298  -.004   1
  24 BRF15A   1674 1987    314     11      0    .868    .87   2.99   .551   .709   .421   2.27   .371  -.003   1
  25 BRF15B   1665 1987    323     11      0    .874    .70   2.29   .392   .633   .441   2.22   .367  -.010   3
  26 BRF16A   1680 1987    308     10      0    .847    .87   3.10   .593   .705   .415   2.29   .384   .001   2
  27 BRF16B   1661 1987    327     11      0    .842    .75   2.53   .460   .637   .414   2.08   .386  -.016   1
  28 BRF18B   1589 1987    399     14      0    .841    .52   3.08   .456   .833   .438   2.35   .386  -.007   3
  29 BRF19A   1600 1899    300     10      0    .838    .61   3.32   .508   .808   .429   2.13   .380   .001   1
  30 BRF19B   1575 1987    413     14      0    .795    .66   3.98   .598   .841   .471   2.34   .410  -.001   1
  31 BRF21A   1809 2005    197      6      0    .807    .61   1.60   .302   .603   .382   1.94   .337   .046   0
  32 BRF21B   1787 2005    219      7      0    .773    .74   3.16   .505   .652   .393   2.24   .343  -.016   0
  33 BRF22A   1845 2005    161      5      0    .642   1.51   3.86   .872   .775   .295   1.71   .290   .004   1
  34 BRF22B   1839 2005    167      5      0    .661   1.45   4.46   .929   .787   .317   1.83   .310   .004   3
  35 BRF22C   1846 2005    160      5      0    .680   1.34   3.64   .765   .758   .307   1.86   .291   .028   3
  36 BRF23A   1911 2005     95      2      0    .525   2.20   3.81   .671   .596   .211   1.54   .203   .002   3
  37 BRF23B   1909 2005     97      2      0    .546   1.92   4.16   .768   .677   .250   2.03   .256  -.003   1
  38 BRF23C   1911 2005     95      2      0    .510   1.94   3.81   .671   .689   .224   1.54   .215   .014   1
  39 BRF24A   1735 2005    271      9      0    .882    .75   2.57   .466   .640   .441   2.50   .409  -.000   1
  40 BRF24B   1701 2005    305     10      0    .834    .66   2.35   .381   .574   .427   2.56   .397  -.000   1
  41 BRF24C   1727 2005    279      9      0    .868    .78   3.02   .476   .573   .421   2.41   .407  -.006   1
  42 BRF25A   1861 2005    145      4      0    .769    .91   1.98   .368   .492   .349   1.94   .311  -.009   1
  43 BRF25B   1878 2005    128      3      0    .665   1.18   2.62   .488   .506   .329   2.15   .322   .038   1
  44 BRF25C   1875 2005    131      3      0    .757   1.17   2.97   .459   .460   .335   2.13   .305   .012   1
  45 BRF26A   1679 2005    327     11      0    .853    .58   1.93   .313   .596   .368   2.64   .337   .015   2
  46 BRF26B   1810 2005    196      6      0    .791    .63   2.21   .365   .525   .381   2.56   .382  -.011   3
  47 BRF26C   1865 2005    141      4      0    .790    .71   4.41   .702   .858   .363   1.74   .331   .006   1
  48 BRF27A   1858 2005    148      4      0    .797   1.33   3.37   .700   .711   .304   1.86   .299  -.007   3
  49 BRF27B   1845 2005    161      5      0    .669   1.09   2.93   .482   .642   .317   1.80   .288  -.051   1
  50 BRF27C   1866 2005    140      4      0    .660   1.27   4.13   .662   .641   .323   2.30   .316  -.021   3
  51 BRF28A   1703 2005    303     10      0    .823    .81   3.59   .699   .873   .345   2.01   .324   .039   0
  52 BRF28B   1809 2005    197      6      0    .818    .62   2.21   .346   .681   .347   2.15   .328   .007   1
  53 BRF28C   1794 2005    212      7      0    .836    .58   1.24   .246   .608   .307   1.66   .267   .012   0
  54 BRF29A   1685 2005    321     11      0    .782    .56   1.75   .306   .680   .354   2.13   .320   .001   1
  55 BRF29B   1736 2005    270      9      0    .853    .64   2.28   .297   .562   .342   2.32   .321  -.005   1
  56 BRF29C   1694 2005    312     11      0    .790    .62   2.08   .335   .669   .348   1.96   .326  -.008   1
  57 BRF30A   1614 2005    392     14      0    .856    .60   2.11   .317   .649   .360   2.02   .333   .005   3
  58 BRF30B   1662 2005    344     12      0    .860    .61   2.02   .368   .666   .393   2.17   .360  -.002   3
  59 BRF30C   1681 2005    325     11      0    .870    .50   1.40   .227   .508   .369   2.08   .326   .001   1
  60 BRF31A   1610 2005    396     14      0    .818    .49   2.38   .406   .813   .457   2.13   .376  -.025   0
  61 BRF31B   1595 2005    411     15      0    .830    .46   3.10   .420   .796   .493   2.36   .397  -.038   0
  62 BRF31C   1614 2005    392     14      0    .731    .46   2.06   .342   .754   .461   2.67   .413   .070   0
  63 BRF32A   1875 2005    131      3      0    .808   1.06   2.99   .584   .628   .371   2.37   .338   .019   1
  64 BRF32B   1869 2005    137      4      0    .827   1.04   2.73   .537   .651   .346   1.94   .339   .024   1
  65 BRF32C   1838 2005    168      5      0    .751    .85   2.85   .463   .697   .350   1.93   .312  -.015   3
  66 BRF33A   1722 2005    284     10      0    .851    .64   2.43   .413   .661   .410   2.12   .383   .007   2
  67 BRF33B   1689 2005    317     11      0    .829    .76   3.40   .549   .724   .393   2.32   .382   .002   2
  68 BRF33C   1771 2005    235      8      0    .878    .54   1.26   .224   .402   .382   2.19   .326   .061   0
  69 BRF34A   1846 2005    160      5      0    .861   1.34   3.91   .653   .542   .394   1.78   .321   .052   0
  70 BRF34B   1859 2005    147      4      0    .831   1.55   3.95   .734   .624   .347   1.74   .304  -.038   3
  71 BRF34C   1842 2005    164      5      0    .798   1.27   3.49   .676   .626   .372   2.24   .324  -.011   3
  72 BRF35A   1919 2005     87      2      0    .768   1.21   2.55   .484   .513   .318   1.80   .306   .003   1
  73 BRF35B   1916 2005     90      2      0    .791    .94   2.21   .401   .363   .371   2.04   .339  -.044   0
  74 BRF35C   1903 2005    103      2      0    .650   1.11   2.58   .505   .537   .346   1.79   .315   .120   0
  75 BRF36A   1664 2005    342     12      0    .868    .76   2.70   .489   .697   .452   2.19   .374   .012   0
  76 BRF36B   1689 2005    317     11      0    .864    .64   2.25   .378   .649   .464   2.18   .366  -.006   3
  77 BRF36C   1662 2005    344     12      0    .894    .81   2.62   .476   .680   .419   2.63   .375  -.001   1
  78 BRM01A   1836 2008    173      5      0    .832   1.26   3.35   .682   .602   .395   2.16   .370  -.000   1
  79 BRM01B   1833 2008    176      5      0    .828   1.33   4.12   .662   .526   .383   2.06   .360   .013   3
  80 BRM03B   1836 2008    173      5      0    .838   1.11   3.02   .630   .690   .391   2.25   .343   .093   0
  81 BRM04A   1829 2008    180      5      0    .803   1.46   3.47   .814   .756   .343   1.94   .305   .023   3
  82 BRM05A   1839 2008    170      5      0    .827   1.11   3.07   .656   .709   .361   1.83   .307   .103   0
  83 BRM05B   1843 2008    166      5      0    .848   1.19   4.39   .704   .664   .384   1.97   .329   .040   0
  84 BRM06B   1691 2008    318     11      0    .849    .78   2.52   .472   .717   .364   2.01   .336   .002   2
  85 BRM10A   1843 2008    166      5      0    .801    .90   2.51   .461   .424   .443   2.01   .380   .066   0
  86 BRM12A   1842 2008    167      5      0    .786    .78   2.54   .485   .565   .439   1.95   .385   .107   0
  87 BRM12B   1848 2008    161      5      0    .833    .66   2.47   .425   .581   .438   1.96   .373   .045   0
  88 BRM13A   1664 2008    345     12      0    .894    .69   2.22   .445   .703   .421   2.20   .360   .017   0
  89 BRM13B   1667 2008    342     12      0    .890    .64   2.60   .447   .768   .405   2.07   .357   .055   0
  90 BRM14A   1734 2008    275      9      0    .571    .88   3.01   .470   .572   .369   7.61   .567   .200   2
  91 BRM14B   1727 2008    282      9      0    .858    .87   1.84   .373   .461   .376   1.96   .322  -.005   3
  92 BRM15A   1941 2008     68      1      0    .718   1.27   2.15   .383   .085   .347   1.54   .256  -.058   2
  93 BRM15B   1941 2008     68      1      0    .706   1.00   1.88   .339   .037   .378   1.81   .297  -.044   2
  94 BRM16A   1935 2008     74      1      0    .703   1.53   2.71   .470   .234   .329   1.60   .266  -.040   0
  95 BRM16B   1935 2008     74      1      0    .673   1.27   2.41   .419   .184   .347   1.95   .285  -.004   2
  96 BRM17A   1638 2008    371     13      0    .859    .65   2.02   .407   .801   .382   1.91   .336   .003   1
  97 BRM17B   1599 2008    410     15      1    .769    .73   2.60   .445   .772   .371   2.15   .328   .006   1
  98 BRM17C   1614 2008    395     14      0    .853    .60   2.00   .384   .814   .367   1.90   .323   .004   1
  99 BRM18A   1920 2008     89      2      0    .811   1.04   2.08   .422   .591   .332   1.57   .285   .026   0
 100 BRM18B   1920 2008     89      2      0    .814   1.01   1.88   .375   .541   .332   1.64   .283   .026   0
 101 BRM19A   1917 2008     92      2      0    .768   1.25   2.93   .539   .641   .314   1.62   .278  -.006   0
 102 BRM19B   1917 2008     92      2      0    .752   1.20   2.46   .477   .495   .347   1.57   .257  -.033   3
 103 BRM20A   1855 2008    154      4      0    .718    .69   3.31   .557   .757   .499   2.45   .407   .012   3
 104 BRM20B   1855 2008    154      4      0    .696    .68   2.50   .537   .777   .460   2.13   .404  -.009   1
 105 BRM21A   1676 2008    333     11      0    .693    .86   1.97   .443   .828   .248   1.94   .255  -.002   1
 106 BRM21B   1722 2008    287     10      0    .684   1.03   2.37   .499   .765   .272   1.80   .251  -.009   2
 107 BRM22A   1916 2008     93      2      0    .866   1.24   2.78   .543   .585   .379   1.77   .315  -.019   1
 108 BRM22B   1914 2008     95      2      0    .743   1.42   3.19   .565   .476   .373   1.60   .310  -.077   0
 109 BRM23A   1644 2008    365     13      0    .808    .84   4.25   .748   .854   .433   3.04   .374   .066   0
 110 BRM23B   1608 2008    401     14      0    .860    .85   3.94   .704   .868   .421   2.00   .350  -.003   0
 111 BRM24A   1849 2008    160      4      0    .760    .97   2.04   .404   .426   .393   1.73   .326   .032   3
 112 BRM24B   1849 2008    160      4      0    .821    .88   2.38   .372   .463   .375   1.82   .296   .027   3
 --- -------- ---------  -----  -----  -----   ------ -----  -----  -----  -----  -----  -----  -----  -----  --
 Total or mean:          26146    837      1    .789    .90   9.22   .506   .695   .364   7.61   .329   .008

 DATA CHECKS (rwl.check): az568
-----------------------------------------------------------------------------------------------------------------------------------
 rwl.check: data_files/treering/measurements/northamerica/usa/az568.rwl
 112 series, 26146 measurements, 1565-2008, 0.001 mm precision
 0 error(s), 0 warning(s), 4 note(s)
 -------------
 Nothing to report at this severity.
 4 note(s) not shown; see rwl.check() or the 'check' element of this report.

 NOTES
-----------------------------------------------------------------------------------------------------------------------------------
 Report generated using dplR 1.8.1 (R 4.5.2) on 2026-10-01 16:52 PDT.
 Measurement file az568.rwl, MD5 f5ab5cdd4d8fd43e3bba3a56170de791.
 Filtering: each series divided by a 32-year smoothing spline (caps()), then prewhitened with
   an AR model (order by AIC, at most 3).
 Master: biweight robust mean of the other series (leave-one-out).
 Correlation: Pearson, one-tailed, pcrit = 0.01; critical r = 0.3281 for 50-year segments.
 Segments: 50 years, lagged 25, first segment floored to 100. Lags searched: +/- 10 years.
 A segment is tested only where the series and the master cover all of it, at the dated
   position and at every lag. COFECHA also tests partial segments at the ends of a series, so
   series here may show fewer segments, and no flags can be raised at the ends of the record.
 Lags follow COFECHA: negative means rings are probably missing from the series, positive means
   false rings. A missing ring carries its lag into every segment before it, so look where the
   lag changes along a series. A B flag is a hypothesis to check on the wood; the gain says how
   seriously to take it.
 A B flag marked "weak at every lag" correlates under the critical value even at its best lag:
   the segment is weak wherever it is placed, and the shift is not evidence of a dating error.
   Treat it as a low correlation, like an A.
 Averages in the summary and the totals are weighted by the number of years in each series, as
   COFECHA's are.
 Unfiltered block and mean sensitivity: the measurements as read, and sens1().
 dplR filtered block: the series that was correlated, after filtering. COFECHA's filtered
   series is defined differently, so these three columns are not COFECHA's numbers.
 AR: order of the AR model used to prewhiten.
