
 COFECHA-style crossdating report: az589
 Report generated using dplR 1.8.1 (R 4.5.2) on 2026-10-01 16:50 PDT
 Built with dplR's xdate.report(), not COFECHA; see the notes at the end.


      Measurement file name  : az589.rwl
      MD5 of measurement file: d5f1bd4524464bc9c0e3f43d2cd4fa81
      Date checked           : 01OCT26
      Beginning year         : 340
      Ending year            : 2008
      Principal investigators: Dean, J.S.
      Site name              : Navajo Mountain 2
      Species information    : PSME Pseudotsuga menziesii (Mirb.) Franco
      Latitude               : 36.6833 N
      Longitude              : 110.5333 W
      Elevation              : 2127 m

      Series intercorrelation: 0.785
      Avg mean sensitivity   : 0.557
      Avg standard deviation : 0.343
      Avg autocorrelation    : 0.593
      Number dated series    : 342
      Segment length tested  : 50

      Number problem segments: 21  (A 5, B 16; 8 of the B weak at every lag)
      Pct problem segments   : 0.66


 CORRELATION OF SERIES BY SEGMENTS: az589
-----------------------------------------------------------------------------------------------------------------------------------
 Correlations of  50-year dated segments, lagged  25 years
 Flags:  A = correlation under   .3281 but highest as dated;  B = correlation higher at other than dated position

 Seq Series  Time_span   400  425  450  475  500  525  550  575  600  625  650  675  700  725  750  775  800  825  850  875 
                         449  474  499  524  549  574  599  624  649  674  699  724  749  774  799  824  849  874  899  924 
 --- -------- ---------  ---- ---- ---- ---- ---- ---- ---- ---- ---- ---- ---- ---- ---- ---- ---- ---- ---- ---- ---- ---- 
 297 302101    846 1064                                                                                            .55  .69 
 299 442101    800 1059                                                                                       .47  .48  .68 
 306 460102    842  995                                                                                            .62  .78 
 307 F3124     778  960                                                                                  .61  .59  .71  .82 
 309 403201    673  946                                                         .51  .50  .44  .60  .72  .75  .69  .57  .50 
 310 ADM21A    863  942                                                                                                 .70 
 311 446101    758  915                                                                             .87  .87  .82  .70      
 312 F3261     692  856                                                              .70  .65  .70  .88  .87                
 313 467110    770  845                                                                             .75                     
 314 467109    744  844                                                                        .64  .62                     
 315 467103    695  820                                                              .88  .81  .79                          
 316 467102    670  800                                                         .62  .69  .59  .68                          
 317 TMD36     695  759                                                              .85                                    
 319 301112    425  691       .87  .85  .80  .84  .83  .78  .74  .75  .78                                                   
 320 301103    344  691  .80  .80  .79  .90  .91  .87  .85  .71  .72  .79                                                   
 322 479101    539  676                                .78  .77  .72  .75                                                   
 323 451102    530  676                                .78  .80  .85  .86                                                   
 324 451104    588  672                                          .72                                                        
 325 479102    582  671                                          .76                                                        
 326 301113    540  669                                .81  .56  .64                                                        
 327 301109    400  639       .85  .75  .78  .84  .80  .76  .72                                                             
 329 301108    390  617  .76  .81  .82  .90  .84  .82  .87                                                                  
 330 301111    406  606       .78  .78  .85  .88  .85  .84                                                                  
 331 451101    381  596  .56  .51  .56  .67  .65  .65                                                                       
 332 F3180B    503  575                           .64                                                                       
 333 301110    402  549       .68  .77  .80  .80                                                                            
 334 301105    347  549  .75  .77  .74  .67  .69                                                                            
 336 SNP15A    381  534  .54  .56  .62  .37B                                                                                
 337 SNP15C    440  520            .52                                                                                      
 338 SNP15B    395  513  .55  .50  .52                                                                                      
 339 301104    344  509  .81  .84  .83                                                                                      
 340 301102    343  509  .78  .81  .85                                                                                      
 341 301107    362  489  .80  .83                                                                                           
 342 301101    340  449  .72                                                                                                
 Av segment correlation  .71  .74  .72  .75  .80  .78  .81  .71  .74  .79       .57  .72  .62  .68  .77  .77  .64  .60  .70 

 CORRELATION OF SERIES BY SEGMENTS: az589
-----------------------------------------------------------------------------------------------------------------------------------
 Correlations of  50-year dated segments, lagged  25 years
 Flags:  A = correlation under   .3281 but highest as dated;  B = correlation higher at other than dated position

 Seq Series  Time_span   900  925  950  975 1000 1025 1050 1075 1100 1125 1150 1175 1200 1225 1250 1275 1300 1325 1350 1375 
                         949  974  999 1024 1049 1074 1099 1124 1149 1174 1199 1224 1249 1274 1299 1324 1349 1374 1399 1424 
 --- -------- ---------  ---- ---- ---- ---- ---- ---- ---- ---- ---- ---- ---- ---- ---- ---- ---- ---- ---- ---- ---- ---- 
  39 NVN372   1269 1989                                                                             .39  .55  .54  .72  .81 
  46 NVN352   1340 1989                                                                                            .77  .72 
  49 NVN382   1327 1989                                                                                            .65  .62 
  52 NVN381   1314 1989                                                                                       .53  .74  .76 
 132 183141   1373 1971                                                                                                 .66 
 144 183111   1367 1971                                                                                                 .79 
 176 151232   1301 1963                                                                                       .89  .79  .73 
 212 BTA2455A 1358 1946                                                                                                 .85 
 213 BTA2452A 1272 1946                                                                             .68  .86  .89  .88  .84 
 217 BTA2460A 1304 1931                                                                                       .90  .77  .63 
 227 NVN351   1356 1840                                                                                                 .76 
 238 BTA2458A 1359 1660                                                                                                 .62 
 239 151190   1347 1614                                                                                            .84  .81 
 240 151220   1263 1555                                                                             .63  .56  .64  .60  .49 
 241 183112   1365 1549                                                                                                 .87 
 243 BTA2412  1313 1502                                                                                       .89  .83  .81 
 248 BTA4885B 1327 1454                                                                                            .73  .70 
 249 BTA2455B 1358 1433                                                                                                 .90 
 253 SH7A     1200 1284                                                              .81  .86                               
 254 440114   1190 1284                                                              .82  .86                               
 255 442104   1085 1279                                          .67  .70  .81  .81  .79  .86                               
 256 BK95     1155 1276                                                         .86  .89  .88                               
 257 438105   1195 1276                                                              .86  .91                               
 258 BK102    1196 1275                                                              .88  .90                               
 259 442109   1199 1275                                                              .77  .85                               
 260 442107   1195 1273                                                              .87                                    
 261 442105   1178 1273                                                              .86                                    
 262 F3522    1160 1272                                                         .82  .82                                    
 263 448103   1150 1272                                                    .76  .85  .83                                    
 264 438102   1173 1272                                                         .84  .89                                    
 265 BK257    1181 1272                                                              .57                                    
 266 BK131    1134 1271                                                    .77  .83  .71                                    
 268 F3175    1163 1271                                                         .76  .66                                    
 269 438103   1193 1271                                                              .92                                    
 270 F3186    1160 1270                                                         .86  .89                                    
 271 448105   1194 1270                                                              .84                                    
 272 F3188    1195 1269                                                              .79                                    
 273 310101   1198 1268                                                              .68                                    
 274 448104   1178 1268                                                              .82                                    
 275 LH5A     1198 1265                                                              .87                                    
 276 BK22     1200 1265                                                              .91                                    
 277 BK258    1197 1264                                                              .78                                    
 278 305107   1180 1262                                                              .74                                    
 279 BK259    1156 1261                                                         .73  .74                                    
 280 KS74     1087 1260                                          .66  .73  .62  .52  .73                                    
 281 F3259    1169 1257                                                         .83  .88                                    
 282 F3527    1178 1254                                                              .83                                    
 283 302212   1078 1251                                          .68  .76  .72  .61  .69                                    
 284 BK2B     1100 1230                                          .81  .78  .80  .84                                         
 285 302109   1124 1228                                               .49  .56  .51                                         
 286 302108   1140 1218                                                    .72                                              
 287 302107   1065 1179                                     .73  .74  .73                                                   
 288 BK2A     1074 1170                                     .83  .85                                                        
 289 302105   1051 1159                                     .83  .78                                                        
 290 442103    960 1156                 .78  .76  .84  .91  .90  .79                                                        
 291 304102   1060 1155                                     .71  .78                                                        
 292 302103    940 1135            .65  .71  .67  .60  .79  .76                                                             
 293 F3193C    956 1128                 .94  .89  .91  .92  .87                                                             
 294 F3193B    957 1128                 .94  .89  .90  .92  .89                                                             
 295 F3194A    900 1122       .83  .89  .89  .87  .89  .88                                                                  
 296 303103    940 1103            .84  .83  .77  .80  .81                                                                  
 297 302101    846 1064  .66  .59  .73  .78  .70                                                                            
 298 303102    880 1059  .66  .68  .71  .68  .64                                                                            
 299 442101    800 1059  .78  .80  .75  .72  .77                                                                            
 300 F3260     906 1058       .81  .85  .87  .81                                                                            
 301 452103    927 1056            .90  .91  .79                                                                            
 302 F3262     927 1056            .92  .92  .83                                                                            
 303 302104    966 1049                 .82  .78                                                                            
 304 302102    880 1024  .66  .68  .85  .86                                                                                 
 305 F3263     884 1017  .85  .83  .90                                                                                      
 306 460102    842  995  .86  .82                                                                                           
 307 F3124     778  960  .70                                                                                                
 308 303101    876  957  .47                                                                                                
 Av segment correlation  .71  .75  .82  .83  .78  .83  .87  .82  .75  .70  .72  .76  .80  .87       .57  .65  .75  .76  .74 

 CORRELATION OF SERIES BY SEGMENTS: az589
-----------------------------------------------------------------------------------------------------------------------------------
 Correlations of  50-year dated segments, lagged  25 years
 Flags:  A = correlation under   .3281 but highest as dated;  B = correlation higher at other than dated position

 Seq Series  Time_span  1400 1425 1450 1475 1500 1525 1550 1575 1600 1625 1650 1675 1700 1725 1750 1775 1800 1825 1850 1875 
                        1449 1474 1499 1524 1549 1574 1599 1624 1649 1674 1699 1724 1749 1774 1799 1824 1849 1874 1899 1924 
 --- -------- ---------  ---- ---- ---- ---- ---- ---- ---- ---- ---- ---- ---- ---- ---- ---- ---- ---- ---- ---- ---- ---- 
   1 TCM02B   1798 2008                                                                                  .88  .86  .84  .82 
   3 TCM13B   1602 2008                                               .87  .85  .81  .79  .83  .88  .89  .90  .90  .77  .77 
   4 TCM03A   1652 2008                                                         .86  .91  .92  .88  .87  .84  .76  .75  .71 
   5 TCM13A   1555 2008                                     .90  .90  .84  .88  .89  .91  .91  .87  .91  .92  .92  .92  .90 
   7 TCM05B   1757 2008                                                                             .88  .88  .85  .87  .89 
   8 TCM19A   1750 2008                                                                        .70  .79  .78  .80  .78  .75 
  10 TCM10B   1635 2008                                                    .57  .68  .78  .80  .75  .79  .81  .82  .85  .87 
  14 TCM15B   1679 2008                                                              .91  .91  .82  .77  .84  .89  .90  .87 
  16 TCM11A   1752 2008                                                                             .88  .92  .91  .91  .89 
  17 TCM10A   1655 2008                                                         .70  .86  .88  .77  .67  .70  .64  .41  .48 
  23 TCM02C   1793 2008                                                                                  .88  .87  .86  .83 
  26 TCM18B   1621 2008                                               .86  .90  .90  .90  .78  .60  .84  .92  .91  .90  .89 
  27 TCM17A   1665 2008                                                         .76  .85  .86  .64  .69  .80  .79  .85  .79 
  29 TCM02A   1798 2008                                                                                  .87  .88  .89  .84 
  30 TCM11B   1725 2008                                                                        .84  .88  .95  .92  .91  .88 
  32 TCM05A   1757 2008                                                                             .82  .75  .68  .84  .73 
  33 TCM15A   1681 2008                                                              .85  .91  .81  .78  .82  .84  .90  .84 
  34 TCM17B   1676 2008                                                              .91  .91  .61  .57  .75  .78  .78  .54 
  37 TCM18A   1616 2008                                               .86  .90  .92  .91  .79  .61  .84  .91  .86  .91  .92 
  38 TCM19B   1751 2005                                                                             .74  .73  .79  .84  .80 
  39 NVN372   1269 1989  .62  .60  .58  .51  .77  .80  .80  .78  .77  .83  .80  .81  .82  .80  .80  .77  .80  .81  .72  .74 
  40 NVN371   1440 1989            .72  .70  .73  .76  .75  .73  .76  .79  .80  .81  .79  .81  .78  .74  .73  .73  .76  .80 
  41 NVN342   1722 1989                                                                   .76  .65  .58  .64  .75  .73  .75 
  42 BND54B   1626 1989                                                    .88  .88  .93  .93  .89  .68  .72  .93  .92  .88 
  43 BND50B   1727 1989                                                                        .84  .74  .73  .79  .82  .77 
  44 BND55A   1567 1989                                     .79  .87  .89  .92  .91  .87  .89  .88  .85  .90  .90  .90  .91 
  45 NVN282   1493 1989                      .71  .78  .81  .82  .83  .82  .76  .76  .77  .77  .77  .65  .68  .78  .79  .79 
  46 NVN352   1340 1989  .70  .79  .76  .70  .77  .76  .83  .80  .80  .82  .81  .83  .79  .75  .76  .71  .72  .78  .76  .72 
  47 NVN361   1420 1989       .76  .74  .68  .85  .84  .85  .85  .79  .83  .81  .79  .83  .83  .78  .71  .77  .85  .78  .75 
  48 NVN362   1516 1989                           .85  .84  .83  .82  .79  .78  .83  .87  .84  .80  .71  .72  .81  .81  .81 
  49 NVN382   1327 1989  .64  .79  .77  .67  .83  .86  .84  .75  .71  .81  .79  .82  .81  .80  .78  .64  .66  .84  .82  .82 
  50 BND56B   1572 1989                                     .89  .92  .87  .87  .86  .87  .93  .90  .91  .91  .89  .91  .90 
  51 BND57B   1578 1989                                          .94  .94  .68  .19B .59  .93  .90  .91  .91  .91  .92  .94 
  52 NVN381   1314 1989  .59  .74  .78  .66  .79  .79  .74  .77  .86  .84  .83  .84  .78  .78  .76  .71  .72  .77  .78  .79 
  53 BND39A   1674 1989                                                         .74  .90  .92  .86  .76  .80  .86  .90  .87 
  54 BCD622   1566 1989                                     .87  .83  .80  .79  .74  .84  .83  .72  .77  .85  .68  .40  .54 
  55 BCD572   1578 1989                                          .94  .93  .90  .89  .93  .93  .91  .91  .91  .91  .92  .94 
  56 BND43B   1612 1989                                               .77  .91  .92  .90  .89  .89  .88  .88  .90  .88  .84 
  57 BND58B   1410 1989       .81  .82  .67  .61  .66  .77  .79  .81  .82  .85  .82  .88  .89  .79  .86  .93  .90  .91  .89 
  58 NVN281   1503 1989                           .85  .83  .81  .82  .83  .82  .79  .78  .78  .67  .65  .75  .79  .76  .76 
  59 BND42C   1750 1989                                                                        .78  .83  .81  .81  .87  .88 
  60 BND42A   1605 1989                                               .43  .69  .89  .88  .88  .88  .88  .89  .88  .91  .91 
  61 BND40A   1610 1989                                               .82  .90  .90  .91  .93  .89  .91  .90  .87  .92  .89 
  62 NVN301   1505 1989                           .69  .78  .83  .80  .85  .86  .76  .74  .76  .71  .75  .73  .73  .79  .80 
  63 BND39B   1673 1989                                                         .79  .84  .88  .83  .71  .74  .86  .91  .84 
  64 BND40B   1611 1989                                               .88  .92  .90  .91  .92  .92  .95  .94  .91  .92  .90 
  65 BND41A   1707 1989                                                                   .95  .89  .86  .85  .83  .87  .89 
  66 BND41B   1643 1989                                                    .90  .88  .94  .95  .90  .90  .86  .85  .92  .90 
  67 BND47A   1566 1989                                     .82  .89  .83  .78  .82  .91  .91  .87  .78  .77  .87  .91  .89 
  68 BND43A   1510 1989                           .75  .76  .79  .85  .87  .87  .86  .86  .86  .87  .91  .90  .88  .88  .88 
  69 NVN262   1418 1989       .49  .66  .66  .77  .78  .80  .81  .71  .71  .82  .83  .75  .73  .73  .70  .78  .75  .67  .71 
  70 BND47B   1581 1989                                          .89  .80  .77  .83  .90  .89  .83  .80  .77  .79  .87  .89 
  71 BND49A   1628 1989                                                    .69  .73  .89  .91  .88  .83  .75  .57  .68  .79 
  72 BND45B   1550 1989                                     .87  .89  .88  .91  .90  .91  .91  .88  .93  .93  .93  .95  .93 
  73 BND53A   1648 1989                                                    .89  .91  .94  .93  .88  .89  .93  .90  .84  .84 
  74 BND60B   1560 1989                                     .39  .60  .64  .73  .75  .86  .84  .68  .79  .89  .86  .84  .85 
  75 NVN291   1516 1989                           .84  .84  .87  .82  .80  .84  .83  .76  .76  .76  .65  .67  .73  .70  .74 
  76 BND56A   1578 1989                                          .91  .83  .83  .90  .92  .95  .90  .88  .91  .93  .91  .85 
  77 NVN311   1595 1989                                          .84  .81  .79  .77  .81  .78  .75  .73  .77  .82  .78  .79 
  78 NVN331   1684 1989                                                              .75  .76  .70  .75  .82  .80  .72  .70 
  79 NVN341   1753 1989                                                                             .66  .73  .79  .70  .70 
  80 BND50A   1692 1989                                                              .90  .89  .86  .82  .83  .86  .85  .87 
  81 BND44B   1636 1989                                                    .87  .88  .93  .92  .88  .92  .94  .91  .89  .83 
  82 NVN261   1458 1989                 .58  .77  .74  .78  .81  .78  .77  .72  .71  .79  .75  .72  .66  .75  .74  .69  .71 
  83 BND53B   1719 1989                                                                   .91  .92  .76  .78  .93  .93  .93 
  84 BND57A   1516 1989                           .80  .84  .85  .91  .91  .92  .88  .90  .93  .91  .90  .91  .90  .92  .85 
  85 NVN332   1802 1989                                                                                       .83  .77  .78 
  86 BND48A   1692 1989                                                              .92  .96  .90  .90  .93  .92  .89  .84 
  87 NVN292   1468 1989                 .76  .86  .85  .84  .85  .82  .78  .76  .77  .72  .74  .76  .63  .66  .66  .62  .71 
  88 BND62A   1597 1989                                          .85  .83  .85  .83  .88  .88  .80  .82  .87  .80  .72  .65 
  89 NVN302   1595 1989                                          .81  .74  .74  .78  .80  .77  .73  .73  .75  .80  .79  .80 
  90 BND48B   1536 1989                                .73  .79  .83  .81  .85  .85  .94  .95  .90  .93  .94  .93  .92  .89 
  91 BND45A   1595 1989                                          .87  .86  .84  .84  .85  .86  .89  .88  .89  .91  .93  .93 
  92 BND51B   1764 1989                                                                             .92  .93  .93  .91  .89 
  93 BND60A   1395 1989  .86  .86  .84  .78  .70  .64  .59  .61  .69  .70  .72  .71  .81  .85  .77  .86  .86  .73  .77  .84 
  94 BND59B   1474 1989                      .63  .52  .50  .65  .78  .82  .86  .83  .85  .81  .70  .84  .90  .87  .84  .84 
  95 NVN312   1518 1989                           .69  .77  .79  .79  .80  .85  .84  .74  .68  .65  .68  .75  .83  .77  .74 
  96 BND51A   1745 1989                                                                        .83  .88  .92  .93  .90  .87 
  97 BCD421   1605 1989                                               .86  .87  .86  .88  .90  .87  .88  .91  .91  .93  .90 
  98 BND46B   1625 1989                                                    .90  .88  .89  .89  .85  .81  .78  .71  .69  .67 
  99 BND44A   1623 1988                                               .84  .92  .92  .93  .93  .92  .94  .93  .92  .94  .77 
 100 NVN271   1430 1988            .47  .44  .69  .73  .83  .84  .79  .84  .84  .84  .80  .78  .78  .74  .76  .76  .73  .73 
 101 151271   1803 1972                                                                                       .80  .75  .79 
 102 151251   1662 1972                                                         .87  .84  .83  .82  .77  .74  .71  .75  .79 
 103 151252   1661 1972                                                         .83  .84  .85  .82  .78  .78  .71  .69  .72 
 104 151242   1800 1972                                                                                  .70  .62  .66  .67 
 105 MCD12A   1516 1972                           .63  .42  .51  .67  .60  .61  .56  .75  .77  .56  .66  .69  .61  .47  .48 
 106 151272   1812 1972                                                                                       .84  .88  .89 
 107 151262   1750 1972                                                                             .77  .63  .54  .74  .78 
 108 151241   1850 1972                                                                                            .72  .69 
 109 MCD10B   1810 1972                                                                                       .61  .63  .63 
 110 MCD10A   1808 1972                                                                                       .59  .59  .60 
 111 MCD09B   1793 1972                                                                                  .62  .49  .43  .41 
 112 MCD09A   1761 1972                                                                             .25B .44  .36  .37B .50 
 113 MCD08B   1707 1972                                                                   .78  .57  .66  .77  .55  .55  .71 
 114 MCD08A   1702 1972                                                                   .69  .56  .65  .77  .51  .49  .61 
 115 MCD03A   1622 1972                                               .54  .60  .48  .66  .77  .60  .68  .74  .59  .50  .56 
 116 MCD07B   1748 1972                                                                        .54  .76  .83  .76  .74  .74 
 117 MCD07A   1790 1972                                                                                  .83  .78  .76  .78 
 118 MCD06B   1732 1972                                                                        .65  .76  .84  .76  .70  .76 
 119 MCD06A   1702 1972                                                                   .83  .63  .75  .84  .79  .73  .76 
 120 MCD05B   1736 1972                                                                        .47  .56  .76  .57  .55  .64 
 121 MCD05A   1735 1972                                                                        .02B .39  .79  .57  .58  .70 
 122 MCD04B   1621 1972                                               .50  .57  .57  .76  .81  .67  .77  .79  .64  .63  .71 
 123 MCD04A   1612 1972                                               .44  .59  .37  .37B .59  .65  .76  .81  .60  .57  .67 
 124 MCD01B   1617 1972                                               .39  .51  .54  .64  .59  .39  .71  .77  .62  .65  .71 
 125 MCD03B   1636 1972                                                    .65  .55  .67  .76  .60  .74  .80  .63  .47  .48 
 126 MCD02B   1489 1972                      .43  .47  .34  .47  .32B .14B .40  .50  .69  .67  .50  .71  .81  .58  .46  .57 
 127 MCD02A   1496 1972                      .69  .61  .27A .37  .37B .27A .44  .47  .69  .69  .49  .64  .79  .55  .41  .56 
 128 MCD01A   1616 1972                                               .44  .61  .63  .27B .24B .42  .69  .76  .60  .61  .63 
 129 151261   1749 1972                                                                        .75  .75  .70  .72  .84  .87 
 130 183101   1731 1971                                                                        .76  .81  .84  .85  .83  .79 
 131 183041   1513 1971                           .71  .73  .80  .83  .84  .83  .86  .88  .82  .78  .82  .84  .87  .85  .83 
 132 183141   1373 1971  .63  .78  .82  .80  .87  .79  .67  .73  .79  .83  .88  .87  .83  .83  .83  .82  .81  .85  .87  .80 
 133 183091   1544 1971                                .67  .71  .73  .79  .81  .88  .83  .78  .77  .86  .86  .86  .85  .77 
 134 183071   1416 1971       .82  .81  .78  .84  .81  .79  .83  .85  .84  .86  .88  .84  .83  .82  .82  .83  .85  .82  .79 
 135 183032   1433 1971            .83  .79  .73  .61  .68  .68  .66  .69  .74  .81  .84  .83  .84  .85  .87  .89  .87  .82 
 136 183021   1634 1971                                                    .77  .82  .84  .74  .66  .82  .88  .84  .79  .74 
 137 183011   1522 1971                           .72  .80  .83  .82  .80  .85  .88  .87  .85  .82  .85  .87  .86  .85  .81 
 138 183081   1599 1971                                          .81  .83  .88  .86  .80  .80  .81  .87  .86  .84  .83  .77 
 139 183131   1606 1971                                               .71  .86  .85  .78  .73  .73  .80  .80  .82  .84  .78 
 140 183051   1617 1971                                               .77  .80  .79  .82  .78  .76  .85  .87  .89  .87  .80 
 141 183142   1397 1971  .60  .73  .83  .85  .87  .78  .74  .78  .74  .74  .84  .88  .85  .84  .81  .79  .80  .79  .80  .81 
 142 183012   1453 1971                 .79  .79  .79  .79  .78  .79  .83  .84  .84  .85  .83  .79  .85  .89  .86  .82  .80 
 143 183052   1644 1971                                                    .83  .84  .74  .74  .76  .83  .84  .85  .87  .83 
 144 183111   1367 1971  .75  .79  .79  .76  .84  .71  .70  .80  .81  .81  .83  .84  .84  .84  .81  .83  .84  .85  .87  .85 
 145 183072   1416 1971       .85  .83  .82  .85  .73  .75  .84  .87  .81  .85  .87  .86  .86  .82  .80  .83  .86  .80  .76 
 146 183092   1492 1971                      .80  .74  .74  .75  .79  .80  .82  .84  .77  .77  .77  .84  .86  .82  .83  .77 
 147 183082   1610 1971                                               .80  .85  .86  .69  .69  .79  .89  .86  .83  .83  .70 
 148 183061   1723 1971                                                                   .82  .80  .87  .88  .86  .85  .77 
 149 183121   1572 1971                                     .73  .68  .77  .87  .86  .80  .81  .82  .81  .83  .81  .83  .82 
 150 183042   1573 1971                                     .82  .80  .78  .84  .85  .86  .84  .80  .79  .81  .84  .79  .77 
 151 183122   1601 1971                                               .76  .82  .85  .83  .82  .77  .82  .85  .85  .87  .82 
 152 183031   1434 1971            .84  .80  .75  .58  .63  .74  .77  .70  .70  .78  .84  .83  .83  .82  .85  .83  .76  .71 
 153 183062   1681 1971                                                              .86  .84  .86  .82  .82  .87  .84  .76 
 154 183022   1611 1971                                               .74  .80  .87  .83  .78  .74  .82  .86  .85  .80  .79 
 155 151101   1730 1970                                                                        .89  .81  .77  .79  .87  .89 
 156 151111   1634 1970                                                    .88  .86  .93  .93  .87  .90  .92  .91  .88  .83 
 157 151141   1562 1970                                     .89  .87  .78  .80  .82  .85  .93  .91  .90  .88  .87  .88  .89 
 158 151152   1568 1970                                     .91  .94  .93  .92  .88  .92  .95  .93  .90  .91  .92  .93  .94 
 159 151151   1571 1970                                     .90  .94  .92  .92  .91  .94  .96  .93  .93  .94  .92  .92  .92 
 160 151142   1566 1970                                     .88  .91  .87  .82  .83  .90  .94  .90  .89  .91  .89  .88  .90 
 161 151132   1569 1970                                     .87  .87  .87  .86  .82  .82  .84  .84  .89  .91  .87  .88  .88 
 162 151131   1565 1970                                     .81  .88  .87  .82  .82  .82  .83  .85  .85  .84  .86  .90  .87 
 163 151122   1549 1970                                     .68  .84  .81  .83  .86  .89  .90  .88  .90  .90  .88  .89  .87 
 164 151102   1704 1970                                                                   .87  .88  .75  .74  .81  .80  .78 
 165 151092   1673 1970                                                         .88  .93  .96  .91  .93  .94  .94  .94  .87 
 166 151091   1640 1970                                                    .90  .92  .93  .94  .91  .91  .92  .92  .94  .88 
 167 151011   1530 1970                                .70  .76  .85  .80  .83  .85  .92  .94  .93  .93  .94  .91  .86  .83 
 168 151162   1409 1970       .81  .82  .70  .65  .64  .60  .69  .78  .79  .73  .71  .88  .86  .65  .80  .91  .91  .94  .95 
 169 151161   1383 1970  .85  .82  .80  .69  .70  .73  .76  .79  .74  .70  .75  .74  .83  .82  .73  .84  .86  .87  .92  .91 
 170 TP4B     1601 1970                                               .88  .85  .89  .92  .92  .89  .88  .90  .92  .92  .91 
 171 151112   1665 1970                                                         .94  .93  .92  .89  .88  .94  .95  .93  .94 
 172 TP4A     1544 1970                                .71  .76  .73  .76  .86  .87  .89  .91  .89  .84  .87  .89  .93  .92 
 173 151021   1648 1970                                                         .73  .90  .91  .89  .84  .81  .83  .82  .75 
 174 BND54A   1570 1969                                     .75  .87  .86  .88  .87  .90  .88  .85  .94  .95  .93  .91  .87 
 175 151231   1467 1963                 .82  .88  .81  .66  .69  .82  .85  .84  .85  .91  .91  .83  .79  .85  .88  .83  .86 
 176 151232   1301 1963  .78  .79  .78  .83  .80  .74  .76  .83  .88  .79  .68  .72  .79  .89  .88  .87  .89  .89  .83  .80 
 177 BC3B     1541 1962                                .58  .82  .89  .83  .75  .78  .72  .75  .87  .77  .78  .85  .88  .89 
 178 BC3A     1550 1962                                     .88  .92  .81  .72  .78  .61  .64  .83  .72  .75  .80  .84  .89 
 179 BC02C    1647 1962                                                    .57  .72  .92  .93  .90  .82  .77  .70  .79  .84 
 180 BC01D    1547 1962                                .77  .85  .88  .81  .78  .82  .93  .94  .92  .92  .91  .92  .91  .85 
 181 BC1C     1555 1962                                     .85  .85  .79  .79  .83  .92  .94  .93  .93  .93  .91  .92  .91 
 182 BC1B     1580 1962                                          .80  .75  .78  .80  .94  .97  .94  .93  .94  .90  .86  .84 
 183 BC1A     1539 1962                                .82  .85  .86  .82  .87  .90  .94  .95  .90  .90  .92  .92  .91  .86 
 184 BC8D     1531 1962                                .73  .76  .85  .87  .90  .89  .89  .88  .85  .82  .83  .92  .93  .90 
 185 BC8C     1605 1962                                               .92  .92  .91  .92  .92  .92  .89  .89  .88  .86  .84 
 186 BC8B     1531 1962                                .81  .80  .85  .92  .93  .91  .88  .85  .78  .87  .93  .93  .91  .90 
 187 BC7D     1696 1962                                                              .92  .94  .89  .86  .88  .90  .91  .89 
 188 BC7C     1610 1962                                               .90  .92  .89  .92  .94  .87  .87  .89  .88  .91  .88 
 189 BC7B     1619 1962                                               .90  .87  .84  .92  .94  .89  .86  .84  .83  .87  .88 
 190 BC7A     1670 1962                                                         .86  .90  .95  .86  .85  .88  .85  .89  .95 
 191 BC6D     1619 1962                                               .88  .92  .90  .91  .94  .91  .92  .91  .89  .94  .91 
 192 BC6C     1650 1962                                                    .93  .91  .93  .95  .92  .93  .92  .92  .94  .93 
 193 BC6B     1618 1962                                               .88  .92  .92  .83  .85  .90  .92  .89  .87  .93  .92 
 194 BC5D     1673 1962                                                         .84  .87  .89  .86  .86  .89  .83  .79  .77 
 195 BC5C     1610 1962                                               .89  .89  .88  .86  .85  .80  .83  .85  .75  .69  .72 
 196 BC3D     1602 1962                                               .79  .74  .79  .84  .84  .82  .75  .76  .86  .92  .91 
 197 BC3C     1589 1962                                          .88  .85  .77  .84  .81  .79  .80  .78  .80  .83  .88  .88 
 198 BC02A    1675 1961                                                              .88  .88  .85  .79  .74  .71  .81  .81 
 199 BC6A     1612 1961                                               .91  .91  .88  .91  .94  .93  .93  .92  .91  .94  .94 
 200 TP6A     1550 1960                                     .73  .90  .88  .87  .89  .91  .92  .87  .89  .95  .93  .94  .93 
 201 BND46A   1639 1960                                                    .88  .85  .87  .87  .84  .88  .83  .76  .73  .69 
 202 MCD11B   1642 1955                                                    .52  .49  .70  .57  .24A .58  .67  .53  .41  .51 
 203 BTA4878  1444 1954            .82  .84  .88  .82  .80  .89  .85  .81  .83  .81  .86  .84  .75  .75  .80  .78  .70  .75 
 204 BC4A     1494 1954                      .72  .73  .85  .93  .95  .92  .90  .90  .94  .93  .90  .93  .94  .94  .92  .91 
 205 BC4B     1530 1952                                .82  .90  .92  .90  .88  .89  .91  .91  .89  .92  .93  .95  .94  .93 
 206 TP6B     1446 1951            .91  .81  .79  .75  .82  .92  .87  .81  .79  .79  .89  .92  .89  .88  .91  .93  .91  .88 
 207 BND52B   1457 1950                 .81  .80  .75  .65  .67  .74  .69  .75  .82  .88  .87  .78  .83  .90  .92  .90  .88 
 208 MCD11A   1616 1950                                               .32A .47  .47  .63  .69  .62  .58  .64  .55  .58  .68 
 209 BC8A     1491 1949                      .87  .85  .79  .78  .85  .92  .93  .86  .84  .87  .88  .86  .87  .91  .91  .91 
 210 BC5B     1628 1948                                                    .85  .84  .86  .87  .85  .87  .87  .81  .76  .76 
 211 151121   1548 1948                                     .73  .87  .84  .81  .83  .91  .90  .84  .92  .94  .92  .93  .91 
 212 BTA2455A 1358 1946  .83  .84  .84  .79  .77  .77  .77  .85  .85  .82  .88  .88  .90  .93  .88  .84  .86  .86  .89  .89 
 213 BTA2452A 1272 1946  .78  .80  .82  .82  .89  .88  .82  .85  .81  .79  .83  .85  .84  .85  .82  .83  .89  .87  .90  .92 
 214 BC4D     1596 1946                                          .91  .89  .92  .92  .93  .93  .87  .92  .94  .92  .93  .93 
 215 BND55B   1593 1940                                          .90  .91  .89  .86  .85  .86  .85  .90  .92  .88  .86  .88 
 216 BND61A   1440 1940            .57  .64  .59  .59  .64  .67  .55  .57  .43  .40  .71  .68  .48  .60  .68  .56  .57  .71 
 217 BTA2460A 1304 1931  .72  .82  .78  .81  .91  .88  .74  .77  .86  .86  .84  .83  .86  .87  .87  .91  .93  .93  .93  .92 
 218 183132   1640 1919                                                    .82  .82  .84  .83  .81  .83  .85  .80  .80      
 219 BC02B    1686 1905                                                              .90  .90  .75  .69  .80  .86  .59      
 220 BND52A   1562 1900                                     .74  .78  .79  .75  .73  .90  .87  .75  .82  .86  .84  .83      
 221 BND49B   1642 1900                                                    .58  .67  .92  .95  .84  .76  .83  .85  .85      
 222 BTA2411  1429 1880            .90  .91  .92  .90  .72  .72  .74  .69  .72  .69  .80  .83  .79  .81  .76  .74           
 223 NVN321   1550 1869                                     .71  .78  .77  .78  .80  .76  .74  .68  .70  .71                
 224 BC4C     1566 1868                                     .86  .90  .89  .92  .91  .92  .92  .65  .72  .95                
 225 BC5A     1616 1856                                               .87  .87  .89  .83  .82  .78  .45  .56                
 226 NVN322   1492 1850                      .77  .72  .76  .76  .76  .82  .84  .82  .76  .75  .71  .71  .73                
 227 NVN351   1356 1840  .73  .78  .73  .62  .76  .76  .78  .77  .78  .79  .81  .84  .77  .74  .73  .72                     
 228 BTA2415  1490 1810                      .61  .62  .17B .17B .21B .31A .54  .64  .76  .66  .42                          
 229 BTA2409  1463 1810                 .85  .84  .83  .88  .93  .90  .84  .77  .80  .88  .86  .78                          
 230 BTA2450  1449 1800                 .86  .88  .84  .85  .92  .87  .83  .82  .72  .71  .74  .75                          
 231 BND61B   1424 1800            .71  .61  .65  .68  .58  .58  .50  .49  .51  .40B .58  .67  .64                          
 232 BND58A   1375 1730  .82  .78  .79  .64  .64  .64  .64  .80  .84  .80  .75  .71                                         
 233 BND42B   1619 1706                                               .80  .83                                              
 234 BND59A   1416 1700       .75  .75  .58  .47  .41  .44  .67  .80  .77  .84                                              
 235 151200   1410 1699       .85  .85  .78  .76  .74  .73  .83  .85  .80  .78                                              
 236 BTA2413  1418 1670       .91  .88  .81  .83  .80  .82  .89  .84                                                        
 237 NVN272   1406 1661       .54  .52  .57  .74  .67  .75  .82  .84                                                        
 238 BTA2458A 1359 1660  .69  .76  .70  .70  .84  .73  .51  .66  .83                                                        
 239 151190   1347 1614  .82  .91  .91  .89  .93  .91  .84                                                                  
 240 151220   1263 1555  .36  .46  .60  .61  .67                                                                            
 241 183112   1365 1549  .74  .80  .85  .80  .78                                                                            
 242 BTA2451A 1399 1530  .71  .90  .87  .80                                                                                 
 243 BTA2412  1313 1502  .80  .79  .84                                                                                      
 244 BTA2454  1445 1500            .76                                                                                      
 245 BTA2465A 1444 1500            .82                                                                                      
 246 BTA2451B 1388 1500  .71  .87  .81                                                                                      
 247 BTA2451C 1399 1456  .67                                                                                                
 248 BTA4885B 1327 1454  .81                                                                                                
 Av segment correlation  .72  .78  .78  .73  .76  .74  .72  .78  .81  .78  .80  .80  .84  .84  .79  .80  .83  .82  .81  .81 

 CORRELATION OF SERIES BY SEGMENTS: az589
-----------------------------------------------------------------------------------------------------------------------------------
 Correlations of  50-year dated segments, lagged  25 years
 Flags:  A = correlation under   .3281 but highest as dated;  B = correlation higher at other than dated position

 Seq Series  Time_span  1900 1925 1950 
                        1949 1974 1999 
 --- -------- ---------  ---- ---- ---- 
   1 TCM02B   1798 2008  .81  .85  .83 
   2 TCM09A   1931 2008            .40 
   3 TCM13B   1602 2008  .87  .89  .86 
   4 TCM03A   1652 2008  .74  .81  .74 
   5 TCM13A   1555 2008  .90  .91  .90 
   6 TCM08B   1930 2008            .69 
   7 TCM05B   1757 2008  .83  .83  .89 
   8 TCM19A   1750 2008  .67  .61  .68 
  10 TCM10B   1635 2008  .75  .66  .73 
  11 TCM12A   1913 2008       .84  .86 
  12 TCM01A   1923 2008       .72  .81 
  13 TCM08A   1930 2008            .80 
  14 TCM15B   1679 2008  .73  .80  .91 
  15 TCM06B   1947 2008            .71 
  16 TCM11A   1752 2008  .83  .89  .91 
  17 TCM10A   1655 2008  .67  .60  .63 
  18 TCM09B   1931 2008            .45 
  19 TCM04A   1896 2008  .46  .71  .79 
  20 TCM14B   1947 2008            .72 
  21 TCM07A   1946 2008            .72 
  22 TCM20A   1945 2008            .67 
  23 TCM02C   1793 2008  .82  .66  .70 
  24 TCM04B   1917 2008       .61  .69 
  25 TCM06A   1947 2008            .66 
  26 TCM18B   1621 2008  .87  .90  .92 
  27 TCM17A   1665 2008  .70  .82  .84 
  28 TCM07B   1946 2008            .74 
  29 TCM02A   1798 2008  .75  .86  .88 
  30 TCM11B   1725 2008  .83  .84  .84 
  31 TCM01B   1923 2008       .71  .79 
  32 TCM05A   1757 2008  .68  .90  .88 
  33 TCM15A   1681 2008  .72  .79  .86 
  34 TCM17B   1676 2008  .24B .70  .80 
  35 TCM14A   1947 2008            .71 
  36 TCM12B   1917 2008       .84  .91 
  37 TCM18A   1616 2008  .91  .92  .92 
  38 TCM19B   1751 2005  .79  .77  .79 
  39 NVN372   1269 1989  .72  .82      
  40 NVN371   1440 1989  .75  .81      
  41 NVN342   1722 1989  .74  .78      
  42 BND54B   1626 1989  .76  .77      
  43 BND50B   1727 1989  .67  .74      
  44 BND55A   1567 1989  .86  .81      
  45 NVN282   1493 1989  .66  .72      
  46 NVN352   1340 1989  .64  .74      
  47 NVN361   1420 1989  .67  .72      
  48 NVN362   1516 1989  .71  .82      
  49 NVN382   1327 1989  .69  .62      
  50 BND56B   1572 1989  .88  .89      
  51 BND57B   1578 1989  .93  .92      
  52 NVN381   1314 1989  .71  .70      
  53 BND39A   1674 1989  .79  .88      
  54 BCD622   1566 1989  .74  .82      
  55 BCD572   1578 1989  .93  .92      
  56 BND43B   1612 1989  .85  .78      
  57 BND58B   1410 1989  .88  .90      
  58 NVN281   1503 1989  .71  .76      
  59 BND42C   1750 1989  .80  .77      
  60 BND42A   1605 1989  .87  .75      
  61 BND40A   1610 1989  .87  .91      
  62 NVN301   1505 1989  .73  .78      
  63 BND39B   1673 1989  .77  .88      
  64 BND40B   1611 1989  .90  .94      
  65 BND41A   1707 1989  .91  .71      
  66 BND41B   1643 1989  .83  .89      
  67 BND47A   1566 1989  .87  .91      
  68 BND43A   1510 1989  .82  .79      
  69 NVN262   1418 1989  .73  .77      
  70 BND47B   1581 1989  .83  .87      
  71 BND49A   1628 1989  .75  .89      
  72 BND45B   1550 1989  .92  .93      
  73 BND53A   1648 1989  .85  .90      
  74 BND60B   1560 1989  .85  .87      
  75 NVN291   1516 1989  .72  .80      
  76 BND56A   1578 1989  .83  .86      
  77 NVN311   1595 1989  .72  .76      
  78 NVN331   1684 1989  .66  .77      
  79 NVN341   1753 1989  .74  .73      
  80 BND50A   1692 1989  .73  .72      
  81 BND44B   1636 1989  .79  .93      
  82 NVN261   1458 1989  .64  .76      
  83 BND53B   1719 1989  .91  .93      
  84 BND57A   1516 1989  .80  .76      
  85 NVN332   1802 1989  .73  .77      
  86 BND48A   1692 1989  .83  .86      
  87 NVN292   1468 1989  .69  .81      
  88 BND62A   1597 1989  .64  .77      
  89 NVN302   1595 1989  .74  .76      
  90 BND48B   1536 1989  .89  .92      
  91 BND45A   1595 1989  .92  .92      
  92 BND51B   1764 1989  .83  .86      
  93 BND60A   1395 1989  .88  .91      
  94 BND59B   1474 1989  .81  .81      
  95 NVN312   1518 1989  .67  .78      
  96 BND51A   1745 1989  .82  .90      
  97 BCD421   1605 1989  .86  .78      
  98 BND46B   1625 1989  .63  .73      
  99 BND44A   1623 1988  .70  .91      
 100 NVN271   1430 1988  .66  .78      
 101 151271   1803 1972  .81           
 102 151251   1662 1972  .78           
 103 151252   1661 1972  .43           
 104 151242   1800 1972  .61           
 105 MCD12A   1516 1972  .60           
 106 151272   1812 1972  .80           
 107 151262   1750 1972  .56           
 108 151241   1850 1972  .45           
 109 MCD10B   1810 1972  .63           
 110 MCD10A   1808 1972  .61           
 111 MCD09B   1793 1972  .50           
 112 MCD09A   1761 1972  .61           
 113 MCD08B   1707 1972  .68           
 114 MCD08A   1702 1972  .62           
 115 MCD03A   1622 1972  .70           
 116 MCD07B   1748 1972  .80           
 117 MCD07A   1790 1972  .77           
 118 MCD06B   1732 1972  .81           
 119 MCD06A   1702 1972  .79           
 120 MCD05B   1736 1972  .59           
 121 MCD05A   1735 1972  .69           
 122 MCD04B   1621 1972  .71           
 123 MCD04A   1612 1972  .67           
 124 MCD01B   1617 1972  .74           
 125 MCD03B   1636 1972  .61           
 126 MCD02B   1489 1972  .47           
 127 MCD02A   1496 1972  .63           
 128 MCD01A   1616 1972  .67           
 129 151261   1749 1972  .75           
 130 183101   1731 1971  .69           
 131 183041   1513 1971  .75           
 132 183141   1373 1971  .72           
 133 183091   1544 1971  .60           
 134 183071   1416 1971  .70           
 135 183032   1433 1971  .69           
 136 183021   1634 1971  .66           
 137 183011   1522 1971  .72           
 138 183081   1599 1971  .73           
 139 183131   1606 1971  .64           
 140 183051   1617 1971  .73           
 141 183142   1397 1971  .78           
 142 183012   1453 1971  .65           
 143 183052   1644 1971  .71           
 144 183111   1367 1971  .75           
 145 183072   1416 1971  .65           
 146 183092   1492 1971  .64           
 147 183082   1610 1971  .67           
 148 183061   1723 1971  .72           
 149 183121   1572 1971  .73           
 150 183042   1573 1971  .66           
 151 183122   1601 1971  .71           
 152 183031   1434 1971  .67           
 153 183062   1681 1971  .71           
 154 183022   1611 1971  .72           
 155 151101   1730 1970  .81           
 156 151111   1634 1970  .80           
 157 151141   1562 1970  .85           
 158 151152   1568 1970  .80           
 159 151151   1571 1970  .88           
 160 151142   1566 1970  .85           
 161 151132   1569 1970  .85           
 162 151131   1565 1970  .84           
 163 151122   1549 1970  .76           
 164 151102   1704 1970  .78           
 165 151092   1673 1970  .84           
 166 151091   1640 1970  .82           
 167 151011   1530 1970  .87           
 168 151162   1409 1970  .92           
 169 151161   1383 1970  .86           
 170 TP4B     1601 1970  .86           
 171 151112   1665 1970  .93           
 172 TP4A     1544 1970  .85           
 173 151021   1648 1970  .62           
 174 BND54A   1570 1969  .62           
 175 151231   1467 1963  .90           
 176 151232   1301 1963  .76           
 177 BC3B     1541 1962  .87           
 178 BC3A     1550 1962  .87           
 179 BC02C    1647 1962  .84           
 180 BC01D    1547 1962  .84           
 181 BC1C     1555 1962  .88           
 182 BC1B     1580 1962  .83           
 183 BC1A     1539 1962  .86           
 184 BC8D     1531 1962  .86           
 185 BC8C     1605 1962  .87           
 186 BC8B     1531 1962  .89           
 187 BC7D     1696 1962  .88           
 188 BC7C     1610 1962  .85           
 189 BC7B     1619 1962  .87           
 190 BC7A     1670 1962  .95           
 191 BC6D     1619 1962  .86           
 192 BC6C     1650 1962  .89           
 193 BC6B     1618 1962  .92           
 194 BC5D     1673 1962  .78           
 195 BC5C     1610 1962  .81           
 196 BC3D     1602 1962  .87           
 197 BC3C     1589 1962  .80           
 198 BC02A    1675 1961  .79           
 199 BC6A     1612 1961  .92           
 200 TP6A     1550 1960  .88           
 201 BND46A   1639 1960  .74           
 202 MCD11B   1642 1955  .62           
 203 BTA4878  1444 1954  .75           
 204 BC4A     1494 1954  .92           
 205 BC4B     1530 1952  .84           
 206 TP6B     1446 1951  .86           
 207 BND52B   1457 1950  .82           
 208 MCD11A   1616 1950  .47           
 209 BC8A     1491 1949  .86           
 Av segment correlation  .76  .81  .77 

 FLAGGED SEGMENTS: az589
-----------------------------------------------------------------------------------------------------------------------------------
 Seq Series   Segment    Flag  r dated  Best lag  r at lag   Gain  Note
 --- -------- ---------  ----  -------  --------  --------  -----  -----------------
  34 TCM17B   1900 1949     B     .245        -9      .324   .079  weak at every lag
  51 BND57B   1675 1724     B     .190         2      .272   .082  weak at every lag
 112 MCD09A   1775 1824     B     .250         5      .282   .033  weak at every lag
 112 MCD09A   1850 1899     B     .365        10      .377   .012
 121 MCD05A   1750 1799     B     .024        -1      .390   .366
 123 MCD04A   1700 1749     B     .367         1      .490   .123
 126 MCD02B   1600 1649     B     .323        -1      .338   .016
 126 MCD02B   1625 1674     B     .143         8      .260   .117  weak at every lag
 127 MCD02A   1550 1599     A     .266         0
 127 MCD02A   1600 1649     B     .373        -1      .438   .065
 127 MCD02A   1625 1674     A     .273         0
 128 MCD01A   1700 1749     B     .270        -1      .298   .029  weak at every lag
 128 MCD01A   1725 1774     B     .235        -1      .327   .092  weak at every lag
 202 MCD11B   1750 1799     A     .235         0
 208 MCD11A   1625 1674     A     .321         0
 228 BTA2415  1550 1599     B     .172         6      .321   .149  weak at every lag
 228 BTA2415  1575 1624     B     .168         6      .459   .291
 228 BTA2415  1600 1649     B     .214       -10      .266   .052  weak at every lag
 228 BTA2415  1625 1674     A     .311         0
 231 BND61B   1675 1724     B     .396        -1      .472   .075
 336 SNP15A    475  524     B     .373        -2      .375   .002

 DESCRIPTIVE STATISTICS: az589
-----------------------------------------------------------------------------------------------------------------------------------

                                                Corr   //-------- Unfiltered --------\\  //-- dplR filtered --\\
                           No.    No.    No.    with   Mean   Max     Std   Auto   Mean   Max     Std   Auto  AR
 Seq Series   Interval   Years  Segmt  Flags   Master  msmt   msmt    dev   corr   sens  value    dev   corr  ()
 --- -------- ---------  -----  -----  -----   ------ -----  -----  -----  -----  -----  -----  -----  -----  --
   1 TCM02B   1798 2008    211      7      0    .844    .57   2.12   .405   .521   .623   3.24   .531  -.014   2
   2 TCM09A   1931 2008     78      1      0    .529   1.19   3.37   .732   .808   .336   2.44   .338   .128   1
   3 TCM13B   1602 2008    407     14      0    .837    .52   3.58   .583   .728   .613   3.71   .517  -.004   3
   4 TCM03A   1652 2008    357     12      0    .807    .40   2.25   .373   .629   .651   2.73   .588   .001   1
   5 TCM13A   1555 2008    454     16      0    .892    .39   1.97   .335   .711   .636   2.24   .485  -.010   3
   6 TCM08B   1930 2008     79      1      0    .727    .97   2.70   .475   .525   .408   2.60   .403   .165   0
   7 TCM05B   1757 2008    252      8      0    .867    .19    .76   .135   .518   .628   2.13   .453  -.010   1
   8 TCM19A   1750 2008    259      9      0    .728    .29   1.58   .243   .709   .549   2.45   .443   .027   0
   9 TCM20B   1950 2008     59      0      0    .508   1.01   4.25   .811   .446   .614   5.18   .716   .032   1
  10 TCM10B   1635 2008    374     13      0    .743    .36   2.41   .430   .911   .455   1.77   .359  -.007   2
  11 TCM12A   1913 2008     96      2      0    .855    .86   2.96   .491   .401   .570   2.36   .442   .041   0
  12 TCM01A   1923 2008     86      2      0    .807    .90   3.03   .508   .540   .484   2.24   .396   .046   0
  13 TCM08A   1930 2008     79      1      0    .782    .71   2.48   .428   .602   .427   2.40   .409   .029   1
  14 TCM15B   1679 2008    330     11      0    .861    .71   3.13   .553   .799   .404   1.98   .345  -.010   1
  15 TCM06B   1947 2008     62      1      0    .728   1.09   3.61   .719   .598   .542   2.52   .462   .098   0
  16 TCM11A   1752 2008    257      8      0    .883    .45   1.50   .297   .319   .699   2.51   .524  -.011   0
  17 TCM10A   1655 2008    354     12      0    .665    .34   3.06   .533   .941   .490   2.54   .406  -.005   1
  18 TCM09B   1931 2008     78      1      0    .498    .88   2.21   .474   .706   .379   2.15   .355   .079   1
  19 TCM04A   1896 2008    113      3      0    .585    .80   1.79   .437   .605   .420   3.09   .442   .005   2
  20 TCM14B   1947 2008     62      1      0    .723    .99   2.60   .583   .382   .590   2.34   .467   .098   0
  21 TCM07A   1946 2008     63      1      0    .762   1.99   6.17  1.138   .645   .472   2.02   .425   .096   1
  22 TCM20A   1945 2008     64      1      0    .665   1.05   3.39   .782   .642   .532   2.25   .479   .158   0
  23 TCM02C   1793 2008    216      7      0    .819    .50   1.91   .343   .449   .619   3.00   .539   .036   1
  24 TCM04B   1917 2008     92      2      0    .634   1.05   3.18   .549   .333   .456   2.73   .425   .078   0
  25 TCM06A   1947 2008     62      1      0    .652    .97   3.17   .730   .638   .571   2.48   .499   .028   1
  26 TCM18B   1621 2008    388     14      0    .852    .38   1.64   .254   .329   .698   2.87   .524  -.008   3
  27 TCM17A   1665 2008    344     12      0    .772    .27   1.35   .209   .636   .551   3.27   .484   .005   2
  28 TCM07B   1946 2008     63      1      0    .779   1.20   3.13   .708   .618   .493   2.03   .419   .042   1
  29 TCM02A   1798 2008    211      7      0    .861    .48   1.68   .345   .513   .612   2.58   .529   .028   1
  30 TCM11B   1725 2008    284      9      0    .870    .41   1.68   .299   .432   .705   3.35   .562  -.004   1
  31 TCM01B   1923 2008     86      2      0    .774   1.05   3.35   .621   .604   .507   2.25   .416  -.005   2
  32 TCM05A   1757 2008    252      8      0    .796    .40   2.23   .309   .676   .562   2.50   .456   .017   0
  33 TCM15A   1681 2008    328     11      0    .834    .71   3.35   .543   .794   .400   2.07   .362  -.017   1
  34 TCM17B   1676 2008    333     11      1    .718    .28   1.67   .222   .598   .533   3.97   .492  -.004   1
  35 TCM14A   1947 2008     62      1      0    .778    .90   2.59   .509   .338   .588   1.97   .443   .039   0
  36 TCM12B   1917 2008     92      2      0    .855    .92   2.64   .502   .375   .552   2.09   .425   .003   0
  37 TCM18A   1616 2008    393     14      0    .860    .40   1.60   .293   .503   .679   2.81   .518  -.030   0
  38 TCM19B   1751 2005    255      8      0    .768    .42   1.58   .332   .784   .470   2.22   .381   .052   0
  39 NVN372   1269 1989    721     27      0    .708    .41   1.54   .255   .657   .529   2.51   .420   .031   0
  40 NVN371   1440 1989    550     20      0    .753    .39   1.15   .199   .506   .494   2.45   .394  -.006   3
  41 NVN342   1722 1989    268      9      0    .707    .44   1.02   .227   .271   .604   2.27   .460  -.035   0
  42 BND54B   1626 1989    364     12      0    .847    .42   1.85   .329   .654   .536   3.39   .446  -.006   3
  43 BND50B   1727 1989    263      8      0    .766   1.06   3.39   .644   .499   .454   2.36   .393   .006   2
  44 BND55A   1567 1989    423     15      0    .868    .37   2.03   .358   .758   .626   2.83   .493  -.006   3
  45 NVN282   1493 1989    497     18      0    .746    .32   1.34   .227   .556   .752   2.53   .545  -.006   3
  46 NVN352   1340 1989    650     24      0    .747    .29   1.10   .206   .491   .798   2.59   .569  -.006   3
  47 NVN361   1420 1989    570     21      0    .782    .33    .80   .170   .371   .562   2.22   .450  -.018   3
  48 NVN362   1516 1989    474     17      0    .798    .31    .96   .188   .383   .741   2.80   .538  -.011   3
  49 NVN382   1327 1989    663     24      0    .741    .26   1.84   .233   .660   .786   3.48   .593  -.009   3
  50 BND56B   1572 1989    418     15      0    .887    .49   1.95   .335   .598   .508   2.19   .414  -.013   3
  51 BND57B   1578 1989    412     14      1    .841    .54   1.68   .309   .477   .527   2.36   .412  -.009   3
  52 NVN381   1314 1989    676     25      0    .740    .25   1.27   .187   .558   .756   2.81   .560  -.005   3
  53 BND39A   1674 1989    316     11      0    .842    .72   3.08   .554   .755   .431   2.23   .377  -.005   1
  54 BCD622   1566 1989    424     15      0    .762    .59   2.00   .344   .742   .296   2.30   .285  -.010   3
  55 BCD572   1578 1989    412     14      0    .914    .53   1.64   .311   .484   .549   2.48   .426  -.013   3
  56 BND43B   1612 1989    378     13      0    .855    .52   2.41   .386   .713   .539   2.35   .438   .006   1
  57 BND58B   1410 1989    580     21      0    .828    .39   2.20   .300   .802   .341   2.04   .302  -.002   3
  58 NVN281   1503 1989    487     17      0    .751    .26   1.23   .192   .629   .692   3.20   .531  -.008   3
  59 BND42C   1750 1989    240      8      0    .812    .28    .99   .149   .514   .463   2.22   .380   .042   0
  60 BND42A   1605 1989    385     13      0    .823    .36   2.05   .321   .770   .530   2.51   .420  -.007   3
  61 BND40A   1610 1989    380     13      0    .891    .41   2.45   .310   .458   .714   3.13   .553   .043   0
  62 NVN301   1505 1989    485     17      0    .760    .27   1.04   .164   .432   .621   2.47   .484   .064   0
  63 BND39B   1673 1989    317     11      0    .824    .75   3.50   .611   .796   .431   2.35   .381  -.012   1
  64 BND40B   1611 1989    379     13      0    .915    .40   1.65   .266   .368   .700   2.76   .518  -.008   3
  65 BND41A   1707 1989    283      9      0    .843    .30   1.48   .216   .615   .561   2.51   .445   .002   2
  66 BND41B   1643 1989    347     12      0    .895    .61   2.09   .371   .515   .530   2.22   .428   .008   2
  67 BND47A   1566 1989    424     15      0    .850    .31   1.83   .264   .692   .605   2.74   .498  -.010   3
  68 BND43A   1510 1989    480     17      0    .837    .46   2.07   .382   .767   .501   2.57   .416  -.001   2
  69 NVN262   1418 1989    572     21      0    .705    .39   1.53   .285   .754   .587   2.79   .452  -.003   1
  70 BND47B   1581 1989    409     14      0    .835    .37   4.58   .386   .633   .636   2.86   .527  -.011   3
  71 BND49A   1628 1989    362     12      0    .748    .68   2.40   .410   .682   .396   2.14   .343  -.006   1
  72 BND45B   1550 1989    440     15      0    .904    .43   2.11   .384   .693   .638   2.53   .478  -.008   3
  73 BND53A   1648 1989    342     12      0    .893    .45   2.70   .393   .706   .585   2.30   .448   .005   1
  74 BND60B   1560 1989    430     15      0    .734    .36   4.00   .362   .809   .321   2.18   .290   .059   0
  75 NVN291   1516 1989    474     17      0    .761    .23    .63   .152   .204   .881   2.77   .627  -.009   3
  76 BND56A   1578 1989    412     14      0    .885    .46   1.84   .316   .623   .499   2.55   .401  -.007   3
  77 NVN311   1595 1989    395     14      0    .777    .40   1.21   .220   .325   .669   2.43   .473  -.001   2
  78 NVN331   1684 1989    306     10      0    .749    .42   1.16   .220   .301   .601   1.98   .446  -.071   0
  79 NVN341   1753 1989    237      7      0    .689    .51   1.54   .278   .473   .591   2.45   .443   .079   0
  80 BND50A   1692 1989    298     10      0    .835   1.08   4.54   .724   .735   .386   2.42   .363   .002   1
  81 BND44B   1636 1989    354     12      0    .885    .68   3.68   .687   .769   .652   2.62   .490  -.034   0
  82 NVN261   1458 1989    532     19      0    .703    .37   1.84   .281   .791   .553   2.68   .442  -.039   0
  83 BND53B   1719 1989    271      9      0    .891    .60   3.42   .466   .544   .612   2.48   .465   .011   1
  84 BND57A   1516 1989    474     17      0    .869    .54   2.15   .349   .575   .527   2.53   .423  -.003   3
  85 NVN332   1802 1989    188      5      0    .755    .39    .87   .188   .299   .578   1.95   .430   .037   0
  86 BND48A   1692 1989    298     10      0    .891    .42   1.12   .217   .308   .553   2.22   .415  -.044   0
  87 NVN292   1468 1989    522     19      0    .733    .23   1.11   .194   .566   .903   2.79   .669  -.008   3
  88 BND62A   1597 1989    393     14      0    .801    .66   2.64   .463   .811   .282   2.02   .254  -.009   3
  89 NVN302   1595 1989    395     14      0    .769    .24    .81   .157   .420   .772   2.44   .552  -.003   2
  90 BND48B   1536 1989    454     16      0    .884    .71   2.71   .549   .773   .495   2.58   .405   .002   1
  91 BND45A   1595 1989    395     14      0    .884    .52   3.46   .534   .735   .602   3.27   .480   .067   0
  92 BND51B   1764 1989    226      7      0    .898   1.08   3.20   .621   .505   .540   2.71   .438   .002   1
  93 BND60A   1395 1989    595     22      0    .780    .56   2.50   .362   .850   .258   1.78   .233  -.008   3
  94 BND59B   1474 1989    516     18      0    .778    .45   1.54   .282   .811   .312   2.14   .294  -.013   3
  95 NVN312   1518 1989    472     17      0    .751    .47   1.49   .267   .362   .596   2.28   .443  -.006   1
  96 BND51A   1745 1989    245      8      0    .874    .98   3.30   .558   .490   .518   2.85   .435  -.002   1
  97 BCD421   1605 1989    385     13      0    .867    .35   2.16   .325   .775   .552   2.52   .431  -.002   1
  98 BND46B   1625 1989    365     12      0    .795    .49   3.72   .494   .624   .703   2.95   .603   .009   3
  99 BND44A   1623 1988    366     13      0    .887    .54   2.44   .503   .710   .650   2.80   .491  -.027   0
 100 NVN271   1430 1988    559     20      0    .739    .36   3.77   .428   .864   .746   2.97   .553  -.005   3
 101 151271   1803 1972    170      4      0    .774    .80   2.39   .532   .619   .489   2.29   .421  -.006   1
 102 151251   1662 1972    311     10      0    .784    .76   2.51   .361   .653   .289   2.10   .271  -.014   3
 103 151252   1661 1972    312     10      0    .714    .67   2.34   .309   .650   .292   2.39   .275  -.011   3
 104 151242   1800 1972    173      5      0    .608    .59   1.55   .234   .483   .304   1.92   .289   .106   0
 105 MCD12A   1516 1972    457     16      0    .595    .60   1.83   .320   .739   .338   1.94   .301   .004   2
 106 151272   1812 1972    161      4      0    .832    .74   2.48   .466   .554   .547   2.08   .419  -.002   1
 107 151262   1750 1972    223      6      0    .649    .94   2.89   .531   .813   .326   1.89   .288   .012   2
 108 151241   1850 1972    123      3      0    .525    .60   1.18   .177   .368   .266   1.76   .251   .088   0
 109 MCD10B   1810 1972    163      4      0    .613   1.82   4.79   .969   .767   .301   2.11   .284   .008   1
 110 MCD10A   1808 1972    165      4      0    .594   1.49   3.36   .609   .684   .265   1.85   .261   .022   1
 111 MCD09B   1793 1972    180      5      0    .542   1.44   5.89   .877   .727   .307   2.15   .316   .013   1
 112 MCD09A   1761 1972    212      6      2    .408    .93   4.85   .623   .757   .296   2.45   .324   .037   1
 113 MCD08B   1707 1972    266      8      0    .669   1.13   3.45   .671   .813   .267   1.89   .253  -.020   3
 114 MCD08A   1702 1972    271      8      0    .588    .94   4.78   .605   .804   .265   1.82   .252   .008   1
 115 MCD03A   1622 1972    351     12      0    .615    .54   1.89   .278   .640   .342   2.12   .321  -.008   3
 116 MCD07B   1748 1972    225      7      0    .735    .98   3.54   .547   .592   .442   2.57   .392  -.020   1
 117 MCD07A   1790 1972    183      5      0    .763   1.13   5.08   .681   .570   .486   2.97   .414  -.013   1
 118 MCD06B   1732 1972    241      7      0    .758    .89   3.64   .624   .735   .379   2.48   .364  -.011   1
 119 MCD06A   1702 1972    271      8      0    .772    .92   2.62   .464   .620   .363   2.22   .342   .002   1
 120 MCD05B   1736 1972    237      7      0    .598   1.15   3.38   .672   .763   .331   1.92   .326   .000   2
 121 MCD05A   1735 1972    238      7      1    .510    .92   3.46   .488   .741   .325   2.03   .308   .008   1
 122 MCD04B   1621 1972    352     12      0    .669    .71   2.95   .406   .734   .306   2.08   .298   .007   1
 123 MCD04A   1612 1972    361     12      1    .583    .81   2.80   .475   .743   .341   1.92   .330   .008   1
 124 MCD01B   1617 1972    356     12      0    .591    .51   3.00   .313   .810   .297   2.56   .275   .038   0
 125 MCD03B   1636 1972    337     11      0    .624    .56   1.28   .236   .651   .307   2.54   .312   .012   1
 126 MCD02B   1489 1972    484     17      2    .493    .50   2.30   .304   .724   .317   2.27   .333  -.005   1
 127 MCD02A   1496 1972    477     17      3    .523    .34   1.53   .182   .674   .333   2.50   .327  -.012   1
 128 MCD01A   1616 1972    357     12      2    .529    .66   2.64   .381   .792   .286   1.94   .265   .001   1
 129 151261   1749 1972    224      7      0    .750    .76   2.61   .437   .797   .336   1.85   .302   .005   1
 130 183101   1731 1971    241      7      0    .794    .61   1.73   .325   .128   .695   2.52   .481  -.013   1
 131 183041   1513 1971    459     16      0    .811    .38   1.20   .230   .235   .796   2.54   .550  -.005   2
 132 183141   1373 1971    599     22      0    .801    .33   1.73   .254   .319   .987   3.02   .645  -.004   2
 133 183091   1544 1971    428     15      0    .781    .41   2.40   .298   .387   .812   3.15   .583   .009   0
 134 183071   1416 1971    556     20      0    .814    .38   1.66   .275   .373   .884   3.05   .617  -.000   0
 135 183032   1433 1971    539     19      0    .786    .37   1.38   .258   .302   .844   2.91   .576  -.003   1
 136 183021   1634 1971    338     11      0    .770    .57   1.52   .320   .143   .745   2.36   .511  -.076   0
 137 183011   1522 1971    450     16      0    .818    .40   1.27   .257   .323   .808   3.11   .568   .016   0
 138 183081   1599 1971    373     13      0    .807    .44   1.50   .296   .447   .760   2.56   .538   .017   0
 139 183131   1606 1971    366     12      0    .773    .37   1.07   .239   .281   .855   2.75   .582  -.060   0
 140 183051   1617 1971    355     12      0    .802    .49   1.29   .272   .205   .736   2.10   .506  -.002   2
 141 183142   1397 1971    575     21      0    .798    .27    .95   .206   .257  1.037   2.84   .669  -.004   3
 142 183012   1453 1971    519     18      0    .802    .39   1.17   .253   .293   .834   2.58   .570  -.013   3
 143 183052   1644 1971    328     11      0    .793    .47   2.17   .296   .211   .783   2.45   .544  -.027   0
 144 183111   1367 1971    605     22      0    .809    .34   2.30   .320   .560   .868   2.95   .614  -.010   3
 145 183072   1416 1971    556     20      0    .816    .37   1.31   .237   .251   .822   3.31   .570  -.004   0
 146 183092   1492 1971    480     17      0    .782    .39   1.26   .238   .265   .793   2.82   .561   .009   0
 147 183082   1610 1971    362     12      0    .772    .43   1.85   .319   .561   .777   2.39   .556   .006   1
 148 183061   1723 1971    249      8      0    .824    .53   1.76   .352   .232   .852   2.42   .593   .003   0
 149 183121   1572 1971    400     14      0    .786    .47   1.58   .293   .472   .715   2.55   .507  -.001   0
 150 183042   1573 1971    399     14      0    .797    .39   1.55   .254   .229   .829   2.72   .594   .026   0
 151 183122   1601 1971    371     12      0    .806    .39   1.67   .254   .458   .767   2.45   .534  -.019   0
 152 183031   1434 1971    538     19      0    .761    .35   1.49   .272   .459   .874   3.02   .621   .019   0
 153 183062   1681 1971    291      9      0    .824    .45   1.21   .288   .226   .866   2.88   .594   .001   3
 154 183022   1611 1971    361     12      0    .790    .57   1.79   .322   .256   .702   2.35   .491  -.057   0
 155 151101   1730 1970    241      7      0    .845    .85   3.35   .460   .608   .381   2.25   .338  -.011   1
 156 151111   1634 1970    337     11      0    .872    .45   2.38   .463   .798   .624   2.46   .483   .005   1
 157 151141   1562 1970    409     14      0    .863    .49   1.84   .368   .681   .495   2.24   .401  -.012   3
 158 151152   1568 1970    403     14      0    .906    .58   2.92   .367   .585   .521   2.06   .405  -.009   3
 159 151151   1571 1970    400     14      0    .919    .51   1.58   .289   .471   .531   2.14   .411  -.017   3
 160 151142   1566 1970    405     14      0    .881    .51   2.50   .402   .668   .524   2.49   .424  -.014   3
 161 151132   1569 1970    402     14      0    .857    .38   2.53   .429   .740   .697   2.90   .530  -.010   3
 162 151131   1565 1970    406     14      0    .844    .36   2.16   .379   .776   .673   3.28   .515  -.009   3
 163 151122   1549 1970    422     14      0    .836    .48   1.90   .364   .698   .550   3.37   .483  -.010   3
 164 151102   1704 1970    267      8      0    .795   1.17   4.73   .754   .649   .464   2.79   .432   .004   2
 165 151092   1673 1970    298     10      0    .918    .57   3.62   .550   .681   .682   2.53   .510   .029   0
 166 151091   1640 1970    331     11      0    .902    .52   2.51   .485   .727   .680   2.68   .510   .018   0
 167 151011   1530 1970    441     15      0    .860    .61   2.35   .440   .771   .481   2.46   .397   .060   0
 168 151162   1409 1970    562     20      0    .806    .45   2.53   .394   .842   .334   2.09   .299  -.004   3
 169 151161   1383 1970    588     21      0    .798    .33   1.50   .216   .760   .330   2.31   .298  -.010   3
 170 TP4B     1601 1970    370     12      0    .885    .34   1.24   .215   .627   .509   2.00   .387  -.007   0
 171 151112   1665 1970    306     10      0    .925    .72   4.03   .574   .602   .608   2.55   .471  -.006   3
 172 TP4A     1544 1970    427     15      0    .843    .52   2.74   .427   .720   .498   2.37   .424  -.010   1
 173 151021   1648 1970    323     10      0    .796    .43   1.50   .292   .728   .381   2.08   .341  -.005   3
 174 BND54A   1570 1969    400     14      0    .820    .45   2.68   .357   .665   .523   4.68   .479  -.012   3
 175 151231   1467 1963    497     18      0    .811    .41   2.43   .302   .651   .485   2.24   .404  -.018   3
 176 151232   1301 1963    663     24      0    .797    .43   2.96   .429   .808   .386   2.48   .349  -.010   3
 177 BC3B     1541 1962    422     15      0    .768    .37   6.43   .436   .612   .572   3.88   .506   .009   3
 178 BC3A     1550 1962    413     14      0    .774    .35   2.44   .345   .750   .622   2.85   .498  -.003   3
 179 BC02C    1647 1962    316     11      0    .803    .64   2.92   .405   .676   .397   2.29   .342   .009   2
 180 BC01D    1547 1962    416     15      0    .876    .64   3.13   .544   .826   .484   2.09   .397  -.000   1
 181 BC1C     1555 1962    408     14      0    .889    .72   3.28   .589   .802   .494   2.56   .416   .004   1
 182 BC1B     1580 1962    383     13      0    .866    .52   2.02   .432   .797   .510   2.51   .422  -.001   1
 183 BC1A     1539 1962    424     15      0    .886    .59   2.21   .397   .740   .466   2.27   .381   .001   1
 184 BC8D     1531 1962    432     15      0    .858    .43   1.70   .316   .675   .528   2.33   .430   .004   1
 185 BC8C     1605 1962    358     12      0    .881    .61   3.15   .536   .754   .527   2.49   .428  -.001   1
 186 BC8B     1531 1962    432     15      0    .876    .38   1.40   .249   .677   .505   2.23   .389   .001   3
 187 BC7D     1696 1962    267      9      0    .894    .56   1.90   .321   .484   .547   2.16   .417   .075   0
 188 BC7C     1610 1962    353     12      0    .889    .60   2.06   .382   .521   .541   2.12   .422  -.006   3
 189 BC7B     1619 1962    344     12      0    .879    .38   1.84   .312   .655   .534   2.47   .421   .044   0
 190 BC7A     1670 1962    293     10      0    .898    .39   1.21   .215   .485   .530   2.41   .418  -.005   1
 191 BC6D     1619 1962    344     12      0    .909    .34   1.67   .262   .441   .735   3.00   .540  -.004   3
 192 BC6C     1650 1962    313     11      0    .924    .34   1.55   .248   .424   .751   2.64   .537   .008   0
 193 BC6B     1618 1962    345     12      0    .890    .40   1.98   .301   .379   .728   3.58   .551  -.009   0
 194 BC5D     1673 1962    290     10      0    .842    .42   2.48   .390   .625   .709   2.84   .601   .002   1
 195 BC5C     1610 1962    353     12      0    .823    .49   2.36   .460   .570   .693   2.91   .589  -.007   3
 196 BC3D     1602 1962    361     12      0    .824    .31   1.41   .227   .562   .643   3.21   .525  -.009   3
 197 BC3C     1589 1962    374     13      0    .822    .43   2.45   .357   .579   .646   3.31   .558  -.003   3
 198 BC02A    1675 1961    287      9      0    .811    .48   2.34   .443   .833   .393   2.05   .337   .007   2
 199 BC6A     1612 1961    350     12      0    .916    .41   1.77   .301   .448   .714   2.95   .542   .047   0
 200 TP6A     1550 1960    411     14      0    .862    .39   2.00   .330   .618   .652   2.36   .508  -.014   3
 201 BND46A   1639 1960    322     11      0    .821    .37   2.51   .362   .615   .723   3.31   .600   .002   2
 202 MCD11B   1642 1955    314     11      1    .525    .79   2.45   .446   .770   .279   2.60   .280  -.010   3
 203 BTA4878  1444 1954    511     19      0    .785    .67   2.88   .479   .629   .421   2.31   .371  -.010   3
 204 BC4A     1494 1954    461     17      0    .867    .42   1.61   .328   .632   .650   3.02   .502  -.002   3
 205 BC4B     1530 1952    423     15      0    .860    .46   2.25   .421   .679   .653   3.71   .522  -.009   3
 206 TP6B     1446 1951    506     19      0    .870    .42   1.78   .321   .631   .619   2.42   .480  -.014   3
 207 BND52B   1457 1950    494     18      0    .814    .54   3.53   .567   .812   .473   2.60   .407  -.007   3
 208 MCD11A   1616 1950    335     12      1    .533    .61   2.61   .482   .872   .277   1.88   .263  -.005   1
 209 BC8A     1491 1949    459     17      0    .858    .41   1.35   .272   .653   .503   2.40   .393  -.014   3
 210 BC5B     1628 1948    321     10      0    .840    .31   2.28   .339   .623   .790   3.17   .613  -.008   1
 211 151121   1548 1948    401     13      0    .858    .48   1.81   .346   .675   .507   2.51   .430  -.017   3
 212 BTA2455A 1358 1946    589     21      0    .830    .38   1.57   .205   .468   .489   2.23   .400  -.017   3
 213 BTA2452A 1272 1946    675     25      0    .821    .39   2.87   .349   .652   .541   2.99   .443  -.006   3
 214 BC4D     1596 1946    351     12      0    .915    .38   1.79   .305   .645   .632   2.47   .478   .031   0
 215 BND55B   1593 1940    348     12      0    .871    .34   1.91   .339   .725   .664   2.86   .506  -.015   3
 216 BND61A   1440 1940    501     18      0    .571    .52   6.43   .425   .812   .211   2.44   .214  -.010   3
 217 BTA2460A 1304 1931    628     23      0    .835    .45   2.92   .431   .803   .384   2.02   .340  -.011   3
 218 183132   1640 1919    280      9      0    .802    .30    .96   .215   .276   .948   2.78   .631  -.001   1
 219 BC02B    1686 1905    220      7      0    .754    .34   1.20   .268   .810   .436   1.91   .351  -.020   3
 220 BND52A   1562 1900    339     12      0    .804    .30    .84   .147   .544   .395   1.96   .349   .003   1
 221 BND49B   1642 1900    259      9      0    .791    .46   2.81   .375   .786   .393   2.35   .347  -.012   3
 222 BTA2411  1429 1880    452     16      0    .765    .60   1.56   .290   .600   .407   2.45   .348  -.012   3
 223 NVN321   1550 1869    320     10      0    .724    .37   1.86   .302   .633   .764   3.10   .577  -.023   3
 224 BC4C     1566 1868    303     10      0    .862    .58   2.74   .514   .689   .622   2.12   .482  -.007   3
 225 BC5A     1616 1856    241      8      0    .763    .35   2.52   .398   .624   .779   2.77   .604   .059   0
 226 NVN322   1492 1850    359     13      0    .745    .31    .98   .199   .329   .793   3.42   .602  -.025   3
 227 NVN351   1356 1840    485     17      0    .738    .28   1.11   .193   .458   .788   3.15   .574  -.014   3
 228 BTA2415  1490 1810    321     11      4    .457    .93   3.11   .514   .870   .189   1.57   .185  -.007   3
 229 BTA2409  1463 1810    348     12      0    .805    .75   3.90   .530   .635   .396   2.35   .350  -.017   3
 230 BTA2450  1449 1800    352     12      0    .803    .80   2.96   .517   .585   .428   2.24   .383  -.003   3
 231 BND61B   1424 1800    377     13      1    .590    .66   2.51   .465   .934   .177   1.53   .171  -.021   3
 232 BND58A   1375 1730    356     12      0    .746    .52   1.83   .314   .751   .265   2.03   .257  -.020   3
 233 BND42B   1619 1706     88      2      0    .839    .61   1.86   .465   .622   .517   2.01   .388  -.063   3
 234 BND59A   1416 1700    285     10      0    .657    .66   2.46   .355   .775   .269   1.84   .256  -.010   3
 235 151200   1410 1699    290     10      0    .772    .58   2.91   .366   .707   .362   2.16   .324  -.004   2
 236 BTA2413  1418 1670    253      8      0    .838    .66   2.13   .342   .747   .312   1.95   .281  -.006   2
 237 NVN272   1406 1661    256      8      0    .693    .45   1.40   .273   .699   .476   2.24   .401   .026   0
 238 BTA2458A 1359 1660    302     10      0    .705    .46   1.62   .240   .566   .395   2.25   .370   .006   1
 239 151190   1347 1614    268      9      0    .867    .59   2.84   .409   .710   .446   2.01   .365   .002   1
 240 151220   1263 1555    293     10      0    .573    .53   1.35   .232   .606   .304   1.75   .278  -.010   1
 241 183112   1365 1549    185      6      0    .793    .47   1.93   .370   .570   .749   2.79   .546  -.011   3
 242 BTA2451A 1399 1530    132      4      0    .806    .81   2.10   .365   .674   .327   1.75   .290   .032   1
 243 BTA2412  1313 1502    190      6      0    .836    .45   1.85   .338   .579   .588   2.37   .475  -.010   3
 244 BTA2454  1445 1500     56      1      0    .781   1.02   1.94   .442   .248   .481   1.90   .395  -.085   3
 245 BTA2465A 1444 1500     57      1      0    .797    .52   1.16   .261   .382   .514   1.79   .430   .049   1
 246 BTA2451B 1388 1500    113      3      0    .742    .84   2.20   .384   .665   .302   2.13   .297   .008   1
 247 BTA2451C 1399 1456     58      1      0    .696    .88   1.86   .422   .754   .276   1.48   .242  -.033   0
 248 BTA4885B 1327 1454    128      3      0    .782    .82   3.86   .775   .675   .455   2.78   .465   .120   0
 249 BTA2455B 1358 1433     76      1      0    .895    .68   1.60   .353   .215   .551   2.51   .464   .017   0
 250 BTA2457B 1392 1424     33      0      0    .710   1.75   4.05   .753  -.037   .419   2.20   .383  -.206   0
 251 BTA2458B 1359 1406     48      0      0    .585    .35   1.08   .234   .769   .363   5.60   .763   .063   0
 252 BTA2460B 1304 1326     23      0      0    .784   2.05   3.52   .927   .502   .393   1.66   .321  -.088   3
 253 SH7A     1200 1284     85      2      0    .838    .93   3.26   .671   .687   .591   3.27   .535   .113   0
 254 440114   1190 1284     95      2      0    .841    .89   2.71   .575   .572   .595   3.56   .554   .159   0
 255 442104   1085 1279    195      6      0    .754    .34   1.35   .303   .725   .623   2.39   .442  -.015   2
 256 BK95     1155 1276    122      3      0    .864    .48   1.56   .322   .370   .697   2.75   .548  -.047   0
 257 438105   1195 1276     82      2      0    .883    .64   1.93   .445   .502   .656   2.17   .529   .006   0
 258 BK102    1196 1275     80      2      0    .867    .70   3.13   .552   .651   .514   1.91   .415   .046   0
 259 442109   1199 1275     77      2      0    .841   1.00   2.10   .477   .451   .491   2.08   .405   .117   0
 260 442107   1195 1273     79      1      0    .877    .45   1.43   .334   .464   .779   2.71   .627   .045   0
 261 442105   1178 1273     96      1      0    .829    .36   1.43   .338   .751   .661   3.00   .570   .116   0
 262 F3522    1160 1272    113      2      0    .784    .48   1.50   .293   .622   .471   2.29   .387   .003   3
 263 448103   1150 1272    123      3      0    .775    .44   1.46   .283   .641   .500   2.09   .402   .033   0
 264 438102   1173 1272    100      2      0    .862    .78   2.01   .430   .365   .551   2.18   .467   .026   1
 265 BK257    1181 1272     92      1      0    .632    .40   1.13   .236   .627   .370   1.75   .347   .122   0
 266 BK131    1134 1271    138      3      0    .726    .41   1.05   .197   .589   .409   2.42   .351  -.075   0
 267 SH12     1205 1271     67      0      0    .851   1.17   2.58   .614   .455   .530   2.26   .479   .121   0
 268 F3175    1163 1271    109      2      0    .649    .64   1.51   .294   .461   .394   2.02   .389   .008   1
 269 438103   1193 1271     79      1      0    .908   1.06   1.86   .425   .131   .462   1.79   .384   .011   0
 270 F3186    1160 1270    111      2      0    .829    .42   1.34   .283   .605   .500   2.33   .417  -.026   0
 271 448105   1194 1270     77      1      0    .867    .64   2.29   .502   .672   .635   2.77   .573   .004   1
 272 F3188    1195 1269     75      1      0    .835    .64   2.43   .511   .670   .611   2.75   .566   .015   1
 273 310101   1198 1268     71      1      0    .766    .43   1.06   .204   .430   .449   2.12   .391   .026   1
 274 448104   1178 1268     91      1      0    .800    .61   1.35   .302   .542   .399   1.86   .347  -.029   2
 275 LH5A     1198 1265     68      1      0    .850    .71   2.06   .488   .663   .623   2.19   .520   .088   0
 276 BK22     1200 1265     66      1      0    .910   1.07   1.95   .436   .146   .485   1.81   .388  -.071   0
 277 BK258    1197 1264     68      1      0    .832    .51   1.21   .307   .678   .524   2.38   .459  -.025   1
 278 305107   1180 1262     83      1      0    .740    .58   1.40   .266   .452   .473   1.72   .362  -.065   0
 279 BK259    1156 1261    106      2      0    .779    .46   1.54   .379   .752   .591   2.70   .494   .068   0
 280 KS74     1087 1260    174      5      0    .694    .36   1.48   .342   .694   .557   2.80   .453  -.075   0
 281 F3259    1169 1257     89      2      0    .831    .86   2.69   .592   .475   .642   2.42   .555   .142   0
 282 F3527    1178 1254     77      1      0    .833    .55   1.24   .278   .577   .349   1.96   .320  -.012   2
 283 302212   1078 1251    174      5      0    .721    .43    .99   .229   .271   .624   2.35   .474  -.015   2
 284 BK2B     1100 1230    131      4      0    .818    .44   1.81   .354   .562   .672   2.78   .540   .024   0
 285 302109   1124 1228    105      3      0    .494    .37    .97   .207   .639   .471   2.88   .434   .048   0
 286 302108   1140 1218     79      1      0    .710    .46   1.39   .250   .388   .609   2.07   .442   .082   0
 287 302107   1065 1179    115      3      0    .718    .21    .75   .124   .251   .691   2.09   .456  -.022   2
 288 BK2A     1074 1170     97      2      0    .829    .57   1.95   .412   .414   .612   2.55   .504   .011   0
 289 302105   1051 1159    109      2      0    .780    .19    .73   .145   .511   .805   2.47   .601   .079   0
 290 442103    960 1156    197      6      0    .810    .36   1.19   .252   .322   .748   2.69   .557  -.065   0
 291 304102   1060 1155     96      2      0    .777    .26    .98   .199   .725   .578   1.90   .409  -.027   2
 292 302103    940 1135    196      6      0    .683    .19    .62   .114   .321   .671   2.56   .507   .004   3
 293 F3193C    956 1128    173      5      0    .898    .70   2.38   .401   .481   .490   2.37   .426   .005   1
 294 F3193B    957 1128    172      5      0    .908    .67   2.31   .395   .440   .525   2.31   .447   .007   1
 295 F3194A    900 1122    223      6      0    .863    .81   2.62   .438   .497   .478   2.92   .413   .019   1
 296 303103    940 1103    164      5      0    .807    .25   1.01   .184   .463   .708   3.00   .562   .072   0
 297 302101    846 1064    219      7      0    .660    .21    .84   .131   .631   .507   1.93   .398  -.002   2
 298 303102    880 1059    180      5      0    .665    .16    .49   .092   .419   .582   2.21   .441  -.061   0
 299 442101    800 1059    260      8      0    .704    .21    .55   .104   .581   .445   2.30   .366  -.001   2
 300 F3260     906 1058    153      4      0    .833    .82   2.89   .540   .583   .479   3.39   .473   .013   1
 301 452103    927 1056    130      3      0    .841    .31    .76   .157   .297   .508   2.41   .407  -.006   0
 302 F3262     927 1056    130      3      0    .859    .31    .73   .152   .328   .470   2.42   .382  -.023   0
 303 302104    966 1049     84      2      0    .769    .38   1.00   .230   .482   .547   1.89   .422   .024   2
 304 302102    880 1024    145      4      0    .767    .29   1.43   .253   .535   .769   3.17   .620   .011   2
 305 F3263     884 1017    134      3      0    .854    .46   1.28   .289   .486   .581   2.47   .477  -.006   1
 306 460102    842  995    154      4      0    .804    .50   1.52   .263   .610   .439   2.45   .400  -.019   1
 307 F3124     778  960    183      5      0    .647    .47   1.35   .270   .637   .378   1.84   .322  -.035   0
 308 303101    876  957     82      1      0    .588    .31    .76   .138   .394   .448   1.83   .368   .028   2
 309 403201    673  946    274      9      0    .554    .35   1.31   .245   .831   .353   1.99   .292  -.036   0
 310 ADM21A    863  942     80      1      0    .635    .47    .84   .181   .522   .335   1.66   .317   .004   1
 311 446101    758  915    158      4      0    .782    .26    .68   .128   .540   .419   1.86   .359  -.006   0
 312 F3261     692  856    165      5      0    .754    .55   1.59   .339   .054   .743   2.62   .550   .001   1
 313 467110    770  845     76      1      0    .759    .83   2.18   .493   .671   .512   2.38   .445  -.015   3
 314 467109    744  844    101      2      0    .654    .50   3.14   .468   .498   .653   3.86   .682   .035   1
 315 467103    695  820    126      3      0    .823    .39   1.31   .265   .444   .611   2.64   .533   .025   1
 316 467102    670  800    131      4      0    .623    .42   1.79   .407   .845   .407   1.83   .330  -.005   0
 317 TMD36     695  759     65      1      0    .803    .37   1.22   .256   .490   .573   2.56   .543   .001   1
 318 TMD26B    686  721     36      0      0    .764    .64   1.55   .367   .757   .333   1.80   .257  -.095   1
 319 301112    425  691    267      9      0    .777    .13    .39   .072   .414   .608   2.31   .476  -.002   0
 320 301103    344  691    348     10      0    .797    .20    .52   .102   .561   .442   2.32   .379   .003   1
 321 TMD26A    670  690     21      0      0    .361   1.15   1.76   .322   .420   .224   1.46   .234   .254   0
 322 479101    539  676    138      4      0    .747    .37   1.80   .338   .551   .775   2.56   .590   .106   0
 323 451102    530  676    147      4      0    .806    .32   1.07   .238   .448   .724   2.41   .542   .004   1
 324 451104    588  672     85      1      0    .738    .55   1.64   .305   .280   .540   2.71   .470   .118   0
 325 479102    582  671     90      1      0    .709    .56   1.47   .288   .323   .460   2.52   .408   .057   0
 326 301113    540  669    130      3      0    .741    .18    .51   .086   .520   .431   1.93   .356  -.015   1
 327 301109    400  639    240      7      0    .777    .24    .84   .120   .466   .417   2.21   .375   .004   1
 328 SNP18A    607  620     14      0      0    .123    .54    .87   .179   .013   .412   1.58   .318  -.019   0
 329 301108    390  617    228      7      0    .810    .22    .62   .101   .488   .440   2.76   .386  -.014   1
 330 301111    406  606    201      6      0    .812    .24    .89   .116   .468   .443   2.72   .388   .009   1
 331 451101    381  596    216      6      0    .638    .39   1.32   .272   .678   .525   3.01   .442  -.009   3
 332 F3180B    503  575     73      1      0    .582    .84   2.18   .519   .423   .506   2.08   .445   .091   0
 333 301110    402  549    148      4      0    .716    .30    .72   .126   .513   .396   2.05   .356   .019   1
 334 301105    347  549    203      5      0    .669    .25    .53   .114   .497   .415   2.55   .384   .092   0
 335 F3180     503  540     38      0      0   -.180    .51   1.10   .236   .326   .522   1.70   .414   .188   0
 336 SNP15A    381  534    154      4      1    .411    .40   1.07   .228   .642   .395   4.14   .436   .013   1
 337 SNP15C    440  520     81      1      0    .459    .31    .94   .193   .704   .417   2.19   .426   .038   1
 338 SNP15B    395  513    119      3      0    .530    .41   1.06   .223   .598   .380   2.18   .368   .013   1
 339 301104    344  509    166      3      0    .808    .20    .50   .079   .277   .412   1.99   .317  -.006   2
 340 301102    343  509    167      3      0    .771    .21    .50   .080   .317   .381   1.64   .290   .001   2
 341 301107    362  489    128      2      0    .796    .27    .61   .113   .398   .353   2.11   .330   .074   0
 342 301101    340  449    110      1      0    .686    .21    .58   .108   .625   .380   1.65   .294  -.012   2
 --- -------- ---------  -----  -----  -----   ------ -----  -----  -----  -----  -----  -----  -----  -----  --
 Total or mean:          97071   3175     21    .785    .49   6.43   .343   .593   .557   5.60   .443   .001

 DATA CHECKS (rwl.check): az589
-----------------------------------------------------------------------------------------------------------------------------------
 rwl.check: data_files/treering/measurements/northamerica/usa/az589.rwl
 342 series, 97071 measurements, 340-2008, 0.001 mm precision
 0 error(s), 6 warning(s), 158 note(s)
 -------------
 WARNING
   RWL_SERIES_OUTLIER (6)
     BTA2415: correlates with the rest of the collection at r = 0.424 where the collection median is 0.794 (4.7 MAD below it); it does not fit the collection it is in
     MCD02B: correlates with the rest of the collection at r = 0.457 where the collection median is 0.794 (4.2 MAD below it); it does not fit the collection it is in
     MCD09A: correlates with the rest of the collection at r = 0.345 where the collection median is 0.794 (5.6 MAD below it); it does not fit the collection it is in
     SNP15A: correlates with the rest of the collection at r = 0.466 where the collection median is 0.794 (4.1 MAD below it); it does not fit the collection it is in
     TCM04A: correlates with the rest of the collection at r = 0.474 where the collection median is 0.794 (4 MAD below it); it does not fit the collection it is in
     TCM09B: correlates with the rest of the collection at r = 0.429 where the collection median is 0.794 (4.6 MAD below it); it does not fit the collection it is in
 158 note(s) not shown; see rwl.check() or the 'check' element of this report.

 NOTES
-----------------------------------------------------------------------------------------------------------------------------------
 Report generated using dplR 1.8.1 (R 4.5.2) on 2026-10-01 16:50 PDT.
 Measurement file az589.rwl, MD5 d5f1bd4524464bc9c0e3f43d2cd4fa81.
 Filtering: each series divided by a 32-year smoothing spline (caps()), then prewhitened with
   an AR model (order by AIC, at most 3).
 Master: biweight robust mean of the other series (leave-one-out).
 Correlation: Pearson, one-tailed, pcrit = 0.01; critical r = 0.3281 for 50-year segments.
 Segments: 50 years, lagged 25, first segment floored to 100. Lags searched: +/- 10 years.
 A segment is tested only where the series and the master cover all of it, at the dated
   position and at every lag. COFECHA also tests partial segments at the ends of a series, so
   series here may show fewer segments, and no flags can be raised at the ends of the record.
 Lags follow COFECHA: negative means rings are probably missing from the series, positive means
   false rings. A missing ring carries its lag into every segment before it, so look where the
   lag changes along a series. A B flag is a hypothesis to check on the wood; the gain says how
   seriously to take it.
 A B flag marked "weak at every lag" correlates under the critical value even at its best lag:
   the segment is weak wherever it is placed, and the shift is not evidence of a dating error.
   Treat it as a low correlation, like an A.
 Averages in the summary and the totals are weighted by the number of years in each series, as
   COFECHA's are.
 Unfiltered block and mean sensitivity: the measurements as read, and sens1().
 dplR filtered block: the series that was correlated, after filtering. COFECHA's filtered
   series is defined differently, so these three columns are not COFECHA's numbers.
 AR: order of the AR model used to prewhiten.
