
 COFECHA-style crossdating report: az594
 Report generated using dplR 1.8.1 (R 4.5.2) on 2026-10-01 16:53 PDT
 Built with dplR's xdate.report(), not COFECHA; see the notes at the end.


      Measurement file name  : az594.rwl
      MD5 of measurement file: cbce0ec51012a1338ec65db89dfadb4b
      Date checked           : 01OCT26
      Beginning year         : 1249
      Ending year            : 2001
      Principal investigators: Grissino-Mayer, H.D.; Baisan, C.H.; Adams, R.K.
      Site name              : Fort Grant Overlook Pinaleno Mountains
      Species information    : PISF Pinus strobiformis Engelm.
      Latitude               : 32.7000 N
      Longitude              : 109.9200 W
      Elevation              : 2896 m

      Series intercorrelation: 0.679
      Avg mean sensitivity   : 0.322
      Avg standard deviation : 0.532
      Avg autocorrelation    : 0.714
      Number dated series    : 112
      Segment length tested  : 50

      Number problem segments: 17  (A 6, B 11; 4 of the B weak at every lag)
      Pct problem segments   : 1.80


 CORRELATION OF SERIES BY SEGMENTS: az594
-----------------------------------------------------------------------------------------------------------------------------------
 Correlations of  50-year dated segments, lagged  25 years
 Flags:  A = correlation under   .3281 but highest as dated;  B = correlation higher at other than dated position

 Seq Series  Time_span  1300 1325 1350 1375 1400 1425 1450 1475 1500 1525 1550 1575 1600 1625 1650 1675 1700 1725 1750 1775 
                        1349 1374 1399 1424 1449 1474 1499 1524 1549 1574 1599 1624 1649 1674 1699 1724 1749 1774 1799 1824 
 --- -------- ---------  ---- ---- ---- ---- ---- ---- ---- ---- ---- ---- ---- ---- ---- ---- ---- ---- ---- ---- ---- ---- 
   1 CMP44A   1308 1766       .69  .43  .39  .75  .55  .44  .66  .71  .66  .64  .74  .61  .52  .38  .24B .45                
   2 CMP44B   1249 1806       .69  .49  .46  .75  .63  .57  .62  .63  .70  .67  .75  .74  .69  .65  .53  .62  .61  .62      
   3 GRA12B   1771 1947                                                                                                 .48 
   6 GRB16B   1725 1899                                                                                            .45  .63 
   7 GRB16C2  1725 1899                                                                                            .48  .59 
   9 GRB21A   1703 1920                                                                                       .53  .54  .63 
  10 GRB21B   1722 1967                                                                                       .51  .51  .62 
  11 GRC05A   1666 1844                                                                             .57  .58  .65  .54  .56 
  12 GRC06A   1558 1715                                                         .42  .49  .51  .58                          
  13 GRC06B   1556 1668                                                         .53  .56                                    
  16 GRC07C   1632 1747                                                                        .72  .71                     
  17 GRC07D   1639 1934                                                                        .64  .60  .64  .55  .40  .37B
  18 GRC11C   1625 1778                                                                        .52  .34  .54  .65           
  20 GRD13B   1768 1911                                                                                                 .33B
  21 CMP15A   1453 1966                                     .65  .61  .49  .67  .71  .72  .79  .82  .68  .72  .79  .75  .70 
  22 CMP15B   1455 1790                                     .68  .74  .73  .73  .71  .69  .67  .77  .79  .76  .76           
  23 CMP21A   1727 1940                                                                                            .72  .68 
  24 CMP21C   1625 1960                                                                        .55  .43  .65  .62  .53  .62 
  25 CMP21D   1723 1959                                                                                       .58  .58  .58 
  26 CMP23A   1619 1836                                                                   .59  .71  .67  .70  .64  .71  .73 
  27 CMP23B   1623 1834                                                                        .72  .68  .68  .62  .67  .63 
  28 CMP23C   1627 1831                                                                        .73  .66  .62  .65  .71  .42 
  29 CMP29A   1428 1554                                .55  .56  .60                                                        
  30 CMP29B   1447 1543                                .47  .55                                                             
  31 CMP32A   1577 1992                                                              .70  .74  .79  .75  .62  .53  .46  .54 
  32 CMP32B   1594 1991                                                              .55  .67  .62  .45  .57  .54  .34  .29A
  33 CMP32C   1553 1991                                                         .81  .73  .77  .73  .62  .63  .52  .34  .38 
  34 CMP55A   1701 1991                                                                                       .47  .23B .09B
  36 CMP56A   1695 1891                                                                                  .67  .64  .52  .55 
  38 CMP57C   1692 1899                                                                                  .56  .51  .56  .67 
  39 CMP65A   1625 1789                                                                        .63  .62  .70  .68           
  41 CMP71A   1620 1795                                                                   .78  .79  .69  .68  .74           
  42 CMPFH07A 1536 1797                                                    .58  .67  .63  .58  .68  .68  .64  .69           
  43 CMPFH08A 1577 1779                                                              .71  .71  .70  .66  .71  .72           
  44 CMPFH08B 1577 1776                                                              .57  .66  .66  .60  .71  .76           
  45 PET01A   1376 1626                      .66  .74  .81  .72  .64  .67  .69  .64                                         
  46 PET01B   1376 1620                      .66  .81  .79  .69  .66  .63  .65                                              
  47 PET02A   1382 1617                      .71  .71  .72  .85  .65  .50  .51                                              
  48 PET02B   1397 1620                      .57  .61  .78  .83  .74  .55  .46                                              
  49 PET02E   1401 1627                           .74  .73  .78  .72  .66  .64  .72                                         
  50 PET03A   1563 1828                                                         .58  .41  .41  .58  .35  .37  .53  .53  .50 
  51 PET03C   1563 1776                                                         .44  .47  .52  .60  .51  .58  .68           
  52 PET05A   1503 1741                                               .59  .57  .64  .59  .66  .69  .39                     
  53 PET05B   1462 1724                                     .55  .51  .64  .53  .57  .49  .59  .75  .55                     
  54 PET07A   1550 1649                                                         .55  .29A                                   
  55 PET07B   1511 1673                                               .36  .47  .41  .43                                    
  56 PET09A   1592 1769                                                              .45  .61  .55  .34B .40B               
  57 PET09B   1601 1759                                                                   .44  .47  .41  .43                
  58 PET27A   1565 1957                                                         .49  .60  .63  .59  .50  .39  .40  .60  .59 
  59 PET27B   1566 1958                                                         .56  .56  .63  .60  .51  .45  .46  .60  .60 
  61 PET28B   1670 1819                                                                             .42  .53  .47  .47      
  62 PET29A   1557 1897                                                         .59  .71  .70  .64  .53  .63  .68  .75  .82 
  63 PET29B   1564 1851                                                         .67  .68  .70  .71  .68  .75  .67  .66  .81 
  67 WTK02B   1767 2001                                                                                                 .60 
  69 WTK03B   1773 2001                                                                                                 .69 
  70 WTK04A   1606 2001                                                                   .60  .60  .64  .70  .72  .70  .79 
  71 WTK04B   1592 2001                                                              .32A .39  .79  .81  .78  .71  .67  .76 
  72 WTK05A   1700 2001                                                                                  .70  .62  .62  .72 
  73 WTK05B   1713 2001                                                                                       .60  .63  .79 
  76 WTK07A   1617 2001                                                                   .84  .84  .77  .83  .86  .87  .87 
  77 WTK07B   1571 2001                                                         .69  .72  .74  .75  .74  .78  .81  .85  .81 
  78 WTK08A   1706 2001                                                                                       .82  .84  .85 
  79 WTK08B   1676 2001                                                                                  .81  .78  .66  .74 
  82 WTK10A   1709 2001                                                                                       .75  .81  .86 
  85 WTK11B   1751 2001                                                                                                 .71 
  86 WTK13A   1590 2001                                                              .79  .81  .75  .76  .78  .75  .85  .86 
  87 WTK13B   1588 2001                                                              .78  .82  .86  .82  .80  .76  .76  .87 
  88 WTK14A   1616 2001                                                                   .80  .71  .66  .80  .72  .70  .76 
  89 WTK15A   1607 2001                                                                   .82  .79  .79  .85  .84  .69  .61 
  90 WTK15B   1619 2001                                                                   .80  .75  .75  .86  .87  .83  .80 
  91 WTK16A   1630 2001                                                                        .79  .84  .90  .87  .78  .82 
  92 WTK17A   1764 2001                                                                                                 .74 
  93 WTK18A   1587 2001                                                              .62  .72  .73  .78  .82  .85  .84  .81 
  94 WTK18B   1621 1991                                                                   .72  .74  .78  .88  .86  .83  .83 
  95 WTK19A   1614 2001                                                                   .79  .74  .72  .76  .77  .87  .89 
  96 WTK19B   1612 2001                                                                   .70  .75  .82  .76  .72  .81  .79 
  97 WTK21A   1609 2001                                                                   .79  .81  .82  .92  .90  .86  .89 
  98 WTK21B   1629 1997                                                                        .79  .84  .92  .87  .82  .87 
  99 WTK23A   1615 1997                                                                   .78  .81  .74  .80  .77  .77  .82 
 100 WTK23B   1628 2001                                                                        .78  .76  .74  .66  .71  .81 
 101 WTK24A   1708 2001                                                                                       .72  .81  .87 
 102 WTK24B   1731 1850                                                                                            .79  .82 
 105 WTK25B   1697 2001                                                                                  .77  .82  .81  .72 
 106 WTK25C   1598 2001                                                              .70  .62  .55  .55  .75  .77  .76  .77 
 107 WTK27A   1616 2001                                                                   .56  .66  .76  .80  .79  .64  .59 
 108 WTK27B   1625 2001                                                                        .62  .67  .77  .81  .72  .65 
 109 WTK28B   1662 2001                                                                             .51  .75  .69  .60  .64 
 111 WTK30A   1732 2001                                                                                            .81  .86 
 112 WTK30B   1758 2001                                                                                                 .82 
 Av segment correlation       .69  .46  .43  .68  .68  .65  .68  .66  .60  .60  .61  .60  .67  .69  .63  .69  .69  .67  .69 

 CORRELATION OF SERIES BY SEGMENTS: az594
-----------------------------------------------------------------------------------------------------------------------------------
 Correlations of  50-year dated segments, lagged  25 years
 Flags:  A = correlation under   .3281 but highest as dated;  B = correlation higher at other than dated position

 Seq Series  Time_span  1800 1825 1850 1875 1900 1925 1950 
                        1849 1874 1899 1924 1949 1974 1999 
 --- -------- ---------  ---- ---- ---- ---- ---- ---- ---- 
   3 GRA12B   1771 1947  .50  .58  .58  .69                
   4 GRA13A   1775 1944  .48  .54  .58  .65                
   5 GRA13B   1775 1940  .39  .44  .59  .68                
   6 GRB16B   1725 1899  .64  .72  .54                     
   7 GRB16C2  1725 1899  .58  .53  .49                     
   8 GRB19C   1793 1990  .44  .28A .18B .63  .76  .66      
   9 GRB21A   1703 1920  .56  .45  .42                     
  10 GRB21B   1722 1967  .54  .61  .63  .75  .82           
  14 GRC07A   1790 1920  .31A .47  .65                     
  15 GRC07B3  1775 1932  .43  .64  .63  .58                
  17 GRC07D   1639 1934  .51  .56  .55  .66                
  19 GRD08A   1789 1962  .19B .52  .55  .52  .57           
  20 GRD13B   1768 1911  .36  .52  .50                     
  21 CMP15A   1453 1966  .51  .49  .66  .74  .75           
  23 CMP21A   1727 1940  .54  .65  .78  .73                
  24 CMP21C   1625 1960  .56  .52  .70  .67  .65           
  25 CMP21D   1723 1959  .48  .63  .60  .54  .69           
  31 CMP32A   1577 1992  .58  .56  .55  .60  .64  .71      
  32 CMP32B   1594 1991  .38B .54  .57  .58  .59  .61      
  33 CMP32C   1553 1991  .45  .58  .53  .54  .57  .56      
  34 CMP55A   1701 1991  .11B .38  .45  .49  .57  .41      
  35 CMP55B   1781 1991  .36  .51  .51  .57  .65  .55      
  36 CMP56A   1695 1891  .46  .57                          
  37 CMP57A   1780 1991  .57  .66  .52  .53  .65  .64      
  38 CMP57C   1692 1899  .45  .57  .70                     
  40 CMP65B2  1781 1960  .41  .54  .72  .75  .61           
  58 PET27A   1565 1957  .46  .51  .47  .54  .67           
  59 PET27B   1566 1958  .60  .56  .47  .59  .73           
  62 PET29A   1557 1897  .75  .65                          
  63 PET29B   1564 1851  .72                               
  64 WTK00A   1786 2001  .76  .78  .82  .82  .81  .82  .82 
  65 WTK00B   1787 2001  .73  .66  .66  .83  .88  .80  .83 
  66 WTK02A   1864 2001                 .49  .61  .67  .79 
  67 WTK02B   1767 2001  .75  .48  .27A .49  .61  .74  .78 
  68 WTK03A   1818 2001       .71  .74  .80  .84  .79  .81 
  69 WTK03B   1773 2001  .76  .76  .82  .86  .91  .91  .88 
  70 WTK04A   1606 2001  .86  .67  .68  .87  .84  .77  .76 
  71 WTK04B   1592 2001  .82  .76  .77  .87  .89  .77  .63 
  72 WTK05A   1700 2001  .85  .79  .76  .86  .90  .91  .90 
  73 WTK05B   1713 2001  .86  .84  .73  .81  .90  .88  .86 
  74 WTK06A   1885 2001                      .86  .80  .70 
  75 WTK06B   1912 2001                           .79  .57 
  76 WTK07A   1617 2001  .86  .89  .84  .84  .91  .88  .87 
  77 WTK07B   1571 2001  .73  .78  .74  .73  .86  .82  .79 
  78 WTK08A   1706 2001  .86  .91  .93  .85  .85  .89  .85 
  79 WTK08B   1676 2001  .85  .50  .51  .90  .88  .85  .85 
  80 WTK09A   1795 2001  .65  .69  .78  .91  .92  .93  .92 
  81 WTK09B   1826 2001            .75  .80  .80  .81  .78 
  82 WTK10A   1709 2001  .86  .80  .76  .84  .89  .90  .88 
  83 WTK10B   1868 2001                 .92  .90  .87  .88 
  84 WTK11A   1793 2001  .80  .88  .86  .86  .89  .90  .93 
  85 WTK11B   1751 2001  .80  .85  .88  .90  .91  .92  .91 
  86 WTK13A   1590 2001  .86  .89  .87  .88  .89  .92  .94 
  87 WTK13B   1588 2001  .90  .83  .79  .83  .88  .90  .89 
  88 WTK14A   1616 2001  .79  .67  .56  .70  .76  .79  .78 
  89 WTK15A   1607 2001  .74  .79  .71  .77  .79  .81  .76 
  90 WTK15B   1619 2001  .82  .78  .72  .56  .68  .90  .89 
  91 WTK16A   1630 2001  .88  .87  .91  .96  .95  .94  .95 
  92 WTK17A   1764 2001  .71  .75  .73  .83  .89  .90  .82 
  93 WTK18A   1587 2001  .85  .89  .85  .46  .55  .92  .80 
  94 WTK18B   1621 1991  .79  .84  .84  .81  .82  .86      
  95 WTK19A   1614 2001  .85  .83  .77  .82  .92  .91  .86 
  96 WTK19B   1612 2001  .74  .79  .81  .82  .87  .87  .88 
  97 WTK21A   1609 2001  .91  .88  .82  .86  .92  .89  .86 
  98 WTK21B   1629 1997  .88  .88  .90  .92  .92  .90      
  99 WTK23A   1615 1997  .79  .78  .83  .85  .84  .86      
 100 WTK23B   1628 2001  .79  .76  .81  .90  .83  .80  .84 
 101 WTK24A   1708 2001  .84  .86  .84  .79  .84  .79  .77 
 102 WTK24B   1731 1850  .75                               
 103 WTK24C   1865 2001                 .85  .88  .60  .53 
 104 WTK25A   1800 2001  .74  .80  .82  .87  .85  .85  .90 
 105 WTK25B   1697 2001  .69  .83  .82  .83  .85  .87  .86 
 106 WTK25C   1598 2001  .74  .82  .82  .84  .88  .87  .85 
 107 WTK27A   1616 2001  .74  .79  .80  .86  .89  .91  .89 
 108 WTK27B   1625 2001  .75  .81  .76  .86  .90  .90  .90 
 109 WTK28B   1662 2001  .72  .74  .64  .73  .84  .83  .83 
 110 WTK29A   1788 2001  .78  .80  .83  .85  .86  .88  .88 
 111 WTK30A   1732 2001  .85  .86  .88  .91  .90  .86  .74 
 112 WTK30B   1758 2001  .80  .82  .83  .84  .88  .85  .72 
 Av segment correlation  .67  .69  .69  .75  .80  .82  .83 

 FLAGGED SEGMENTS: az594
-----------------------------------------------------------------------------------------------------------------------------------
 Seq Series   Segment    Flag  r dated  Best lag  r at lag   Gain  Note
 --- -------- ---------  ----  -------  --------  --------  -----  -----------------
   1 CMP44A   1675 1724     B     .239         4      .271   .032  weak at every lag
   8 GRB19C   1825 1874     A     .279         0
   8 GRB19C   1850 1899     B     .182         8      .296   .114  weak at every lag
  14 GRC07A   1800 1849     A     .313         0
  17 GRC07D   1775 1824     B     .372         6      .387   .015
  19 GRD08A   1800 1849     B     .190         5      .364   .175
  20 GRD13B   1775 1824     B     .333         3      .378   .046
  32 CMP32B   1775 1824     A     .294         0
  32 CMP32B   1800 1849     B     .383         2      .383   .000
  34 CMP55A   1750 1799     B     .225         7      .352   .127
  34 CMP55A   1775 1824     B     .085        10      .311   .226  weak at every lag
  34 CMP55A   1800 1849     B     .109        -2      .260   .151  weak at every lag
  54 PET07A   1600 1649     A     .290         0
  56 PET09A   1675 1724     B     .340        -4      .362   .022
  56 PET09A   1700 1749     B     .401        -4      .403   .001
  67 WTK02B   1850 1899     A     .267         0
  71 WTK04B   1600 1649     A     .324         0

 DESCRIPTIVE STATISTICS: az594
-----------------------------------------------------------------------------------------------------------------------------------

                                                Corr   //-------- Unfiltered --------\\  //-- dplR filtered --\\
                           No.    No.    No.    with   Mean   Max     Std   Auto   Mean   Max     Std   Auto  AR
 Seq Series   Interval   Years  Segmt  Flags   Master  msmt   msmt    dev   corr   sens  value    dev   corr  ()
 --- -------- ---------  -----  -----  -----   ------ -----  -----  -----  -----  -----  -----  -----  -----  --
   1 CMP44A   1308 1766    459     16      1    .546    .33   1.61   .231   .695   .407   2.31   .362  -.002   3
   2 CMP44B   1249 1806    558     18      0    .628    .56   3.20   .391   .736   .365   2.58   .348  -.010   3
   3 GRA12B   1771 1947    177      5      0    .611    .93   5.74   .829   .761   .356   2.40   .366  -.006   2
   4 GRA13A   1775 1944    170      4      0    .584    .65   2.67   .541   .864   .369   2.49   .374  -.022   3
   5 GRA13B   1775 1940    166      4      0    .590    .77   3.57   .628   .732   .380   3.42   .424  -.012   1
   6 GRB16B   1725 1899    175      5      0    .523    .79   3.28   .577   .913   .275   1.83   .266  -.010   1
   7 GRB16C2  1725 1899    175      5      0    .482    .69   2.04   .444   .854   .315   1.87   .306   .008   2
   8 GRB19C   1793 1990    198      6      2    .510   1.82   5.75  1.069   .798   .275   1.68   .262  -.012   1
   9 GRB21A   1703 1920    218      6      0    .549   1.68   6.24  1.345   .933   .224   1.70   .233  -.033   1
  10 GRB21B   1722 1967    246      8      0    .582   1.07   5.25   .825   .872   .252   1.75   .256  -.020   1
  11 GRC05A   1666 1844    179      5      0    .554   1.08   3.22   .693   .886   .269   1.82   .249  -.005   2
  12 GRC06A   1558 1715    158      4      0    .505   2.15   5.11  1.004   .832   .197   1.53   .190   .009   1
  13 GRC06B   1556 1668    113      2      0    .501   2.86   8.42  1.269   .851   .171   1.56   .186  -.026   1
  14 GRC07A   1790 1920    131      3      1    .519    .85   2.04   .449   .880   .219   1.71   .227   .016   2
  15 GRC07B3  1775 1932    158      4      0    .495    .74   2.23   .464   .875   .234   1.68   .240  -.006   3
  16 GRC07C   1632 1747    116      2      0    .612   1.63   4.83   .804   .731   .281   1.55   .257   .017   2
  17 GRC07D   1639 1934    296     10      1    .593   1.16   3.64   .620   .823   .255   1.86   .257   .011   2
  18 GRC11C   1625 1778    154      4      0    .496   1.06   2.92   .626   .792   .294   2.26   .288  -.021   1
  19 GRD08A   1789 1962    174      5      1    .487   1.05   3.39   .759   .877   .272   1.93   .282   .001   1
  20 GRD13B   1768 1911    144      4      1    .487   1.19   2.48   .472   .746   .232   1.70   .241  -.005   3
  21 CMP15A   1453 1966    514     18      0    .615    .49   1.30   .212   .637   .294   1.71   .256   .001   2
  22 CMP15B   1455 1790    336     11      0    .691    .50   2.14   .266   .653   .302   1.75   .271   .002   1
  23 CMP21A   1727 1940    214      6      0    .694    .36    .85   .154   .405   .405   1.99   .334  -.000   3
  24 CMP21C   1625 1960    336     11      0    .611    .55   3.60   .466   .854   .339   1.97   .299  -.004   3
  25 CMP21D   1723 1959    237      8      0    .613    .38    .95   .161   .566   .312   1.99   .281   .012   0
  26 CMP23A   1619 1836    218      7      0    .664    .76   1.98   .353   .682   .322   1.99   .302   .016   3
  27 CMP23B   1623 1834    212      6      0    .627    .82   2.00   .356   .682   .295   1.77   .279   .013   3
  28 CMP23C   1627 1831    205      6      0    .559    .82   1.84   .388   .721   .293   2.87   .309  -.011   1
  29 CMP29A   1428 1554    127      3      0    .597   1.21   3.33   .470   .636   .261   1.50   .221  -.032   0
  30 CMP29B   1447 1543     97      2      0    .498   1.35   3.14   .675   .803   .273   2.10   .282   .006   1
  31 CMP32A   1577 1992    416     14      0    .572    .39    .89   .162   .659   .299   1.98   .272   .006   3
  32 CMP32B   1594 1991    398     14      2    .529    .34   1.25   .200   .802   .305   1.88   .277   .006   3
  33 CMP32C   1553 1991    439     15      0    .571    .49   1.29   .214   .760   .259   1.72   .243  -.006   3
  34 CMP55A   1701 1991    291      9      3    .353    .96   2.33   .386   .760   .236   1.68   .236  -.001   1
  35 CMP55B   1781 1991    211      6      0    .446   1.07   2.09   .400   .723   .250   1.59   .245  -.006   1
  36 CMP56A   1695 1891    197      6      0    .560    .85   3.83   .604   .788   .328   2.04   .327  -.018   3
  37 CMP57A   1780 1991    212      6      0    .596    .62   1.12   .193   .511   .247   1.60   .220   .011   2
  38 CMP57C   1692 1899    208      7      0    .563    .92   5.25   .741   .736   .317   2.21   .325  -.008   3
  39 CMP65A   1625 1789    165      4      0    .654    .86   2.51   .459   .766   .300   1.83   .286   .017   2
  40 CMP65B2  1781 1960    180      5      0    .621    .75   1.66   .309   .580   .324   2.04   .302   .005   1
  41 CMP71A   1620 1795    176      5      0    .722   1.43   3.39   .602   .289   .392   2.31   .356   .066   0
  42 CMPFH07A 1536 1797    262      8      0    .647   1.24   5.06   .731   .756   .283   2.04   .260   .019   1
  43 CMPFH08A 1577 1779    203      6      0    .701   1.56   4.84   .956   .822   .287   1.76   .254  -.000   1
  44 CMPFH08B 1577 1776    200      6      0    .668   1.67   4.86   .863   .793   .253   1.69   .239  -.042   2
  45 PET01A   1376 1626    251      8      0    .595   1.39   4.55   .908   .584   .406   2.42   .383   .080   0
  46 PET01B   1376 1620    245      7      0    .098   1.56   5.03  1.068   .708   .378  30.15  1.897   .270   0
  47 PET02A   1382 1617    236      7      0    .636    .88   2.32   .415   .388   .384   2.77   .385  -.007   1
  48 PET02B   1397 1620    224      7      0    .636    .86   2.13   .367   .372   .404   2.51   .363   .017   1
  49 PET02E   1401 1627    227      7      0    .719   1.02   3.23   .501   .548   .365   2.08   .350  -.011   1
  50 PET03A   1563 1828    266      9      0    .472   2.48   6.08  1.190   .787   .269   1.97   .277  -.002   1
  51 PET03C   1563 1776    214      7      0    .538   1.51   3.57   .685   .739   .271   2.03   .265  -.010   3
  52 PET05A   1503 1741    239      7      0    .596    .94   2.44   .347   .624   .232   1.72   .227   .012   1
  53 PET05B   1462 1724    263      9      0    .574   1.12   3.15   .444   .587   .271   2.07   .262  -.006   1
  54 PET07A   1550 1649    100      2      1    .297   1.51   4.24   .716   .737   .262   1.79   .275   .002   2
  55 PET07B   1511 1673    163      4      0    .419   1.51   3.30   .578   .730   .223   1.68   .240  -.008   3
  56 PET09A   1592 1769    178      5      2    .422   1.69   3.27   .681   .782   .226   1.47   .216  -.009   1
  57 PET09B   1601 1759    159      4      0    .407   1.22   2.76   .484   .759   .230   1.67   .238   .020   1
  58 PET27A   1565 1957    393     14      0    .551   1.38   4.14   .766   .857   .237   1.67   .225   .000   3
  59 PET27B   1566 1958    393     14      0    .596   1.33   3.86   .743   .853   .234   1.71   .228   .001   3
  60 PET28A   1600 1662     63      0      0    .367   1.66   2.66   .505   .729   .172   1.49   .177   .039   2
  61 PET28B   1670 1819    150      4      0    .444   2.55   4.97   .729   .504   .233   1.85   .228  -.028   1
  62 PET29A   1557 1897    341     11      0    .643   1.42   4.63  1.044   .854   .287   2.05   .280   .019   1
  63 PET29B   1564 1851    288     10      0    .702   1.07   3.41   .696   .846   .274   1.81   .267  -.007   1
  64 WTK00A   1786 2001    216      7      0    .810    .84   1.87   .368   .539   .342   1.81   .319   .008   2
  65 WTK00B   1787 2001    215      7      0    .787   1.03   2.49   .549   .694   .361   2.33   .350   .003   1
  66 WTK02A   1864 2001    138      4      0    .657    .98   1.90   .389   .485   .329   1.89   .307   .014   1
  67 WTK02B   1767 2001    235      8      1    .617   1.37   3.59   .646   .720   .293   2.03   .295  -.002   1
  68 WTK03A   1818 2001    184      6      0    .784   1.01   2.48   .418   .500   .332   1.98   .309   .003   1
  69 WTK03B   1773 2001    229      8      0    .807   1.04   3.79   .479   .515   .332   2.40   .322   .017   1
  70 WTK04A   1606 2001    396     14      0    .732    .63   2.93   .335   .723   .309   1.88   .288   .002   1
  71 WTK04B   1592 2001    410     15      1    .716    .72   3.88   .461   .793   .310   1.85   .294  -.002   2
  72 WTK05A   1700 2001    302     11      0    .810    .42   1.21   .195   .444   .380   2.34   .365   .082   0
  73 WTK05B   1713 2001    289     10      0    .818    .35    .97   .172   .475   .401   2.31   .364   .043   0
  74 WTK06A   1885 2001    117      3      0    .766   2.02   3.82   .734   .454   .304   1.66   .275   .127   0
  75 WTK06B   1912 2001     90      2      0    .677   1.92   4.43   .773   .564   .294   1.78   .286   .001   1
  76 WTK07A   1617 2001    385     14      0    .840    .81   2.69   .414   .704   .345   1.95   .315   .004   1
  77 WTK07B   1571 2001    431     16      0    .762    .83   3.27   .529   .816   .319   2.58   .320   .008   1
  78 WTK08A   1706 2001    296     10      0    .855    .82   2.04   .391   .343   .437   1.89   .360  -.002   1
  79 WTK08B   1676 2001    326     11      0    .762    .70   3.00   .397   .485   .433   2.34   .381   .016   0
  80 WTK09A   1795 2001    207      7      0    .840    .95   2.70   .512   .713   .371   1.91   .325  -.013   3
  81 WTK09B   1826 2001    176      5      0    .777   1.17   3.21   .666   .737   .360   1.89   .321  -.010   1
  82 WTK10A   1709 2001    293     10      0    .813    .58   2.25   .373   .799   .344   1.91   .320  -.006   1
  83 WTK10B   1868 2001    134      4      0    .888    .73   1.30   .226   .319   .303   1.80   .279   .004   1
  84 WTK11A   1793 2001    209      7      0    .877   1.21   3.23   .637   .668   .381   1.96   .323   .017   0
  85 WTK11B   1751 2001    251      8      0    .833   1.33   3.63   .705   .686   .378   2.09   .329   .080   0
  86 WTK13A   1590 2001    412     15      0    .847    .97   3.17   .636   .836   .307   1.82   .295   .003   1
  87 WTK13B   1588 2001    414     15      0    .826    .89   3.89   .629   .840   .308   1.93   .294  -.005   1
  88 WTK14A   1616 2001    386     14      0    .727    .67   2.42   .469   .835   .357   2.04   .339   .005   2
  89 WTK15A   1607 2001    395     14      0    .754    .93   2.65   .558   .794   .285   1.80   .277  -.013   1
  90 WTK15B   1619 2001    383     14      0    .776    .83   2.59   .484   .749   .300   1.77   .285   .018   1
  91 WTK16A   1630 2001    372     13      0    .888    .63   1.86   .285   .672   .311   1.85   .279   .025   0
  92 WTK17A   1764 2001    238      8      0    .810   1.23   3.81   .664   .755   .330   2.25   .321   .007   2
  93 WTK18A   1587 2001    415     15      0    .754    .89   4.29   .664   .856   .365   2.07   .333   .011   1
  94 WTK18B   1621 1991    371     13      0    .826    .86   2.92   .568   .797   .360   2.22   .341  -.001   2
  95 WTK19A   1614 2001    388     14      0    .827    .69   3.58   .658   .876   .418   2.40   .385  -.000   1
  96 WTK19B   1612 2001    390     14      0    .767    .65   4.60   .611   .809   .438   2.21   .395   .057   0
  97 WTK21A   1609 2001    393     14      0    .849    .83   6.31   .805   .804   .402   2.33   .356   .019   0
  98 WTK21B   1629 1997    369     12      0    .872    .92   3.81   .594   .751   .382   1.89   .350  -.003   1
  99 WTK23A   1615 1997    383     13      0    .804    .74   5.26   .707   .799   .451   2.11   .401  -.004   1
 100 WTK23B   1628 2001    374     13      0    .778    .64   2.55   .386   .648   .419   2.17   .378  -.005   1
 101 WTK24A   1708 2001    294     10      0    .804   1.11   4.25   .647   .754   .326   2.00   .304   .001   1
 102 WTK24B   1731 1850    120      3      0    .781   1.39   3.08   .557   .450   .325   1.96   .319   .036   1
 103 WTK24C   1865 2001    137      4      0    .724    .97   2.25   .470   .659   .327   1.81   .302   .017   1
 104 WTK25A   1800 2001    202      7      0    .831    .53   1.41   .242   .611   .317   1.79   .280   .000   0
 105 WTK25B   1697 2001    305     11      0    .814    .73   1.91   .338   .732   .268   1.85   .238  -.006   3
 106 WTK25C   1598 2001    404     15      0    .765   1.02   5.15   .739   .855   .269   2.01   .268  -.010   2
 107 WTK27A   1616 2001    386     14      0    .785    .84   3.78   .532   .795   .330   2.10   .318   .002   1
 108 WTK27B   1625 2001    377     13      0    .756    .81   3.70   .592   .847   .308   2.02   .298   .009   1
 109 WTK28B   1662 2001    340     12      0    .692    .87   2.45   .471   .651   .387   2.64   .359  -.008   2
 110 WTK29A   1788 2001    214      7      0    .849    .50   1.28   .227   .431   .401   2.04   .343   .000   0
 111 WTK30A   1732 2001    270      9      0    .824    .77   1.96   .303   .409   .348   1.77   .305  -.011   1
 112 WTK30B   1758 2001    244      8      0    .808    .85   1.91   .364   .524   .353   1.95   .313   .004   1
 --- -------- ---------  -----  -----  -----   ------ -----  -----  -----  -----  -----  -----  -----  -----  --
 Total or mean:          29117    946     17    .679    .94   8.42   .532   .714   .322  30.15   .315   .007

 DATA CHECKS (rwl.check): az594
-----------------------------------------------------------------------------------------------------------------------------------
 rwl.check: data_files/treering/measurements/northamerica/usa/az594.rwl
 112 series, 29117 measurements, 1249-2001, 0.01 mm precision
 0 error(s), 0 warning(s), 8 note(s)
 -------------
 Nothing to report at this severity.
 8 note(s) not shown; see rwl.check() or the 'check' element of this report.

 NOTES
-----------------------------------------------------------------------------------------------------------------------------------
 Report generated using dplR 1.8.1 (R 4.5.2) on 2026-10-01 16:53 PDT.
 Measurement file az594.rwl, MD5 cbce0ec51012a1338ec65db89dfadb4b.
 Filtering: each series divided by a 32-year smoothing spline (caps()), then prewhitened with
   an AR model (order by AIC, at most 3).
 Master: biweight robust mean of the other series (leave-one-out).
 Correlation: Pearson, one-tailed, pcrit = 0.01; critical r = 0.3281 for 50-year segments.
 Segments: 50 years, lagged 25, first segment floored to 100. Lags searched: +/- 10 years.
 A segment is tested only where the series and the master cover all of it, at the dated
   position and at every lag. COFECHA also tests partial segments at the ends of a series, so
   series here may show fewer segments, and no flags can be raised at the ends of the record.
 Lags follow COFECHA: negative means rings are probably missing from the series, positive means
   false rings. A missing ring carries its lag into every segment before it, so look where the
   lag changes along a series. A B flag is a hypothesis to check on the wood; the gain says how
   seriously to take it.
 A B flag marked "weak at every lag" correlates under the critical value even at its best lag:
   the segment is weak wherever it is placed, and the shift is not evidence of a dating error.
   Treat it as a low correlation, like an A.
 Averages in the summary and the totals are weighted by the number of years in each series, as
   COFECHA's are.
 Unfiltered block and mean sensitivity: the measurements as read, and sens1().
 dplR filtered block: the series that was correlated, after filtering. COFECHA's filtered
   series is defined differently, so these three columns are not COFECHA's numbers.
 AR: order of the AR model used to prewhiten.
