
 COFECHA-style crossdating report: ca514
 Report generated using dplR 1.8.1 (R 4.5.2) on 2026-10-01 16:52 PDT
 Built with dplR's xdate.report(), not COFECHA; see the notes at the end.


      Measurement file name  : ca514.rwl
      MD5 of measurement file: 3738077a943f545f0c4ba189c6bb378f
      Date checked           : 01OCT26
      Beginning year         : 1607
      Ending year            : 1981
      Principal investigators: Holmes, R.L.; Adams, R.K.; Rose, M.R.
      Site name              : Kennedy Meadows
      Species information    : PIJE Pinus jeffreyi Balf.
      Latitude               : 36.0300 N
      Longitude              : 118.1800 W
      Elevation              : 2024 m

      Series intercorrelation: 0.852
      Avg mean sensitivity   : 0.483
      Avg standard deviation : 0.703
      Avg autocorrelation    : 0.719
      Number dated series    : 58
      Segment length tested  : 50

      Number problem segments: 0  (A 0, B 0)
      Pct problem segments   : 0.00


 CORRELATION OF SERIES BY SEGMENTS: ca514
-----------------------------------------------------------------------------------------------------------------------------------
 Correlations of  50-year dated segments, lagged  25 years
 Flags:  A = correlation under   .3281 but highest as dated;  B = correlation higher at other than dated position

 Seq Series  Time_span  1700 1725 1750 1775 1800 1825 1850 1875 1900 1925 
                        1749 1774 1799 1824 1849 1874 1899 1924 1949 1974 
 --- -------- ---------  ---- ---- ---- ---- ---- ---- ---- ---- ---- ---- 
   1 KEN02A   1689 1981  .79  .81  .88  .92  .92  .92  .93  .90  .85  .79 
   2 KEN02B   1683 1981  .88  .87  .90  .93  .88  .87  .92  .91  .86  .84 
   3 KEN04B   1724 1981            .85  .86  .85  .85  .88  .85  .74  .77 
   4 KEN05B   1724 1976       .81  .83  .84  .83  .88  .89  .79  .71  .66 
   5 KEN06A   1728 1981            .94  .96  .96  .94  .92  .91  .86  .66 
   6 KEN06B   1737 1981            .93  .94  .96  .94  .92  .91  .87  .84 
   7 KEN07A   1647 1981  .93  .93  .83  .85  .93  .90  .90  .93  .88  .73 
   8 KEN07B   1653 1981  .90  .93  .88  .87  .92  .94  .93  .88  .82  .84 
   9 KEN08A   1608 1981  .92  .91  .91  .92  .91  .87  .89  .91  .88  .83 
  10 KEN08B   1608 1981  .89  .92  .94  .94  .92  .92  .94  .94  .88  .77 
  11 KEN09A   1641 1960  .88  .89  .90  .90  .88  .88  .91  .91  .86      
  12 KEN09B   1623 1981  .90  .90  .90  .91  .91  .91  .93  .93  .86  .81 
  13 KEN10A   1649 1981  .76  .88  .86  .87  .91  .87  .87  .88  .82  .79 
  14 KEN10B   1661 1981  .75  .80  .85  .89  .89  .84  .81  .79  .74  .77 
  15 KEN11A   1669 1947  .90  .91  .92  .92  .93  .94  .94  .92           
  16 KEN11B   1663 1947  .89  .86  .92  .95  .93  .92  .94  .93           
  17 KEN12A   1767 1981                 .85  .77  .68  .79  .85  .74  .81 
  18 KEN12B   1755 1981                 .81  .78  .88  .94  .92  .85  .87 
  19 KEN13A   1664 1981  .84  .78  .81  .85  .90  .90  .88  .88  .81  .79 
  20 KEN13B   1675 1981  .87  .76  .77  .87  .90  .88  .87  .86  .83  .81 
  21 KEN14A   1658 1981  .87  .84  .76  .75  .77  .65  .58  .69  .72  .63 
  22 KEN14B   1625 1981  .88  .87  .86  .76  .74  .72  .70  .77  .70  .59 
  23 KEN15A   1663 1981  .79  .80  .87  .89  .92  .89  .88  .92  .80  .76 
  24 KEN15B   1638 1981  .84  .84  .87  .93  .91  .86  .84  .83  .80  .83 
  25 KEN16A   1681 1981  .82  .86  .88  .84  .78  .77  .83  .91  .85  .74 
  26 KEN16B   1675 1980  .85  .84  .79  .80  .81  .81  .89  .90  .82  .72 
  27 KEN17A   1686 1966  .83  .84  .76  .74  .80  .78  .73  .76  .81      
  28 KEN17B   1634 1981  .86  .83  .85  .88  .88  .81  .84  .90  .83  .77 
  29 KEN18A   1716 1981       .77  .91  .88  .84  .77  .74  .81  .86  .78 
  30 KEN18B   1789 1981                      .87  .86  .85  .87  .85  .83 
  31 KEN18C   1705 1981       .72  .93  .91  .90  .83  .80  .87  .88  .81 
  32 KEN19A   1746 1981            .85  .86  .88  .86  .77  .81  .87  .81 
  33 KEN19B   1673 1981  .90  .90  .87  .85  .86  .83  .83  .88  .83  .78 
  35 KEN20A   1729 1981            .91  .89  .86  .87  .91  .88  .83  .92 
  36 KEN20B   1729 1981            .93  .94  .88  .87  .90  .89  .86  .85 
  37 KEN21A   1676 1981  .84  .86  .90  .92  .92  .91  .91  .90  .91  .60 
  38 KEN21B   1683 1981  .87  .88  .91  .90  .92  .92  .92  .94  .89  .54 
  39 KEN22A   1678 1981  .92  .89  .89  .91  .95  .95  .94  .94  .93  .92 
  40 KEN22B   1682 1981  .90  .89  .90  .93  .94  .92  .92  .93  .90  .90 
  41 KEN23A   1698 1981       .88  .89  .90  .93  .92  .93  .94  .89  .86 
  42 KEN23B   1669 1981  .89  .89  .86  .87  .91  .89  .88  .88  .87  .84 
  43 KEN24A   1661 1981  .90  .85  .79  .85  .89  .83  .83  .87  .89  .79 
  44 KEN24B   1681 1981  .89  .84  .81  .88  .89  .85  .88  .90  .88  .68 
  45 KEN25A   1673 1981  .87  .87  .88  .88  .88  .83  .89  .93  .89  .85 
  46 KEN25B   1663 1949  .86  .89  .89  .88  .89  .88  .87  .85  .83      
  47 KEN26A   1652 1981  .89  .89  .94  .94  .92  .87  .90  .94  .84  .79 
  48 KEN26B   1643 1981  .91  .85  .88  .91  .89  .85  .77  .76  .85  .85 
  49 KEN27A   1699 1981       .78  .90  .95  .93  .92  .92  .89  .87  .88 
  50 KEN27B   1744 1981            .90  .91  .93  .88  .90  .93  .90  .91 
  51 KEN28A   1783 1981                      .92  .91  .92  .93  .92  .92 
  52 KEN28B   1792 1981                      .91  .91  .91  .90  .90  .87 
  53 KEN29A   1607 1981  .80  .84  .89  .90  .87  .87  .90  .87  .80  .86 
  54 KEN29B   1607 1981  .83  .88  .94  .94  .94  .90  .87  .90  .90  .83 
  55 KEN30A   1678 1981  .86  .78  .85  .94  .94  .90  .88  .89  .89  .88 
  56 KEN30B   1683 1981  .89  .92  .92  .90  .89  .87  .90  .91  .87  .88 
  57 KEN31A   1686 1981  .76  .74  .83  .83  .79  .76  .79  .85  .88  .86 
  58 KEN31B   1703 1981       .86  .85  .79  .82  .79  .78  .87  .88  .82 
 Av segment correlation  .86  .85  .87  .88  .89  .86  .87  .88  .85  .80 

 FLAGGED SEGMENTS: ca514
-----------------------------------------------------------------------------------------------------------------------------------
 None.

 DESCRIPTIVE STATISTICS: ca514
-----------------------------------------------------------------------------------------------------------------------------------

                                                Corr   //-------- Unfiltered --------\\  //-- dplR filtered --\\
                           No.    No.    No.    with   Mean   Max     Std   Auto   Mean   Max     Std   Auto  AR
 Seq Series   Interval   Years  Segmt  Flags   Master  msmt   msmt    dev   corr   sens  value    dev   corr  ()
 --- -------- ---------  -----  -----  -----   ------ -----  -----  -----  -----  -----  -----  -----  -----  --
   1 KEN02A   1689 1981    293     10      0    .873   1.00   3.76   .741   .711   .484   1.93   .413   .002   2
   2 KEN02B   1683 1981    299     10      0    .883    .90   2.72   .627   .722   .501   1.78   .393   .001   1
   3 KEN04B   1724 1981    258      8      0    .840    .55   2.02   .374   .553   .615   2.47   .513  -.022   3
   4 KEN05B   1724 1976    253      9      0    .781    .56   2.25   .441   .640   .641   2.43   .529  -.006   1
   5 KEN06A   1728 1981    254      8      0    .893    .45   2.01   .358   .548   .614   2.22   .508  -.011   3
   6 KEN06B   1737 1981    245      8      0    .913    .55   2.29   .380   .582   .563   2.84   .481  -.010   3
   7 KEN07A   1647 1981    335     10      0    .860    .73   3.91   .739   .805   .622   2.38   .505  -.014   3
   8 KEN07B   1653 1981    329     10      0    .884    .74   3.35   .614   .710   .617   2.20   .488  -.016   3
   9 KEN08A   1608 1981    374     10      0    .875    .94   6.22  1.102   .793   .626   2.07   .453  -.010   3
  10 KEN08B   1608 1981    374     10      0    .883    .94   4.96   .979   .819   .560   2.16   .428  -.014   3
  11 KEN09A   1641 1960    320      9      0    .883    .78   3.33   .631   .713   .543   2.82   .464  -.014   3
  12 KEN09B   1623 1981    359     10      0    .857   1.00   4.20   .761   .647   .525   2.73   .451  -.013   3
  13 KEN10A   1649 1981    333     10      0    .840    .67   3.56   .583   .774   .518   2.14   .431  -.015   1
  14 KEN10B   1661 1981    321     10      0    .818    .73   2.87   .529   .726   .497   2.19   .411  -.008   3
  15 KEN11A   1669 1947    279      8      0    .905    .51   1.60   .333   .359   .671   2.45   .523  -.010   3
  16 KEN11B   1663 1947    285      8      0    .905    .61   1.93   .382   .482   .595   2.50   .475  -.015   3
  17 KEN12A   1767 1981    215      7      0    .784   1.14   4.97   .977   .740   .537   2.33   .443  -.017   3
  18 KEN12B   1755 1981    227      7      0    .864   1.23   4.32   .886   .710   .496   1.97   .397   .008   3
  19 KEN13A   1664 1981    318     10      0    .847    .70   2.79   .567   .682   .588   2.24   .477  -.029   3
  20 KEN13B   1675 1981    307     10      0    .840    .72   3.63   .653   .734   .574   2.86   .488  -.022   3
  21 KEN14A   1658 1981    324     10      0    .718    .83   3.91   .761   .884   .266   1.95   .264   .007   2
  22 KEN14B   1625 1981    357     10      0    .742    .97   3.82   .689   .821   .312   1.85   .288   .009   3
  23 KEN15A   1663 1981    319     10      0    .838    .87   3.59   .601   .729   .406   2.02   .371  -.018   3
  24 KEN15B   1638 1981    344     10      0    .843    .84   3.90   .762   .831   .447   2.23   .389  -.006   3
  25 KEN16A   1681 1981    301     10      0    .817   1.18   5.08  1.108   .862   .420   2.07   .372  -.004   3
  26 KEN16B   1675 1980    306     10      0    .811    .95   4.81   .975   .890   .417   1.94   .362  -.011   3
  27 KEN17A   1686 1966    281      9      0    .774    .61   3.22   .560   .820   .438   2.16   .408  -.022   1
  28 KEN17B   1634 1981    348     10      0    .777    .85   4.55   .926   .860   .432   2.14   .376  -.008   3
  29 KEN18A   1716 1981    266      9      0    .802    .99   2.49   .533   .688   .347   1.88   .329  -.008   3
  30 KEN18B   1789 1981    193      6      0    .853    .72   1.81   .409   .715   .376   1.70   .341  -.011   3
  31 KEN18C   1705 1981    277      9      0    .822    .94   2.87   .573   .760   .358   1.77   .332   .006   3
  32 KEN19A   1746 1981    236      8      0    .831    .53   1.82   .318   .657   .411   2.01   .354  -.007   3
  33 KEN19B   1673 1981    309     10      0    .856    .57   1.78   .337   .722   .386   1.78   .334  -.001   2
  34 KEN19X   1694 1744     51      0      0    .838    .97   2.09   .485   .602   .387   2.31   .368   .171   0
  35 KEN20A   1729 1981    253      8      0    .886    .59   1.83   .352   .689   .381   1.90   .342  -.012   3
  36 KEN20B   1729 1981    253      8      0    .885    .62   1.59   .295   .520   .391   1.83   .338  -.008   3
  37 KEN21A   1676 1981    306     10      0    .847   1.23   5.12  1.150   .865   .463   2.52   .412  -.012   3
  38 KEN21B   1683 1981    299     10      0    .845   1.23   5.03  1.203   .837   .476   2.02   .421   .001   3
  39 KEN22A   1678 1981    304     10      0    .922   1.09   3.30   .683   .596   .485   2.01   .413  -.008   3
  40 KEN22B   1682 1981    300     10      0    .917    .85   2.70   .505   .505   .531   1.95   .424  -.006   3
  41 KEN23A   1698 1981    284      9      0    .905   1.06   5.22   .781   .707   .492   2.06   .407  -.021   3
  42 KEN23B   1669 1981    313     10      0    .875    .96   4.36   .790   .693   .536   2.08   .421  -.009   3
  43 KEN24A   1661 1981    321     10      0    .807    .92   4.68   .666   .690   .460   2.37   .411  -.006   3
  44 KEN24B   1681 1981    301     10      0    .822    .90   3.41   .565   .621   .458   2.36   .418   .011   3
  45 KEN25A   1673 1981    309     10      0    .873   1.11   4.27   .789   .724   .431   2.19   .379   .001   3
  46 KEN25B   1663 1949    287      9      0    .871   1.08   4.63   .816   .669   .499   2.17   .422   .001   3
  47 KEN26A   1652 1981    330     10      0    .892   1.11   4.72  1.003   .779   .446   2.46   .387  -.006   3
  48 KEN26B   1643 1981    339     10      0    .857   1.09   4.75   .950   .774   .446   2.07   .369  -.007   3
  49 KEN27A   1699 1981    283      9      0    .885   1.03   4.27   .793   .633   .567   2.26   .466  -.010   3
  50 KEN27B   1744 1981    238      8      0    .897    .86   3.93   .654   .654   .572   2.40   .448  -.011   3
  51 KEN28A   1783 1981    199      6      0    .912   1.52   3.85   .840   .547   .439   1.98   .398  -.001   3
  52 KEN28B   1792 1981    190      6      0    .902   1.61   4.44   .983   .557   .435   2.16   .405  -.023   3
  53 KEN29A   1607 1981    375     10      0    .850    .78   4.38   .797   .833   .469   1.94   .390  -.008   3
  54 KEN29B   1607 1981    375     10      0    .869    .82   4.88   .820   .800   .493   1.92   .411  -.015   3
  55 KEN30A   1678 1981    304     10      0    .880    .96   4.22   .803   .771   .494   2.04   .404  -.016   3
  56 KEN30B   1683 1981    299     10      0    .894    .89   3.72   .788   .797   .504   2.01   .402  -.013   3
  57 KEN31A   1686 1981    296     10      0    .812   1.04   3.82   .691   .798   .334   1.67   .314   .013   1
  58 KEN31B   1703 1981    279      9      0    .814   1.00   3.73   .586   .789   .324   1.62   .300  -.017   3
 --- -------- ---------  -----  -----  -----   ------ -----  -----  -----  -----  -----  -----  -----  -----  --
 Total or mean:          16927    525      0    .852    .89   6.22   .703   .719   .483   2.86   .408  -.008

 DATA CHECKS (rwl.check): ca514
-----------------------------------------------------------------------------------------------------------------------------------
 rwl.check: data_files/treering/measurements/northamerica/usa/ca514.rwl
 58 series, 16927 measurements, 1607-1981, 0.01 mm precision
 0 error(s), 0 warning(s), 24 note(s)
 -------------
 Nothing to report at this severity.
 24 note(s) not shown; see rwl.check() or the 'check' element of this report.

 NOTES
-----------------------------------------------------------------------------------------------------------------------------------
 Report generated using dplR 1.8.1 (R 4.5.2) on 2026-10-01 16:52 PDT.
 Measurement file ca514.rwl, MD5 3738077a943f545f0c4ba189c6bb378f.
 Filtering: each series divided by a 32-year smoothing spline (caps()), then prewhitened with
   an AR model (order by AIC, at most 3).
 Master: biweight robust mean of the other series (leave-one-out).
 Correlation: Pearson, one-tailed, pcrit = 0.01; critical r = 0.3281 for 50-year segments.
 Segments: 50 years, lagged 25, first segment floored to 100. Lags searched: +/- 10 years.
 A segment is tested only where the series and the master cover all of it, at the dated
   position and at every lag. COFECHA also tests partial segments at the ends of a series, so
   series here may show fewer segments, and no flags can be raised at the ends of the record.
 Lags follow COFECHA: negative means rings are probably missing from the series, positive means
   false rings. A missing ring carries its lag into every segment before it, so look where the
   lag changes along a series. A B flag is a hypothesis to check on the wood; the gain says how
   seriously to take it.
 A B flag marked "weak at every lag" correlates under the critical value even at its best lag:
   the segment is weak wherever it is placed, and the shift is not evidence of a dating error.
   Treat it as a low correlation, like an A.
 Averages in the summary and the totals are weighted by the number of years in each series, as
   COFECHA's are.
 Unfiltered block and mean sensitivity: the measurements as read, and sens1().
 dplR filtered block: the series that was correlated, after filtering. COFECHA's filtered
   series is defined differently, so these three columns are not COFECHA's numbers.
 AR: order of the AR model used to prewhiten.
