
 COFECHA-style crossdating report: ca616
 Report generated using dplR 1.8.1 (R 4.5.2) on 2026-10-01 16:55 PDT
 Built with dplR's xdate.report(), not COFECHA; see the notes at the end.


      Measurement file name  : ca616.rwl
      MD5 of measurement file: 029b4269df578baadbe479b1829ee0af
      Date checked           : 01OCT26
      Beginning year         : 1531
      Ending year            : 2005
      Principal investigators: Stahle, D.W.
      Site name              : Don Pedro Reservoir and Green Valley
      Species information    : QUDG Quercus douglasii Hook. and Arn.
      Latitude               : 37.7200 N
      Longitude              : 120.4200 W
      Elevation              : 274 m

      Series intercorrelation: 0.683
      Avg mean sensitivity   : 0.320
      Avg standard deviation : 0.365
      Avg autocorrelation    : 0.582
      Number dated series    : 90
      Segment length tested  : 50

      Number problem segments: 2  (A 0, B 2; 1 of the B weak at every lag)
      Pct problem segments   : 0.55


 CORRELATION OF SERIES BY SEGMENTS: ca616
-----------------------------------------------------------------------------------------------------------------------------------
 Correlations of  50-year dated segments, lagged  25 years
 Flags:  A = correlation under   .3281 but highest as dated;  B = correlation higher at other than dated position

 Seq Series  Time_span  1600 1625 1650 1675 1700 1725 1750 1775 1800 1825 1850 1875 1900 1925 1950 
                        1649 1674 1699 1724 1749 1774 1799 1824 1849 1874 1899 1924 1949 1974 1999 
 --- -------- ---------  ---- ---- ---- ---- ---- ---- ---- ---- ---- ---- ---- ---- ---- ---- ---- 
   1 dpr01a   1688 1948                      .72  .65  .69  .73  .81  .85  .82  .65                
   2 dpr01b   1669 1936                 .73  .66  .65  .74  .66  .65  .81  .71  .52                
   3 dpr02a   1869 1992                                                         .62  .66  .71      
   4 dpr04a   1739 1831                                .70  .74                                    
   5 dpr04b   1725 1840                                .71  .73                                    
   6 dpr05a   1752 1931                                     .79  .82  .80  .76  .71                
   7 dpr05b   1791 1992                                          .87  .86  .75  .72  .77  .60      
   8 dpr06a   1854 1992                                                         .68  .71  .66      
   9 dpr06b   1799 1992                                               .47  .64  .67  .66  .64      
  10 dpr07a   1804 1992                                               .69  .66  .77  .85  .78      
  11 dpr08a   1790 1992                                          .45  .57  .65  .71  .72  .64      
  12 grv03a   1770 1992                                     .50  .46  .58  .60  .57  .60  .48      
  13 grv03b   1760 1992                                     .53  .37  .55  .62  .55  .55  .58      
  14 grv04b   1825 1992                                                    .63  .64  .57  .50      
  15 grv05a   1850 1992                                                    .39  .82  .85  .77      
  16 grv05b   1858 1992                                                         .41  .35B .71      
  17 grv06a   1850 1992                                                    .72  .66  .64  .62      
  18 grv06b   1840 1992                                                    .68  .62  .60  .62      
  19 grv08a   1875 1987                                                              .70  .68      
  20 grv09a   1813 1992                                               .60  .57  .73  .65  .52      
  21 grv10a   1853 1992                                                         .62  .66  .63      
  22 grv10b   1850 1992                                                    .62  .66  .63  .65      
  23 grv13a   1897 1992                                                              .73  .68      
  24 grv14a   1869 1992                                                         .79  .81  .73      
  25 DON02A   1941 2005                                                                        .76 
  26 DON03A   1904 2005                                                                   .61  .82 
  27 DON05A   1918 2005                                                                   .70  .84 
  28 DON06A   1892 2005                                                              .79  .75  .79 
  29 DON07A   1940 2005                                                                        .86 
  30 DON09A   1914 2005                                                                   .74  .82 
  31 DON10A   1948 2005                                                                        .53 
  32 DON11A   1926 2005                                                                        .78 
  33 DON13A   1787 2005                                          .80  .74  .77  .87  .86  .82  .81 
  34 DON14A   1867 2005                                                         .70  .69  .68  .79 
  35 DON15A   1871 2005                                                         .52  .61  .68  .73 
  36 DON16A   1947 2005                                                                        .80 
  37 DON17A   1907 2005                                                                   .63  .68 
  38 DON18A   1926 2005                                                                        .76 
  40 DON22A   1702 1949                           .74  .75  .72  .61  .64  .71  .63  .54           
  41 DON23A   1928 2005                                                                        .80 
  42 DON24A   1915 2005                                                                   .69  .82 
  43 DON25A   1947 2005                                                                        .36 
  44 DON26A   1926 2005                                                                        .79 
  45 DON27A   1943 2005                                                                        .89 
  46 DON28A   1929 2005                                                                        .55 
  47 DON29A   1915 2005                                                                   .49  .76 
  48 DON31A   1942 2005                                                                        .72 
  49 DON32A   1883 2005                                                              .74  .73  .81 
  50 DON33A   1891 2005                                                              .60  .45  .71 
  51 DON34A   1930 2005                                                                        .79 
  52 DON36A   1900 2005                                                              .68  .56  .26B
  53 DON37A   1928 2005                                                                        .81 
  54 DON38A   1874 2005                                                              .58  .55  .75 
  55 DON39A   1865 2005                                                         .83  .84  .73  .56 
  56 DON40A   1874 2005                                                         .53  .47  .68  .78 
  57 DON41A   1674 2005                      .80  .80  .86  .82  .82  .87  .80  .73  .60  .57  .70 
  58 DON42A   1780 2005                                          .86  .83  .63  .69  .81  .76  .83 
  59 DON42B   1762 2005                                     .82  .85  .81  .75  .80  .83  .76  .77 
  61 DON43B   1857 1945                                                         .79                
  62 DON44A   1784 2005                                          .75  .72  .71  .82  .78  .60  .62 
  63 DON44B   1726 2005                                .69  .72  .70  .73  .76  .76  .79  .65  .62 
  64 DON46A   1786 2005                                          .45  .76  .61  .66  .67  .49  .53 
  65 DON47B   1751 1895                                     .87  .80  .74                          
  66 DON48A   1808 2005                                               .74  .85  .87  .75  .62  .77 
  67 DON49A   1836 2005                                                    .81  .84  .84  .79  .71 
  68 DON51A   1681 1975                      .50  .58  .77  .67  .58  .75  .68  .55  .64  .59      
  69 DON52A   1703 1900                           .55  .77  .78  .77  .71  .39                     
  70 DON53A   1567 1699  .51  .44  .37                                                             
  71 DON54A   1745 1890                                .52  .62  .79  .80                          
  72 DON55A   1705 1882                           .70  .79  .81  .81  .84                          
  73 DON56A   1657 1877                 .51  .78  .81  .62  .57  .83  .82                          
  74 DON56B   1700 1854                           .77  .47  .44  .83                               
  75 DON57A   1564 1918  .81  .77  .68  .54  .69  .84  .79  .78  .89  .85  .69                     
  76 DON58A   1746 1891                                .79  .83  .81  .83                          
  77 DON59A   1531 1740  .75  .60  .48  .66                                                        
  78 DON59B   1531 1750  .87  .68  .48  .66  .78                                                   
  79 DON60A   1685 1900                      .74  .66  .73  .85  .85  .85  .81                     
  80 DON64A   1682 1848                      .76  .70  .82  .87                                    
  81 DON65A   1651 1764                 .52  .69                                                   
  82 DON66A   1682 1819                      .60  .64  .71                                         
  83 DON67A   1547 1821  .79  .65  .51  .56  .43  .62  .76                                         
  84 DON67B   1547 1798  .82  .76  .61  .75  .68  .69                                              
  85 DON68A   1700 1873                           .80  .81  .73  .72                               
  86 DON69A   1683 1862                      .83  .80  .78  .84  .84                               
  87 DON70A   1745 1891                                .79  .80  .83  .77                          
  88 DON81A   1860 2005                                                         .78  .77  .75  .46 
  89 DON82A   1767 2005                                     .86  .85  .89  .90  .89  .88  .82  .81 
  90 DON83A   1807 2005                                               .63  .74  .85  .78  .64  .55 
 Av segment correlation  .76  .65  .52  .61  .69  .71  .73  .73  .74  .75  .69  .70  .70  .65  .71 

 FLAGGED SEGMENTS: ca616
-----------------------------------------------------------------------------------------------------------------------------------
 Seq Series   Segment    Flag  r dated  Best lag  r at lag   Gain  Note
 --- -------- ---------  ----  -------  --------  --------  -----  -----------------
  16 grv05b   1900 1949     B     .346         1      .429   .084
  52 DON36A   1950 1999     B     .262         4      .289   .027  weak at every lag

 DESCRIPTIVE STATISTICS: ca616
-----------------------------------------------------------------------------------------------------------------------------------

                                                Corr   //-------- Unfiltered --------\\  //-- dplR filtered --\\
                           No.    No.    No.    with   Mean   Max     Std   Auto   Mean   Max     Std   Auto  AR
 Seq Series   Interval   Years  Segmt  Flags   Master  msmt   msmt    dev   corr   sens  value    dev   corr  ()
 --- -------- ---------  -----  -----  -----   ------ -----  -----  -----  -----  -----  -----  -----  -----  --
   1 dpr01a   1688 1948    261      8      0    .703    .64   1.79   .292   .572   .286   2.17   .275  -.000   3
   2 dpr01b   1669 1936    268      9      0    .653    .62   1.61   .273   .618   .300   2.03   .298   .002   1
   3 dpr02a   1869 1992    124      3      0    .609    .88   1.90   .334   .359   .350   1.91   .317   .106   0
   4 dpr04a   1739 1831     93      2      0    .676    .93   2.87   .474   .562   .340   2.25   .350  -.007   2
   5 dpr04b   1725 1840    116      2      0    .511    .94   2.18   .418   .415   .373   2.14   .324   .010   3
   6 dpr05a   1752 1931    180      5      0    .749    .70   2.54   .423   .748   .345   1.86   .321  -.011   3
   7 dpr05b   1791 1992    202      6      0    .739    .63   1.62   .358   .692   .304   2.32   .278  -.029   3
   8 dpr06a   1854 1992    139      3      0    .688    .78   1.97   .266   .297   .290   1.95   .277   .027   0
   9 dpr06b   1799 1992    194      5      0    .561    .85   3.27   .401   .636   .290   2.23   .289  -.004   3
  10 dpr07a   1804 1992    189      5      0    .714    .61   1.18   .229   .348   .344   2.26   .323  -.028   3
  11 dpr08a   1790 1992    203      6      0    .571    .38   1.63   .252   .790   .319   2.61   .308   .041   0
  12 grv03a   1770 1992    223      7      0    .515    .78   1.87   .342   .467   .331   1.88   .284  -.028   0
  13 grv03b   1760 1992    233      7      0    .554    .76   2.68   .344   .564   .318   1.89   .278  -.029   0
  14 grv04b   1825 1992    168      4      0    .613   1.11   3.49   .531   .505   .344   2.01   .321  -.005   1
  15 grv05a   1850 1992    143      4      0    .637   1.06   2.64   .471   .620   .296   1.92   .286   .066   0
  16 grv05b   1858 1992    135      3      1    .592   1.00   2.68   .426   .437   .366   2.08   .327   .054   0
  17 grv06a   1850 1992    143      4      0    .674    .56   1.24   .208   .467   .287   1.83   .277   .085   0
  18 grv06b   1840 1992    153      4      0    .599    .87   2.17   .416   .677   .299   2.03   .281  -.014   1
  19 grv08a   1875 1987    113      2      0    .577   1.26   2.91   .569   .748   .242   1.66   .226  -.042   3
  20 grv09a   1813 1992    180      5      0    .610    .94   2.35   .414   .509   .281   1.88   .273   .064   0
  21 grv10a   1853 1992    140      3      0    .651    .59   1.41   .174   .126   .283   2.12   .264  -.026   0
  22 grv10b   1850 1992    143      4      0    .622    .62   1.76   .251   .504   .286   1.90   .267   .079   0
  23 grv13a   1897 1992     96      2      0    .653   1.84   4.06   .810   .634   .314   1.70   .285  -.029   2
  24 grv14a   1869 1992    124      3      0    .723   1.08   2.97   .572   .718   .269   1.84   .267  -.013   2
  25 DON02A   1941 2005     65      1      0    .773    .71   1.28   .193   .440   .222   1.53   .195   .030   0
  26 DON03A   1904 2005    102      2      0    .729    .45   1.23   .211   .647   .295   1.80   .284   .085   0
  27 DON05A   1918 2005     88      2      0    .812    .60   1.47   .260   .650   .324   1.88   .277   .064   0
  28 DON06A   1892 2005    114      3      0    .800    .67   2.20   .405   .783   .262   2.14   .297   .021   1
  29 DON07A   1940 2005     66      1      0    .809    .82   1.68   .289   .208   .368   1.77   .324   .055   0
  30 DON09A   1914 2005     92      2      0    .787    .98   1.85   .295   .382   .263   1.94   .257   .134   0
  31 DON10A   1948 2005     58      1      0    .496    .70   2.01   .455   .849   .303   1.87   .285   .181   0
  32 DON11A   1926 2005     80      1      0    .659    .68   1.52   .238   .535   .277   1.64   .234   .000   0
  33 DON13A   1787 2005    219      7      0    .807    .50   1.05   .159   .252   .323   1.86   .276  -.009   3
  34 DON14A   1867 2005    139      4      0    .714    .39   1.13   .186   .700   .298   1.83   .262  -.093   0
  35 DON15A   1871 2005    135      4      0    .612    .76   2.00   .279   .378   .286   1.96   .281   .052   0
  36 DON16A   1947 2005     59      1      0    .802   1.90   4.35   .643   .357   .249   2.47   .311   .028   1
  37 DON17A   1907 2005     99      2      0    .617    .96   2.12   .311   .318   .288   1.82   .278   .014   1
  38 DON18A   1926 2005     80      1      0    .696    .86   1.57   .349   .616   .299   1.85   .287   .002   1
  39 DON19A   1940 1996     57      0      0    .720   1.34   2.69   .387   .505   .224   1.48   .210   .018   2
  40 DON22A   1702 1949    248      8      0    .679    .45   1.69   .323   .827   .331   1.70   .274  -.028   3
  41 DON23A   1928 2005     78      1      0    .604    .74   1.61   .260   .650   .252   1.74   .233  -.017   1
  42 DON24A   1915 2005     91      2      0    .758    .48   1.14   .191   .735   .251   1.48   .236   .017   2
  43 DON25A   1947 2005     59      1      0    .323    .58   1.07   .213   .667   .241   1.47   .218   .078   0
  44 DON26A   1926 2005     80      1      0    .769   1.00   2.05   .399   .545   .296   2.15   .316   .026   2
  45 DON27A   1943 2005     63      1      0    .854   1.20   3.16   .620   .812   .251   1.98   .250   .072   0
  46 DON28A   1929 2005     77      1      0    .568   1.32   3.00   .699   .798   .257   2.13   .294   .054   1
  47 DON29A   1915 2005     91      2      0    .688    .76   1.33   .246   .377   .297   1.96   .278   .032   0
  48 DON31A   1942 2005     64      1      0    .712   1.15   2.17   .255   .388   .182   1.70   .185   .009   1
  49 DON32A   1883 2005    123      3      0    .718    .77   1.54   .363   .821   .232   1.49   .217  -.008   2
  50 DON33A   1891 2005    115      3      0    .674   1.13   2.83   .651   .803   .257   1.73   .232   .066   0
  51 DON34A   1930 2005     76      1      0    .720    .53   1.17   .180   .326   .305   1.83   .270   .003   0
  52 DON36A   1900 2005    106      3      1    .448    .53   1.61   .311   .842   .238   2.37   .254   .088   0
  53 DON37A   1928 2005     78      1      0    .727    .47   1.19   .201   .645   .268   1.78   .288   .047   1
  54 DON38A   1874 2005    132      3      0    .641    .39    .94   .156   .646   .273   1.62   .250  -.023   2
  55 DON39A   1865 2005    141      4      0    .740    .54   1.84   .371   .854   .273   1.57   .263   .032   1
  56 DON40A   1874 2005    132      4      0    .660    .60   1.47   .214   .535   .262   1.86   .249   .103   0
  57 DON41A   1674 2005    332     11      0    .772    .61   2.02   .410   .822   .308   1.94   .284  -.013   3
  58 DON42A   1780 2005    226      7      0    .774    .59   1.48   .210   .353   .301   2.17   .296  -.030   3
  59 DON42B   1762 2005    244      8      0    .786    .41   1.04   .158   .497   .301   1.81   .291   .016   1
  60 DON43A   1949 2005     57      0      0    .498    .54   1.20   .245   .615   .279   1.52   .282   .016   2
  61 DON43B   1857 1945     89      1      0    .783    .96   2.18   .385   .383   .349   1.93   .319  -.010   2
  62 DON44A   1784 2005    222      7      0    .718    .66   2.82   .440   .489   .460   2.63   .433   .066   0
  63 DON44B   1726 2005    280      9      0    .691    .71   2.86   .499   .635   .431   2.42   .432  -.010   1
  64 DON46A   1786 2005    220      7      0    .536    .49   2.16   .294   .684   .277   2.52   .303  -.021   1
  65 DON47B   1751 1895    145      3      0    .763    .73   2.58   .489   .822   .366   2.18   .325  -.002   3
  66 DON48A   1808 2005    198      6      0    .748    .50   1.49   .214   .499   .342   2.52   .335  -.014   3
  67 DON49A   1836 2005    170      5      0    .790   1.15   3.98   .641   .694   .315   1.99   .299   .003   3
  68 DON51A   1681 1975    295     10      0    .610    .63   1.93   .340   .842   .240   1.67   .229  -.028   3
  69 DON52A   1703 1900    198      6      0    .597    .72   1.99   .470   .872   .260   1.62   .244  -.003   3
  70 DON53A   1567 1699    133      3      0    .467    .84   1.83   .330   .564   .293   1.76   .286  -.025   3
  71 DON54A   1745 1890    146      4      0    .681    .74   1.56   .299   .510   .342   1.80   .312  -.007   1
  72 DON55A   1705 1882    178      5      0    .747   1.12   2.36   .374   .497   .289   1.76   .268  -.009   2
  73 DON56A   1657 1877    221      7      0    .654    .79   2.29   .350   .549   .296   2.28   .304  -.030   3
  74 DON56B   1700 1854    155      4      0    .628    .65   2.47   .332   .693   .294   1.94   .283  -.017   3
  75 DON57A   1564 1918    355     11      0    .772    .55   1.45   .245   .489   .354   2.15   .336  -.006   3
  76 DON58A   1746 1891    146      4      0    .797    .57   3.24   .439   .815   .375   1.91   .338  -.021   3
  77 DON59A   1531 1740    210      4      0    .658    .81   2.53   .466   .482   .481   2.64   .418  -.017   3
  78 DON59B   1531 1750    220      5      0    .691    .87   2.59   .526   .464   .495   2.84   .446  -.020   0
  79 DON60A   1685 1900    216      7      0    .767    .70   1.49   .297   .461   .384   1.87   .324  -.018   3
  80 DON64A   1682 1848    167      4      0    .774    .96   2.56   .477   .627   .336   1.82   .296  -.014   3
  81 DON65A   1651 1764    114      2      0    .523    .74   2.79   .454   .692   .335   1.82   .307   .063   0
  82 DON66A   1682 1819    138      3      0    .635   1.09   2.85   .559   .568   .399   2.52   .357  -.005   1
  83 DON67A   1547 1821    275      7      0    .665    .89   2.62   .460   .592   .319   2.32   .334  -.007   3
  84 DON67B   1547 1798    252      6      0    .719    .90   2.55   .442   .545   .341   2.25   .338   .003   3
  85 DON68A   1700 1873    174      4      0    .762    .66   1.49   .276   .606   .319   1.88   .305  -.009   3
  86 DON69A   1683 1862    180      5      0    .804   1.04   2.71   .573   .644   .374   1.92   .353  -.034   3
  87 DON70A   1745 1891    147      4      0    .776   1.46   3.99   .669   .524   .382   1.88   .346   .007   1
  88 DON81A   1860 2005    146      4      0    .675    .64   1.95   .390   .670   .360   1.75   .318   .005   2
  89 DON82A   1767 2005    239      8      0    .851    .82   2.17   .399   .470   .406   2.14   .365   .025   3
  90 DON83A   1807 2005    199      6      0    .650    .85   2.20   .316   .471   .282   1.93   .273  -.011   2
 --- -------- ---------  -----  -----  -----   ------ -----  -----  -----  -----  -----  -----  -----  -----  --
 Total or mean:          13857    365      2    .683    .76   4.35   .365   .582   .320   2.84   .301   .006

 DATA CHECKS (rwl.check): ca616
-----------------------------------------------------------------------------------------------------------------------------------
 rwl.check: data_files/treering/measurements/northamerica/usa/ca616.rwl
 90 series, 13857 measurements, 1531-2005, 0.001 mm precision
 0 error(s), 0 warning(s), 0 note(s)
 -------------
 Nothing to report at this severity.

 NOTES
-----------------------------------------------------------------------------------------------------------------------------------
 Report generated using dplR 1.8.1 (R 4.5.2) on 2026-10-01 16:55 PDT.
 Measurement file ca616.rwl, MD5 029b4269df578baadbe479b1829ee0af.
 Filtering: each series divided by a 32-year smoothing spline (caps()), then prewhitened with
   an AR model (order by AIC, at most 3).
 Master: biweight robust mean of the other series (leave-one-out).
 Correlation: Pearson, one-tailed, pcrit = 0.01; critical r = 0.3281 for 50-year segments.
 Segments: 50 years, lagged 25, first segment floored to 100. Lags searched: +/- 10 years.
 A segment is tested only where the series and the master cover all of it, at the dated
   position and at every lag. COFECHA also tests partial segments at the ends of a series, so
   series here may show fewer segments, and no flags can be raised at the ends of the record.
 Lags follow COFECHA: negative means rings are probably missing from the series, positive means
   false rings. A missing ring carries its lag into every segment before it, so look where the
   lag changes along a series. A B flag is a hypothesis to check on the wood; the gain says how
   seriously to take it.
 A B flag marked "weak at every lag" correlates under the critical value even at its best lag:
   the segment is weak wherever it is placed, and the shift is not evidence of a dating error.
   Treat it as a low correlation, like an A.
 Averages in the summary and the totals are weighted by the number of years in each series, as
   COFECHA's are.
 Unfiltered block and mean sensitivity: the measurements as read, and sens1().
 dplR filtered block: the series that was correlated, after filtering. COFECHA's filtered
   series is defined differently, so these three columns are not COFECHA's numbers.
 AR: order of the AR model used to prewhiten.
