
 COFECHA-style crossdating report: ca619
 Report generated using dplR 1.8.1 (R 4.5.2) on 2026-10-01 16:54 PDT
 Built with dplR's xdate.report(), not COFECHA; see the notes at the end.


      Measurement file name  : ca619.rwl
      MD5 of measurement file: 9a1e4d98b2edb1b099ce7a4c361bd70a
      Date checked           : 01OCT26
      Beginning year         : 1363
      Ending year            : 2004
      Principal investigators: Stahle, D.W.; Therrell, M.D.
      Site name              : Finley Lake
      Species information    : QUDG Quercus douglasii Hook. and Arn.
      Latitude               : 40.2700 N
      Longitude              : 121.8500 W
      Elevation              : 853 m

      Series intercorrelation: 0.579
      Avg mean sensitivity   : 0.223
      Avg standard deviation : 0.277
      Avg autocorrelation    : 0.653
      Number dated series    : 153
      Segment length tested  : 50

      Number problem segments: 12  (A 6, B 6; 2 of the B weak at every lag)
      Pct problem segments   : 1.63


 CORRELATION OF SERIES BY SEGMENTS: ca619
-----------------------------------------------------------------------------------------------------------------------------------
 Correlations of  50-year dated segments, lagged  25 years
 Flags:  A = correlation under   .3281 but highest as dated;  B = correlation higher at other than dated position

 Seq Series  Time_span  1400 1425 1450 1475 1500 1525 1550 1575 1600 1625 1650 1675 1700 1725 1750 1775 1800 1825 1850 1875 
                        1449 1474 1499 1524 1549 1574 1599 1624 1649 1674 1699 1724 1749 1774 1799 1824 1849 1874 1899 1924 
 --- -------- ---------  ---- ---- ---- ---- ---- ---- ---- ---- ---- ---- ---- ---- ---- ---- ---- ---- ---- ---- ---- ---- 
   1 FIN01A   1697 1774                                                              .64  .51                               
   2 FIN01B   1703 1924                                                                   .56  .66  .65  .58  .68  .64  .45 
   5 FIN03A   1756 1949                                                                             .70  .71  .67  .66  .49 
   6 FIN03B   1728 1899                                                                        .54  .68  .67  .61  .57      
   7 FIN03C   1676 1949                                                              .56  .53  .34  .37  .39  .57  .64  .50B
   8 FIN04A   1623 1870                                               .51  .59  .65  .67  .59  .53  .59  .49                
   9 FIN04B   1657 1996                                                         .58  .51  .45  .56  .72  .62  .54  .59  .55 
  10 FIN05A   1872 1996                                                                                                 .47 
  12 FIN06A   1800 1996                                                                                  .65  .60  .61  .72 
  13 FIN06B   1783 1996                                                                                  .60  .75  .71  .69 
  14 FIN07C   1734 1949                                                                        .59  .35  .43  .60  .57  .73 
  20 FIN11A   1870 1996                                                                                                 .64 
  22 FIN11C   1647 1996                                                    .24B .37  .53  .58  .57  .44  .44  .48  .45  .53 
  23 FIN12A   1715 1996                                                                   .49  .52  .65  .63  .55  .53  .48 
  24 FIN12B   1775 1974                                                                                  .74  .76  .58  .46 
  25 FIN12C   1740 1899                                                                        .51  .67  .67  .55  .39      
  27 FIN14A   1806 1996                                                                                       .63  .70  .73 
  28 FIN14B   1806 1996                                                                                       .62  .60  .61 
  29 FIN15A   1779 1996                                                                                  .57  .61  .67  .63 
  30 FIN15B   1870 1996                                                                                                 .40 
  31 FIN15D   1792 1996                                                                                  .58  .60  .65  .59 
  32 FIN16A   1746 1996                                                                        .55  .45  .45  .58  .57  .62 
  33 FIN16B   1735 1996                                                                        .46  .53  .50  .47  .50  .50 
  34 FIN17A   1824 1996                                                                                       .61  .71  .77 
  36 FIN17C   1832 1996                                                                                            .58  .81 
  37 FIN18A   1850 1996                                                                                            .64  .58 
  38 FIN18B   1845 1996                                                                                            .77  .75 
  41 FIN21B   1750 1899                                                                        .49  .60  .47  .51  .76      
  44 FIN23A   1824 1996                                                                                       .59  .79  .69 
  45 FIN23B   1819 1996                                                                                       .66  .77  .68 
  46 FIN23C   1854 1996                                                                                                 .64 
  47 FIN25A   1810 1996                                                                                       .57  .60  .66 
  48 FIN25B   1810 1996                                                                                       .54  .70  .61 
  49 FIN25C   1848 1974                                                                                            .48  .34 
  50 FIN26A   1850 1996                                                                                                 .47 
  51 FIN27A   1856 1996                                                                                                 .64 
  52 FIN27B   1856 1955                                                                                                 .74 
  53 FIN28A   1832 1996                                                                                            .39  .52 
  54 FIN28B   1826 1996                                                                                            .40  .57 
  56 FIN29B   1875 1996                                                                                                 .53 
  57 FIN30A   1797 1996                                                                                  .52  .54  .44  .56 
  58 FIN30B   1810 1996                                                                                       .60  .63  .66 
  60 FIN31B   1813 1996                                                                                       .39  .56  .67 
  61 FIN31C   1821 1996                                                                                       .62  .62  .46 
  62 FIN32A   1689 1996                                                              .63  .71  .72  .78  .77  .61  .52  .53 
  63 FIN32B   1704 1996                                                                   .46  .54  .57  .69  .73  .65  .55 
  64 FIN33A   1803 1996                                                                                       .68  .65  .56 
  65 FIN33B   1798 1996                                                                                  .42  .68  .66  .54 
  66 FIN33C   1825 1996                                                                                       .57  .66  .69 
  69 FIN35B   1789 1996                                                                                  .56  .61  .71  .62 
  70 FIN35C   1828 1996                                                                                            .80  .73 
  71 FIN36A   1638 1996                                                    .45  .50  .54  .48  .47  .61  .38  .61  .66  .52 
  72 FIN36D   1525 1950                                .46  .44  .56  .67  .31B .42  .65  .60  .57  .52  .54  .69  .58  .47 
  73 FIN37B   1791 1996                                                                                  .50  .50  .52  .44 
  74 FIN38A   1780 1996                                                                                  .38  .65  .64  .56 
  75 FIN40A   1712 1996                                                                   .39  .53  .70  .69  .70  .73  .67 
  76 FIN40B   1714 1996                                                                   .40  .60  .77  .71  .64  .75  .72 
  77 FIN40C   1737 1996                                                                        .65  .74  .60  .53  .66  .68 
  78 FIN41A   1732 1996                                                                        .39  .47  .47  .57  .71  .73 
  79 FIN42A   1515 1816                           .46  .52  .56  .73  .72  .59  .70  .70  .66  .77                          
  80 FIN42B   1515 1729                           .60  .68  .69  .75  .69  .54  .59                                         
  81 FIN43B   1800 1974                                                                                  .40  .49  .64  .60 
  82 FIN44A   1664 1878                                                         .64  .64  .56  .54  .67  .63  .62           
  84 FIN45A   1680 1869                                                              .78  .68  .54  .68  .65                
  85 FIN46A   1698 1996                                                                   .66  .54  .31B .24B .53  .45  .30A
  86 FIN46B   1694 1996                                                              .36  .48  .61  .59  .46  .55  .40  .36 
  87 FIN47A   1874 1996                                                                                                 .61 
  88 FIN47B   1868 1996                                                                                                 .40 
  89 FIN48A   1579 1869                                          .67  .63  .45B .60  .66  .54  .33A .50  .59                
  90 FIN49A   1516 1640                           .69  .77  .80                                                             
  91 FIN49B   1521 1640                           .71  .75  .72                                                             
  94 FI204A   1804 2004                                                                                       .64  .63  .56 
  97 FI206B   1800 2004                                                                                       .69  .69  .63 
  99 FI208A   1713 2004                                                                   .70  .66  .67  .62  .60  .59  .56 
 103 FI217B   1850 2001                                                                                                 .73 
 107 FI222A   1740 1899                                                                        .79  .71  .60  .71  .56      
 108 FI222B   1703 1899                                                                   .80  .84  .81  .67  .71  .57      
 110 FI227A   1750 2004                                                                             .54  .64  .78  .71  .59 
 113 FI231A   1871 2004                                                                                                 .43 
 116 FI235A   1856 2004                                                                                                 .62 
 117 FI236A   1875 2004                                                                                                 .55 
 118 FI238A   1873 2004                                                                                                 .50 
 121 FI261A   1655 1764                                                         .63  .64                                    
 122 FI261B   1655 1844                                                         .74  .72  .63  .56  .62                     
 123 FI262A   1750 1996                                                                             .54  .51  .48  .44  .71 
 124 FI263A   1763 1875                                                                             .63  .72  .75           
 125 FI264A   1750 1858                                                                             .66  .72                
 126 FI265A   1730 1802                                                                        .62                          
 127 FI266A   1701 1878                                                                   .48  .63  .72  .58  .44           
 128 FI267B   1539 1760                                .75  .80  .66  .60  .77  .79  .64                                    
 129 FI267C   1590 1676                                          .40  .42                                                   
 130 FI268A   1538 1769                                .55  .68  .76  .81  .63  .68  .64                                    
 131 FI269A   1712 1908                                                                   .60  .56  .53  .42  .51  .65      
 132 FI270A   1517 1867                           .40  .46  .53  .66  .65  .58  .53  .55  .57  .58  .51  .32A               
 133 FI271A   1614 1762                                               .75  .76  .79  .71                                    
 134 FI272A   1526 1739                                .68  .73  .69  .73  .61  .63                                         
 135 FI272B   1537 1656                                .68  .78  .82                                                        
 136 FI273A   1521 1624                           .57  .71  .73                                                             
 137 FI274A   1784 1899                                                                                  .65  .62  .66      
 138 FI275A   1583 1829                                          .69  .72  .49  .58  .67  .56  .62  .79                     
 139 FI276A   1721 1843                                                                   .51  .58  .58                     
 140 FI277A   1630 1741                                                    .65  .65                                         
 141 FI278A   1573 1749                                     .55  .63  .63  .50  .50  .65                                    
 142 FI279A   1634 1921                                                    .62  .70  .79  .69  .40  .59  .67  .70  .68      
 143 FI280A   1689 1893                                                              .70  .70  .65  .63  .53  .46           
 144 FI281A   1582 1904                                          .62  .61  .73  .76  .70  .63  .39  .26A .32A .57  .64      
 145 FI281C   1550 1662                                     .67  .49                                                        
 146 FI282A   1373 1868  .90  .90  .78  .66  .73  .57  .71  .71  .56  .56  .69  .63  .49  .52  .59  .56  .43                
 147 FI282B   1363 1472  .81                                                                                                
 148 FI282C   1373 1600  .84  .71  .66  .71  .72  .65  .71                                                                  
 149 FI282D   1372 1552  .75  .77  .72  .49  .51                                                                            
 150 FI282E   1403 1564       .90  .85  .75  .68                                                                            
 151 FI282F   1403 1562       .90  .85  .83  .71                                                                            
 152 FI284A   1580 1900                                          .82  .75  .47  .64  .78  .71  .72  .81  .75  .71  .69      
 153 FI285A   1617 1878                                               .58  .66  .81  .75  .77  .81  .80  .68  .67           
 Av segment correlation  .82  .84  .77  .69  .67  .58  .65  .67  .66  .65  .57  .63  .64  .58  .57  .61  .56  .61  .61  .58 

 CORRELATION OF SERIES BY SEGMENTS: ca619
-----------------------------------------------------------------------------------------------------------------------------------
 Correlations of  50-year dated segments, lagged  25 years
 Flags:  A = correlation under   .3281 but highest as dated;  B = correlation higher at other than dated position

 Seq Series  Time_span  1900 1925 1950 
                        1949 1974 1999 
 --- -------- ---------  ---- ---- ---- 
   3 FIN02A   1905 1996       .58      
   4 FIN02B   1905 1996       .71      
   5 FIN03A   1756 1949  .40           
   7 FIN03C   1676 1949  .43           
   9 FIN04B   1657 1996  .55  .63      
  10 FIN05A   1872 1996  .39  .38      
  11 FIN05B   1877 1996  .65  .62      
  12 FIN06A   1800 1996  .78  .66      
  13 FIN06B   1783 1996  .77  .63      
  14 FIN07C   1734 1949  .64           
  15 FIN08A   1882 1996  .53  .52      
  17 FIN09B   1908 1996       .65      
  18 FIN10A   1920 1996       .78      
  19 FIN10B   1904 1996       .70      
  20 FIN11A   1870 1996  .53  .42      
  21 FIN11B   1884 1996  .49  .45      
  22 FIN11C   1647 1996  .57  .54      
  23 FIN12A   1715 1996  .43  .36      
  24 FIN12B   1775 1974  .48  .38      
  26 FIN13B   1897 1996  .82  .83      
  27 FIN14A   1806 1996  .74  .71      
  28 FIN14B   1806 1996  .75  .64      
  29 FIN15A   1779 1996  .46  .39      
  30 FIN15B   1870 1996  .44  .55      
  31 FIN15D   1792 1996  .54  .53      
  32 FIN16A   1746 1996  .70  .55      
  33 FIN16B   1735 1996  .63  .51      
  34 FIN17A   1824 1996  .73  .75      
  35 FIN17B   1878 1996  .75  .71      
  36 FIN17C   1832 1996  .78  .68      
  37 FIN18A   1850 1996  .68  .61      
  38 FIN18B   1845 1996  .67  .65      
  40 FIN20B   1924 1996       .70      
  42 FIN22A   1898 1996       .50      
  44 FIN23A   1824 1996  .53  .45      
  45 FIN23B   1819 1996  .56  .47      
  46 FIN23C   1854 1996  .51  .53      
  47 FIN25A   1810 1996  .57  .46      
  48 FIN25B   1810 1996  .43  .38      
  49 FIN25C   1848 1974  .47  .44      
  50 FIN26A   1850 1996  .58  .65      
  51 FIN27A   1856 1996  .53  .54      
  52 FIN27B   1856 1955  .72           
  53 FIN28A   1832 1996  .70  .52      
  54 FIN28B   1826 1996  .69  .60      
  55 FIN29A   1881 1996  .58  .58      
  56 FIN29B   1875 1996  .62  .53      
  57 FIN30A   1797 1996  .67  .58      
  58 FIN30B   1810 1996  .76  .62      
  59 FIN31A   1880 1996  .56  .47      
  60 FIN31B   1813 1996  .63  .58      
  61 FIN31C   1821 1996  .54  .64      
  62 FIN32A   1689 1996  .64  .66      
  63 FIN32B   1704 1996  .67  .56      
  64 FIN33A   1803 1996  .55  .52      
  65 FIN33B   1798 1996  .55  .62      
  66 FIN33C   1825 1996  .64  .48      
  67 FIN34A   1876 1974  .64  .37      
  68 FIN34B   1894 1974  .62  .43      
  69 FIN35B   1789 1996  .36  .36      
  70 FIN35C   1828 1996  .58  .44      
  71 FIN36A   1638 1996  .53  .49      
  72 FIN36D   1525 1950  .45           
  73 FIN37B   1791 1996  .53  .60      
  74 FIN38A   1780 1996  .51  .43      
  75 FIN40A   1712 1996  .48  .37      
  76 FIN40B   1714 1996  .53  .36      
  77 FIN40C   1737 1996  .50  .33      
  78 FIN41A   1732 1996  .65  .50      
  81 FIN43B   1800 1974  .57  .51      
  83 FIN44B   1885 1996  .59  .60      
  85 FIN46A   1698 1996  .39  .47      
  86 FIN46B   1694 1996  .44  .38      
  87 FIN47A   1874 1996  .81  .72      
  88 FIN47B   1868 1996  .60  .45      
  92 FI201A   1897 2004  .67  .64  .50 
  93 FI202A   1898 2004  .68  .47  .43 
  94 FI204A   1804 2004  .61  .62  .57 
  95 FI205A   1926 2004            .64 
  96 FI206A   1900 1980  .70  .60      
  97 FI206B   1800 2004  .69  .71  .57 
  98 FI207A   1935 2004            .41 
  99 FI208A   1713 2004  .68  .64  .49 
 102 FI217A   1894 2004  .65  .73  .57 
 103 FI217B   1850 2001  .73  .66  .57 
 104 FI218A   1880 2004  .52  .64  .56 
 105 FI219A   1900 2004       .55  .73 
 106 FI220A   1882 1980  .65  .65      
 109 FI223A   1898 2004  .71  .65  .25A
 110 FI227A   1750 2004  .66  .65  .64 
 111 FI229A   1908 2004       .59  .56 
 112 FI230A   1899 2004  .33  .68  .57 
 113 FI231A   1871 2004  .49  .50  .39 
 114 FI233A   1885 2004  .58  .61  .56 
 115 FI234A   1887 1998  .63  .75      
 116 FI235A   1856 2004  .52  .48  .58 
 117 FI236A   1875 2004  .61  .55  .64 
 118 FI238A   1873 2004  .47  .52  .47 
 119 FI239A   1896 2004  .71  .77  .76 
 120 FI240A   1891 2004  .64  .67  .61 
 123 FI262A   1750 1996  .72  .61      
 Av segment correlation  .59  .56  .55 

 FLAGGED SEGMENTS: ca619
-----------------------------------------------------------------------------------------------------------------------------------
 Seq Series   Segment    Flag  r dated  Best lag  r at lag   Gain  Note
 --- -------- ---------  ----  -------  --------  --------  -----  -----------------
   7 FIN03C   1875 1924     B     .496        10      .524   .027
  22 FIN11C   1650 1699     B     .241        -6      .327   .086  weak at every lag
  72 FIN36D   1650 1699     B     .314         8      .394   .080
  85 FIN46A   1775 1824     B     .310         4      .344   .034
  85 FIN46A   1800 1849     B     .239        10      .260   .022  weak at every lag
  85 FIN46A   1875 1924     A     .300         0
  89 FIN48A   1650 1699     B     .445         8      .480   .035
  89 FIN48A   1750 1799     A     .326         0
 109 FI223A   1950 1999     A     .251         0
 132 FI270A   1800 1849     A     .319         0
 144 FI281A   1775 1824     A     .258         0
 144 FI281A   1800 1849     A     .316         0

 DESCRIPTIVE STATISTICS: ca619
-----------------------------------------------------------------------------------------------------------------------------------

                                                Corr   //-------- Unfiltered --------\\  //-- dplR filtered --\\
                           No.    No.    No.    with   Mean   Max     Std   Auto   Mean   Max     Std   Auto  AR
 Seq Series   Interval   Years  Segmt  Flags   Master  msmt   msmt    dev   corr   sens  value    dev   corr  ()
 --- -------- ---------  -----  -----  -----   ------ -----  -----  -----  -----  -----  -----  -----  -----  --
   1 FIN01A   1697 1774     78      2      0    .625    .69   1.43   .172   .279   .215   1.63   .183  -.055   3
   2 FIN01B   1703 1924    222      7      0    .591    .61   1.21   .171   .704   .167   1.47   .162   .007   1
   3 FIN02A   1905 1996     92      1      0    .556   1.22   3.45   .613   .658   .272   1.68   .261   .092   0
   4 FIN02B   1905 1996     92      1      0    .528    .84   1.62   .300   .605   .230   1.74   .235   .093   0
   5 FIN03A   1756 1949    194      6      0    .569    .73   1.57   .282   .645   .243   1.91   .243   .016   1
   6 FIN03B   1728 1899    172      5      0    .591    .75   1.66   .252   .664   .210   1.79   .213   .023   1
   7 FIN03C   1676 1949    274      9      1    .469    .61   3.64   .286   .683   .212   2.92   .243  -.015   1
   8 FIN04A   1623 1870    248      8      0    .574    .54   1.32   .195   .704   .215   1.67   .211  -.028   1
   9 FIN04B   1657 1996    340     11      0    .560    .55   1.27   .169   .576   .206   1.66   .201  -.005   1
  10 FIN05A   1872 1996    125      3      0    .435    .67   2.69   .512   .895   .221   1.80   .219  -.029   1
  11 FIN05B   1877 1996    120      2      0    .613    .80   2.89   .580   .837   .274   1.63   .261   .111   0
  12 FIN06A   1800 1996    197      6      0    .613    .62   1.24   .217   .671   .228   1.51   .203   .028   0
  13 FIN06B   1783 1996    214      6      0    .648    .81   3.23   .435   .853   .197   1.68   .197   .006   1
  14 FIN07C   1734 1949    216      7      0    .566    .56   1.32   .245   .820   .200   1.50   .179  -.005   2
  15 FIN08A   1882 1996    115      2      0    .531    .86   3.38   .564   .824   .239   2.00   .268   .005   2
  16 FIN09A   1929 1996     68      0      0    .478   1.37   3.26   .588   .542   .266   2.39   .303  -.018   3
  17 FIN09B   1908 1996     89      1      0    .634   1.09   3.75   .681   .886   .193   1.61   .191   .150   0
  18 FIN10A   1920 1996     77      1      0    .720   1.40   2.35   .388   .543   .223   1.39   .195   .039   0
  19 FIN10B   1904 1996     93      1      0    .653   1.42   3.56   .587   .746   .216   1.42   .197   .132   0
  20 FIN11A   1870 1996    127      3      0    .446    .53   1.54   .262   .638   .261   2.00   .253   .053   0
  21 FIN11B   1884 1996    113      2      0    .517    .74   1.83   .314   .668   .265   1.63   .232   .086   0
  22 FIN11C   1647 1996    350     12      1    .445    .45   2.42   .285   .829   .246   1.95   .236  -.006   3
  23 FIN12A   1715 1996    282      9      0    .488    .73   2.28   .278   .814   .186   1.68   .187  -.012   1
  24 FIN12B   1775 1974    200      6      0    .565    .93   1.87   .275   .579   .218   1.95   .219  -.030   1
  25 FIN12C   1740 1899    160      5      0    .515    .87   1.80   .273   .653   .201   1.76   .211   .014   2
  26 FIN13B   1897 1996    100      2      0    .751    .86   2.94   .455   .687   .274   2.11   .270   .093   0
  27 FIN14A   1806 1996    191      5      0    .656    .58   1.57   .155   .363   .207   1.88   .192   .025   0
  28 FIN14B   1806 1996    191      5      0    .612    .60   1.58   .181   .493   .213   2.23   .208   .101   0
  29 FIN15A   1779 1996    218      6      0    .564    .67   1.93   .310   .713   .239   1.84   .235  -.036   3
  30 FIN15B   1870 1996    127      3      0    .429    .60   2.74   .416   .864   .215   1.66   .240   .024   1
  31 FIN15D   1792 1996    205      6      0    .575    .74   2.84   .361   .735   .208   2.11   .220  -.050   3
  32 FIN16A   1746 1996    251      8      0    .523    .59   1.59   .226   .818   .176   1.70   .178  -.002   1
  33 FIN16B   1735 1996    262      8      0    .437    .54   2.13   .221   .663   .210   2.29   .221  -.008   1
  34 FIN17A   1824 1996    173      5      0    .699    .71   1.40   .196   .461   .210   1.85   .204   .077   0
  35 FIN17B   1878 1996    119      2      0    .652    .55   1.05   .151   .499   .192   1.69   .189   .091   0
  36 FIN17C   1832 1996    165      4      0    .667    .65   1.24   .154   .337   .213   1.56   .192   .038   0
  37 FIN18A   1850 1996    147      4      0    .596    .57   1.34   .235   .635   .220   1.49   .193  -.103   0
  38 FIN18B   1845 1996    152      4      0    .667    .55   1.42   .179   .628   .218   1.50   .186  -.038   0
  39 FIN20A   1927 1996     70      0      0    .671   1.30   2.38   .375   .441   .241   1.81   .227   .110   0
  40 FIN20B   1924 1996     73      1      0    .579   1.22   2.46   .482   .741   .214   1.96   .229   .049   1
  41 FIN21B   1750 1899    150      5      0    .583    .34    .66   .109   .142   .357   1.75   .300  -.019   0
  42 FIN22A   1898 1996     99      1      0    .563   1.17   5.45   .780   .879   .212   1.38   .187  -.062   3
  43 FIN22B   1929 1996     68      0      0    .592   1.29   2.85   .608   .798   .219   1.56   .232   .074   1
  44 FIN23A   1824 1996    173      5      0    .576    .80   2.64   .322   .606   .243   2.51   .266  -.027   1
  45 FIN23B   1819 1996    178      5      0    .601    .96   2.24   .334   .709   .207   1.59   .210   .042   1
  46 FIN23C   1854 1996    143      3      0    .582   1.11   2.45   .450   .619   .271   1.84   .288   .001   2
  47 FIN25A   1810 1996    187      5      0    .569    .54   1.29   .198   .755   .202   1.50   .180  -.002   2
  48 FIN25B   1810 1996    187      5      0    .543    .50   1.11   .164   .661   .200   1.45   .171  -.051   0
  49 FIN25C   1848 1974    127      4      0    .460    .50   1.28   .205   .791   .183   1.40   .151   .001   1
  50 FIN26A   1850 1996    147      3      0    .598    .55   1.62   .293   .853   .184   1.54   .174  -.009   3
  51 FIN27A   1856 1996    141      3      0    .559    .51   1.03   .220   .762   .239   1.60   .233   .005   1
  52 FIN27B   1856 1955    100      2      0    .646    .96   2.16   .436   .770   .252   1.62   .239   .018   1
  53 FIN28A   1832 1996    165      4      0    .531    .75   2.27   .317   .753   .215   1.77   .216  -.017   3
  54 FIN28B   1826 1996    171      4      0    .534    .70   5.52   .539   .630   .225   3.13   .279  -.011   1
  55 FIN29A   1881 1996    116      2      0    .550    .43   1.11   .157   .597   .220   1.61   .203   .016   3
  56 FIN29B   1875 1996    122      3      0    .527    .49    .94   .137   .430   .214   1.67   .207   .010   0
  57 FIN30A   1797 1996    200      6      0    .542    .62   1.22   .203   .596   .220   1.67   .197  -.017   0
  58 FIN30B   1810 1996    187      5      0    .625    .84   2.01   .284   .709   .191   1.70   .191  -.005   1
  59 FIN31A   1880 1996    117      2      0    .500    .41    .95   .186   .714   .271   1.72   .241   .072   0
  60 FIN31B   1813 1996    184      5      0    .566    .61   1.38   .199   .508   .238   1.68   .229   .056   0
  61 FIN31C   1821 1996    176      5      0    .573    .62   1.58   .203   .389   .258   1.96   .244   .015   0
  62 FIN32A   1689 1996    308     10      0    .645    .61   2.57   .317   .792   .225   1.66   .206  -.028   3
  63 FIN32B   1704 1996    293      9      0    .518    .60   2.73   .338   .719   .206   2.16   .214   .009   1
  64 FIN33A   1803 1996    194      5      0    .572    .80   2.56   .484   .854   .211   1.84   .189   .047   0
  65 FIN33B   1798 1996    199      6      0    .594    .63   1.75   .294   .807   .209   1.70   .198  -.000   1
  66 FIN33C   1825 1996    172      5      0    .587    .60   1.92   .293   .747   .248   1.80   .225   .037   0
  67 FIN34A   1876 1974     99      2      0    .434   1.29   3.74   .521   .713   .216   1.73   .226  -.020   1
  68 FIN34B   1894 1974     81      2      0    .531   1.07   2.02   .378   .535   .285   1.71   .272  -.011   1
  69 FIN35B   1789 1996    208      6      0    .520    .60   1.23   .183   .626   .208   1.72   .184   .006   0
  70 FIN35C   1828 1996    169      4      0    .614    .56    .88   .130   .405   .206   1.45   .179  -.020   0
  71 FIN36A   1638 1996    359     12      0    .505    .42    .90   .106   .395   .216   1.75   .190  -.044   0
  72 FIN36D   1525 1950    426     15      1    .487    .50   1.52   .186   .729   .203   1.67   .201   .033   1
  73 FIN37B   1791 1996    206      6      0    .469    .57   1.52   .224   .686   .203   1.97   .221   .027   1
  74 FIN38A   1780 1996    217      6      0    .481    .50   1.49   .203   .772   .177   1.56   .167   .087   0
  75 FIN40A   1712 1996    285      9      0    .586    .59   1.17   .189   .653   .200   1.60   .192  -.018   3
  76 FIN40B   1714 1996    283      9      0    .610    .60   1.70   .214   .556   .232   2.12   .231  -.016   3
  77 FIN40C   1737 1996    260      8      0    .565    .62   1.48   .246   .699   .228   1.64   .216   .004   1
  78 FIN41A   1732 1996    265      8      0    .532    .44    .76   .090   .169   .206   1.49   .167   .016   1
  79 FIN42A   1515 1816    302     10      0    .622    .57   1.15   .155   .473   .223   1.67   .211  -.003   3
  80 FIN42B   1515 1729    215      7      0    .625    .51    .86   .131   .500   .199   1.65   .207  -.011   1
  81 FIN43B   1800 1974    175      6      0    .511    .47    .96   .175   .791   .191   1.61   .175   .077   0
  82 FIN44A   1664 1878    215      7      0    .603    .69   1.53   .210   .503   .236   1.70   .225  -.008   3
  83 FIN44B   1885 1996    112      2      0    .579    .55   1.16   .156   .321   .241   1.85   .234   .097   0
  84 FIN45A   1680 1869    190      5      0    .687    .62   1.92   .199   .624   .170   1.94   .184   .015   1
  85 FIN46A   1698 1996    299      9      3    .480    .56   2.63   .320   .892   .190   1.55   .183  -.011   3
  86 FIN46B   1694 1996    303     10      0    .454    .56   1.68   .228   .788   .211   1.59   .197  -.017   3
  87 FIN47A   1874 1996    123      3      0    .598    .63   1.45   .161   .230   .227   2.04   .219   .040   0
  88 FIN47B   1868 1996    129      3      0    .392    .60   1.13   .141   .436   .205   1.58   .181   .006   2
  89 FIN48A   1579 1869    291      9      2    .558    .45   1.04   .146   .579   .217   1.94   .206   .076   0
  90 FIN49A   1516 1640    125      3      0    .710    .82   1.87   .347   .706   .245   1.88   .263  -.005   1
  91 FIN49B   1521 1640    120      3      0    .577    .80   1.94   .335   .750   .237   1.50   .247   .020   1
  92 FI201A   1897 2004    108      3      0    .609    .49   3.11   .536   .925   .272   1.88   .262   .062   0
  93 FI202A   1898 2004    107      3      0    .531    .80   2.52   .368   .617   .268   1.73   .248   .006   0
  94 FI204A   1804 2004    201      6      0    .605    .62   1.91   .205   .637   .186   1.82   .185   .011   1
  95 FI205A   1926 2004     79      1      0    .528   1.12   3.40   .784   .903   .231   1.62   .229   .127   0
  96 FI206A   1900 1980     81      2      0    .667    .35    .94   .134   .502   .232   1.83   .242   .111   0
  97 FI206B   1800 2004    205      6      0    .642    .71   1.96   .226   .530   .222   1.90   .214   .010   1
  98 FI207A   1935 2004     70      1      0    .374    .94   2.21   .370   .760   .202   1.68   .218   .018   1
  99 FI208A   1713 2004    292     10      0    .624    .57   1.61   .241   .719   .199   1.96   .203  -.020   3
 100 FI212A   1949 2004     56      0      0    .469   1.35   2.43   .417   .558   .237   1.51   .217   .023   2
 101 FI214A   1929 1994     66      0      0    .522   1.16   4.21   .902   .904   .254   1.90   .247   .035   1
 102 FI217A   1894 2004    111      3      0    .631    .76   1.40   .238   .597   .219   1.54   .190  -.033   2
 103 FI217B   1850 2001    152      4      0    .662    .54    .96   .114   .164   .207   1.51   .169  -.013   1
 104 FI218A   1880 2004    125      3      0    .485    .75   2.27   .459   .815   .232   2.34   .251   .026   1
 105 FI219A   1900 2004    105      2      0    .408    .67   1.97   .312   .666   .274   2.03   .286  -.065   3
 106 FI220A   1882 1980     99      2      0    .660   1.57   2.87   .505   .650   .202   1.49   .211   .024   1
 107 FI222A   1740 1899    160      5      0    .661    .79   1.44   .213   .507   .225   1.53   .207   .017   1
 108 FI222B   1703 1899    197      6      0    .705    .89   1.85   .285   .596   .237   1.59   .215  -.002   1
 109 FI223A   1898 2004    107      3      1    .540    .59   1.81   .264   .788   .187   1.90   .220   .025   1
 110 FI227A   1750 2004    255      8      0    .586    .84   2.62   .434   .723   .264   1.97   .256   .020   1
 111 FI229A   1908 2004     97      2      0    .554    .39    .95   .136   .530   .258   1.80   .255   .008   1
 112 FI230A   1899 2004    106      3      0    .401    .61   1.56   .270   .767   .221   1.81   .230   .061   1
 113 FI231A   1871 2004    134      4      0    .445    .47   1.47   .244   .722   .289   2.08   .297  -.029   3
 114 FI233A   1885 2004    120      3      0    .541    .54   1.68   .387   .909   .249   1.64   .240   .124   0
 115 FI234A   1887 1998    112      2      0    .675    .61   1.38   .243   .711   .231   1.71   .213   .112   0
 116 FI235A   1856 2004    149      4      0    .543    .46   1.47   .186   .756   .200   1.48   .186  -.012   2
 117 FI236A   1875 2004    130      4      0    .620    .81   2.73   .546   .894   .220   1.63   .191  -.053   0
 118 FI238A   1873 2004    132      4      0    .481    .49   1.75   .370   .915   .223   1.62   .208  -.002   1
 119 FI239A   1896 2004    109      3      0    .657    .66   1.36   .224   .560   .255   1.62   .230   .039   0
 120 FI240A   1891 2004    114      3      0    .571    .64   1.50   .306   .803   .203   1.55   .207   .007   1
 121 FI261A   1655 1764    110      2      0    .579    .90   1.57   .252   .538   .207   1.52   .211   .010   2
 122 FI261B   1655 1844    190      5      0    .614    .87   1.87   .286   .564   .225   1.90   .227   .009   1
 123 FI262A   1750 1996    247      7      0    .539    .55   1.87   .249   .730   .215   1.78   .216  -.013   2
 124 FI263A   1763 1875    113      3      0    .645   1.16   2.63   .475   .677   .251   1.72   .262   .031   3
 125 FI264A   1750 1858    109      2      0    .647    .72   1.85   .360   .774   .259   1.78   .272   .006   1
 126 FI265A   1730 1802     73      1      0    .520    .64   1.15   .188   .322   .273   1.79   .254  -.037   3
 127 FI266A   1701 1878    178      5      0    .508    .88   3.05   .337   .606   .253   1.98   .256   .027   1
 128 FI267B   1539 1760    222      7      0    .706    .59   1.14   .148   .321   .227   1.85   .220  -.029   3
 129 FI267C   1590 1676     87      2      0    .408    .62   1.37   .228   .681   .218   1.57   .203   .096   0
 130 FI268A   1538 1769    232      7      0    .594    .56   1.40   .244   .679   .266   1.88   .253  -.031   3
 131 FI269A   1712 1908    197      6      0    .538   1.19   2.65   .339   .626   .190   1.54   .186  -.016   3
 132 FI270A   1517 1867    351     12      1    .519    .51   1.80   .256   .792   .244   1.98   .234  -.011   1
 133 FI271A   1614 1762    149      4      0    .706    .62   1.86   .203   .266   .254   2.57   .265   .036   0
 134 FI272A   1526 1739    214      6      0    .624    .52    .97   .137   .483   .208   1.69   .200   .010   2
 135 FI272B   1537 1656    120      3      0    .713    .62   1.07   .187   .614   .201   1.69   .196  -.008   2
 136 FI273A   1521 1624    104      3      0    .663    .58   1.51   .181   .497   .246   2.02   .247  -.006   1
 137 FI274A   1784 1899    116      3      0    .677   1.17   2.81   .490   .747   .227   1.61   .227   .016   1
 138 FI275A   1583 1829    247      8      0    .639    .66   1.82   .287   .695   .253   1.82   .247  -.011   1
 139 FI276A   1721 1843    123      3      0    .536   1.26   2.47   .454   .673   .240   1.79   .240   .007   1
 140 FI277A   1630 1741    112      2      0    .622    .77   1.84   .291   .495   .272   1.93   .261   .025   0
 141 FI278A   1573 1749    177      6      0    .579    .69   1.58   .224   .593   .222   1.66   .212  -.014   2
 142 FI279A   1634 1921    288      9      0    .627    .64   2.32   .415   .723   .317   2.60   .322  -.004   1
 143 FI280A   1689 1893    205      6      0    .630   1.17   3.56   .440   .566   .253   2.08   .256   .005   1
 144 FI281A   1582 1904    323     11      2    .585    .50   1.90   .240   .604   .257   3.15   .304  -.012   1
 145 FI281C   1550 1662    113      2      0    .522    .50   1.79   .327   .822   .266   1.93   .265  -.033   3
 146 FI282A   1373 1868    496     17      0    .668    .57   1.72   .219   .753   .192   1.93   .182  -.002   1
 147 FI282B   1363 1472    110      1      0    .785    .85   1.57   .251   .614   .205   1.57   .193  -.002   1
 148 FI282C   1373 1600    228      7      0    .738    .79   1.86   .295   .716   .195   1.71   .203   .012   1
 149 FI282D   1372 1552    181      5      0    .644    .65   1.58   .255   .809   .183   1.74   .176   .007   1
 150 FI282E   1403 1564    162      4      0    .776    .63   1.36   .205   .629   .211   1.80   .198   .029   0
 151 FI282F   1403 1562    160      4      0    .806    .63   1.35   .197   .694   .174   1.70   .173   .022   1
 152 FI284A   1580 1900    321     11      0    .701    .60   1.47   .214   .633   .230   1.73   .217  -.002   1
 153 FI285A   1617 1878    262      9      0    .712   1.06   3.96   .654   .816   .245   1.71   .244  -.024   3
 --- -------- ---------  -----  -----  -----   ------ -----  -----  -----  -----  -----  -----  -----  -----  --
 Total or mean:          26562    738     12    .579    .68   5.52   .277   .653   .223   3.15   .217   .008

 DATA CHECKS (rwl.check): ca619
-----------------------------------------------------------------------------------------------------------------------------------
 rwl.check: data_files/treering/measurements/northamerica/usa/ca619.rwl
 153 series, 26562 measurements, 1363-2004, 0.001 mm precision
 0 error(s), 1 warning(s), 0 note(s)
 -------------
 WARNING
   RWL_HEADER_SPAN (1)
     the header declares 1393-2004 but the measurements cover 1363-2004

 NOTES
-----------------------------------------------------------------------------------------------------------------------------------
 Report generated using dplR 1.8.1 (R 4.5.2) on 2026-10-01 16:54 PDT.
 Measurement file ca619.rwl, MD5 9a1e4d98b2edb1b099ce7a4c361bd70a.
 Filtering: each series divided by a 32-year smoothing spline (caps()), then prewhitened with
   an AR model (order by AIC, at most 3).
 Master: biweight robust mean of the other series (leave-one-out).
 Correlation: Pearson, one-tailed, pcrit = 0.01; critical r = 0.3281 for 50-year segments.
 Segments: 50 years, lagged 25, first segment floored to 100. Lags searched: +/- 10 years.
 A segment is tested only where the series and the master cover all of it, at the dated
   position and at every lag. COFECHA also tests partial segments at the ends of a series, so
   series here may show fewer segments, and no flags can be raised at the ends of the record.
 Lags follow COFECHA: negative means rings are probably missing from the series, positive means
   false rings. A missing ring carries its lag into every segment before it, so look where the
   lag changes along a series. A B flag is a hypothesis to check on the wood; the gain says how
   seriously to take it.
 A B flag marked "weak at every lag" correlates under the critical value even at its best lag:
   the segment is weak wherever it is placed, and the shift is not evidence of a dating error.
   Treat it as a low correlation, like an A.
 Averages in the summary and the totals are weighted by the number of years in each series, as
   COFECHA's are.
 Unfiltered block and mean sensitivity: the measurements as read, and sens1().
 dplR filtered block: the series that was correlated, after filtering. COFECHA's filtered
   series is defined differently, so these three columns are not COFECHA's numbers.
 AR: order of the AR model used to prewhiten.
