
 COFECHA-style crossdating report: ca614
 Report generated using dplR 1.8.1 (R 4.5.2) on 2026-10-01 16:58 PDT
 Built with dplR's xdate.report(), not COFECHA; see the notes at the end.


      Measurement file name  : ca614.rwl
      MD5 of measurement file: ce9e4b108ed27e2f40be405c7ca656ef
      Date checked           : 01OCT26
      Beginning year         : 1455
      Ending year            : 2004
      Principal investigators: Stahle, D.W.; Therrell, M.D.
      Site name              : American Canyon
      Species information    : QUDG Quercus douglasii Hook. and Arn.
      Latitude               : 35.3000 N
      Longitude              : 120.2700 W
      Elevation              : 580 m

      Series intercorrelation: 0.746
      Avg mean sensitivity   : 0.433
      Avg standard deviation : 0.438
      Avg autocorrelation    : 0.515
      Number dated series    : 147
      Segment length tested  : 50

      Number problem segments: 2  (A 2, B 0)
      Pct problem segments   : 0.28


 CORRELATION OF SERIES BY SEGMENTS: ca614
-----------------------------------------------------------------------------------------------------------------------------------
 Correlations of  50-year dated segments, lagged  25 years
 Flags:  A = correlation under   .3281 but highest as dated;  B = correlation higher at other than dated position

 Seq Series  Time_span  1500 1525 1550 1575 1600 1625 1650 1675 1700 1725 1750 1775 1800 1825 1850 1875 1900 1925 1950 
                        1549 1574 1599 1624 1649 1674 1699 1724 1749 1774 1799 1824 1849 1874 1899 1924 1949 1974 1999 
 --- -------- ---------  ---- ---- ---- ---- ---- ---- ---- ---- ---- ---- ---- ---- ---- ---- ---- ---- ---- ---- ---- 
   1 ACC01A   1721 1897                                               .79  .45  .39  .62  .49                          
   2 ACC02A   1677 1996                                          .67  .69  .69  .67  .60  .72  .83  .73  .50  .55      
   3 ACC02B   1673 1996                                     .60  .71  .75  .79  .79  .73  .79  .87  .79  .55  .68      
   4 ACC03A   1849 1996                                                                        .87  .85  .85  .84      
   5 ACC03B   1839 1996                                                                        .71  .84  .87  .87      
   6 ACC04A   1702 1996                                               .72  .75  .70  .52  .67  .70  .59  .67  .68      
   7 ACC04B   1810 1996                                                                   .61  .68  .66  .69  .72      
   8 ACC05A   1661 1945                                     .79  .74  .47  .45  .74  .85  .72  .70  .80                
   9 ACC05C   1605 1897                           .60  .77  .78  .78  .53  .61  .84  .84  .78                          
  10 ACC06A   1663 1920                                     .71  .81  .84  .85  .86  .84  .87  .85                     
  11 ACC06B   1692 1880                                          .76  .60  .73  .90  .88  .89                          
  12 ACC08A   1679 1898                                          .78  .81  .89  .89  .85  .88                          
  13 ACC08B   1700 1902                                               .76  .86  .87  .86  .90  .88                     
  14 ACC10A   1790 1996                                                              .88  .88  .88  .77  .58  .69      
  15 ACC11A   1823 1996                                                                        .88  .91  .69  .69      
  16 ACC11B   1832 1996                                                                        .86  .88  .81  .83      
  17 ACC14A   1893 1996                                                                                  .77  .76      
  18 ACC15A   1784 1996                                                              .82  .79  .82  .82  .74  .74      
  19 ACC15B   1670 1996                                     .30A .45  .51  .76  .85  .82  .72  .65  .63  .74  .75      
  20 ACC16A   1608 1996                           .86  .86  .83  .79  .78  .81  .86  .87  .87  .89  .87  .81  .76      
  21 ACC16B   1687 1996                                          .76  .75  .78  .84  .84  .88  .91  .83  .63  .67      
  22 ACC16C   1697 1996                                          .75  .68  .81  .87  .83  .86  .86  .78  .69  .73      
  23 ACC16D   1598 1996                           .86  .85  .81  .78  .77  .81  .86  .86  .71  .72  .87  .75  .72      
  24 ACC18A   1585 1996                      .74  .82  .84  .86  .80  .78  .88  .88  .88  .91  .92  .87  .77  .80      
  25 ACC18B   1590 1996                      .73  .86  .90  .89  .85  .83  .87  .89  .89  .89  .90  .88  .85  .81      
  26 ACC19A   1856 1996                                                                             .89  .81  .80      
  27 ACC19B   1855 1996                                                                             .86  .71  .73      
  28 ACC20A   1575 1896                      .86  .91  .90  .83  .83  .78  .79  .86  .88  .91                          
  29 ACC20B   1670 1996                                     .82  .77  .78  .79  .85  .83  .86  .90  .80  .70  .77      
  30 ACC20C   1605 1996                           .90  .91  .85  .83  .77  .81  .87  .86  .87  .90  .80  .72  .87      
  31 ACC22A   1714 1996                                               .74  .84  .78  .72  .81  .86  .76  .59  .56      
  32 ACC22B   1753 1996                                                         .80  .75  .78  .74  .72  .72  .64      
  33 ACC23A   1785 1900                                                              .68  .68  .74                     
  34 ACC23B   1767 1897                                                         .66  .69  .74                          
  35 ACC24A   1746 1996                                                    .60  .67  .77  .83  .78  .68  .56  .56      
  36 ACC25A   1710 1950                                               .76  .72  .71  .74  .83  .90  .78  .69           
  37 ACC25C   1720 1996                                               .78  .75  .69  .79  .87  .83  .76  .63  .70      
  38 ACC26A   1850 1996                                                                             .83  .68  .79      
  39 ACC27A   1739 1996                                                    .81  .88  .91  .90  .86  .85  .80  .80      
  40 ACC28A   1799 1996                                                                   .85  .85  .78  .50  .66      
  41 ACC29A   1682 1891                                          .80  .75  .84  .89  .86  .84                          
  42 ACC29B   1682 1996                                          .86  .82  .81  .85  .88  .88  .84  .80  .79  .79      
  43 ACC29C   1743 1917                                                    .81  .90  .89  .84  .82                     
  44 ACC29D   1713 1894                                               .81  .86  .92  .87  .84                          
  45 ACC30A   1719 1996                                               .56  .74  .84  .76  .85  .91  .86  .70  .68      
  46 ACC30B   1700 1996                                               .47  .49  .69  .81  .88  .89  .81  .67  .62      
  47 ACC31A   1734 1902                                                    .82  .83  .84  .88  .88                     
  48 ACC31B   1819 1996                                                                   .83  .90  .88  .79  .74      
  49 ACC32A   1740 1996                                                    .83  .83  .84  .81  .80  .81  .65  .72      
  50 ACC33A   1767 1897                                                         .82  .80  .74                          
  51 ACC33B   1757 1890                                                         .84  .86  .80                          
  52 ACC34A   1743 1996                                                    .87  .88  .84  .86  .79  .70  .58  .55      
  53 ACC36A   1851 1996                                                                             .67  .49  .63      
  54 ACC36B   1849 1996                                                                             .60  .51  .61      
  55 ACC38A   1741 1996                                                    .71  .83  .85  .86  .82  .68  .44  .35      
  56 ACC38B   1741 1920                                                    .75  .85  .81  .85  .84                     
  57 ACC40A   1885 1996                                                                                  .87  .89      
  59 ACC42A   1896 1996                                                                                  .71  .78      
  60 ACC42B   1905 1996                                                                                       .79      
  61 ACC44A   1764 1996                                                         .84  .83  .81  .82  .75  .71  .85      
  62 ACC44B   1758 1996                                                         .82  .86  .84  .84  .79  .70  .85      
  63 ACC46A   1835 1996                                                                        .70  .73  .76  .80      
  64 ACC46B   1836 1996                                                                        .87  .82  .71  .79      
  65 ACC48A   1907 1996                                                                                       .79      
  66 ACC48B   1909 1996                                                                                       .83      
  67 ACC50A   1870 1996                                                                             .74  .77  .77      
  68 ACC50B   1880 1996                                                                                  .62  .49      
  69 ACC52A   1892 1996                                                                                  .65  .79      
  70 ACC52B   1893 1996                                                                                  .74  .86      
  71 ACC54A   1782 1996                                                              .86  .75  .78  .87  .77  .79      
  72 AC202A   1918 2001                                                                                       .75  .83 
  74 AC204A   1904 2004                                                                                       .72  .82 
  75 AC206A   1918 2004                                                                                       .78  .87 
  76 AC207A   1896 2004                                                                                  .80  .84  .90 
  77 AC208A   1914 1990                                                                                       .87      
  78 AC209A   1888 1965                                                                                  .79           
  79 AC211A   1897 2004                                                                                  .66  .77  .81 
  80 AC212A   1876 1996                                                                                  .83  .89      
  81 AC213A   1896 1992                                                                                  .81  .88      
  82 AC214A   1907 2004                                                                                       .81  .77 
  83 AC215A   1926 2000                                                                                            .82 
  84 AC216A   1907 2002                                                                                       .86  .85 
  85 AC217A   1877 1998                                                                                  .84  .83      
  88 AC219A   1884 2004                                                                                  .69  .70  .84 
  89 AC220A   1877 2001                                                                                  .78  .83  .84 
  90 AC221A   1909 2004                                                                                       .78  .71 
  91 AC222A   1863 2004                                                                             .78  .77  .82  .85 
  92 AC223A   1869 1999                                                                             .79  .73  .79  .90 
  93 AC224A   1940 2004                                                                                            .72 
  94 AC226A   1894 2004                                                                                  .85  .80  .84 
  95 AC227A   1909 2004                                                                                       .48  .59 
  96 AC228A   1945 2004                                                                                            .76 
  97 AC230A   1920 2004                                                                                       .60  .73 
  98 AC231A   1930 2004                                                                                            .81 
  99 AC232A   1887 2002                                                                                  .76  .88  .90 
 100 AC233A   1950 2004                                                                                            .79 
 101 AC234A   1943 2004                                                                                            .87 
 102 AC235A   1840 2002                                                                        .82  .76  .81  .56  .66 
 103 AC236A   1915 2000                                                                                       .78  .87 
 104 AC237A   1901 2004                                                                                       .81  .59 
 105 AC238A   1903 2004                                                                                       .75  .83 
 106 AC239A   1928 2004                                                                                            .47 
 107 AC240A   1895 1993                                                                                  .78  .75      
 108 AC243A   1635 1713                                .80                                                             
 109 AC244A   1649 1979                                     .51  .67  .69  .79  .82  .86  .92  .91  .82  .76  .78      
 110 AC244B   1694 1970                                          .81  .81  .79  .77  .83  .91  .89  .87  .86           
 111 AC247A   1747 1880                                                    .64  .79  .64  .67                          
 112 AC249A   1690 1870                                          .44  .53  .80  .84  .79                               
 113 AC249B   1720 1880                                               .50  .78  .79  .73  .73                          
 114 AC250A   1621 1810                           .83  .81  .74  .70  .69  .68                                         
 115 AC251A   1475 1620  .56  .68  .73                                                                                 
 116 AC251B   1455 1557  .55                                                                                           
 117 AC252A   1730 1816                                                    .72                                         
 118 AC253A   1623 1738                           .63  .59  .56                                                        
 119 AC255A   1729 1878                                                    .80  .84  .73  .70                          
 120 AC255B   1728 1871                                                    .78  .83  .68                               
 121 AC257A   1677 1918                                          .71  .65  .71  .78  .87  .77  .47                     
 122 AC257B   1685 1840                                          .73  .70  .80  .85                                    
 123 AC259A   1663 1880                                     .66  .66  .67  .79  .85  .87  .85                          
 124 AC259B   1662 1871                                     .63  .70  .67  .72  .77  .81                               
 125 AC260A   1630 1863                                .69  .60  .68  .64  .66  .59  .68                               
 126 AC260B   1639 1863                                .70  .62  .68  .61  .63  .61  .68                               
 127 AC261A   1724 1910                                                    .71  .73  .73  .80  .79                     
 128 AC261B   1724 1924                                               .63  .73  .77  .74  .82  .82  .65                
 129 AC261C   1713 1930                                               .50  .66  .73  .70  .79  .77  .73                
 130 AC262A   1754 1970                                                         .55  .58  .66  .50  .42  .50           
 131 AC262B   1724 1807                                               .49  .66                                         
 132 AC262C   1809 1910                                                                   .71  .60                     
 133 AC263A   1507 1796       .78  .62  .57  .58  .66  .72  .58  .48  .50                                              
 134 AC263B   1507 1799       .75  .71  .68  .65  .71  .76  .61  .59  .59  .59                                         
 135 AC263C   1496 1750  .45  .54  .57  .56  .59  .66  .74  .65  .66                                                   
 136 AC265A   1523 1730       .83  .86  .84  .83  .88  .78  .65                                                        
 137 AC266A   1628 1864                                .65  .49  .45  .42  .54  .48  .57                               
 138 AC266B   1628 1800                                .72  .55  .42  .38  .62                                         
 139 AC265B   1530 1730            .85  .83  .85  .88  .77  .63                                                        
 140 AC265C   1531 1730            .83  .80  .84  .87  .71  .62                                                        
 141 AC267A   1681 1930                                          .64  .38  .57  .75  .37  .33A .45  .43                
 142 AC268A   1533 1613            .62                                                                                 
 144 AC268C   1651 1776                                     .67  .65  .58                                              
 145 AC269A   1663 1770                                     .51  .40                                                   
 146 AC269B   1663 1856                                     .57  .36  .34  .74  .84  .73                               
 147 AC270A   1754 1881                                                         .82  .79  .82                          
 Av segment correlation  .52  .71  .72  .71  .74  .80  .77  .66  .68  .65  .74  .79  .78  .80  .80  .77  .71  .74  .79 

 FLAGGED SEGMENTS: ca614
-----------------------------------------------------------------------------------------------------------------------------------
 Seq Series   Segment    Flag  r dated  Best lag  r at lag   Gain  Note
 --- -------- ---------  ----  -------  --------  --------  -----  -----------------
  19 ACC15B   1675 1724     A     .304         0
 141 AC267A   1825 1874     A     .328         0

 DESCRIPTIVE STATISTICS: ca614
-----------------------------------------------------------------------------------------------------------------------------------

                                                Corr   //-------- Unfiltered --------\\  //-- dplR filtered --\\
                           No.    No.    No.    with   Mean   Max     Std   Auto   Mean   Max     Std   Auto  AR
 Seq Series   Interval   Years  Segmt  Flags   Master  msmt   msmt    dev   corr   sens  value    dev   corr  ()
 --- -------- ---------  -----  -----  -----   ------ -----  -----  -----  -----  -----  -----  -----  -----  --
   1 ACC01A   1721 1897    177      5      0    .537    .48   2.35   .366   .576   .423   4.39   .467   .066   0
   2 ACC02A   1677 1996    320     10      0    .647    .56   1.84   .327   .641   .391   2.12   .377   .004   1
   3 ACC02B   1673 1996    324     11      0    .750    .48   1.29   .250   .466   .442   2.48   .425   .000   1
   4 ACC03A   1849 1996    148      4      0    .845    .61   1.61   .259   .205   .421   2.07   .378   .009   0
   5 ACC03B   1839 1996    158      4      0    .793    .65   1.51   .311   .204   .474   2.18   .420  -.009   3
   6 ACC04A   1702 1996    295      9      0    .660    .73   2.38   .422   .623   .361   2.36   .374  -.015   3
   7 ACC04B   1810 1996    187      5      0    .651    .92   2.81   .465   .453   .347   2.64   .352  -.052   3
   8 ACC05A   1661 1945    285      9      0    .708    .70   3.12   .559   .377   .589   3.23   .537   .038   0
   9 ACC05C   1605 1897    293      9      0    .694    .74   4.28   .623   .379   .617   3.67   .581  -.003   2
  10 ACC06A   1663 1920    258      8      0    .788    .71   5.11   .642   .529   .572   2.45   .494   .068   0
  11 ACC06B   1692 1880    189      6      0    .807    .59   2.47   .400   .377   .598   2.37   .522  -.000   1
  12 ACC08A   1679 1898    220      6      0    .810    .78   2.66   .506   .512   .516   2.87   .477   .004   1
  13 ACC08B   1700 1902    203      6      0    .835    .82   2.78   .543   .572   .505   2.50   .465  -.033   3
  14 ACC10A   1790 1996    207      6      0    .800    .41   1.14   .216   .332   .484   2.26   .412  -.012   3
  15 ACC11A   1823 1996    174      4      0    .823    .75   3.11   .621   .594   .528   3.10   .453  -.006   3
  16 ACC11B   1832 1996    165      4      0    .853   1.00   4.25   .856   .486   .647   3.67   .571   .013   0
  17 ACC14A   1893 1996    104      2      0    .800    .63   2.10   .374   .214   .517   2.66   .491   .092   0
  18 ACC15A   1784 1996    213      6      0    .797    .53   2.02   .334   .424   .536   2.31   .446  -.016   3
  19 ACC15B   1670 1996    327     11      1    .655    .36   1.18   .193   .315   .461   2.45   .418  -.025   3
  20 ACC16A   1608 1996    389     13      0    .844    .51   1.53   .300   .500   .484   2.52   .423  -.021   3
  21 ACC16B   1687 1996    310     10      0    .799    .50   1.59   .301   .544   .496   2.63   .431  -.019   3
  22 ACC16C   1697 1996    300     10      0    .807    .43   1.60   .263   .510   .487   2.38   .411  -.036   3
  23 ACC16D   1598 1996    399     13      0    .803    .57   1.49   .316   .497   .483   2.55   .420  -.027   3
  24 ACC18A   1585 1996    412     14      0    .838    .54   2.26   .327   .396   .522   2.81   .452  -.011   3
  25 ACC18B   1590 1996    407     14      0    .850    .60   2.73   .402   .502   .517   3.22   .455  -.013   3
  26 ACC19A   1856 1996    141      3      0    .807   1.32   7.09  1.114   .559   .538   2.46   .459  -.055   3
  27 ACC19B   1855 1996    142      3      0    .799   1.38   5.49   .993   .415   .567   2.35   .465  -.021   3
  28 ACC20A   1575 1896    322     10      0    .846    .62   1.64   .310   .459   .434   2.06   .383  -.024   3
  29 ACC20B   1670 1996    327     11      0    .814    .55   1.52   .272   .475   .426   2.07   .371  -.018   3
  30 ACC20C   1605 1996    392     13      0    .852    .58   1.80   .361   .675   .415   2.03   .370  -.013   3
  31 ACC22A   1714 1996    283      9      0    .715    .81   2.06   .436   .698   .352   1.86   .307  -.011   3
  32 ACC22B   1753 1996    244      7      0    .745    .75   2.38   .469   .607   .403   2.14   .356  -.031   3
  33 ACC23A   1785 1900    116      3      0    .680   1.09   6.09   .997   .511   .573   2.80   .515   .050   0
  34 ACC23B   1767 1897    131      3      0    .708   1.00   4.68   .820   .595   .528   2.33   .468  -.038   3
  35 ACC24A   1746 1996    251      8      0    .643    .56   1.63   .287   .595   .345   2.26   .320  -.025   3
  36 ACC25A   1710 1950    241      8      0    .772    .75   1.93   .406   .457   .449   2.47   .423   .009   1
  37 ACC25C   1720 1996    277      9      0    .752    .79   2.69   .463   .399   .455   2.68   .434   .007   1
  38 ACC26A   1850 1996    147      3      0    .833    .93   5.14   .736   .614   .466   2.32   .428  -.022   3
  39 ACC27A   1739 1996    258      8      0    .830    .47   2.47   .360   .701   .481   2.10   .402  -.024   3
  40 ACC28A   1799 1996    198      5      0    .769    .71   2.14   .427   .717   .318   1.80   .299  -.011   3
  41 ACC29A   1682 1891    210      6      0    .800    .58   1.40   .276   .289   .465   2.34   .401   .080   0
  42 ACC29B   1682 1996    315     10      0    .816    .59   1.82   .300   .281   .479   2.31   .405  -.026   3
  43 ACC29C   1743 1917    175      5      0    .827    .83   2.18   .436   .180   .528   2.05   .441  -.054   3
  44 ACC29D   1713 1894    182      5      0    .851    .85   2.24   .451   .316   .522   2.14   .445  -.019   3
  45 ACC30A   1719 1996    278      9      0    .770    .76   3.05   .528   .716   .365   2.02   .341  -.021   3
  46 ACC30B   1700 1996    297      9      0    .726    .72   3.78   .435   .649   .370   2.44   .351  -.009   3
  47 ACC31A   1734 1902    169      5      0    .834    .79   2.77   .437   .311   .503   2.92   .459  -.031   3
  48 ACC31B   1819 1996    178      5      0    .829    .54   2.33   .396   .493   .504   2.61   .445   .025   0
  49 ACC32A   1740 1996    257      8      0    .792    .40   1.01   .213   .372   .453   2.71   .417  -.013   3
  50 ACC33A   1767 1897    131      3      0    .780   1.45   4.58   .875   .713   .374   2.19   .355   .000   2
  51 ACC33B   1757 1890    134      3      0    .800   1.47   3.84   .799   .728   .360   1.82   .318  -.002   2
  52 ACC34A   1743 1996    254      8      0    .756    .54   1.95   .304   .611   .380   1.97   .347  -.020   3
  53 ACC36A   1851 1996    146      3      0    .556    .50   4.53   .719   .797   .348   2.37   .364   .013   3
  54 ACC36B   1849 1996    148      3      0    .569    .50   3.45   .445   .678   .373   2.51   .371   .029   3
  55 ACC38A   1741 1996    256      8      0    .649    .77   3.24   .625   .783   .331   2.11   .327  -.024   3
  56 ACC38B   1741 1920    180      5      0    .776    .82   2.27   .458   .601   .385   1.95   .369  -.019   3
  57 ACC40A   1885 1996    112      2      0    .857   1.06   2.87   .570   .322   .447   2.24   .390  -.017   0
  58 ACC40B   1926 1996     71      0      0    .890   1.39   3.79   .696   .256   .443   2.06   .382  -.049   0
  59 ACC42A   1896 1996    101      2      0    .765   1.12   2.72   .570   .084   .546   2.43   .466  -.019   3
  60 ACC42B   1905 1996     92      1      0    .834   1.18   3.28   .678   .211   .540   2.63   .525  -.030   3
  61 ACC44A   1764 1996    233      7      0    .811    .87   2.51   .465   .586   .437   2.02   .349  -.041   3
  62 ACC44B   1758 1996    239      7      0    .832    .88   2.59   .486   .633   .423   1.88   .346  -.050   3
  63 ACC46A   1835 1996    162      4      0    .764    .88   2.61   .559   .530   .448   2.46   .458  -.004   1
  64 ACC46B   1836 1996    161      4      0    .823   1.02   4.00   .647   .452   .463   2.41   .439   .006   1
  65 ACC48A   1907 1996     90      1      0    .781    .92   2.32   .499   .441   .436   2.19   .408  -.033   1
  66 ACC48B   1909 1996     88      1      0    .861    .87   2.30   .516   .475   .463   2.35   .456   .001   1
  67 ACC50A   1870 1996    127      3      0    .763    .66   2.18   .398   .558   .410   2.18   .375   .015   0
  68 ACC50B   1880 1996    117      2      0    .591    .61   2.27   .373   .709   .306   2.10   .314  -.005   2
  69 ACC52A   1892 1996    105      2      0    .812   1.09   2.87   .518   .361   .446   2.68   .411   .003   3
  70 ACC52B   1893 1996    104      2      0    .831   1.18   3.44   .671   .485   .462   2.53   .429  -.007   3
  71 ACC54A   1782 1996    215      6      0    .820    .73   2.87   .462   .583   .429   2.11   .384  -.020   3
  72 AC202A   1918 2001     84      2      0    .783    .74   1.96   .403   .273   .487   2.29   .413  -.036   0
  73 AC203A   1956 2004     49      0      0    .902   1.91   4.28   .940  -.073   .605   2.14   .469  -.158   0
  74 AC204A   1904 2004    101      2      0    .761    .42   1.42   .274   .086   .533   2.73   .487  -.133   0
  75 AC206A   1918 2004     87      2      0    .796    .67   1.94   .369   .285   .450   2.53   .468  -.014   1
  76 AC207A   1896 2004    109      3      0    .870    .73   1.91   .376   .454   .466   2.19   .426   .098   0
  77 AC208A   1914 1990     77      1      0    .570    .37    .92   .170   .315   .413   1.83   .379   .083   0
  78 AC209A   1888 1965     78      1      0    .788    .55   1.83   .300   .578   .442   2.00   .364   .112   0
  79 AC211A   1897 2004    108      3      0    .753    .77   2.02   .352   .279   .435   2.25   .398   .123   0
  80 AC212A   1876 1996    121      2      0    .843    .61   1.92   .339   .387   .449   2.34   .420   .110   0
  81 AC213A   1896 1992     97      2      0    .863    .79   1.99   .360   .325   .383   2.29   .396   .004   1
  82 AC214A   1907 2004     98      2      0    .749    .86   1.73   .371   .300   .414   2.00   .381  -.000   1
  83 AC215A   1926 2000     75      1      0    .793    .65   2.04   .346   .175   .543   2.20   .492   .069   0
  84 AC216A   1907 2002     96      2      0    .836    .99   2.72   .576   .520   .462   2.92   .460   .143   0
  85 AC217A   1877 1998    122      2      0    .827    .73   2.32   .558   .628   .439   2.88   .442   .031   1
  86 AC218A   1914 1970     57      0      0    .528    .60   1.87   .345   .174   .507   2.56   .520   .090   0
  87 AC218B   1980 2004     25      0      0    .595    .40    .83   .196   .215   .486   2.01   .474   .173   0
  88 AC219A   1884 2004    121      3      0    .807    .57   1.54   .321   .625   .381   2.00   .348  -.019   3
  89 AC220A   1877 2001    125      3      0    .782    .75   3.12   .588   .334   .578   3.17   .582   .022   3
  90 AC221A   1909 2004     96      2      0    .742    .38   1.25   .232   .596   .409   2.18   .403  -.024   2
  91 AC222A   1863 2004    142      4      0    .793    .73   2.31   .420   .478   .462   2.61   .453   .005   1
  92 AC223A   1869 1999    131      4      0    .814    .54   1.20   .250   .465   .389   1.98   .350   .015   1
  93 AC224A   1940 2004     65      1      0    .744    .41   1.11   .225   .516   .432   2.64   .434  -.011   1
  94 AC226A   1894 2004    111      3      0    .848    .61   1.33   .262   .380   .372   2.12   .350  -.021   3
  95 AC227A   1909 2004     96      2      0    .570    .52   2.93   .388   .664   .424   3.18   .422  -.068   3
  96 AC228A   1945 2004     60      1      0    .712    .58   1.28   .262   .520   .363   1.72   .332   .022   2
  97 AC230A   1920 2004     85      2      0    .725    .67   1.80   .372   .346   .487   2.30   .436  -.046   3
  98 AC231A   1930 2004     75      1      0    .812    .56   1.59   .287   .276   .464   2.29   .426  -.003   3
  99 AC232A   1887 2002    116      3      0    .825    .62   1.51   .319   .458   .440   2.35   .437   .024   1
 100 AC233A   1950 2004     55      1      0    .793    .64   2.02   .374   .333   .481   2.88   .463   .046   0
 101 AC234A   1943 2004     62      1      0    .859    .88   2.88   .515   .254   .562   2.24   .486  -.006   0
 102 AC235A   1840 2002    163      5      0    .773    .55   1.91   .345   .510   .509   2.71   .479   .014   3
 103 AC236A   1915 2000     86      2      0    .815    .63   1.75   .390   .588   .473   2.32   .413   .004   1
 104 AC237A   1901 2004    104      2      0    .661    .84   2.75   .553   .804   .299   1.86   .271  -.039   3
 105 AC238A   1903 2004    102      2      0    .797   1.33   4.03   .763   .604   .419   2.04   .404   .012   1
 106 AC239A   1928 2004     77      1      0    .445    .37   1.09   .193   .317   .406   2.95   .442   .044   0
 107 AC240A   1895 1993     99      2      0    .733    .66   1.74   .345   .533   .337   2.47   .340  -.009   3
 108 AC243A   1635 1713     79      1      0    .727   1.41   3.82   .885   .294   .571   2.40   .534   .030   2
 109 AC244A   1649 1979    331     11      0    .776    .68   1.69   .350   .619   .377   2.34   .355   .004   3
 110 AC244B   1694 1970    277      9      0    .833    .70   1.91   .364   .553   .406   2.63   .380  -.017   3
 111 AC247A   1747 1880    134      4      0    .570   1.48   4.64   .869   .672   .365   1.80   .346   .029   1
 112 AC249A   1690 1870    181      5      0    .686    .81   1.58   .304   .490   .309   1.57   .285  -.037   3
 113 AC249B   1720 1880    161      5      0    .707    .81   1.80   .333   .516   .336   1.74   .313  -.044   3
 114 AC250A   1621 1810    190      6      0    .713    .65   3.12   .510   .511   .527   2.44   .454   .035   0
 115 AC251A   1475 1620    146      3      0    .696    .66   1.64   .324   .511   .448   2.11   .391  -.003   1
 116 AC251B   1455 1557    103      1      0    .601    .79   1.90   .369   .427   .387   1.93   .391   .021   1
 117 AC252A   1730 1816     87      1      0    .703    .74   1.65   .354   .298   .494   2.30   .416   .040   0
 118 AC253A   1623 1738    116      3      0    .604   1.36   3.42   .667   .580   .373   2.29   .350  -.025   1
 119 AC255A   1729 1878    150      4      0    .758   1.16   4.37   .764   .695   .416   2.14   .376   .007   1
 120 AC255B   1728 1871    144      3      0    .733   1.07   3.81   .730   .736   .377   1.90   .336  -.008   3
 121 AC257A   1677 1918    242      7      0    .661    .63   2.48   .470   .808   .376   1.93   .347  -.011   1
 122 AC257B   1685 1840    156      4      0    .782    .87   2.78   .599   .692   .484   2.08   .420   .075   0
 123 AC259A   1663 1880    218      7      0    .765    .90   2.30   .493   .674   .398   1.81   .340  -.030   3
 124 AC259B   1662 1871    210      6      0    .736    .88   2.85   .612   .767   .370   1.94   .353   .014   1
 125 AC260A   1630 1863    234      7      0    .653    .92   2.31   .461   .647   .344   2.07   .330  -.009   1
 126 AC260B   1639 1863    225      7      0    .641    .92   2.31   .462   .636   .331   2.02   .328  -.005   1
 127 AC261A   1724 1910    187      5      0    .734    .92   1.94   .405   .440   .413   1.73   .351  -.016   3
 128 AC261B   1724 1924    201      7      0    .732    .88   2.30   .450   .504   .417   2.31   .377  -.011   1
 129 AC261C   1713 1930    218      7      0    .677    .76   1.96   .325   .388   .398   1.89   .347  -.002   1
 130 AC262A   1754 1970    217      6      0    .555    .88   3.01   .491   .621   .374   2.34   .365   .041   1
 131 AC262B   1724 1807     84      2      0    .567   1.01   2.41   .478   .681   .287   1.89   .289   .003   1
 132 AC262C   1809 1910    102      2      0    .632    .84   1.80   .346   .527   .344   2.00   .330   .008   1
 133 AC263A   1507 1796    290      9      0    .617    .53   1.18   .226   .480   .342   1.83   .320   .003   1
 134 AC263B   1507 1799    293     10      0    .655    .54   1.57   .243   .538   .335   2.30   .325   .006   1
 135 AC263C   1496 1750    255      9      0    .599    .50   1.65   .211   .516   .353   2.15   .328  -.002   1
 136 AC265A   1523 1730    208      7      0    .811    .87   2.30   .398   .522   .383   1.86   .328   .013   1
 137 AC266A   1628 1864    237      7      0    .577    .94   2.10   .332   .602   .260   1.57   .240  -.008   1
 138 AC266B   1628 1800    173      5      0    .613   1.07   2.18   .312   .436   .259   1.53   .231   .010   2
 139 AC265B   1530 1730    201      6      0    .802    .86   2.50   .403   .543   .373   1.87   .324   .005   1
 140 AC265C   1531 1730    200      6      0    .789    .85   2.73   .395   .517   .389   1.85   .339   .030   1
 141 AC267A   1681 1930    250      8      1    .495    .73   2.78   .495   .790   .322   1.97   .302   .005   2
 142 AC268A   1533 1613     81      1      0    .574   1.16   2.97   .609   .457   .411   1.83   .348   .076   0
 143 AC268B   1614 1650     37      0      0    .527   1.67   3.70   .804   .272   .427   1.97   .425   .161   0
 144 AC268C   1651 1776    126      3      0    .587   1.27   3.39   .705   .520   .414   1.99   .386   .048   1
 145 AC269A   1663 1770    108      2      0    .507   1.03   3.31   .706   .805   .293   1.78   .285  -.014   1
 146 AC269B   1663 1856    194      6      0    .636    .82   3.32   .587   .821   .329   1.85   .309  -.022   1
 147 AC270A   1754 1881    128      3      0    .775   1.50   3.63   .721   .580   .357   1.88   .334   .029   1
 --- -------- ---------  -----  -----  -----   ------ -----  -----  -----  -----  -----  -----  -----  -----  --
 Total or mean:          25790    716      2    .746    .74   7.09   .438   .515   .433   4.39   .395  -.002

 DATA CHECKS (rwl.check): ca614
-----------------------------------------------------------------------------------------------------------------------------------
 rwl.check: data_files/treering/measurements/northamerica/usa/ca614.rwl
 147 series, 25790 measurements, 1455-2004, 0.001 mm precision
 0 error(s), 0 warning(s), 5 note(s)
 -------------
 Nothing to report at this severity.
 5 note(s) not shown; see rwl.check() or the 'check' element of this report.

 NOTES
-----------------------------------------------------------------------------------------------------------------------------------
 Report generated using dplR 1.8.1 (R 4.5.2) on 2026-10-01 16:58 PDT.
 Measurement file ca614.rwl, MD5 ce9e4b108ed27e2f40be405c7ca656ef.
 Filtering: each series divided by a 32-year smoothing spline (caps()), then prewhitened with
   an AR model (order by AIC, at most 3).
 Master: biweight robust mean of the other series (leave-one-out).
 Correlation: Pearson, one-tailed, pcrit = 0.01; critical r = 0.3281 for 50-year segments.
 Segments: 50 years, lagged 25, first segment floored to 100. Lags searched: +/- 10 years.
 A segment is tested only where the series and the master cover all of it, at the dated
   position and at every lag. COFECHA also tests partial segments at the ends of a series, so
   series here may show fewer segments, and no flags can be raised at the ends of the record.
 Lags follow COFECHA: negative means rings are probably missing from the series, positive means
   false rings. A missing ring carries its lag into every segment before it, so look where the
   lag changes along a series. A B flag is a hypothesis to check on the wood; the gain says how
   seriously to take it.
 A B flag marked "weak at every lag" correlates under the critical value even at its best lag:
   the segment is weak wherever it is placed, and the shift is not evidence of a dating error.
   Treat it as a low correlation, like an A.
 Averages in the summary and the totals are weighted by the number of years in each series, as
   COFECHA's are.
 Unfiltered block and mean sensitivity: the measurements as read, and sens1().
 dplR filtered block: the series that was correlated, after filtering. COFECHA's filtered
   series is defined differently, so these three columns are not COFECHA's numbers.
 AR: order of the AR model used to prewhiten.
