
 COFECHA-style crossdating report: ca625
 Report generated using dplR 1.8.1 (R 4.5.2) on 2026-10-01 16:54 PDT
 Built with dplR's xdate.report(), not COFECHA; see the notes at the end.


      Measurement file name  : ca625.rwl
      MD5 of measurement file: 02db726f1778e821c9680db07e605e85
      Date checked           : 01OCT26
      Beginning year         : 1510
      Ending year            : 2003
      Principal investigators: Stahle, D.W.; Therrell, M.D.
      Site name              : Pacheco Pass State Park
      Species information    : QUDG Quercus douglasii Hook. and Arn.
      Latitude               : 37.0500 N
      Longitude              : 121.0000 W
      Elevation              : 396 m

      Series intercorrelation: 0.773
      Avg mean sensitivity   : 0.478
      Avg standard deviation : 0.477
      Avg autocorrelation    : 0.401
      Number dated series    : 140
      Segment length tested  : 50

      Number problem segments: 0  (A 0, B 0)
      Pct problem segments   : 0.00


 CORRELATION OF SERIES BY SEGMENTS: ca625
-----------------------------------------------------------------------------------------------------------------------------------
 Correlations of  50-year dated segments, lagged  25 years
 Flags:  A = correlation under   .3281 but highest as dated;  B = correlation higher at other than dated position

 Seq Series  Time_span  1600 1625 1650 1675 1700 1725 1750 1775 1800 1825 1850 1875 1900 1925 1950 
                        1649 1674 1699 1724 1749 1774 1799 1824 1849 1874 1899 1924 1949 1974 1999 
 --- -------- ---------  ---- ---- ---- ---- ---- ---- ---- ---- ---- ---- ---- ---- ---- ---- ---- 
   1 PPP01B   1892 1996                                                              .83  .82      
   2 PPP02A   1633 1996            .94  .86  .85  .90  .90  .85  .86  .86  .65  .64  .83  .85      
   3 PPP02B   1607 1996       .96  .94  .88  .83  .82  .86  .89  .91  .88  .78  .75  .79  .81      
   4 PPP02C   1617 1996       .94  .93  .86  .82  .85  .90  .90  .88  .91  .85  .79  .82  .83      
   5 PPP03A   1827 1996                                                    .88  .84  .84  .84      
   6 PPP03B   1837 1996                                                    .87  .84  .80  .84      
   7 PPP05A   1868 1996                                                         .81  .87  .91      
   8 PPP05B   1880 1996                                                              .87  .88      
   9 PPP06A   1816 1996                                               .85  .80  .79  .81  .81      
  10 PPP06B   1834 1996                                                    .86  .81  .84  .80      
  11 PPP07A   1740 1975                                .84  .84  .78  .81  .84  .88  .89  .87      
  12 PPP07B   1742 1996                                .82  .84  .76  .82  .82  .84  .84  .83      
  13 PPP07C   1742 1996                                .88  .86  .84  .84  .84  .85  .88  .89      
  14 PPP08A   1788 1900                                          .90  .90  .84                     
  15 PPP08B   1833 1996                                                    .79  .78  .83  .84      
  16 PPP09A   1764 1910                                     .83  .84  .80  .77                     
  17 PPP09B   1794 1950                                          .70  .87  .84  .81  .77           
  18 PPP10A   1791 1996                                          .77  .79  .84  .87  .89  .83      
  19 PPP10B   1782 1996                                          .71  .78  .85  .84  .83  .85      
  20 PPP11A   1896 1996                                                              .88  .92      
  21 PPP11B   1866 1996                                                         .73  .85  .89      
  22 PPP13A   1650 1996                 .56  .77  .79  .75  .77  .87  .88  .82  .76  .83  .84      
  23 PPP13B   1718 1996                           .81  .79  .77  .84  .89  .87  .86  .87  .81      
  24 PPP13C   1714 1996                           .69  .81  .89  .86  .83  .83  .81  .82  .77      
  25 PPP14A   1808 1996                                               .91  .88  .79  .81  .83      
  26 PPP14B   1807 1996                                               .82  .86  .78  .80  .82      
  27 PPP14C   1875 1996                                                         .80  .79  .79      
  28 PPP15A   1671 1996                 .60  .77  .75  .70  .72  .80  .85  .80  .74  .79  .80      
  29 PPP15B   1673 1996                 .57  .83  .81  .80  .77  .83  .83  .73  .64  .72  .80      
  30 PPP17A   1753 1996                                     .82  .78  .81  .83  .82  .80  .82      
  31 PPP18A   1666 1996                 .68  .61  .59  .64  .63  .48  .50  .48  .40  .58  .67      
  32 PPP18B   1683 1996                      .54  .53  .67  .60  .60  .73  .70  .45  .44  .45      
  33 PPP18C   1657 1996                 .61  .71  .72  .65  .53  .52  .68  .70  .54  .59  .55      
  34 PPP19A   1760 1996                                     .81  .84  .91  .85  .81  .90  .85      
  35 PPP19B   1737 1996                                .87  .89  .88  .87  .85  .88  .93  .90      
  36 PPP20A   1847 1996                                                    .81  .62  .67  .69      
  37 PPP20B   1826 1996                                                    .74  .57  .70  .69      
  38 PPP22A   1726 1996                                .64  .76  .74  .84  .80  .74  .83  .83      
  39 PPP22B   1763 1996                                     .86  .83  .80  .75  .82  .90  .83      
  40 PPP23A   1670 1996                 .65  .76  .69  .69  .70  .75  .79  .73  .74  .71  .73      
  41 PPP23C   1698 1996                           .78  .84  .57  .58  .87  .76  .66  .80  .81      
  42 PPP24A   1709 1996                           .73  .67  .65  .64  .78  .74  .70  .77  .72      
  43 PPP25A   1811 1996                                               .82  .81  .74  .77  .83      
  44 PPP25B   1665 1996                 .74  .56  .53  .69  .73  .76  .77  .61  .60  .76  .78      
  45 PPP26A   1823 1996                                               .79  .80  .77  .81  .90      
  46 PPP26B   1795 1996                                          .74  .81  .80  .78  .83  .80      
  47 PPP28A   1810 1996                                               .84  .86  .91  .93  .93      
  48 PPP28B   1868 1996                                                         .85  .91  .93      
  49 PPP29A   1846 1996                                                    .62  .70  .84  .90      
  50 PPP29B   1881 1996                                                              .86  .88      
  51 PPP30A   1817 1996                                               .86  .80  .61  .72  .87      
  52 PPP30B   1860 1996                                                         .73  .80  .86      
  53 PPP31A   1738 1996                                .78  .81  .88  .75  .72  .69  .52  .59      
  54 PPP32A   1750 1996                                     .85  .83  .85  .82  .81  .85  .81      
  55 PPP32B   1755 1996                                     .80  .82  .84  .80  .79  .86  .86      
  56 PPP33A   1754 1907                                     .73  .79  .85  .80                     
  57 PPP33B   1781 1996                                          .72  .73  .77  .77  .83  .77      
  58 PPP34A   1807 1996                                               .78  .70  .72  .79  .72      
  59 PPP34B   1832 1996                                                    .76  .73  .80  .77      
  60 PPP35A   1804 1996                                               .77  .80  .74  .78  .71      
  61 PPP35B   1785 1996                                          .74  .70  .55  .64  .85  .77      
  62 PPP37A   1851 1996                                                         .89  .89  .88      
  63 PPP38A   1804 1996                                               .79  .70  .76  .82  .80      
  64 PPP38B   1837 1996                                                    .75  .79  .75  .75      
  65 PPP40A   1882 1996                                                              .68  .65      
  66 PPP40B   1822 1940                                               .72  .68  .55                
  67 PPP41A   1860 1996                                                         .64  .74  .75      
  68 PPP42A   1837 1996                                                    .77  .78  .85  .90      
  69 PPP42B   1836 1996                                                    .79  .75  .82  .82      
  70 PPP43A   1788 1996                                          .74  .80  .70  .71  .87  .90      
  71 PPP44B   1881 1996                                                              .73  .83      
  72 PPP44C   1892 1996                                                              .79  .80      
  73 PPP45A   1850 1996                                                    .77  .77  .79  .83      
  74 PPP45B   1774 1996                                     .64  .65  .73  .63  .66  .80  .89      
  75 PPP46A   1733 1996                                .93  .89  .86  .90  .80  .69  .58  .65      
  76 PPP47A   1720 1996                           .77  .83  .84  .87  .85  .81  .84  .86  .87      
  77 PPP47B   1729 1996                                .86  .86  .87  .90  .85  .75  .79  .85      
  78 PPP48A   1901 1996                                                                   .85      
  79 PPP48B   1912 1996                                                                   .87      
  80 PP201A   1840 2003                                                    .35  .71  .67  .73  .77 
  81 PP202A   1868 2003                                                         .66  .79  .80  .83 
  82 PP203A   1831 2003                                                    .81  .75  .69  .72  .74 
  83 PP204A   1912 2003                                                                   .77  .89 
  84 PP205A   1833 2003                                                    .76  .86  .78  .75  .80 
  85 PP207A   1868 2003                                                         .77  .84  .87  .91 
  86 PP209A   1870 2003                                                         .91  .83  .81  .83 
  87 PP210A   1848 1945                                                    .76  .79                
  88 PP211A   1892 2003                                                              .89  .88  .81 
  89 PP212A   1826 1982                                                    .87  .82  .85  .83      
  90 PP214A   1930 2003                                                                        .82 
  91 PP215A   1814 2003                                               .77  .82  .87  .91  .86  .87 
  92 PP216A   1814 2003                                               .91  .90  .86  .90  .90  .84 
  93 PP217A   1915 2003                                                                   .73  .74 
  94 PP218A   1920 2003                                                                   .71  .57 
  95 PP219A   1763 2003                                     .80  .85  .92  .91  .85  .87  .89  .83 
  96 PP220A   1848 2003                                                         .83  .88  .90  .86 
  97 PP221A   1844 2003                                                    .53  .78  .55  .54  .85 
  99 PP223A   1826 2003                                                    .89  .89  .94  .94  .93 
 100 PP224A   1883 2003                                                              .85  .85  .83 
 101 PP225A   1881 2003                                                              .86  .85  .87 
 102 PP226A   1885 2003                                                              .92  .87  .83 
 103 PP227A   1890 2003                                                              .84  .80  .85 
 104 PP228A   1857 1939                                                         .78                
 105 PP229A   1829 2003                                                    .75  .88  .85  .84  .84 
 106 PP230A   1923 1980                                                                   .63      
 107 PP231A   1888 2003                                                              .84  .82  .64 
 108 PP232A   1880 2003                                                              .80  .76  .69 
 109 PP233A   1884 1998                                                              .79  .78      
 110 PP234A   1853 2003                                                         .86  .85  .75  .74 
 111 PP236A   1852 2003                                                         .55  .50  .63  .65 
 112 PP237A   1850 2003                                                         .60  .90  .83  .77 
 113 PP240A   1859 2003                                                         .73  .85  .80  .69 
 114 PP241A   1786 1910                                          .77  .74  .71                     
 115 PP242A   1598 1822  .81  .92  .86  .76  .74  .72  .80                                         
 116 PP242B   1598 1813  .77  .91  .89  .79  .74  .71  .78                                         
 117 PP243A   1782 1930                                          .74  .81  .81  .78                
 118 PP244A   1510 1840  .74  .83  .85  .84  .86  .89  .92  .90                                    
 119 PP244B   1510 1837  .78  .84  .85  .78  .87  .90  .80  .68                                    
 120 PP245A   1684 1840                      .75  .79  .86  .82                                    
 121 PP246A   1787 1979                                          .86  .85  .82  .86  .86  .90      
 122 PP247A   1679 1788                      .78  .79                                              
 123 PP247B   1679 1808                      .77  .77  .84                                         
 124 PP248A   1548 1800  .93  .95  .94  .85  .79  .80  .89                                         
 125 PP248B   1548 1832  .93  .85  .75  .77  .79  .79  .83  .83                                    
 126 PP248C   1548 1800  .93  .68  .60  .84  .82  .80  .85                                         
 127 PP249A   1692 1950                      .79  .87  .92  .92  .90  .93  .90  .85  .86           
 128 PP250A   1590 1810  .95  .93  .86  .80  .85  .85  .82                                         
 129 PP250B   1590 1796  .93  .93  .90  .85  .87  .88                                              
 130 PP251A   1758 1887                                     .65  .56  .62                          
 131 PP252A   1695 1850                      .76  .79  .84  .80  .80                               
 132 PP253A   1762 1914                                     .69  .70  .78  .76                     
 133 PP254A   1768 1864                                     .76  .73                               
 134 PP255A   1780 1905                                          .70  .75  .78                     
 135 PP256A   1660 1824                 .66  .72  .74  .81  .87                                    
 136 PP256B   1660 1810                 .70  .72  .66  .78                                         
 137 PP257A   1710 1890                           .67  .60  .59  .77  .72                          
 138 PP258A   1689 1780                      .78  .80                                              
 139 PP259A   1736 1880                                .80  .83  .69  .70                          
 140 PP260A   1779 1882                                          .67  .74                          
 Av segment correlation  .86  .89  .86  .74  .77  .76  .80  .78  .77  .81  .78  .76  .80  .81  .80 

 FLAGGED SEGMENTS: ca625
-----------------------------------------------------------------------------------------------------------------------------------
 None.

 DESCRIPTIVE STATISTICS: ca625
-----------------------------------------------------------------------------------------------------------------------------------

                                                Corr   //-------- Unfiltered --------\\  //-- dplR filtered --\\
                           No.    No.    No.    with   Mean   Max     Std   Auto   Mean   Max     Std   Auto  AR
 Seq Series   Interval   Years  Segmt  Flags   Master  msmt   msmt    dev   corr   sens  value    dev   corr  ()
 --- -------- ---------  -----  -----  -----   ------ -----  -----  -----  -----  -----  -----  -----  -----  --
   1 PPP01B   1892 1996    105      2      0    .810   1.21   3.35   .643   .450   .421   1.98   .386   .066   0
   2 PPP02A   1633 1996    364     12      0    .822    .61   2.72   .418   .350   .551   2.97   .480   .006   3
   3 PPP02B   1607 1996    390     13      0    .837    .55   2.22   .355   .320   .537   2.87   .476  -.011   3
   4 PPP02C   1617 1996    380     13      0    .861    .64   2.58   .435   .254   .602   3.27   .530  -.003   3
   5 PPP03A   1827 1996    170      4      0    .826    .93   2.94   .513   .462   .450   2.30   .400   .000   2
   6 PPP03B   1837 1996    160      4      0    .867   1.04   2.97   .527   .250   .462   2.45   .430   .071   0
   7 PPP05A   1868 1996    129      3      0    .837   1.21   3.13   .683   .234   .557   2.32   .492  -.009   3
   8 PPP05B   1880 1996    117      2      0    .824   1.58   5.59  1.127   .417   .552   2.24   .487   .003   3
   9 PPP06A   1816 1996    181      5      0    .806    .99   3.60   .533   .495   .423   2.08   .400   .011   1
  10 PPP06B   1834 1996    163      4      0    .833    .81   1.87   .401   .439   .403   2.03   .390   .011   1
  11 PPP07A   1740 1975    236      8      0    .827    .83   3.05   .540   .484   .553   2.50   .493   .044   0
  12 PPP07B   1742 1996    255      8      0    .824    .67   3.14   .494   .535   .549   2.60   .510  -.002   1
  13 PPP07C   1742 1996    255      8      0    .852    .82   2.71   .468   .267   .577   2.92   .514  -.016   3
  14 PPP08A   1788 1900    113      3      0    .835   1.02   4.36   .888   .618   .651   2.65   .520  -.040   0
  15 PPP08B   1833 1996    164      4      0    .808    .78   3.00   .529   .232   .622   2.53   .580  -.010   2
  16 PPP09A   1764 1910    147      4      0    .802    .91   2.69   .593   .487   .536   3.04   .482  -.021   0
  17 PPP09B   1794 1950    157      5      0    .759    .96   3.27   .537   .256   .561   2.25   .481  -.006   0
  18 PPP10A   1791 1996    206      6      0    .800    .68   4.72   .582   .608   .579   2.53   .490  -.024   3
  19 PPP10B   1782 1996    215      6      0    .817    .68   3.66   .604   .594   .566   2.51   .502  -.018   3
  20 PPP11A   1896 1996    101      2      0    .861    .93   2.20   .460   .291   .495   2.16   .444  -.008   3
  21 PPP11B   1866 1996    131      3      0    .815    .87   2.37   .486   .366   .514   2.12   .473   .010   1
  22 PPP13A   1650 1996    347     11      0    .688    .63   1.74   .321   .386   .484   2.45   .432  -.004   1
  23 PPP13B   1718 1996    279      9      0    .830    .87   2.33   .448   .470   .455   2.05   .391   .005   1
  24 PPP13C   1714 1996    283      9      0    .811    .80   2.05   .361   .262   .434   2.12   .389  -.006   3
  25 PPP14A   1808 1996    189      5      0    .837   1.18   4.14   .726   .371   .532   2.42   .462  -.013   1
  26 PPP14B   1807 1996    190      5      0    .788    .89   2.76   .538   .279   .544   2.39   .488  -.028   3
  27 PPP14C   1875 1996    122      3      0    .767    .97   3.20   .576   .416   .469   2.25   .414   .086   0
  28 PPP15A   1671 1996    326     11      0    .741    .55   1.80   .274   .626   .335   2.10   .309  -.025   3
  29 PPP15B   1673 1996    324     11      0    .750    .63   2.26   .345   .684   .340   2.09   .326   .004   1
  30 PPP17A   1753 1996    244      7      0    .786    .70   1.94   .338   .534   .387   2.26   .367   .008   1
  31 PPP18A   1666 1996    331     11      0    .575    .53   2.02   .300   .592   .342   2.29   .351   .008   2
  32 PPP18B   1683 1996    314     10      0    .528    .57   2.06   .309   .563   .395   3.03   .378  -.001   1
  33 PPP18C   1657 1996    340     11      0    .589    .54   2.06   .232   .498   .312   2.72   .309  -.008   2
  34 PPP19A   1760 1996    237      7      0    .841    .87   1.89   .384   .443   .379   2.43   .352  -.025   3
  35 PPP19B   1737 1996    260      8      0    .875    .92   3.15   .463   .605   .356   2.23   .327  -.015   3
  36 PPP20A   1847 1996    150      4      0    .736   1.19   2.92   .503   .345   .392   1.81   .321  -.006   2
  37 PPP20B   1826 1996    171      4      0    .754    .90   2.60   .387   .242   .402   2.15   .364  -.015   2
  38 PPP22A   1726 1996    271      8      0    .726    .48   1.59   .262   .385   .450   2.50   .423   .065   0
  39 PPP22B   1763 1996    234      7      0    .796    .58   1.70   .290   .170   .499   2.36   .439   .027   0
  40 PPP23A   1670 1996    327     11      0    .730    .77   3.47   .448   .414   .439   2.46   .408  -.006   3
  41 PPP23C   1698 1996    299      9      0    .756    .83   2.74   .469   .487   .437   2.23   .387  -.018   3
  42 PPP24A   1709 1996    288      9      0    .687    .58   2.30   .355   .486   .429   2.81   .438   .013   1
  43 PPP25A   1811 1996    186      5      0    .783    .58   1.81   .259   .276   .409   2.35   .371   .023   0
  44 PPP25B   1665 1996    332     11      0    .681    .44   1.73   .220   .497   .382   2.38   .359   .005   1
  45 PPP26A   1823 1996    174      5      0    .807   1.08   4.87   .614   .478   .456   2.20   .406  -.009   1
  46 PPP26B   1795 1996    202      6      0    .764    .85   2.61   .423   .390   .418   2.66   .426  -.009   1
  47 PPP28A   1810 1996    187      5      0    .866    .97   2.47   .492   .167   .534   2.40   .455   .034   0
  48 PPP28B   1868 1996    129      3      0    .870    .96   3.04   .596   .423   .492   2.13   .450   .009   1
  49 PPP29A   1846 1996    151      4      0    .793   1.33   3.32   .552   .231   .383   2.22   .376   .092   0
  50 PPP29B   1881 1996    116      2      0    .827   1.74   3.84   .601   .123   .364   2.03   .318  -.009   0
  51 PPP30A   1817 1996    180      5      0    .784    .85   2.03   .365   .297   .393   2.21   .358   .105   0
  52 PPP30B   1860 1996    137      3      0    .826    .57   1.42   .261   .204   .453   2.27   .425   .117   0
  53 PPP31A   1738 1996    259      8      0    .705    .64   1.86   .373   .517   .478   2.60   .456   .006   1
  54 PPP32A   1750 1996    247      7      0    .829    .68   1.69   .318   .403   .440   1.95   .382   .009   1
  55 PPP32B   1755 1996    242      7      0    .826    .68   2.34   .374   .564   .404   2.03   .363  -.017   3
  56 PPP33A   1754 1907    154      4      0    .694    .65   3.64   .495   .653   .508   2.46   .449  -.001   1
  57 PPP33B   1781 1996    216      6      0    .727    .85   4.27   .542   .602   .444   2.94   .404   .002   3
  58 PPP34A   1807 1996    190      5      0    .746   1.05   2.14   .354   .164   .338   2.02   .313  -.003   2
  59 PPP34B   1832 1996    165      4      0    .796    .93   2.05   .363   .484   .318   1.90   .299   .013   1
  60 PPP35A   1804 1996    193      5      0    .701   1.05   3.42   .630   .426   .415   2.23   .391   .047   0
  61 PPP35B   1785 1996    212      6      0    .662    .82   3.65   .576   .672   .398   2.42   .395  -.015   3
  62 PPP37A   1851 1996    146      3      0    .839   1.04   2.25   .458   .179   .445   2.23   .396   .024   3
  63 PPP38A   1804 1996    193      5      0    .776   1.01   2.34   .452   .240   .416   2.48   .390  -.026   3
  64 PPP38B   1837 1996    160      4      0    .793   1.27   2.98   .611   .311   .450   2.40   .426  -.028   3
  65 PPP40A   1882 1996    115      2      0    .640    .98   3.61   .483   .534   .343   2.45   .358  -.019   3
  66 PPP40B   1822 1940    119      3      0    .655    .51   2.08   .361   .527   .520   2.96   .453  -.035   0
  67 PPP41A   1860 1996    137      3      0    .732    .55   1.82   .279   .383   .417   2.29   .399  -.002   2
  68 PPP42A   1837 1996    160      4      0    .857   1.02   2.15   .460   .153   .491   2.13   .422   .053   0
  69 PPP42B   1836 1996    161      4      0    .833    .76   1.63   .322   .234   .445   2.01   .391   .078   0
  70 PPP43A   1788 1996    209      6      0    .801    .67   2.03   .359   .221   .498   2.25   .438  -.007   3
  71 PPP44B   1881 1996    116      2      0    .779   1.16   3.79   .585   .483   .429   1.92   .381  -.000   2
  72 PPP44C   1892 1996    105      2      0    .788   1.23   3.24   .553   .282   .449   1.86   .383   .076   0
  73 PPP45A   1850 1996    147      4      0    .807    .61   1.45   .222   .260   .342   1.80   .296  -.014   0
  74 PPP45B   1774 1996    223      7      0    .749    .72   1.77   .342   .701   .267   1.77   .260   .007   1
  75 PPP46A   1733 1996    264      8      0    .820    .56   2.51   .347   .344   .542   2.60   .479   .003   1
  76 PPP47A   1720 1996    277      9      0    .829    .54   1.87   .288   .416   .422   2.67   .406   .001   2
  77 PPP47B   1729 1996    268      8      0    .811    .52   1.41   .237   .292   .382   2.53   .360   .023   0
  78 PPP48A   1901 1996     96      1      0    .866   1.01   3.11   .634   .188   .609   2.88   .575   .127   0
  79 PPP48B   1912 1996     85      1      0    .890   1.25   3.25   .827   .231   .630   2.68   .615   .148   0
  80 PP201A   1840 2003    164      5      0    .588    .87   3.62   .576   .378   .485   2.86   .492  -.006   1
  81 PP202A   1868 2003    136      4      0    .736    .59   1.71   .303   .439   .468   2.45   .431   .033   1
  82 PP203A   1831 2003    173      5      0    .756   1.11   3.10   .592   .462   .464   2.81   .426  -.001   1
  83 PP204A   1912 2003     92      2      0    .858   1.18   2.50   .512   .265   .416   2.23   .397   .137   0
  84 PP205A   1833 2003    171      5      0    .673    .74   2.96   .494   .417   .544   2.52   .488   .007   3
  85 PP207A   1868 2003    136      4      0    .849   1.21   4.06   .714   .517   .448   2.43   .437   .102   0
  86 PP209A   1870 2003    134      4      0    .831   1.12   3.29   .708   .200   .652   2.65   .579  -.005   3
  87 PP210A   1848 1945     98      2      0    .795    .71   2.45   .442   .189   .676   2.58   .570   .058   0
  88 PP211A   1892 2003    112      3      0    .828   1.01   3.03   .691   .370   .631   2.50   .568   .017   3
  89 PP212A   1826 1982    157      4      0    .838   1.04   4.40   .712   .301   .592   2.86   .512   .035   0
  90 PP214A   1930 2003     74      1      0    .817   1.36   4.13   .934   .230   .588   2.35   .561   .098   0
  91 PP215A   1814 2003    190      6      0    .840   1.06   3.50   .652   .406   .524   2.22   .458  -.012   3
  92 PP216A   1814 2003    190      6      0    .883    .84   2.71   .468   .153   .582   2.98   .511  -.007   0
  93 PP217A   1915 2003     89      2      0    .740    .64   1.77   .388   .604   .389   1.95   .377  -.020   2
  94 PP218A   1920 2003     84      2      0    .647    .62   2.41   .518   .669   .491   2.73   .519   .098   1
  95 PP219A   1763 2003    241      8      0    .849    .81   3.48   .509   .477   .463   2.37   .423   .003   1
  96 PP220A   1848 2003    156      4      0    .864    .56   1.69   .292   .358   .494   2.11   .441  -.017   3
  97 PP221A   1844 2003    160      5      0    .612   1.03   2.29   .477   .255   .467   2.13   .410  -.055   3
  98 PP222A   1949 2003     55      0      0    .798   1.17   4.55   .777   .261   .539   3.38   .620  -.035   2
  99 PP223A   1826 2003    178      5      0    .922   1.23   2.76   .585   .081   .550   2.11   .452   .002   0
 100 PP224A   1883 2003    121      3      0    .843   1.17   2.80   .639   .396   .527   2.18   .456  -.018   2
 101 PP225A   1881 2003    123      3      0    .844   1.01   2.18   .440   .346   .402   1.82   .361   .002   2
 102 PP226A   1885 2003    119      3      0    .839   1.87   5.02  1.082   .267   .546   2.27   .524   .008   3
 103 PP227A   1890 2003    114      3      0    .825   1.43   3.55   .627   .173   .452   2.36   .407  -.008   3
 104 PP228A   1857 1939     83      1      0    .801   1.28   2.90   .505   .210   .427   1.83   .345  -.042   3
 105 PP229A   1829 2003    175      5      0    .762    .69   1.89   .363   .291   .510   2.34   .441  -.001   3
 106 PP230A   1923 1980     58      1      0    .671    .97   2.45   .506   .422   .528   2.09   .468   .029   1
 107 PP231A   1888 2003    116      3      0    .703    .86   2.06   .435   .456   .426   2.54   .406  -.019   2
 108 PP232A   1880 2003    124      3      0    .720    .44   1.23   .211   .606   .388   1.77   .342   .021   1
 109 PP233A   1884 1998    115      2      0    .685    .95   2.87   .527   .213   .541   2.63   .468  -.006   2
 110 PP234A   1853 2003    151      4      0    .800    .79   3.03   .418   .582   .387   2.02   .349  -.011   3
 111 PP236A   1852 2003    152      4      0    .583    .53   2.50   .488   .773   .425   2.50   .397   .025   1
 112 PP237A   1850 2003    154      4      0    .708    .52   1.32   .264   .361   .480   2.44   .423   .012   1
 113 PP240A   1859 2003    145      4      0    .732    .72   1.70   .332   .408   .407   2.29   .352  -.060   3
 114 PP241A   1786 1910    125      3      0    .736    .90   2.52   .575   .016   .717   2.66   .591  -.106   0
 115 PP242A   1598 1822    225      7      0    .784    .91   3.67   .698   .122   .785   3.74   .698  -.042   0
 116 PP242B   1598 1813    216      7      0    .788    .82   3.75   .670   .187   .824   4.49   .727  -.028   0
 117 PP243A   1782 1930    149      4      0    .753    .83   2.55   .435   .273   .508   2.52   .465  -.029   3
 118 PP244A   1510 1840    331      8      0    .765    .81   4.52   .592   .543   .538   2.65   .463   .009   0
 119 PP244B   1510 1837    328      8      0    .737    .75   4.09   .612   .648   .552   2.36   .462  -.003   0
 120 PP245A   1684 1840    157      4      0    .746    .84   2.64   .454   .380   .453   2.31   .398   .081   0
 121 PP246A   1787 1979    193      6      0    .850    .87   2.32   .429   .376   .459   2.06   .402  -.018   3
 122 PP247A   1679 1788    110      2      0    .774   1.27   3.67   .786   .341   .532   2.48   .499   .001   1
 123 PP247B   1679 1808    130      3      0    .759   1.05   2.80   .642   .449   .542   2.43   .497   .122   0
 124 PP248A   1548 1800    253      7      0    .863    .66   2.12   .457   .587   .541   2.43   .456  -.004   2
 125 PP248B   1548 1832    285      8      0    .767    .60   2.36   .459   .622   .518   2.59   .452   .006   1
 126 PP248C   1548 1800    253      7      0    .756    .64   2.28   .441   .607   .502   2.88   .447  -.002   2
 127 PP249A   1692 1950    259      9      0    .867   1.11   4.84   .809   .649   .522   2.03   .433   .054   0
 128 PP250A   1590 1810    221      7      0    .852   1.32   4.48   .888   .144   .711   2.70   .595  -.006   3
 129 PP250B   1590 1796    207      6      0    .888   1.26   4.42   .843   .116   .719   3.05   .612  -.015   2
 130 PP251A   1758 1887    130      3      0    .608    .83   2.24   .379   .528   .351   2.03   .349   .032   1
 131 PP252A   1695 1850    156      5      0    .789   1.23   3.59   .619   .154   .483   2.28   .452  -.006   0
 132 PP253A   1762 1914    153      4      0    .704    .72   2.34   .410   .270   .508   2.57   .456  -.016   0
 133 PP254A   1768 1864     97      2      0    .677   1.77   4.93  1.172   .456   .545   2.40   .471   .030   0
 134 PP255A   1780 1905    126      3      0    .747   2.03   4.75   .856   .538   .374   1.91   .309  -.007   0
 135 PP256A   1660 1824    165      5      0    .721    .83   2.17   .434   .407   .486   2.04   .401   .004   0
 136 PP256B   1660 1810    151      4      0    .678    .78   2.21   .433   .382   .524   2.31   .444   .048   0
 137 PP257A   1710 1890    181      5      0    .649    .96   2.21   .389   .319   .415   2.10   .353  -.014   3
 138 PP258A   1689 1780     92      2      0    .762    .85   2.27   .479   .380   .476   2.01   .418   .139   0
 139 PP259A   1736 1880    145      4      0    .715   1.00   2.26   .426   .225   .452   2.21   .369  -.018   3
 140 PP260A   1779 1882    104      2      0    .614   1.35   3.31   .764   .399   .500   2.69   .441   .010   2
 --- -------- ---------  -----  -----  -----   ------ -----  -----  -----  -----  -----  -----  -----  -----  --
 Total or mean:          25800    721      0    .773    .84   5.59   .477   .401   .478   4.49   .431   .007

 DATA CHECKS (rwl.check): ca625
-----------------------------------------------------------------------------------------------------------------------------------
 rwl.check: data_files/treering/measurements/northamerica/usa/ca625.rwl
 140 series, 25800 measurements, 1510-2003, 0.001 mm precision
 0 error(s), 0 warning(s), 1 note(s)
 -------------
 Nothing to report at this severity.
 1 note(s) not shown; see rwl.check() or the 'check' element of this report.

 NOTES
-----------------------------------------------------------------------------------------------------------------------------------
 Report generated using dplR 1.8.1 (R 4.5.2) on 2026-10-01 16:54 PDT.
 Measurement file ca625.rwl, MD5 02db726f1778e821c9680db07e605e85.
 Filtering: each series divided by a 32-year smoothing spline (caps()), then prewhitened with
   an AR model (order by AIC, at most 3).
 Master: biweight robust mean of the other series (leave-one-out).
 Correlation: Pearson, one-tailed, pcrit = 0.01; critical r = 0.3281 for 50-year segments.
 Segments: 50 years, lagged 25, first segment floored to 100. Lags searched: +/- 10 years.
 A segment is tested only where the series and the master cover all of it, at the dated
   position and at every lag. COFECHA also tests partial segments at the ends of a series, so
   series here may show fewer segments, and no flags can be raised at the ends of the record.
 Lags follow COFECHA: negative means rings are probably missing from the series, positive means
   false rings. A missing ring carries its lag into every segment before it, so look where the
   lag changes along a series. A B flag is a hypothesis to check on the wood; the gain says how
   seriously to take it.
 A B flag marked "weak at every lag" correlates under the critical value even at its best lag:
   the segment is weak wherever it is placed, and the shift is not evidence of a dating error.
   Treat it as a low correlation, like an A.
 Averages in the summary and the totals are weighted by the number of years in each series, as
   COFECHA's are.
 Unfiltered block and mean sensitivity: the measurements as read, and sens1().
 dplR filtered block: the series that was correlated, after filtering. COFECHA's filtered
   series is defined differently, so these three columns are not COFECHA's numbers.
 AR: order of the AR model used to prewhiten.
