
 COFECHA-style crossdating report: ca654
 Report generated using dplR 1.8.1 (R 4.5.2) on 2026-10-01 16:57 PDT
 Built with dplR's xdate.report(), not COFECHA; see the notes at the end.


      Measurement file name  : ca654.rwl
      MD5 of measurement file: 68f59192c3b9233fd055d33b719fb82f
      Date checked           : 01OCT26
      Beginning year         : 1601
      Ending year            : 2005
      Principal investigators: Stahle, D.W.; Griffin, R.D.; Therrell, M.D.
      Site name              : Dye Creek Preserve
      Species information    : QUDG Quercus douglasii Hook. and Arn.
      Latitude               : 40.0900 N
      Longitude              : 122.0300 W
      Elevation              : 143 m

      Series intercorrelation: 0.608
      Avg mean sensitivity   : 0.262
      Avg standard deviation : 0.393
      Avg autocorrelation    : 0.651
      Number dated series    : 92
      Segment length tested  : 50

      Number problem segments: 4  (A 1, B 3)
      Pct problem segments   : 1.19


 CORRELATION OF SERIES BY SEGMENTS: ca654
-----------------------------------------------------------------------------------------------------------------------------------
 Correlations of  50-year dated segments, lagged  25 years
 Flags:  A = correlation under   .3281 but highest as dated;  B = correlation higher at other than dated position

 Seq Series  Time_span  1700 1725 1750 1775 1800 1825 1850 1875 1900 1925 1950 
                        1749 1774 1799 1824 1849 1874 1899 1924 1949 1974 1999 
 --- -------- ---------  ---- ---- ---- ---- ---- ---- ---- ---- ---- ---- ---- 
   1 DYE01A   1910 2005                                               .62  .70 
   2 DYE02A   1939 2005                                                    .80 
   3 DYE03A   1910 2005                                               .57  .48 
   4 DYE04A   1868 2005                                     .58  .70  .82  .72 
   5 DYE05A   1919 2005                                               .56  .50 
   6 DYE06A   1948 2005                                                    .69 
   7 DYE07A   1840 2005                                .55  .46  .46  .66  .69 
   8 DYE09A   1850 2005                                .62  .63  .52  .54  .60 
   9 DYE10A   1940 2005                                                    .78 
  11 DYE12A   1931 2005                                                    .78 
  12 DYE13A   1890 2005                                          .62  .69  .67 
  13 DYE14A   1913 2005                                               .71  .64 
  14 DYE15A   1839 2005                                .62  .49  .47  .63  .55 
  15 DYE16A   1920 2005                                               .40  .66 
  16 DYE17A   1860 2005                                     .65  .80  .80  .66 
  17 DYE18A   1892 2005                                          .74  .74  .42 
  18 DYE19A   1928 2005                                                    .63 
  19 DYE20A   1900 2005                                               .61  .62 
  20 DYE21A   1883 2005                                          .66  .66  .71 
  21 DYE23A   1872 2005                                     .67  .48  .48  .65 
  22 DYE24A   1916 2005                                               .60  .74 
  23 DYE26A   1889 2005                                          .34B .55  .61 
  24 DYE27A   1895 1959                                          .66           
  26 DYE29A   1871 2005                                     .63  .68  .67  .72 
  27 DYE30A   1927 2005                                                    .61 
  28 DYE31A   1923 2005                                               .69  .73 
  29 DYE32A   1950 2005                                                    .60 
  30 DYE33A   1898 2005                                          .58  .57  .64 
  31 DYE34A   1920 2005                                               .71  .68 
  32 DYE36A   1878 2005                                          .47  .70  .77 
  33 DYE38A   1882 2005                                          .55  .57  .66 
  34 DYE39A   1872 2005                                     .73  .64  .50  .56 
  35 DYE40A   1902 2005                                               .68  .74 
  36 DYE41A   1747 1899            .49  .58  .62  .60  .38                     
  37 DYE42A   1949 2005                                                    .59 
  38 DYE44A   1944 2005                                                    .64 
  39 DYE47A   1750 2005            .53  .63  .66  .74  .54  .32A .47  .48  .41 
  40 DYE48A   1858 2005                                     .72  .76  .71  .72 
  41 DYE48B   1845 2005                                .74  .71  .69  .71  .72 
  42 DYE49A   1852 2005                                     .70  .67  .74  .75 
  43 DYE51A   1789 1939                      .60  .50  .54  .63                
  44 DYE52A   1767 2004                 .60  .50  .63  .67  .60  .55  .56  .54 
  45 DYE52B   1767 2005                 .57  .62  .64  .66  .70  .63  .52  .53 
  46 DYE53A   1731 2005            .76  .62  .66  .69  .61  .55  .53  .63  .65 
  47 DYE55A   1850 1960                                     .64  .42           
  48 DYE58A   1715 2005       .68  .70  .55  .69  .69  .57  .54  .48  .49  .45 
  49 DYE59A   1757 2005                 .62  .75  .74  .62  .65  .58  .57  .51 
  50 DYE62A   1808 2005                           .55  .51  .46  .54  .57  .54 
  51 DYE63A   1782 2005                      .72  .71  .73  .75  .79  .68  .39 
  52 DYE65A   1891 2005                                          .60  .59  .62 
  53 DYE67A   1846 2005                                .75  .74  .65  .60  .55 
  54 DYE68B   1800 2005                           .58  .56  .57  .34  .38  .57 
  55 DYE69A   1785 2005                      .67  .66  .52  .57  .63  .53  .66 
  56 DYE70A   1895 2005                                          .48  .59  .56 
  57 DYE70B   1911 2005                                               .58  .65 
  58 DYE71A   1720 1791       .60                                              
  59 DYE77A   1724 1903            .66  .61  .68  .80  .80                     
  60 DYE78A   1757 1863                 .72  .81                               
  61 DYE81A   1732 1835            .67  .69                                    
  62 DYE83A   1606 1808  .53  .65  .66                                         
  63 DYE83B   1606 1760  .63                                                   
  64 DYE85A   1618 1861  .65  .72  .73  .46  .46                               
  66 DYE87A   1747 1965            .63  .58  .45  .48  .71  .71  .58           
  67 DYE87B   1770 1908                 .67  .73  .72  .66                     
  68 DYE88A   1745 1901            .63  .78  .78  .73  .50                     
  69 DYE89A   1614 1816  .58  .70  .67                                         
  70 DYE90B   1626 1829  .34  .53  .38  .43                                    
  71 DYE93A   1731 1894            .63  .51  .69  .77                          
  72 DYE93B   1729 1973            .67  .50  .52  .64  .70  .66  .55           
  73 DYE98A   1737 1888            .71  .65  .69  .62                          
  74 DYE98B   1717 1843       .79  .75  .67                                    
  75 DYE101A  1666 1844  .65  .61  .42  .38B                                   
  76 DYE102A  1694 1876  .66  .51  .44  .43  .54  .65                          
  77 DYE103A  1696 1855  .44  .67  .75  .58  .71                               
  78 DYE105A  1698 1871  .47  .72  .64  .51  .54                               
  79 DYE106A  1651 1850  .74  .72  .68  .61  .74                               
  80 DYE106B  1652 1843  .59  .53  .59  .68                                    
  81 DYE106C  1653 1848  .73  .71  .64  .64                                    
  82 DYE107A  1654 1800  .89  .82  .66                                         
  83 DYE108A  1617 1769  .63                                                   
  84 DYE108B  1623 1920  .64  .64  .40  .35  .40  .54  .51                     
  85 DYE109A  1631 1892  .62  .67  .53  .38  .44  .61                          
  86 DYE109B  1631 1889  .55  .55  .65  .51  .55  .63                          
  89 DYE111A  1630 1855  .83  .74  .37  .24B .59                               
  90 DYE111B  1652 1859  .84  .69  .47  .47  .54                               
  91 DYE112A  1601 1859  .47  .51  .66  .75  .82                               
  92 DYE112B  1615 1844  .45  .54  .51  .36                                    
 Av segment correlation  .62  .65  .60  .56  .63  .65  .61  .62  .58  .61  .63 

 FLAGGED SEGMENTS: ca654
-----------------------------------------------------------------------------------------------------------------------------------
 Seq Series   Segment    Flag  r dated  Best lag  r at lag   Gain  Note
 --- -------- ---------  ----  -------  --------  --------  -----  -----------------
  23 DYE26A   1900 1949     B     .342         5      .343   .002
  39 DYE47A   1875 1924     A     .322         0
  75 DYE101A  1775 1824     B     .377         1      .389   .011
  89 DYE111A  1775 1824     B     .236         7      .428   .192

 DESCRIPTIVE STATISTICS: ca654
-----------------------------------------------------------------------------------------------------------------------------------

                                                Corr   //-------- Unfiltered --------\\  //-- dplR filtered --\\
                           No.    No.    No.    with   Mean   Max     Std   Auto   Mean   Max     Std   Auto  AR
 Seq Series   Interval   Years  Segmt  Flags   Master  msmt   msmt    dev   corr   sens  value    dev   corr  ()
 --- -------- ---------  -----  -----  -----   ------ -----  -----  -----  -----  -----  -----  -----  -----  --
   1 DYE01A   1910 2005     96      2      0    .647    .46   1.19   .208   .754   .235   2.13   .266  -.050   1
   2 DYE02A   1939 2005     67      1      0    .784   1.20   2.57   .481   .525   .302   1.78   .308   .171   0
   3 DYE03A   1910 2005     96      2      0    .538    .60   1.44   .208   .574   .213   1.56   .207  -.025   3
   4 DYE04A   1868 2005    138      4      0    .655    .66   1.95   .225   .437   .271   1.96   .231  -.082   0
   5 DYE05A   1919 2005     87      2      0    .533   1.70   5.21   .986   .825   .230   2.02   .230   .065   0
   6 DYE06A   1948 2005     58      1      0    .713   1.28   2.85   .598   .730   .229   1.76   .247   .008   1
   7 DYE07A   1840 2005    166      5      0    .571    .68   3.35   .410   .386   .407   2.61   .401   .091   0
   8 DYE09A   1850 2005    156      5      0    .595    .50    .98   .120   .224   .227   1.86   .212   .015   0
   9 DYE10A   1940 2005     66      1      0    .726   1.01   2.64   .464   .721   .280   1.63   .255   .070   0
  10 DYE11A   1982 2005     24      0      0    .687   1.32   2.30   .590   .380   .353   1.81   .351   .030   0
  11 DYE12A   1931 2005     75      1      0    .744   1.46   3.73   .817   .783   .267   1.95   .248   .001   0
  12 DYE13A   1890 2005    116      3      0    .609    .55   1.18   .202   .466   .292   1.83   .269   .106   2
  13 DYE14A   1913 2005     93      2      0    .714    .67   1.43   .225   .387   .263   1.60   .231   .010   3
  14 DYE15A   1839 2005    167      5      0    .528    .86   2.29   .335   .398   .307   2.60   .301   .038   0
  15 DYE16A   1920 2005     86      2      0    .487    .38   1.03   .141   .478   .260   1.79   .245  -.011   0
  16 DYE17A   1860 2005    146      4      0    .651    .62   1.67   .253   .625   .251   1.84   .246   .010   1
  17 DYE18A   1892 2005    114      3      0    .476    .96   4.29   .474   .431   .286   4.03   .392  -.008   1
  18 DYE19A   1928 2005     78      1      0    .599   1.14   2.68   .460   .536   .289   1.78   .273   .160   0
  19 DYE20A   1900 2005    106      2      0    .590    .72   1.72   .313   .656   .259   1.61   .259   .014   1
  20 DYE21A   1883 2005    123      3      0    .693    .72   1.52   .242   .602   .221   1.59   .204   .075   0
  21 DYE23A   1872 2005    134      4      0    .602    .49   1.16   .178   .608   .239   1.53   .201  -.100   0
  22 DYE24A   1916 2005     90      2      0    .688   1.10   2.84   .431   .681   .222   1.95   .253   .031   1
  23 DYE26A   1889 2005    117      3      1    .477    .59   1.93   .366   .808   .252   1.67   .239   .065   0
  24 DYE27A   1895 1959     65      1      0    .709    .61   1.45   .266   .659   .266   1.84   .294  -.098   1
  25 DYE27B   1961 2005     45      0      0    .710    .64   1.04   .152   .146   .221   1.41   .203   .044   0
  26 DYE29A   1871 2005    135      4      0    .704    .83   1.96   .428   .826   .228   1.76   .223  -.017   3
  27 DYE30A   1927 2005     79      1      0    .659    .79   1.48   .280   .841   .162   1.47   .162   .026   1
  28 DYE31A   1923 2005     83      2      0    .711    .54    .98   .157   .532   .221   1.57   .224  -.006   1
  29 DYE32A   1950 2005     56      1      0    .610    .42    .70   .120   .180   .273   1.82   .248  -.113   0
  30 DYE33A   1898 2005    108      3      0    .628    .93   2.09   .312   .555   .211   2.00   .234  -.009   1
  31 DYE34A   1920 2005     86      2      0    .738    .79   1.60   .262   .500   .249   1.64   .230   .047   0
  32 DYE36A   1878 2005    128      3      0    .559    .56   1.57   .300   .800   .246   2.09   .248   .110   0
  33 DYE38A   1882 2005    124      3      0    .625    .92   2.39   .331   .571   .235   1.75   .233  -.016   2
  34 DYE39A   1872 2005    134      4      0    .624    .57   1.26   .202   .628   .217   1.76   .209   .083   0
  35 DYE40A   1902 2005    104      2      0    .664    .63   1.27   .239   .554   .288   2.12   .276   .019   2
  36 DYE41A   1747 1899    153      5      0    .493    .40    .91   .124   .381   .283   1.84   .249   .002   3
  37 DYE42A   1949 2005     57      1      0    .613    .58   1.68   .287   .527   .332   1.96   .333  -.007   1
  38 DYE44A   1944 2005     62      1      0    .622    .47   1.12   .195   .256   .329   2.14   .340  -.038   0
  39 DYE47A   1750 2005    256      9      1    .523    .54   1.18   .174   .302   .308   1.80   .270   .042   0
  40 DYE48A   1858 2005    148      4      0    .702    .65   1.47   .246   .543   .296   1.56   .246   .010   3
  41 DYE48B   1845 2005    161      5      0    .722    .84   2.87   .389   .603   .321   1.71   .272  -.023   3
  42 DYE49A   1852 2005    154      4      0    .691    .73   1.74   .261   .607   .253   1.97   .238   .000   3
  43 DYE51A   1789 1939    151      4      0    .541    .89   2.01   .382   .560   .320   2.01   .279   .016   3
  44 DYE52A   1767 2004    238      8      0    .572    .68   2.29   .356   .718   .257   2.11   .258  -.045   3
  45 DYE52B   1767 2005    239      8      0    .583    .53   1.81   .290   .803   .226   1.83   .228  -.022   3
  46 DYE53A   1731 2005    275      9      0    .632    .73   2.36   .466   .806   .293   1.82   .259   .018   0
  47 DYE55A   1850 1960    111      2      0    .502    .63   1.71   .255   .460   .279   2.96   .313  -.012   2
  48 DYE58A   1715 2005    291     10      0    .580    .46   1.05   .142   .550   .214   1.88   .192  -.060   0
  49 DYE59A   1757 2005    249      8      0    .627    .88   2.22   .410   .755   .239   1.91   .227  -.006   0
  50 DYE62A   1808 2005    198      6      0    .521    .51    .93   .128   .568   .184   1.40   .168  -.002   2
  51 DYE63A   1782 2005    224      7      0    .638    .55   1.72   .274   .724   .277   1.88   .250   .028   0
  52 DYE65A   1891 2005    115      3      0    .576    .71   1.72   .267   .641   .255   1.80   .250   .004   1
  53 DYE67A   1846 2005    160      5      0    .659   1.15   3.23   .671   .858   .213   1.81   .224   .019   1
  54 DYE68B   1800 2005    206      6      0    .520    .44   1.26   .162   .619   .236   1.81   .234  -.012   3
  55 DYE69A   1785 2005    221      7      0    .583    .89   3.40   .486   .747   .273   2.08   .270  -.001   1
  56 DYE70A   1895 2005    111      3      0    .494    .67   2.41   .341   .813   .220   1.71   .226   .026   1
  57 DYE70B   1911 2005     95      2      0    .642    .64   1.38   .265   .745   .235   1.71   .226   .033   1
  58 DYE71A   1720 1791     72      1      0    .561   1.89   5.19  1.149   .757   .330   1.77   .320  -.009   3
  59 DYE77A   1724 1903    180      5      0    .717   1.10   3.82   .536   .706   .300   1.85   .291  -.014   3
  60 DYE78A   1757 1863    107      2      0    .690   1.64   4.15   .898   .788   .292   2.10   .269   .018   1
  61 DYE81A   1732 1835    104      2      0    .625   1.46   3.68   .716   .568   .311   1.73   .275  -.018   3
  62 DYE83A   1606 1808    203      3      0    .596    .56   2.30   .415   .789   .351   2.14   .341   .005   3
  63 DYE83B   1606 1760    155      1      0    .595    .66   1.98   .419   .735   .353   2.16   .353  -.005   1
  64 DYE85A   1618 1861    244      5      0    .633    .72   2.13   .488   .766   .323   1.84   .307   .014   1
  65 DYE85B   1618 1690     73      0      0    .642   1.08   1.97   .430   .473   .369   1.73   .344   .003   1
  66 DYE87A   1747 1965    219      7      0    .561    .70   1.83   .399   .769   .296   1.86   .262   .030   0
  67 DYE87B   1770 1908    139      4      0    .680    .65   1.55   .276   .539   .328   1.82   .269  -.087   0
  68 DYE88A   1745 1901    157      5      0    .623   1.53   3.75   .616   .659   .245   1.76   .235  -.000   3
  69 DYE89A   1614 1816    203      3      0    .642   1.51   3.88   .794   .805   .247   1.69   .242  -.004   1
  70 DYE90B   1626 1829    204      4      0    .489    .79   2.14   .372   .573   .333   1.86   .301  -.010   1
  71 DYE93A   1731 1894    164      4      0    .593    .97   2.44   .384   .696   .239   1.76   .243  -.017   3
  72 DYE93B   1729 1973    245      7      0    .577    .75   2.88   .410   .812   .225   2.13   .225  -.038   3
  73 DYE98A   1737 1888    152      4      0    .672    .90   3.06   .444   .704   .223   1.84   .211  -.013   0
  74 DYE98B   1717 1843    127      3      0    .753   1.16   3.84   .564   .573   .266   2.09   .265  -.009   0
  75 DYE101A  1666 1844    179      4      1    .504    .90   1.98   .407   .603   .327   2.08   .279   .000   0
  76 DYE102A  1694 1876    183      6      0    .564   1.16   2.82   .607   .832   .221   1.72   .213  -.036   3
  77 DYE103A  1696 1855    160      5      0    .599   1.01   2.87   .489   .713   .261   1.68   .255  -.002   1
  78 DYE105A  1698 1871    174      5      0    .546    .84   2.85   .495   .700   .297   1.83   .264  -.002   2
  79 DYE106A  1651 1850    200      5      0    .715    .77   2.66   .449   .776   .273   2.10   .255  -.024   3
  80 DYE106B  1652 1843    192      4      0    .661    .72   2.94   .516   .882   .245   1.77   .238   .014   1
  81 DYE106C  1653 1848    196      4      0    .682    .61   1.54   .240   .471   .282   2.20   .262  -.031   3
  82 DYE107A  1654 1800    147      3      0    .790    .94   2.26   .383   .447   .325   2.14   .323   .000   1
  83 DYE108A  1617 1769    153      1      0    .605   1.42   3.26   .562   .629   .229   1.54   .218   .083   0
  84 DYE108B  1623 1920    298      7      0    .490   1.03   4.11   .533   .743   .209   1.94   .206   .007   2
  85 DYE109A  1631 1892    262      6      0    .592    .92   2.82   .468   .824   .191   1.83   .199   .021   1
  86 DYE109B  1631 1889    259      6      0    .581    .91   3.02   .524   .827   .201   1.63   .204   .022   1
  87 DYE110A  1618 1706     89      0      0    .652   1.29   2.86   .645   .691   .265   1.67   .255  -.014   0
  88 DYE110B  1611 1711    101      0      0    .631   1.81   3.70   .706   .673   .238   1.56   .217   .059   0
  89 DYE111A  1630 1855    226      5      1    .626   1.25   2.73   .404   .551   .213   2.03   .224  -.007   2
  90 DYE111B  1652 1859    208      5      0    .642   1.21   2.27   .304   .474   .190   1.80   .201   .012   1
  91 DYE112A  1601 1859    259      5      0    .553    .67   2.23   .445   .839   .259   2.06   .271   .007   1
  92 DYE112B  1615 1844    230      4      0    .528    .79   2.79   .506   .851   .251   1.63   .240   .015   1
 --- -------- ---------  -----  -----  -----   ------ -----  -----  -----  -----  -----  -----  -----  -----  --
 Total or mean:          13685    336      4    .608    .83   5.21   .393   .651   .262   4.03   .251   .005

 DATA CHECKS (rwl.check): ca654
-----------------------------------------------------------------------------------------------------------------------------------
 rwl.check: data_files/treering/measurements/northamerica/usa/ca654.rwl
 92 series, 13685 measurements, 1601-2005, 0.001 mm precision
 0 error(s), 0 warning(s), 20 note(s)
 -------------
 Nothing to report at this severity.
 20 note(s) not shown; see rwl.check() or the 'check' element of this report.

 NOTES
-----------------------------------------------------------------------------------------------------------------------------------
 Report generated using dplR 1.8.1 (R 4.5.2) on 2026-10-01 16:57 PDT.
 Measurement file ca654.rwl, MD5 68f59192c3b9233fd055d33b719fb82f.
 Filtering: each series divided by a 32-year smoothing spline (caps()), then prewhitened with
   an AR model (order by AIC, at most 3).
 Master: biweight robust mean of the other series (leave-one-out).
 Correlation: Pearson, one-tailed, pcrit = 0.01; critical r = 0.3281 for 50-year segments.
 Segments: 50 years, lagged 25, first segment floored to 100. Lags searched: +/- 10 years.
 A segment is tested only where the series and the master cover all of it, at the dated
   position and at every lag. COFECHA also tests partial segments at the ends of a series, so
   series here may show fewer segments, and no flags can be raised at the ends of the record.
 Lags follow COFECHA: negative means rings are probably missing from the series, positive means
   false rings. A missing ring carries its lag into every segment before it, so look where the
   lag changes along a series. A B flag is a hypothesis to check on the wood; the gain says how
   seriously to take it.
 A B flag marked "weak at every lag" correlates under the critical value even at its best lag:
   the segment is weak wherever it is placed, and the shift is not evidence of a dating error.
   Treat it as a low correlation, like an A.
 Averages in the summary and the totals are weighted by the number of years in each series, as
   COFECHA's are.
 Unfiltered block and mean sensitivity: the measurements as read, and sens1().
 dplR filtered block: the series that was correlated, after filtering. COFECHA's filtered
   series is defined differently, so these three columns are not COFECHA's numbers.
 AR: order of the AR model used to prewhiten.
