
 COFECHA-style crossdating report: ca656
 Report generated using dplR 1.8.1 (R 4.5.2) on 2026-10-01 16:59 PDT
 Built with dplR's xdate.report(), not COFECHA; see the notes at the end.


      Measurement file name  : ca656.rwl
      MD5 of measurement file: 28b6f3b092cdb9e30c0e3b4f9cec20bb
      Date checked           : 01OCT26
      Beginning year         : 1293
      Ending year            : 2003
      Principal investigators: Stahle, D.W.; Griffin, R.D.; Edmondson, J.R.
      Site name              : Figueroa Mountain
      Species information    : QUDG Quercus douglasii Hook. and Arn.
      Latitude               : 34.7400 N
      Longitude              : 120.0000 W
      Elevation              : 1036 m

      Series intercorrelation: 0.798
      Avg mean sensitivity   : 0.478
      Avg standard deviation : 0.388
      Avg autocorrelation    : 0.413
      Number dated series    : 85
      Segment length tested  : 50

      Number problem segments: 0  (A 0, B 0)
      Pct problem segments   : 0.00


 CORRELATION OF SERIES BY SEGMENTS: ca656
-----------------------------------------------------------------------------------------------------------------------------------
 Correlations of  50-year dated segments, lagged  25 years
 Flags:  A = correlation under   .3281 but highest as dated;  B = correlation higher at other than dated position

 Seq Series  Time_span  1300 1325 1350 1375 1400 1425 1450 1475 1500 1525 1550 1575 1600 1625 1650 1675 1700 1725 1750 1775 
                        1349 1374 1399 1424 1449 1474 1499 1524 1549 1574 1599 1624 1649 1674 1699 1724 1749 1774 1799 1824 
 --- -------- ---------  ---- ---- ---- ---- ---- ---- ---- ---- ---- ---- ---- ---- ---- ---- ---- ---- ---- ---- ---- ---- 
  30 FIG41A   1652 1950                                                                             .41  .61  .77  .84  .85 
  31 FIG46A   1579 1704                                                              .76  .79  .81                          
  32 FIG48A   1525 1707                                                    .88  .91  .86  .85  .89                          
  33 FIG48B   1525 1701                                               .76  .81  .83  .82  .88  .89                          
  34 FIG53A   1630 1760                                                                        .80  .76  .72                
  35 FIG54A   1494 1840                                          .75  .73  .71  .74  .83  .89  .88  .84  .86  .82  .78  .77 
  36 FIG54B   1538 1840                                                    .78  .80  .83  .88  .85  .87  .88  .87  .84  .81 
  37 FIG56A   1659 1815                                                                             .59  .69  .79  .73      
  38 FIG57A   1681 1831                                                                                  .80  .80  .82  .89 
  39 FIG58A   1550 1770                                                         .77  .70  .71  .78  .77  .92                
  40 FIG58B   1550 1726                                                         .83  .80  .79  .79  .83                     
  41 FIG59A   1582 1822                                                              .72  .81  .88  .74  .71  .83  .86      
  42 FIG59B   1582 1822                                                              .69  .80  .77  .54  .67  .81  .83      
  43 FIG60A   1550 1710                                                         .74  .70  .81  .86                          
  50 FIG70A   1760 1840                                                                                                 .88 
  52 FIG72A   1730 2003                                                                                            .89  .89 
  53 FIG72B   1761 2003                                                                                                 .91 
  55 FIG73B   1771 2003                                                                                                 .82 
  56 FIG74A   1570 1961                                                         .83  .68  .68  .84  .89  .78  .80  .83  .81 
  58 FIG75A   1736 1900                                                                                            .84  .82 
  60 FIG78B   1680 2003                                                                                  .65  .89  .86  .87 
  61 FIG80A   1658 1990                                                                             .75  .78  .79  .63  .63 
  66 FIG88A   1768 1961                                                                                                 .81 
  68 FIG89A   1650 1890                                                                             .86  .88  .90  .91  .91 
  70 FIG91B   1710 2003                                                                                       .79  .85  .86 
  71 FIG91C   1709 2003                                                                                       .77  .82  .89 
  72 FIG91D   1750 2003                                                                                                 .89 
  73 FIG94A   1760 2003                                                                                                 .87 
  75 FIG101A  1546 1830                                                    .74  .86  .85  .84  .82  .86  .89  .77  .76  .86 
  76 FIG101B  1546 1824                                                    .74  .79  .82  .83  .83  .81  .78  .77  .81  .81 
  77 FIG102A  1673 1760                                                                             .77  .82                
  78 FIG103A  1515 1735                                               .59  .71  .79  .83  .86  .88  .80                     
  79 FIG103B  1528 1740                                                    .81  .84  .85  .87  .86  .73                     
  80 FIG104A  1605 1760                                                                   .85  .87  .79  .75                
  81 FIG105A  1293 1590  .94  .88  .86  .70  .61  .89  .94  .89  .87  .81                                                   
  82 FIG105B  1293 1623  .95  .91  .85  .76  .73  .88  .94  .87  .85  .81  .81                                              
  83 FIG105C  1324 1611            .80  .70  .67  .88  .92  .91  .86  .80  .80                                              
  84 FIG106A  1575 1770                                                              .89  .92  .86  .86  .90                
  85 FIG106B  1575 1750                                                         .81  .89  .92  .87  .87  .90                
 Av segment correlation  .95  .90  .83  .72  .67  .88  .93  .89  .83  .75  .78  .81  .80  .83  .84  .77  .79  .81  .82  .84 

 CORRELATION OF SERIES BY SEGMENTS: ca656
-----------------------------------------------------------------------------------------------------------------------------------
 Correlations of  50-year dated segments, lagged  25 years
 Flags:  A = correlation under   .3281 but highest as dated;  B = correlation higher at other than dated position

 Seq Series  Time_span  1800 1825 1850 1875 1900 1925 1950 
                        1849 1874 1899 1924 1949 1974 1999 
 --- -------- ---------  ---- ---- ---- ---- ---- ---- ---- 
   1 FIG01A   1882 2003                      .64  .71  .84 
   2 FIGO3A   1939 2001                                .76 
   3 FIG05A   1883 1960                      .68           
   4 FIG06A   1892 2002                      .73  .71  .57 
   5 FIG07A   1906 1993                           .77      
   6 FIG08A   1909 1999                           .63  .52 
   7 FIG09A   1908 2003                           .87  .78 
   8 FIG10A   1917 2003                           .60  .51 
   9 FIG11A   1853 1982                 .85  .84  .84      
  11 FIG13A   1849 2003                 .79  .78  .78  .70 
  12 FIG15A   1936 2003                                .74 
  13 FIG16A   1931 2003                                .55 
  14 FIG17A   1927 2003                                .60 
  15 FIG19A   1900 1980                      .84  .85      
  16 FIG20A   1862 2002                 .84  .88  .84  .79 
  17 FIG21A   1925 2001                                .64 
  18 FIG22A   1806 1910       .69  .74                     
  19 FIG23A   1820 2003       .71  .70  .62  .50  .44  .41 
  20 FIG24A   1890 1990                      .72  .85      
  21 FIG25A   1910 2003                           .79  .75 
  22 FIG26A   1920 2003                           .85  .79 
  23 FIG27A   1878 2000                      .80  .87  .81 
  24 FIG31A   1909 1990                           .73      
  25 FIG33A   1910 1993                           .57      
  27 FIG38A   1894 2003                      .74  .67  .69 
  28 FIG39A   1916 2003                           .68  .68 
  29 FIG40A   1800 1890       .72                          
  30 FIG41A   1652 1950  .83  .86  .81  .70  .76           
  44 FIG62A   1846 2003            .81  .81  .87  .91  .81 
  45 FIG65A   1880 2003                      .83  .78  .69 
  46 FIG66A   1901 2003                           .79  .81 
  47 FIG67A   1870 2003                 .88  .85  .84  .84 
  48 FIG68A   1890 2003                      .85  .88  .79 
  49 FIG69A   1850 2003                 .80  .80  .81  .78 
  51 FIG71A   1880 2003                      .83  .91  .88 
  52 FIG72A   1730 2003  .90  .90  .91  .93  .90  .88  .88 
  53 FIG72B   1761 2003  .91  .92  .93  .91  .87  .89  .89 
  54 FIG73A   1779 2003  .83  .91  .92  .85  .85  .92  .89 
  55 FIG73B   1771 2003  .86  .89  .92  .86  .80  .91  .90 
  56 FIG74A   1570 1961  .82  .86  .89  .85  .83           
  57 FIG74B   1790 1913  .80  .80  .84                     
  58 FIG75A   1736 1900  .84  .85  .83                     
  59 FIG78A   1775 1998  .85  .84  .84  .85  .86  .67      
  60 FIG78B   1680 2003  .89  .85  .82  .82  .81  .83  .85 
  61 FIG80A   1658 1990  .80  .85  .88  .86  .79  .79      
  62 FIG82B   1860 2003                 .77  .83  .79  .77 
  63 FIG84A   1790 2003  .80  .78  .78  .80  .80  .89  .86 
  64 FIG85A   1862 2003                 .68  .68  .72  .71 
  65 FIG86A   1890 2003                      .88  .84  .72 
  66 FIG88A   1768 1961  .83  .88  .92  .89  .88           
  67 FIG88B   1861 2003                 .84  .82  .88  .81 
  68 FIG89A   1650 1890  .92  .93                          
  69 FIG90A   1809 2003       .88  .88  .81  .81  .89  .84 
  70 FIG91B   1710 2003  .87  .89  .87  .78  .82  .91  .88 
  71 FIG91C   1709 2003  .83  .86  .94  .88  .88  .88  .83 
  72 FIG91D   1750 2003  .93  .92  .90  .93  .93  .87  .83 
  73 FIG94A   1760 2003  .90  .91  .90  .88  .92  .87  .81 
  74 FIG95A   1792 2003  .93  .93  .94  .92  .90  .84  .78 
 Av segment correlation  .86  .85  .86  .83  .81  .80  .76 

 FLAGGED SEGMENTS: ca656
-----------------------------------------------------------------------------------------------------------------------------------
 None.

 DESCRIPTIVE STATISTICS: ca656
-----------------------------------------------------------------------------------------------------------------------------------

                                                Corr   //-------- Unfiltered --------\\  //-- dplR filtered --\\
                           No.    No.    No.    with   Mean   Max     Std   Auto   Mean   Max     Std   Auto  AR
 Seq Series   Interval   Years  Segmt  Flags   Master  msmt   msmt    dev   corr   sens  value    dev   corr  ()
 --- -------- ---------  -----  -----  -----   ------ -----  -----  -----  -----  -----  -----  -----  -----  --
   1 FIG01A   1882 2003    122      3      0    .753    .98   3.46   .586   .598   .457   2.28   .391   .008   3
   2 FIGO3A   1939 2001     63      1      0    .748   1.26   2.36   .476   .208   .414   1.74   .325   .026   2
   3 FIG05A   1883 1960     78      1      0    .725    .53   1.26   .285   .743   .305   1.58   .257   .072   0
   4 FIG06A   1892 2002    111      3      0    .672    .63   1.53   .261   .527   .353   1.93   .312   .037   1
   5 FIG07A   1906 1993     88      1      0    .745    .56   1.55   .270   .733   .296   1.85   .288  -.013   1
   6 FIG08A   1909 1999     91      2      0    .552    .57   1.81   .364   .838   .345   1.77   .332   .070   1
   7 FIG09A   1908 2003     96      2      0    .781    .85   2.09   .343   .573   .306   1.81   .299   .038   1
   8 FIG10A   1917 2003     87      2      0    .603    .67   2.87   .354   .210   .451   3.44   .444  -.034   3
   9 FIG11A   1853 1982    130      3      0    .829    .81   2.09   .379   .494   .377   1.75   .310  -.010   0
  10 FIG12A   1951 2002     52      0      0    .827   1.01   2.56   .410   .420   .356   1.76   .326  -.012   1
  11 FIG13A   1849 2003    155      4      0    .755    .74   2.45   .345   .416   .418   1.93   .328  -.002   3
  12 FIG15A   1936 2003     68      1      0    .717   2.06   4.92   .987   .385   .461   2.34   .404   .032   1
  13 FIG16A   1931 2003     73      1      0    .591    .90   1.74   .383   .262   .420   1.96   .373   .028   0
  14 FIG17A   1927 2003     77      1      0    .598   1.15   2.05   .460   .203   .425   1.90   .373   .051   0
  15 FIG19A   1900 1980     81      2      0    .811    .40   1.34   .238   .371   .457   2.53   .441   .003   0
  16 FIG20A   1862 2002    141      4      0    .821    .60   2.57   .379   .391   .524   2.29   .411  -.036   3
  17 FIG21A   1925 2001     77      1      0    .681    .59   2.81   .464   .715   .336   2.10   .367  -.055   1
  18 FIG22A   1806 1910    105      2      0    .609    .48   1.67   .359   .794   .409   2.03   .318  -.018   3
  19 FIG23A   1820 2003    184      6      0    .557    .41   1.19   .225   .485   .457   2.86   .401  -.035   3
  20 FIG24A   1890 1990    101      2      0    .750    .87   2.77   .519   .745   .341   1.93   .328   .011   3
  21 FIG25A   1910 2003     94      2      0    .774    .37    .94   .154   .169   .404   2.17   .371   .048   0
  22 FIG26A   1920 2003     84      2      0    .782    .64   1.67   .328   .665   .341   2.00   .337   .035   1
  23 FIG27A   1878 2000    123      3      0    .754    .67   2.16   .374   .449   .429   2.54   .425   .123   0
  24 FIG31A   1909 1990     82      1      0    .660    .38   1.10   .186   .458   .382   2.22   .387  -.013   2
  25 FIG33A   1910 1993     84      1      0    .605    .51   1.10   .239   .598   .347   2.22   .347   .032   1
  26 FIG36A   1954 2003     50      0      0    .805   1.36   2.75   .577   .376   .410   2.02   .376   .028   1
  27 FIG38A   1894 2003    110      3      0    .723    .54   1.39   .262   .471   .419   2.05   .370   .027   3
  28 FIG39A   1916 2003     88      2      0    .672    .51   1.24   .216   .336   .397   1.94   .359   .024   1
  29 FIG40A   1800 1890     91      1      0    .700    .58   1.95   .328   .474   .395   2.30   .390   .006   1
  30 FIG41A   1652 1950    299     10      0    .736    .70   3.67   .518   .729   .376   2.52   .352   .010   1
  31 FIG46A   1579 1704    126      3      0    .784    .56   1.26   .283   .124   .592   2.20   .449  -.098   0
  32 FIG48A   1525 1707    183      5      0    .857    .81   2.02   .377   .375   .459   1.94   .396  -.006   1
  33 FIG48B   1525 1701    177      6      0    .826    .81   1.95   .382   .384   .496   2.02   .406   .102   0
  34 FIG53A   1630 1760    131      3      0    .719    .99   1.96   .426   .281   .439   2.06   .391   .004   2
  35 FIG54A   1494 1840    347     12      0    .805    .39   1.24   .196   .167   .565   2.79   .465   .018   0
  36 FIG54B   1538 1840    303     10      0    .835    .42   1.17   .226   .153   .622   2.35   .491  -.019   3
  37 FIG56A   1659 1815    157      4      0    .698   1.29   2.85   .531   .513   .347   1.82   .326  -.003   2
  38 FIG57A   1681 1831    151      4      0    .809    .89   2.25   .439   .350   .492   2.32   .417   .085   0
  39 FIG58A   1550 1770    221      6      0    .741    .72   2.51   .406   .497   .467   2.75   .424   .011   1
  40 FIG58B   1550 1726    177      5      0    .771    .77   2.49   .426   .527   .489   2.58   .425   .006   1
  41 FIG59A   1582 1822    241      7      0    .788    .76   1.61   .313   .525   .342   1.89   .312  -.007   1
  42 FIG59B   1582 1822    241      7      0    .730    .68   1.60   .307   .622   .352   2.31   .306  -.000   1
  43 FIG60A   1550 1710    161      4      0    .747    .65   2.10   .395   .326   .579   2.78   .510   .007   1
  44 FIG62A   1846 2003    158      5      0    .816    .98   4.05   .700   .201   .670   3.03   .578  -.020   3
  45 FIG65A   1880 2003    124      3      0    .763    .37   1.10   .208   .435   .483   2.07   .409  -.009   3
  46 FIG66A   1901 2003    103      2      0    .780   1.37   3.23   .597   .222   .393   2.22   .379   .022   0
  47 FIG67A   1870 2003    134      4      0    .839    .67   1.91   .337   .327   .473   2.29   .434   .121   0
  48 FIG68A   1890 2003    114      3      0    .825    .60   1.50   .319   .429   .473   2.30   .419   .128   0
  49 FIG69A   1850 2003    154      4      0    .821    .32   1.43   .206   .343   .571   3.22   .499  -.027   3
  50 FIG70A   1760 1840     81      1      0    .846    .42   1.16   .247   .272   .669   1.93   .513   .099   0
  51 FIG71A   1880 2003    124      3      0    .849    .63   1.92   .375   .457   .499   2.34   .446  -.004   1
  52 FIG72A   1730 2003    274      9      0    .884    .82   2.85   .435   .470   .467   2.15   .393  -.018   3
  53 FIG72B   1761 2003    243      8      0    .885    .89   2.98   .428   .435   .436   2.18   .376  -.021   3
  54 FIG73A   1779 2003    225      7      0    .862    .99   4.09   .726   .508   .513   2.22   .428  -.021   3
  55 FIG73B   1771 2003    233      8      0    .865    .86   3.39   .570   .613   .462   2.10   .391  -.018   3
  56 FIG74A   1570 1961    392     14      0    .812    .50   1.71   .309   .283   .611   2.61   .507  -.009   3
  57 FIG74B   1790 1913    124      3      0    .803    .53   1.47   .305   .315   .617   2.45   .488  -.068   3
  58 FIG75A   1736 1900    165      5      0    .838   1.19   3.39   .599   .366   .504   2.07   .416  -.038   3
  59 FIG78A   1775 1998    224      6      0    .813    .53   1.44   .249   .279   .464   2.27   .390  -.027   3
  60 FIG78B   1680 2003    324     11      0    .803    .59   2.54   .295   .397   .446   2.67   .395  -.011   3
  61 FIG80A   1658 1990    333     11      0    .781    .51   1.26   .245   .460   .417   2.65   .373   .006   1
  62 FIG82B   1860 2003    144      4      0    .783    .35    .75   .130   .260   .371   1.84   .322   .078   0
  63 FIG84A   1790 2003    214      7      0    .810    .54   1.91   .271   .279   .471   2.16   .404   .069   0
  64 FIG85A   1862 2003    142      4      0    .692    .80   2.95   .490   .607   .424   2.19   .379   .103   0
  65 FIG86A   1890 2003    114      3      0    .803    .63   1.62   .262   .401   .341   1.81   .296  -.026   0
  66 FIG88A   1768 1961    194      6      0    .855    .75   2.35   .458   .467   .562   2.91   .484   .008   1
  67 FIG88B   1861 2003    143      4      0    .858    .69   2.79   .417   .374   .519   2.97   .461   .105   0
  68 FIG89A   1650 1890    241      7      0    .907    .65   2.53   .415   .126   .732   2.89   .585  -.036   3
  69 FIG90A   1809 2003    195      6      0    .841   1.18   4.10   .708   .461   .591   2.52   .477  -.022   3
  70 FIG91B   1710 2003    294     10      0    .844    .71   2.33   .440   .404   .594   2.88   .505  -.004   3
  71 FIG91C   1709 2003    295     10      0    .849    .94   2.69   .503   .290   .537   2.35   .468  -.015   3
  72 FIG91D   1750 2003    254      8      0    .874    .82   2.15   .433   .350   .530   2.07   .438  -.014   3
  73 FIG94A   1760 2003    244      8      0    .886    .52   1.45   .283   .250   .587   2.46   .479  -.022   3
  74 FIG95A   1792 2003    212      7      0    .894    .73   2.65   .470   .451   .555   2.55   .467  -.036   3
  75 FIG101A  1546 1830    285     10      0    .818    .56   1.76   .298   .296   .527   2.22   .432  -.022   3
  76 FIG101B  1546 1824    279     10      0    .792    .48   1.34   .244   .251   .519   2.27   .448  -.028   3
  77 FIG102A  1673 1760     88      2      0    .770   1.31   2.95   .578   .111   .486   2.07   .413  -.007   0
  78 FIG103A  1515 1735    221      7      0    .773    .94   2.93   .568   .592   .469   2.51   .439   .025   1
  79 FIG103B  1528 1740    213      6      0    .808    .93   2.61   .542   .640   .461   2.29   .416   .003   1
  80 FIG104A  1605 1760    156      4      0    .822    .74   1.73   .311   .295   .438   2.10   .377   .110   0
  81 FIG105A  1293 1590    298     10      0    .862    .78   2.17   .395   .620   .385   1.95   .333  -.011   3
  82 FIG105B  1293 1623    331     11      0    .826    .82   2.22   .398   .631   .352   1.91   .315  -.013   3
  83 FIG105C  1324 1611    288      9      0    .828    .85   2.28   .386   .596   .337   1.72   .288  -.011   3
  84 FIG106A  1575 1770    196      5      0    .883    .83   3.40   .521   .151   .682   2.78   .524  -.014   2
  85 FIG106B  1575 1750    176      6      0    .870    .87   3.46   .518   .138   .667   2.66   .515  -.000   0
 --- -------- ---------  -----  -----  -----   ------ -----  -----  -----  -----  -----  -----  -----  -----  --
 Total or mean:          14447    414      0    .798    .72   4.92   .388   .413   .478   3.44   .411   .004

 DATA CHECKS (rwl.check): ca656
-----------------------------------------------------------------------------------------------------------------------------------
 rwl.check: data_files/treering/measurements/northamerica/usa/ca656.rwl
 85 series, 14447 measurements, 1293-2003, 0.001 mm precision
 0 error(s), 1 warning(s), 14 note(s)
 -------------
 WARNING
   RWL_SERIES_OUTLIER (1)
     FIG08A: correlates with the rest of the collection at r = 0.418 where the collection median is 0.798 (4.7 MAD below it); it does not fit the collection it is in
 14 note(s) not shown; see rwl.check() or the 'check' element of this report.

 NOTES
-----------------------------------------------------------------------------------------------------------------------------------
 Report generated using dplR 1.8.1 (R 4.5.2) on 2026-10-01 16:59 PDT.
 Measurement file ca656.rwl, MD5 28b6f3b092cdb9e30c0e3b4f9cec20bb.
 Filtering: each series divided by a 32-year smoothing spline (caps()), then prewhitened with
   an AR model (order by AIC, at most 3).
 Master: biweight robust mean of the other series (leave-one-out).
 Correlation: Pearson, one-tailed, pcrit = 0.01; critical r = 0.3281 for 50-year segments.
 Segments: 50 years, lagged 25, first segment floored to 100. Lags searched: +/- 10 years.
 A segment is tested only where the series and the master cover all of it, at the dated
   position and at every lag. COFECHA also tests partial segments at the ends of a series, so
   series here may show fewer segments, and no flags can be raised at the ends of the record.
 Lags follow COFECHA: negative means rings are probably missing from the series, positive means
   false rings. A missing ring carries its lag into every segment before it, so look where the
   lag changes along a series. A B flag is a hypothesis to check on the wood; the gain says how
   seriously to take it.
 A B flag marked "weak at every lag" correlates under the critical value even at its best lag:
   the segment is weak wherever it is placed, and the shift is not evidence of a dating error.
   Treat it as a low correlation, like an A.
 Averages in the summary and the totals are weighted by the number of years in each series, as
   COFECHA's are.
 Unfiltered block and mean sensitivity: the measurements as read, and sens1().
 dplR filtered block: the series that was correlated, after filtering. COFECHA's filtered
   series is defined differently, so these three columns are not COFECHA's numbers.
 AR: order of the AR model used to prewhiten.
