
 COFECHA-style crossdating report: ca670
 Report generated using dplR 1.8.1 (R 4.5.2) on 2026-10-01 16:51 PDT
 Built with dplR's xdate.report(), not COFECHA; see the notes at the end.


      Measurement file name  : ca670.rwl
      MD5 of measurement file: 58cce96a0773496dbdf0445dc15f6523
      Date checked           : 01OCT26
      Beginning year         : 1400
      Ending year            : 1996
      Principal investigators: Hughes, M.K.; Salzer, M.W.
      Site name              : Methuselah Walk Update
      Species information    : PILO Pinus longaeva D.K. Bailey = Pinus aristata var. longaeva
      Latitude               : 37.3800 N
      Longitude              : 118.1700 W
      Elevation              : 2805 m

      Series intercorrelation: 0.721
      Avg mean sensitivity   : 0.399
      Avg standard deviation : 0.101
      Avg autocorrelation    : 0.470
      Number dated series    : 122
      Segment length tested  : 50

      Number problem segments: 21  (A 16, B 5; 3 of the B weak at every lag)
      Pct problem segments   : 0.91


 CORRELATION OF SERIES BY SEGMENTS: ca670
-----------------------------------------------------------------------------------------------------------------------------------
 Correlations of  50-year dated segments, lagged  25 years
 Flags:  A = correlation under   .3281 but highest as dated;  B = correlation higher at other than dated position

 Seq Series  Time_span  1400 1425 1450 1475 1500 1525 1550 1575 1600 1625 1650 1675 1700 1725 1750 1775 1800 1825 1850 1875 
                        1449 1474 1499 1524 1549 1574 1599 1624 1649 1674 1699 1724 1749 1774 1799 1824 1849 1874 1899 1924 
 --- -------- ---------  ---- ---- ---- ---- ---- ---- ---- ---- ---- ---- ---- ---- ---- ---- ---- ---- ---- ---- ---- ---- 
   1 93007A   1400 1993       .70  .69  .79  .85  .83  .81  .80  .80  .82  .81  .70  .64  .81  .85  .85  .79  .76  .80  .83 
   2 93012A   1400 1993  .53  .58  .74  .78  .67  .75  .80  .78  .68  .69  .70  .62  .68  .76  .79  .79  .79  .80  .70  .71 
   3 93024A   1400 1993       .52  .69  .75  .72  .71  .74  .75  .65  .49  .54  .56  .53  .71  .73  .74  .47  .46  .63  .69 
   4 93026A   1461 1993                 .78  .73  .63  .78  .73  .37  .51  .70  .63  .69  .65  .57  .62  .56  .55  .60  .53 
   5 93191A   1474 1993                      .61  .61  .73  .73  .73  .72  .67  .64  .66  .60  .66  .63  .52  .60  .66  .69 
   6 93191B   1429 1993            .67  .67  .60  .57  .78  .76  .66  .78  .79  .73  .62  .58  .72  .81  .72  .64  .69  .64 
   7 93192A   1400 1993       .81  .82  .82  .78  .77  .78  .77  .72  .86  .75  .51  .68  .77  .80  .75  .61  .62  .72  .78 
   8 93192B   1521 1993                           .68  .78  .72  .60  .57  .49  .57  .50  .61  .67  .55  .56  .55  .49  .42 
   9 93193A   1610 1993                                               .79  .85  .75  .75  .80  .82  .84  .79  .79  .80  .76 
  10 93193B   1583 1993                                          .57  .79  .82  .60  .80  .80  .79  .83  .79  .81  .86  .78 
  11 93194A   1400 1993       .68  .78  .82  .82  .82  .85  .85  .77  .75  .77  .72  .72  .78  .84  .82  .67  .70  .74  .73 
  12 93194B   1400 1993       .68  .59  .56  .67  .76  .85  .85  .67  .71  .75  .58  .60  .65  .80  .82  .63  .62  .68  .70 
  13 93195A   1400 1993       .45  .63  .73  .64  .57  .79  .78  .49  .65  .75  .58  .66  .69  .74  .76  .64  .75  .78  .56 
  14 93195B   1551 1993                                     .72  .52  .72  .65  .42  .60  .69  .72  .66  .45  .38  .47  .46 
  15 93196A   1400 1993       .81  .82  .84  .88  .85  .82  .83  .78  .86  .86  .74  .76  .79  .80  .81  .72  .66  .70  .59 
  16 93196B   1400 1993       .78  .86  .84  .85  .80  .81  .77  .68  .83  .82  .70  .82  .88  .85  .81  .73  .61  .49  .46 
  17 93197A   1611 1993                                               .82  .85  .77  .89  .81  .81  .89  .84  .77  .81  .86 
  18 93197B   1559 1993                                     .86  .72  .78  .85  .81  .88  .90  .89  .90  .76  .71  .83  .85 
  19 93198A   1573 1993                                          .84  .89  .84  .76  .70  .64  .73  .82  .84  .86  .83  .81 
  20 93198B   1407 1993       .25A .51  .59  .62  .66  .80  .87  .83  .84  .88  .81  .83  .86  .82  .80  .74  .76  .77  .78 
  21 93199A   1607 1993                                               .74  .74  .54  .69  .78  .78  .82  .79  .73  .76  .72 
  22 93199B   1729 1992                                                                        .76  .75  .71  .74  .81  .72 
  23 93200A   1438 1992            .70  .87  .86  .79  .83  .85  .77  .86  .80  .63  .78  .83  .79  .79  .78  .73  .73  .80 
  24 93200B   1400 1993       .81  .86  .89  .87  .69  .71  .81  .71  .77  .82  .72  .79  .86  .82  .81  .78  .76  .78  .74 
  25 95232A   1459 1995                 .89  .86  .69  .67  .60  .39  .77  .78  .66  .77  .71  .77  .81  .75  .75  .69  .62 
  26 95232B   1460 1995                 .83  .76  .72  .68  .66  .71  .77  .69  .65  .79  .72  .71  .77  .80  .73  .63  .71 
  27 95233A   1503 1995                           .65  .71  .75  .71  .82  .80  .80  .81  .85  .89  .79  .73  .83  .76  .73 
  28 95234A   1400 1995  .77  .85  .85  .85  .85  .83  .83  .85  .83  .76  .78  .82  .79  .82  .76  .75  .89  .91  .86  .78 
  29 95234B   1400 1995  .79  .85  .84  .86  .85  .82  .84  .87  .85  .81  .83  .83  .79  .83  .78  .78  .88  .86  .83  .79 
  30 95235A   1400 1995       .76  .82  .87  .84  .82  .89  .90  .84  .84  .87  .85  .84  .87  .86  .61  .48  .73  .80  .77 
  31 95238A   1400 1995       .75  .84  .85  .78  .72  .85  .86  .71  .81  .78  .53  .58  .80  .88  .84  .77  .77  .77  .65 
  32 95239A   1400 1995       .77  .80  .81  .72  .70  .86  .82  .67  .73  .81  .75  .72  .77  .83  .82  .79  .82  .78  .57 
  33 95239B   1400 1995       .68  .68  .74  .77  .77  .81  .81  .76  .73  .66  .52  .69  .75  .82  .80  .72  .79  .83  .83 
  34 95240A   1400 1995       .68  .79  .82  .74  .75  .88  .88  .71  .75  .77  .63  .75  .71  .72  .81  .77  .78  .78  .72 
  35 95240B   1400 1900       .82  .84  .85  .78  .70  .88  .90  .78  .78  .80  .72  .71  .74  .83  .86  .79  .69  .64      
  36 95241A   1400 1995  .55  .78  .86  .79  .72  .74  .84  .83  .65  .69  .65  .48  .59  .68  .78  .75  .66  .68  .71  .65 
  37 95242A   1425 1995            .83  .85  .71  .58  .73  .76  .72  .80  .84  .69  .75  .73  .71  .80  .74  .74  .72  .50 
  38 95242B   1406 1995       .64  .76  .75  .59  .56  .78  .81  .79  .81  .76  .66  .76  .83  .73  .73  .77  .76  .76  .61 
  39 95243A   1400 1995       .83  .84  .85  .86  .86  .81  .79  .75  .83  .83  .73  .74  .79  .78  .79  .82  .81  .81  .76 
  40 95244A   1472 1995                 .83  .89  .86  .86  .85  .86  .87  .76  .74  .82  .81  .76  .78  .83  .84  .84  .78 
  41 95244B   1472 1995                 .86  .90  .74  .78  .90  .85  .88  .83  .77  .85  .87  .83  .84  .85  .83  .84  .86 
  42 95245A   1508 1995                           .78  .80  .84  .80  .84  .88  .80  .81  .86  .89  .91  .86  .78  .78  .79 
  43 95246A   1429 1995            .80  .62  .61  .76  .81  .80  .56  .73  .80  .70  .54  .63  .76  .70  .61  .63  .67  .51 
  44 96625A   1400 1996       .73  .83  .83  .78  .72  .86  .85  .69  .81  .88  .77  .73  .76  .82  .84  .81  .82  .79  .74 
  46 96626B   1735 1996                                                                        .88  .91  .94  .90  .86  .83 
  47 96627A   1400 1996       .64  .77  .83  .83  .74  .78  .84  .72  .77  .83  .78  .76  .77  .83  .83  .83  .84  .80  .76 
  48 96628A   1400 1996       .86  .89  .91  .89  .75  .83  .87  .81  .86  .90  .85  .85  .86  .85  .87  .87  .84  .78  .78 
  49 96629A   1422 1733       .61  .73  .76  .69  .66  .82  .86  .76  .80  .79  .59                                         
  50 96629B   1455 1996                 .74  .68  .65  .85  .85  .67  .68  .72  .63  .60  .69  .77  .70  .63  .79  .85  .73 
  51 990011   1400 1921       .79  .66  .65  .65  .66  .83  .83  .71  .74  .78  .77  .73  .80  .83  .81  .81  .77  .73      
  52 990031   1400 1957       .40  .66  .73  .61  .66  .81  .80  .56  .61  .61  .55  .70  .63  .71  .79  .63  .68  .74  .57 
  53 990100   1400 1957       .72  .80  .78  .65  .66  .81  .80  .61  .63  .64  .62  .68  .52  .55  .66  .61  .61  .66  .63 
  54 990110   1400 1800       .63  .81  .81  .69  .60  .81  .80  .73  .70  .69  .78  .72  .71  .73                          
  55 990121   1400 1957  .56  .68  .72  .77  .71  .74  .84  .77  .57  .64  .58  .29A .39  .59  .76  .73  .56  .64  .64  .56 
  56 990131   1400 1956       .18B .43  .52  .50  .51  .57  .47  .35  .44  .45  .44  .59  .60  .58  .47  .43  .55  .50  .52 
  57 990141   1400 1957  .64  .73  .86  .87  .80  .74  .87  .89  .83  .84  .81  .78  .82  .80  .83  .86  .87  .85  .81  .72 
  58 990151   1400 1957       .32A .69  .79  .66  .47  .64  .65  .64  .61  .60  .49  .62  .69  .77  .77  .60  .74  .73  .56 
  59 990161   1400 1957       .77  .88  .86  .79  .78  .84  .82  .71  .68  .81  .86  .80  .82  .84  .81  .78  .75  .75  .81 
  60 990181   1400 1957       .85  .89  .87  .86  .87  .89  .89  .77  .77  .82  .78  .76  .81  .85  .85  .82  .62  .55  .59 
  61 990191   1400 1957  .72  .73  .84  .86  .81  .53  .70  .89  .71  .79  .79  .56  .74  .78  .83  .84  .80  .81  .78  .65 
  62 990201   1400 1925       .90  .91  .91  .87  .83  .89  .89  .84  .86  .88  .81  .77  .81  .86  .87  .80  .65  .58  .60 
  63 990211   1400 1964       .65  .78  .81  .81  .87  .87  .85  .72  .75  .78  .76  .85  .89  .88  .86  .71  .69  .81  .78 
  64 990549   1400 1956       .67  .79  .81  .80  .80  .81  .76  .61  .59  .63  .68  .71  .66  .70  .76  .58  .66  .84  .77 
  65 990552   1400 1956       .46  .60  .53  .27A .41  .73  .79  .69  .58  .53  .41  .50  .58  .69  .56  .46  .49  .46  .49 
  66 MC0001   1400 1978       .79  .82  .84  .83  .80  .84  .87  .81  .83  .87  .84  .85  .84  .84  .89  .85  .84  .82  .81 
  67 MC0002   1400 1978       .81  .87  .91  .88  .88  .90  .90  .80  .83  .89  .87  .87  .87  .89  .88  .87  .92  .92  .78 
  68 MC0011   1400 1978       .84  .84  .87  .81  .70  .77  .87  .89  .91  .92  .88  .85  .88  .73  .71  .87  .84  .79  .81 
  69 MC0012   1620 1978                                               .85  .84  .78  .71  .80  .77  .71  .84  .88  .83  .84 
  70 MC0021   1400 1978       .78  .83  .85  .76  .71  .82  .82  .73  .71  .70  .63  .72  .58  .59  .68  .65  .68  .71  .76 
  71 MC0022   1400 1978       .63  .73  .74  .80  .79  .77  .82  .77  .76  .82  .79  .68  .63  .66  .72  .74  .73  .69  .71 
  72 MC0031   1510 1978                           .86  .93  .92  .83  .89  .90  .77  .82  .87  .88  .87  .87  .91  .92  .83 
  73 MC0032   1510 1978                           .86  .92  .91  .51  .61  .73  .82  .86  .89  .89  .88  .86  .88  .88  .86 
  74 MC0041   1400 1978       .82  .85  .89  .86  .86  .90  .89  .87  .88  .85  .82  .92  .93  .91  .88  .87  .90  .89  .86 
  75 MC0042   1400 1978       .75  .85  .86  .82  .81  .84  .82  .64  .77  .82  .76  .76  .80  .88  .84  .79  .73  .65  .70 
  76 MC0051   1400 1978       .69  .80  .82  .60  .52  .84  .79  .63  .82  .79  .60  .72  .78  .81  .80  .83  .83  .73  .68 
  77 MC0052   1400 1978       .59  .75  .81  .75  .73  .83  .82  .70  .75  .81  .76  .73  .76  .83  .86  .79  .74  .73  .73 
  78 MC0061   1534 1978                                .82  .81  .80  .77  .79  .82  .78  .77  .84  .81  .76  .74  .69  .73 
  79 MC0062   1490 1978                      .82  .73  .84  .88  .83  .79  .75  .72  .79  .79  .84  .87  .84  .81  .79  .78 
  80 MC0071   1484 1978                      .72  .79  .85  .82  .68  .76  .88  .83  .85  .83  .85  .86  .86  .81  .79  .85 
  81 MC0072   1480 1978                      .70  .76  .80  .81  .64  .72  .86  .83  .82  .79  .80  .83  .76  .75  .83  .83 
  82 MC0081   1560 1978                                     .76  .83  .81  .85  .84  .79  .77  .81  .86  .85  .73  .69  .74 
  83 MC0082   1610 1978                                               .82  .79  .66  .75  .83  .85  .86  .87  .85  .83  .82 
  84 MC0091   1562 1978                                     .85  .76  .84  .85  .77  .80  .78  .78  .76  .72  .85  .81  .71 
  85 MC0092   1400 1978       .72  .82  .87  .84  .84  .87  .80  .69  .77  .72  .59  .76  .82  .78  .75  .70  .77  .80  .72 
  86 MC0101   1400 1978  .56  .72  .89  .88  .73  .64  .73  .66  .54  .74  .81  .74  .72  .69  .80  .86  .80  .78  .76  .79 
  87 MC0102   1400 1978  .74  .78  .81  .81  .79  .78  .76  .74  .75  .79  .77  .77  .77  .76  .72  .77  .84  .81  .79  .81 
  88 MC0112   1538 1978                                .69  .64  .46  .64  .78  .80  .83  .87  .85  .85  .86  .87  .87  .76 
  89 MC0121   1400 1978       .76  .90  .87  .82  .83  .89  .82  .72  .85  .86  .80  .80  .88  .93  .88  .77  .79  .80  .79 
  90 MC0122   1400 1779       .69  .84  .84  .81  .77  .79  .79  .74  .84  .84  .73  .79  .86                               
  91 MC0141   1400 1978       .74  .89  .81  .75  .85  .86  .79  .72  .79  .61  .48  .69  .79  .70  .66  .65  .41  .37  .54 
  92 MC0142   1400 1978       .59  .79  .75  .73  .66  .74  .79  .66  .71  .75  .70  .75  .83  .73  .72  .80  .80  .79  .76 
  93 MS0001   1400 1978       .81  .82  .87  .87  .82  .83  .78  .70  .78  .76  .75  .80  .78  .78  .80  .80  .81  .82  .83 
  94 MS0004   1400 1871       .73  .76  .81  .82  .79  .80  .76  .54  .66  .70  .75  .81  .73  .49  .53  .75                
  95 MS0005   1461 1978                 .74  .85  .84  .81  .83  .82  .78  .79  .73  .75  .84  .69  .59  .76  .80  .71  .53 
  96 MS0007   1400 1979       .70  .73  .72  .65  .62  .75  .80  .70  .66  .74  .66  .64  .75  .83  .74  .70  .69  .61  .59 
  97 MS0008   1400 1979       .70  .72  .78  .80  .69  .69  .69  .60  .71  .72  .69  .76  .75  .73  .74  .63  .62  .73  .63 
  98 MS0010   1400 1979       .62  .66  .40  .35  .65  .82  .84  .74  .78  .79  .76  .68  .61  .66  .62  .49  .63  .76  .76 
  99 MS0012   1400 1979       .71  .80  .85  .85  .86  .90  .89  .82  .80  .79  .76  .74  .80  .82  .74  .74  .82  .75  .64 
 100 MS0014   1400 1979       .63  .74  .85  .83  .74  .79  .76  .65  .79  .80  .67  .68  .74  .74  .67  .74  .74  .71  .69 
 101 MS0015   1400 1979  .67  .75  .77  .80  .83  .77  .87  .83  .62  .79  .82  .81  .85  .81  .83  .80  .67  .73  .71  .63 
 102 MS0016   1400 1780       .61  .72  .74  .62  .64  .76  .71  .51  .64  .66  .47  .51  .65                               
 103 MS0017   1400 1979       .43  .48  .60  .47  .40  .69  .65  .38  .47  .54  .20A .33  .55  .65  .78  .67  .59  .47  .45 
 104 MS0018   1400 1979       .56  .62  .76  .75  .70  .82  .80  .76  .78  .75  .74  .79  .82  .78  .69  .69  .76  .78  .72 
 105 MS0019   1400 1979       .58  .63  .71  .67  .66  .77  .79  .67  .52  .56  .52  .60  .56  .24A .29A .57  .66  .71  .28A
 106 MS0020   1400 1979  .26A .40  .63  .71  .54  .55  .73  .70  .53  .54  .55  .53  .70  .60  .50  .55  .40  .41  .39  .39 
 107 MS0021   1400 1979  .72  .74  .81  .81  .72  .66  .71  .71  .55  .65  .64  .46  .63  .71  .72  .75  .72  .46  .28A .38 
 108 MS0023   1400 1979       .69  .68  .70  .73  .63  .63  .64  .50  .55  .65  .62  .74  .79  .69  .67  .74  .69  .60  .57 
 109 MS0024   1400 1899  .43  .49  .53  .56  .52  .40  .48  .52  .58  .63  .60  .53  .40  .53  .64  .55  .34  .35  .37      
 110 MS0025   1400 1979  .43  .52  .68  .70  .54  .52  .65  .61  .48  .62  .43  .08B .24A .42  .52  .56  .41  .31A .44  .38 
 111 MS0026   1400 1979  .27A .49  .79  .78  .59  .60  .68  .68  .69  .65  .61  .56  .66  .63  .57  .54  .56  .53  .42  .41 
 112 MS0027   1400 1979       .60  .81  .79  .76  .66  .71  .75  .73  .80  .76  .65  .68  .69  .73  .72  .66  .68  .62  .64 
 113 MS0028   1400 1979       .86  .88  .86  .86  .85  .84  .86  .82  .72  .75  .79  .81  .81  .65  .68  .88  .88  .87  .78 
 114 MS0029   1400 1979  .60  .71  .80  .75  .58  .50  .71  .66  .41  .46  .58  .49  .56  .66  .54  .63  .58  .43  .53  .49 
 115 MS0030   1400 1979  .73  .72  .72  .68  .58  .63  .75  .69  .45  .40  .35  .41  .76  .79  .80  .76  .60  .67  .70  .60 
 116 MS0031   1400 1880       .54  .59  .60  .58  .58  .67  .66  .64  .65  .58  .52  .60  .66  .62  .62  .64  .60           
 117 MS0032   1497 1979                      .72  .70  .86  .84  .60  .66  .71  .67  .73  .83  .83  .76  .77  .80  .73  .59 
 118 MS0033   1400 1759       .72  .78  .79  .76  .71  .73  .70  .72  .79  .74  .69  .76                                    
 119 MS0034   1400 1979       .66  .71  .77  .66  .45  .68  .76  .59  .54  .51  .54  .67  .66  .56  .55  .41  .40  .55  .53 
 120 MS0035   1400 1980  .21B .48  .73  .73  .68  .70  .78  .71  .44B .57  .48  .17B .43  .60  .75  .66  .52  .51  .46  .38 
 121 MS0036   1400 1980       .33  .58  .74  .53  .47  .68  .76  .61  .71  .69  .49  .57  .63  .79  .80  .62  .58  .61  .48 
 122 MS0037   1400 1824       .54  .66  .67  .72  .72  .73  .78  .66  .66  .60  .44  .54  .52  .58  .60                     
 Av segment correlation  .57  .67  .76  .78  .73  .71  .79  .79  .68  .73  .74  .67  .71  .75  .76  .76  .72  .72  .72  .68 

 CORRELATION OF SERIES BY SEGMENTS: ca670
-----------------------------------------------------------------------------------------------------------------------------------
 Correlations of  50-year dated segments, lagged  25 years
 Flags:  A = correlation under   .3281 but highest as dated;  B = correlation higher at other than dated position

 Seq Series  Time_span  1900 1925 
                        1949 1974 
 --- -------- ---------  ---- ---- 
   1 93007A   1400 1993  .86  .83 
   2 93012A   1400 1993  .47  .40 
   3 93024A   1400 1993  .67  .49 
   4 93026A   1461 1993  .52  .71 
   5 93191A   1474 1993  .69  .69 
   6 93191B   1429 1993  .67  .51 
   7 93192A   1400 1993  .80  .80 
   8 93192B   1521 1993  .55  .74 
   9 93193A   1610 1993  .79  .88 
  10 93193B   1583 1993  .76  .83 
  11 93194A   1400 1993  .81  .82 
  12 93194B   1400 1993  .72  .73 
  13 93195A   1400 1993  .66  .62 
  14 93195B   1551 1993  .63  .58 
  15 93196A   1400 1993  .60  .74 
  16 93196B   1400 1993  .68  .80 
  17 93197A   1611 1993  .82  .82 
  18 93197B   1559 1993  .78  .83 
  19 93198A   1573 1993  .89  .88 
  20 93198B   1407 1993  .86  .88 
  21 93199A   1607 1993  .49  .62 
  22 93199B   1729 1992  .67  .73 
  23 93200A   1438 1992  .73  .79 
  24 93200B   1400 1993  .53  .66 
  25 95232A   1459 1995  .69  .73 
  26 95232B   1460 1995  .49  .59 
  27 95233A   1503 1995  .77  .76 
  28 95234A   1400 1995  .75  .85 
  29 95234B   1400 1995  .65  .74 
  30 95235A   1400 1995  .68  .66 
  31 95238A   1400 1995  .61  .76 
  32 95239A   1400 1995  .49  .70 
  33 95239B   1400 1995  .75  .73 
  34 95240A   1400 1995  .70  .76 
  36 95241A   1400 1995  .57  .64 
  37 95242A   1425 1995  .58  .72 
  38 95242B   1406 1995  .73  .77 
  39 95243A   1400 1995  .78  .84 
  40 95244A   1472 1995  .76  .84 
  41 95244B   1472 1995  .70  .78 
  42 95245A   1508 1995  .79  .84 
  43 95246A   1429 1995  .36  .61 
  44 96625A   1400 1996  .79  .84 
  46 96626B   1735 1996  .81  .87 
  47 96627A   1400 1996  .86  .91 
  48 96628A   1400 1996  .81  .84 
  50 96629B   1455 1996  .61  .73 
  52 990031   1400 1957  .61      
  53 990100   1400 1957  .67      
  55 990121   1400 1957  .64      
  56 990131   1400 1956  .67      
  57 990141   1400 1957  .60      
  58 990151   1400 1957  .58      
  59 990161   1400 1957  .77      
  60 990181   1400 1957  .51      
  61 990191   1400 1957  .60      
  63 990211   1400 1964  .79      
  64 990549   1400 1956  .66      
  65 990552   1400 1956  .54      
  66 MC0001   1400 1978  .85  .87 
  67 MC0002   1400 1978  .64  .81 
  68 MC0011   1400 1978  .87  .83 
  69 MC0012   1620 1978  .88  .89 
  70 MC0021   1400 1978  .75  .76 
  71 MC0022   1400 1978  .80  .77 
  72 MC0031   1510 1978  .79  .88 
  73 MC0032   1510 1978  .89  .93 
  74 MC0041   1400 1978  .87  .90 
  75 MC0042   1400 1978  .72  .76 
  76 MC0051   1400 1978  .69  .63 
  77 MC0052   1400 1978  .66  .70 
  78 MC0061   1534 1978  .65  .65 
  79 MC0062   1490 1978  .74  .75 
  80 MC0071   1484 1978  .82  .79 
  81 MC0072   1480 1978  .78  .68 
  82 MC0081   1560 1978  .80  .83 
  83 MC0082   1610 1978  .80  .74 
  84 MC0091   1562 1978  .61  .58 
  85 MC0092   1400 1978  .59  .66 
  86 MC0101   1400 1978  .84  .84 
  87 MC0102   1400 1978  .75  .76 
  88 MC0112   1538 1978  .65  .75 
  89 MC0121   1400 1978  .78  .84 
  91 MC0141   1400 1978  .65  .76 
  92 MC0142   1400 1978  .66  .73 
  93 MS0001   1400 1978  .81  .83 
  95 MS0005   1461 1978  .63  .65 
  96 MS0007   1400 1979  .69  .53 
  97 MS0008   1400 1979  .65  .80 
  98 MS0010   1400 1979  .76  .76 
  99 MS0012   1400 1979  .73  .74 
 100 MS0014   1400 1979  .68  .77 
 101 MS0015   1400 1979  .71  .70 
 103 MS0017   1400 1979  .46  .36 
 104 MS0018   1400 1979  .67  .65 
 105 MS0019   1400 1979  .30A .45 
 106 MS0020   1400 1979  .30A .31A
 107 MS0021   1400 1979  .64  .63 
 108 MS0023   1400 1979  .70  .60 
 110 MS0025   1400 1979  .60  .64 
 111 MS0026   1400 1979  .58  .63 
 112 MS0027   1400 1979  .53  .63 
 113 MS0028   1400 1979  .76  .77 
 114 MS0029   1400 1979  .40  .53 
 115 MS0030   1400 1979  .57  .58 
 117 MS0032   1497 1979  .53  .57 
 119 MS0034   1400 1979  .55  .56 
 120 MS0035   1400 1980  .38  .45 
 121 MS0036   1400 1980  .46  .56 
 Av segment correlation  .68  .72 

 FLAGGED SEGMENTS: ca670
-----------------------------------------------------------------------------------------------------------------------------------
 Seq Series   Segment    Flag  r dated  Best lag  r at lag   Gain  Note
 --- -------- ---------  ----  -------  --------  --------  -----  -----------------
  20 93198B   1425 1474     A     .246         0
  55 990121   1675 1724     A     .290         0
  56 990131   1425 1474     B     .185       -10      .344   .159
  58 990151   1425 1474     A     .321         0
  65 990552   1500 1549     A     .270         0
 103 MS0017   1675 1724     A     .199         0
 105 MS0019   1750 1799     A     .241         0
 105 MS0019   1775 1824     A     .293         0
 105 MS0019   1875 1924     A     .280         0
 105 MS0019   1900 1949     A     .299         0
 106 MS0020   1400 1449     A     .263         0
 106 MS0020   1900 1949     A     .305         0
 106 MS0020   1925 1974     A     .306         0
 107 MS0021   1850 1899     A     .285         0
 110 MS0025   1675 1724     B     .085         4      .225   .140  weak at every lag
 110 MS0025   1700 1749     A     .240         0
 110 MS0025   1825 1874     A     .310         0
 111 MS0026   1400 1449     A     .270         0
 120 MS0035   1400 1449     B     .208         3      .285   .076  weak at every lag
 120 MS0035   1600 1649     B     .439        -3      .453   .014
 120 MS0035   1675 1724     B     .173         4      .229   .056  weak at every lag

 DESCRIPTIVE STATISTICS: ca670
-----------------------------------------------------------------------------------------------------------------------------------

                                                Corr   //-------- Unfiltered --------\\  //-- dplR filtered --\\
                           No.    No.    No.    with   Mean   Max     Std   Auto   Mean   Max     Std   Auto  AR
 Seq Series   Interval   Years  Segmt  Flags   Master  msmt   msmt    dev   corr   sens  value    dev   corr  ()
 --- -------- ---------  -----  -----  -----   ------ -----  -----  -----  -----  -----  -----  -----  -----  --
   1 93007A   1400 1993    594     21      0    .783    .20    .64   .123   .305   .716   2.54   .500  -.008   3
   2 93012A   1400 1993    594     22      0    .683    .21    .60   .081   .448   .325   1.77   .268  -.033   0
   3 93024A   1400 1993    594     21      0    .620    .22    .51   .085   .373   .352   2.01   .283  -.017   3
   4 93026A   1461 1993    533     19      0    .623    .25    .50   .081   .401   .295   1.88   .248   .001   1
   5 93191A   1474 1993    520     18      0    .657    .38    .96   .188   .760   .309   1.80   .257  -.005   3
   6 93191B   1429 1993    565     20      0    .655    .34    .84   .128   .749   .231   1.62   .212   .008   1
   7 93192A   1400 1993    594     21      0    .745    .14    .34   .061   .365   .433   1.91   .333  -.009   3
   8 93192B   1521 1993    473     17      0    .602    .32    .62   .094   .522   .230   1.53   .207  -.019   0
   9 93193A   1610 1993    384     13      0    .801    .23    .50   .096   .409   .411   1.83   .338  -.020   3
  10 93193B   1583 1993    411     14      0    .765    .28    .58   .111   .714   .281   1.68   .256  -.013   3
  11 93194A   1400 1993    594     21      0    .769    .17    .44   .077   .359   .478   2.27   .385   .004   1
  12 93194B   1400 1993    594     21      0    .678    .21    .64   .101   .687   .330   1.84   .291  -.004   2
  13 93195A   1400 1993    594     21      0    .649    .18    .41   .066   .483   .322   2.11   .280  -.002   2
  14 93195B   1551 1993    443     15      0    .569    .20    .58   .095   .716   .312   1.86   .272   .004   1
  15 93196A   1400 1993    594     21      0    .765    .24    .66   .134   .598   .460   2.04   .376  -.005   3
  16 93196B   1400 1993    594     21      0    .755    .16    .44   .082   .435   .555   2.50   .429  -.005   3
  17 93197A   1611 1993    383     13      0    .807    .38    .93   .180   .471   .489   1.73   .369  -.014   3
  18 93197B   1559 1993    435     15      0    .824    .30    .71   .147   .485   .498   1.87   .393  -.007   3
  19 93198A   1573 1993    421     14      0    .817    .33   1.04   .187   .498   .543   2.23   .425  -.014   3
  20 93198B   1407 1993    587     21      1    .746    .22    .69   .116   .452   .511   2.12   .410  -.011   3
  21 93199A   1607 1993    387     13      0    .711    .24    .64   .121   .611   .389   1.90   .335   .007   1
  22 93199B   1729 1992    264      8      0    .742    .46   1.22   .230   .623   .359   1.78   .318  -.000   1
  23 93200A   1438 1992    555     20      0    .779    .27    .82   .155   .631   .478   2.01   .379   .001   1
  24 93200B   1400 1993    594     21      0    .770    .21    .65   .121   .595   .492   2.02   .388  -.002   3
  25 95232A   1459 1995    537     19      0    .728    .26    .98   .151   .800   .307   1.77   .273  -.007   1
  26 95232B   1460 1995    536     19      0    .718    .33   1.39   .253   .882   .308   1.71   .276   .010   1
  27 95233A   1503 1995    493     17      0    .755    .29    .75   .135   .781   .283   1.59   .259  -.004   1
  28 95234A   1400 1995    596     22      0    .818    .13    .31   .074   .260   .703   2.25   .507  -.007   0
  29 95234B   1400 1995    596     22      0    .814    .14    .40   .081   .234   .756   2.31   .532  -.028   0
  30 95235A   1400 1995    596     21      0    .787    .22    .58   .111   .375   .533   2.10   .400  -.016   3
  31 95238A   1400 1995    596     21      0    .753    .24    .48   .084   .348   .367   1.63   .295  -.000   1
  32 95239A   1400 1995    596     21      0    .752    .38    .82   .168   .428   .435   1.95   .340  -.007   3
  33 95239B   1400 1995    596     21      0    .742    .16    .50   .072   .263   .494   2.27   .366  -.010   3
  34 95240A   1400 1995    596     21      0    .759    .20    .44   .076   .102   .461   1.85   .342  -.004   1
  35 95240B   1400 1900    501     18      0    .775    .18    .41   .072   .348   .400   2.19   .331  -.005   2
  36 95241A   1400 1995    596     22      0    .702    .20    .45   .078   .401   .365   1.89   .300  -.017   0
  37 95242A   1425 1995    571     20      0    .702    .45   1.00   .164   .721   .242   1.80   .222  -.007   3
  38 95242B   1406 1995    590     21      0    .709    .41    .98   .172   .677   .292   1.72   .250   .038   0
  39 95243A   1400 1995    596     21      0    .793    .18    .54   .099   .495   .562   2.19   .420  -.011   3
  40 95244A   1472 1995    524     19      0    .817    .21    .83   .124   .398   .597   2.22   .435  -.008   3
  41 95244B   1472 1995    524     19      0    .829    .18    .43   .076   .201   .507   1.98   .389  -.029   0
  42 95245A   1508 1995    488     17      0    .827    .27    .99   .128   .600   .381   2.00   .325  -.005   3
  43 95246A   1429 1995    567     20      0    .666    .53   1.19   .172   .503   .277   1.64   .237   .027   0
  44 96625A   1400 1996    597     21      0    .788    .18    .36   .064   .368   .350   1.86   .284  -.014   3
  45 96626A   1400 1450     51      0      0    .695    .26    .47   .078   .057   .343   1.78   .260  -.043   3
  46 96626B   1735 1996    262      8      0    .862    .39    .97   .165   .715   .279   1.55   .252  -.014   3
  47 96627A   1400 1996    597     21      0    .790    .13    .34   .057   .392   .440   2.13   .365  -.011   3
  48 96628A   1400 1996    597     21      0    .840    .19    .56   .102   .387   .576   1.84   .408  -.004   3
  49 96629A   1422 1733    312     11      0    .732    .40    .80   .142   .500   .288   1.80   .261  -.005   1
  50 96629B   1455 1996    542     19      0    .728    .35   1.01   .150   .567   .354   1.87   .299   .044   0
  51 990011   1400 1921    522     18      0    .732    .41    .87   .132   .508   .274   1.78   .247  -.003   3
  52 990031   1400 1957    558     20      0    .658    .24    .61   .082   .506   .290   1.85   .252  -.005   3
  53 990100   1400 1957    558     20      0    .661    .40    .71   .098   .538   .191   1.56   .176  -.001   1
  54 990110   1400 1800    401     14      0    .716    .31    .66   .113   .432   .314   1.91   .275   .004   2
  55 990121   1400 1957    558     21      1    .653    .36    .75   .104   .542   .239   1.50   .206   .019   0
  56 990131   1400 1956    557     20      1    .482    .31    .63   .103   .637   .233   1.69   .225   .001   1
  57 990141   1400 1957    558     21      0    .803    .25    .50   .091   .328   .363   1.79   .298  -.027   0
  58 990151   1400 1957    558     20      1    .607    .29    .54   .078   .517   .227   1.54   .200  -.002   3
  59 990161   1400 1957    558     20      0    .789    .19    .49   .082   .473   .382   1.90   .318  -.013   3
  60 990181   1400 1957    558     20      0    .776    .23    .60   .084   .552   .307   1.63   .271  -.005   1
  61 990191   1400 1957    558     21      0    .757    .15    .40   .060   .505   .330   1.76   .275   .021   0
  62 990201   1400 1925    526     19      0    .802    .23    .90   .116   .704   .356   1.77   .290  -.002   2
  63 990211   1400 1964    565     20      0    .795    .17    .30   .049   .362   .289   1.61   .250  -.002   1
  64 990549   1400 1956    557     20      0    .703    .20    .39   .052   .461   .230   1.51   .202  -.003   2
  65 990552   1400 1956    557     20      1    .534    .23    .46   .091   .736   .246   1.80   .213  -.015   3
  66 MC0001   1400 1978    579     21      0    .830    .22    .60   .104   .683   .356   1.77   .317  -.006   1
  67 MC0002   1400 1978    579     21      0    .857    .24    .64   .107   .657   .355   1.73   .308  -.000   1
  68 MC0011   1400 1978    579     21      0    .816    .15    .37   .074   .163   .634   2.07   .448  -.009   3
  69 MC0012   1620 1978    359     13      0    .816    .14    .29   .060   .092   .556   1.78   .385  -.014   3
  70 MC0021   1400 1978    579     21      0    .719    .15    .35   .070   .616   .368   2.01   .317  -.009   3
  71 MC0022   1400 1978    579     21      0    .728    .10    .25   .047   .469   .485   2.16   .404  -.006   3
  72 MC0031   1510 1978    469     17      0    .874    .28    .48   .087   .212   .333   1.56   .278  -.008   3
  73 MC0032   1510 1978    469     17      0    .823    .28    .61   .108   .558   .335   1.78   .305  -.015   1
  74 MC0041   1400 1978    579     21      0    .875    .20    .41   .070   .278   .393   1.74   .319  -.011   3
  75 MC0042   1400 1978    579     21      0    .781    .17    .36   .060   .355   .356   1.74   .288  -.011   3
  76 MC0051   1400 1978    579     21      0    .734    .18    .40   .059   .547   .251   1.57   .228   .008   1
  77 MC0052   1400 1978    579     21      0    .751    .10    .29   .047   .637   .383   2.22   .320  -.010   3
  78 MC0061   1534 1978    445     16      0    .762    .25    .48   .087   .317   .359   1.80   .282  -.011   3
  79 MC0062   1490 1978    489     18      0    .801    .28    .78   .110   .479   .340   1.72   .282   .049   0
  80 MC0071   1484 1978    495     18      0    .807    .34    .82   .129   .509   .315   1.63   .262  -.010   3
  81 MC0072   1480 1978    499     18      0    .766    .29   1.14   .165   .776   .314   1.93   .265  -.020   3
  82 MC0081   1560 1978    419     15      0    .771    .20    .44   .084   .255   .433   1.82   .337  -.021   3
  83 MC0082   1610 1978    369     13      0    .798    .27    .64   .103   .540   .318   1.73   .269  -.019   3
  84 MC0091   1562 1978    417     15      0    .767    .44   1.19   .189   .698   .290   1.72   .275  -.008   3
  85 MC0092   1400 1978    579     21      0    .751    .26    .67   .120   .476   .401   1.90   .317  -.009   1
  86 MC0101   1400 1978    579     22      0    .761    .25    .52   .076   .415   .292   1.60   .242  -.009   0
  87 MC0102   1400 1978    579     22      0    .772    .33    .79   .117   .569   .286   1.78   .245   .030   0
  88 MC0112   1538 1978    441     16      0    .761    .43    .86   .151   .395   .354   1.62   .293  -.005   3
  89 MC0121   1400 1978    579     21      0    .824    .24    .70   .109   .685   .336   1.71   .284  -.001   1
  90 MC0122   1400 1779    380     13      0    .795    .24    .61   .119   .698   .382   2.28   .324  -.005   1
  91 MC0141   1400 1978    579     21      0    .670    .29    .82   .155   .783   .318   2.03   .287  -.012   3
  92 MC0142   1400 1978    579     21      0    .726    .32    .83   .143   .567   .369   2.08   .312  -.002   3
  93 MS0001   1400 1978    579     21      0    .803    .20    .52   .082   .482   .352   1.87   .301  -.010   3
  94 MS0004   1400 1871    472     16      0    .721    .25   1.15   .151   .753   .449   1.98   .371  -.006   2
  95 MS0005   1461 1978    518     19      0    .730    .29    .74   .132   .685   .343   1.78   .305  -.012   1
  96 MS0007   1400 1979    580     21      0    .675    .17    .39   .062   .163   .379   1.83   .306  -.007   3
  97 MS0008   1400 1979    580     21      0    .701    .15    .44   .079   .435   .460   2.18   .399  -.003   2
  98 MS0010   1400 1979    580     21      0    .654    .18    .46   .078   .624   .324   1.94   .285  -.009   3
  99 MS0012   1400 1979    580     21      0    .786    .18    .44   .089   .422   .511   2.08   .404  -.013   3
 100 MS0014   1400 1979    580     21      0    .734    .13    .39   .068   .208   .568   2.31   .441  -.006   3
 101 MS0015   1400 1979    580     22      0    .758    .31    .77   .141   .523   .400   1.98   .333   .032   0
 102 MS0016   1400 1780    381     13      0    .624    .10    .25   .048   .394   .447   2.09   .366  -.003   2
 103 MS0017   1400 1979    580     21      1    .510    .08    .24   .038   .280   .467   2.39   .389  -.013   3
 104 MS0018   1400 1979    580     21      0    .725    .15    .52   .077   .509   .441   2.06   .377  -.014   3
 105 MS0019   1400 1979    580     21      4    .564    .17    .42   .077   .478   .406   2.19   .345  -.004   2
 106 MS0020   1400 1979    580     22      3    .507    .24    .53   .097   .322   .392   2.52   .332  -.051   0
 107 MS0021   1400 1979    580     22      1    .643    .16    .41   .070   .312   .435   2.15   .367   .004   0
 108 MS0023   1400 1979    580     21      0    .641    .12    .32   .057   .264   .491   2.32   .402  -.011   3
 109 MS0024   1400 1899    500     19      0    .476    .19    .50   .079   .458   .352   2.73   .324   .030   0
 110 MS0025   1400 1979    580     22      3    .496    .25    .49   .081   .262   .327   1.99   .288   .055   0
 111 MS0026   1400 1979    580     22      1    .589    .12    .36   .062   .557   .384   2.16   .337  -.022   0
 112 MS0027   1400 1979    580     21      0    .695    .15    .51   .090   .352   .605   2.34   .469  -.010   3
 113 MS0028   1400 1979    580     21      0    .799    .23    .56   .127   .185   .672   2.39   .497  -.002   1
 114 MS0029   1400 1979    580     22      0    .566    .22    .57   .099   .466   .378   2.40   .330  -.022   0
 115 MS0030   1400 1979    580     22      0    .621    .15    .38   .076   .256   .558   2.49   .456  -.022   0
 116 MS0031   1400 1880    481     17      0    .601    .07    .21   .041   .083   .631   2.70   .530  -.010   3
 117 MS0032   1497 1979    483     18      0    .709    .22    .55   .097   .498   .391   1.96   .329  -.011   3
 118 MS0033   1400 1759    360     12      0    .730    .19    .79   .127   .472   .607   2.41   .519   .011   1
 119 MS0034   1400 1979    580     21      0    .584    .11    .43   .066   .547   .503   2.55   .423  -.004   3
 120 MS0035   1400 1980    581     22      3    .555    .21    .40   .070   .145   .395   1.83   .312  -.036   0
 121 MS0036   1400 1980    581     21      0    .579    .21    .41   .077   .221   .408   2.17   .335  -.009   3
 122 MS0037   1400 1824    425     15      0    .616    .27    .64   .110   .366   .378   2.03   .329  -.007   2
 --- -------- ---------  -----  -----  -----   ------ -----  -----  -----  -----  -----  -----  -----  -----  --
 Total or mean:          64420   2312     21    .721    .23   1.39   .101   .470   .399   2.73   .327  -.005

 DATA CHECKS (rwl.check): ca670
-----------------------------------------------------------------------------------------------------------------------------------
 rwl.check: data_files/treering/measurements/northamerica/usa/ca670.rwl
 122 series, 64420 measurements, 1400-1996, 0.01 mm precision
 0 error(s), 0 warning(s), 45 note(s)
 -------------
 Nothing to report at this severity.
 45 note(s) not shown; see rwl.check() or the 'check' element of this report.

 NOTES
-----------------------------------------------------------------------------------------------------------------------------------
 Report generated using dplR 1.8.1 (R 4.5.2) on 2026-10-01 16:51 PDT.
 Measurement file ca670.rwl, MD5 58cce96a0773496dbdf0445dc15f6523.
 Filtering: each series divided by a 32-year smoothing spline (caps()), then prewhitened with
   an AR model (order by AIC, at most 3).
 Master: biweight robust mean of the other series (leave-one-out).
 Correlation: Pearson, one-tailed, pcrit = 0.01; critical r = 0.3281 for 50-year segments.
 Segments: 50 years, lagged 25, first segment floored to 100. Lags searched: +/- 10 years.
 A segment is tested only where the series and the master cover all of it, at the dated
   position and at every lag. COFECHA also tests partial segments at the ends of a series, so
   series here may show fewer segments, and no flags can be raised at the ends of the record.
 Lags follow COFECHA: negative means rings are probably missing from the series, positive means
   false rings. A missing ring carries its lag into every segment before it, so look where the
   lag changes along a series. A B flag is a hypothesis to check on the wood; the gain says how
   seriously to take it.
 A B flag marked "weak at every lag" correlates under the critical value even at its best lag:
   the segment is weak wherever it is placed, and the shift is not evidence of a dating error.
   Treat it as a low correlation, like an A.
 Averages in the summary and the totals are weighted by the number of years in each series, as
   COFECHA's are.
 Unfiltered block and mean sensitivity: the measurements as read, and sens1().
 dplR filtered block: the series that was correlated, after filtering. COFECHA's filtered
   series is defined differently, so these three columns are not COFECHA's numbers.
 AR: order of the AR model used to prewhiten.
