
 COFECHA-style crossdating report: ca692
 Report generated using dplR 1.8.1 (R 4.5.2) on 2026-10-01 16:55 PDT
 Built with dplR's xdate.report(), not COFECHA; see the notes at the end.


      Measurement file name  : ca692.rwl
      MD5 of measurement file: 8d19bda6135ce45bfb7948d8baa82be3
      Date checked           : 01OCT26
      Beginning year         : 1615
      Ending year            : 2015
      Principal investigators: Touchan, R.; Lepley, K.S.; Meko, D.M.; Campbell, R.; Shamir, E.
      Site name              : Carpenter Ridge
      Species information    : TSME Tsuga mertensiana (Bong.) Carrière
      Latitude               : 39.4180 N
      Longitude              : 120.3111 W
      Elevation              : 2478 m

      Series intercorrelation: 0.741
      Avg mean sensitivity   : 0.313
      Avg standard deviation : 0.421
      Avg autocorrelation    : 0.627
      Number dated series    : 75
      Segment length tested  : 50

      Number problem segments: 5  (A 2, B 3; 1 of the B weak at every lag)
      Pct problem segments   : 0.88


 CORRELATION OF SERIES BY SEGMENTS: ca692
-----------------------------------------------------------------------------------------------------------------------------------
 Correlations of  50-year dated segments, lagged  25 years
 Flags:  A = correlation under   .3281 but highest as dated;  B = correlation higher at other than dated position

 Seq Series  Time_span  1700 1725 1750 1775 1800 1825 1850 1875 1900 1925 1950 
                        1749 1774 1799 1824 1849 1874 1899 1924 1949 1974 1999 
 --- -------- ---------  ---- ---- ---- ---- ---- ---- ---- ---- ---- ---- ---- 
   1 CPRT01A  1701 2014       .57  .70  .91  .91  .83  .78  .77  .80  .72  .72 
   2 CPRT01B  1708 2014       .63  .84  .88  .84  .85  .89  .90  .90  .69  .76 
   3 CPRT02A  1883 2014                                          .81  .82  .75 
   4 CPRT02B  1682 2014  .82  .64  .32A .69  .85  .91  .83  .77  .83  .69  .74 
   5 CPRT03A  1815 2014                           .86  .89  .85  .72  .64  .70 
   6 CPRT03B  1838 2014                                .87  .85  .76  .66  .78 
   7 CPRT04A  1701 2014       .74  .72  .83  .87  .89  .86  .80  .86  .74  .82 
   8 CPRT04B  1743 2014            .76  .82  .87  .89  .88  .84  .81  .75  .84 
   9 CPRT05A  1716 2014       .79  .71  .79  .79  .86  .86  .73  .61  .40  .70 
  10 CPRT05B  1704 2014       .81  .75  .82  .83  .88  .90  .74  .57  .39  .54 
  11 CPRT06A  1908 2014                                               .67  .77 
  12 CPRT06B  1886 2014                                          .54  .67  .73 
  13 CPRT07A  1771 2014                 .80  .84  .90  .90  .78  .77  .77  .79 
  14 CPRT07B  1806 2014                           .90  .87  .70  .57  .64  .79 
  15 CPRT08A  1697 2014  .76  .71  .70  .67  .72  .68  .60  .59  .57  .55  .61 
  16 CPRT08B  1760 2014                 .84  .86  .80  .77  .67  .64  .67  .50 
  17 CPRT09A  1775 2014                 .76  .76  .84  .84  .61  .58  .60  .74 
  18 CPRT09B  1835 2014                                .70  .63  .73  .74  .85 
  19 CPRT10A  1815 2014                           .87  .88  .82  .73  .69  .86 
  20 CPRT10B  1819 2013                           .93  .93  .91  .87  .84  .85 
  21 CPRT11A  1694 2014  .70  .77  .79  .87  .89  .90  .91  .84  .75  .71  .76 
  22 CPRT11B  1711 2014       .83  .74  .55  .61  .69  .72  .75  .61  .67  .74 
  23 CPRT12A  1725 2014            .70  .83  .87  .92  .91  .85  .75  .71  .84 
  24 CPRT12B  1716 2014       .62  .61  .80  .89  .89  .79  .75  .73  .55  .72 
  25 CPRT13A  1670 2014  .66  .64  .70  .87  .74  .83  .89  .84  .80  .70  .82 
  26 CPRT13B  1712 2014       .66  .74  .73  .79  .83  .81  .82  .73  .57  .80 
  27 CPRT14A  1706 2014       .62  .70  .83  .84  .81  .78  .77  .71  .59  .64 
  28 CPRT14B  1726 2014            .76  .82  .85  .88  .86  .81  .80  .74  .89 
  29 CPRT15A  1768 2014                 .86  .88  .90  .88  .87  .82  .71  .80 
  30 CPRT15B  1799 2014                           .89  .90  .80  .70  .60  .77 
  31 CPRT15E  1737 2014            .89  .93  .93  .95  .92  .82  .78  .71  .86 
  32 CPRT16A  1819 2014                           .92  .94  .88  .81  .37  .62 
  33 CPRT16B  1901 2014                                               .36  .56 
  34 CPRT17A  1738 2014            .80  .91  .91  .91  .78  .63  .74  .73  .78 
  35 CPRT17B  1830 2014                                .82  .69  .72  .72  .73 
  36 CPRT18A  1681 2014  .56  .59  .69  .68  .76  .85  .82  .70  .70  .71  .83 
  37 CPRT18B  1719 2014       .70  .75  .78  .81  .86  .83  .67  .62  .48  .66 
  38 CPRT19A  1681 2014  .76  .75  .84  .89  .88  .90  .88  .80  .72  .64  .77 
  39 CPRT19B  1725 2014            .68  .52  .59  .73  .76  .73  .53  .41  .61 
  40 CPRT20A  1747 2014            .41  .56  .73  .85  .87  .74  .75  .80  .85 
  41 CPRT20B  1773 2014                 .59  .77  .79  .79  .64  .61  .72  .82 
  42 CPRT21A  1891 2014                                          .60  .52  .59 
  43 CPRT21B  1905 2014                                               .46  .60 
  44 CPRT22A  1926 2014                                                    .48 
  45 CPRT22B  1926 2014                                                    .52 
  46 CPRT27A  1817 2015                           .61  .76  .65  .62  .72  .68 
  47 CPRT27B  1822 2015                           .62  .61  .61  .51  .62  .56 
  48 CPRT28A  1713 2015       .39  .54  .74  .76  .87  .93  .86  .69  .69  .79 
  49 CPRT28B  1739 2015            .74  .82  .86  .93  .93  .84  .79  .75  .84 
  50 CPRT29A  1748 2015                 .75  .79  .88  .84  .68  .52  .44  .59 
  51 CPRT29B  1678 2015  .64  .71  .64  .41  .42  .73  .76  .61  .51  .57  .55 
  52 CPRT30A  1746 2015            .46  .71  .76  .75  .78  .64  .40  .43  .56 
  53 CPRT30B  1665 2015  .61  .61  .86  .92  .94  .91  .87  .77  .73  .76  .86 
  54 CPRT31A  1615 2015  .76  .75  .77  .77  .76  .83  .82  .62  .34  .42  .61 
  55 CPRT31B  1672 2015  .76  .78  .82  .86  .88  .89  .82  .72  .56  .39  .61 
  56 CPRT32B  1837 2015                                .76  .50  .59  .69  .70 
  57 CPRT33A  1744 2015            .83  .93  .91  .91  .92  .85  .72  .74  .72 
  58 CPRT33B  1769 2015                 .92  .93  .95  .93  .80  .66  .69  .81 
  59 CPRT34A  1847 2015                                .66  .62  .52  .54  .75 
  60 CPRT34B  1838 2015                                .51  .54  .61  .74  .74 
  61 CPRT35A  1780 2015                      .84  .87  .86  .73  .54  .59  .65 
  62 CPRT35B  1799 2015                      .71  .81  .73  .67  .63  .70  .86 
  63 CPRT36A  1637 2015  .82  .77  .82  .92  .93  .87  .86  .86  .80  .70  .85 
  64 CPRT36B  1827 2015                                .45  .25B .30B .17B .61 
  65 CPRT37A  1790 2015                      .83  .88  .87  .73  .56  .77  .79 
  66 CPRT37B  1819 2015                           .88  .85  .77  .74  .64  .74 
  67 CPRT37E  1923 2015                                               .55  .72 
  68 CPRT38A  1771 2015                 .65  .67  .81  .74  .62  .49  .48  .80 
  69 CPRT38B  1793 2015                      .83  .86  .76  .57  .71  .70  .80 
  70 CPRT39A  1752 2012                 .70  .79  .82  .76  .53  .31A .40  .66 
  71 CPRT39B  1745 2015            .75  .79  .77  .81  .83  .74  .63  .59  .71 
  72 CPRT40A  1789 2015                      .85  .90  .91  .85  .75  .67  .82 
  73 CPRT40B  1751 2015                 .69  .84  .92  .91  .84  .71  .48  .82 
  74 CPRT41A  1762 2015                 .55  .71  .76  .77  .78  .71  .65  .67 
  75 CPRT41B  1782 2015                      .73  .80  .77  .77  .73  .56  .73 
 Av segment correlation  .72  .69  .71  .77  .81  .85  .82  .73  .67  .62  .73 

 FLAGGED SEGMENTS: ca692
-----------------------------------------------------------------------------------------------------------------------------------
 Seq Series   Segment    Flag  r dated  Best lag  r at lag   Gain  Note
 --- -------- ---------  ----  -------  --------  --------  -----  -----------------
   4 CPRT02B  1750 1799     A     .323         0
  64 CPRT36B  1875 1924     B     .250         4      .338   .088
  64 CPRT36B  1900 1949     B     .298         4      .359   .061
  64 CPRT36B  1925 1974     B     .166         6      .286   .121  weak at every lag
  70 CPRT39A  1900 1949     A     .312         0

 DESCRIPTIVE STATISTICS: ca692
-----------------------------------------------------------------------------------------------------------------------------------

                                                Corr   //-------- Unfiltered --------\\  //-- dplR filtered --\\
                           No.    No.    No.    with   Mean   Max     Std   Auto   Mean   Max     Std   Auto  AR
 Seq Series   Interval   Years  Segmt  Flags   Master  msmt   msmt    dev   corr   sens  value    dev   corr  ()
 --- -------- ---------  -----  -----  -----   ------ -----  -----  -----  -----  -----  -----  -----  -----  --
   1 CPRT01A  1701 2014    314     10      0    .761    .63   2.36   .320   .166   .531   2.87   .404   .013   1
   2 CPRT01B  1708 2014    307     10      0    .801    .80   2.15   .348   .277   .407   2.13   .322  -.003   3
   3 CPRT02A  1883 2014    132      3      0    .750    .62   1.53   .230   .471   .278   2.04   .268   .011   1
   4 CPRT02B  1682 2014    333     11      1    .755    .65   1.83   .272   .552   .312   2.00   .264   .000   3
   5 CPRT03A  1815 2014    200      6      0    .796    .56   1.16   .189   .400   .269   1.69   .223  -.003   2
   6 CPRT03B  1838 2014    177      5      0    .817    .53   1.47   .225   .515   .293   1.67   .250  -.085   0
   7 CPRT04A  1701 2014    314     10      0    .813    .88   2.71   .449   .654   .300   2.10   .279  -.003   3
   8 CPRT04B  1743 2014    272      9      0    .841    .88   2.44   .387   .575   .307   2.43   .270  -.011   3
   9 CPRT05A  1716 2014    299     10      0    .762    .78   2.02   .346   .684   .261   1.85   .244   .043   0
  10 CPRT05B  1704 2014    311     10      0    .738    .78   2.21   .352   .695   .252   1.93   .248   .000   1
  11 CPRT06A  1908 2014    107      2      0    .660   1.33   2.71   .522   .663   .245   1.67   .252  -.040   3
  12 CPRT06B  1886 2014    129      3      0    .649    .97   2.82   .462   .695   .268   1.95   .269   .006   2
  13 CPRT07A  1771 2014    244      8      0    .829    .81   2.53   .389   .555   .343   2.30   .308  -.023   0
  14 CPRT07B  1806 2014    209      6      0    .801    .97   2.66   .303   .198   .286   2.21   .267   .002   0
  15 CPRT08A  1697 2014    318     11      0    .649   1.06   3.52   .621   .806   .225   1.61   .201   .012   0
  16 CPRT08B  1760 2014    255      8      0    .711    .78   2.03   .370   .831   .188   1.69   .182  -.010   3
  17 CPRT09A  1775 2014    240      8      0    .745    .71   2.17   .236   .257   .272   2.35   .271   .025   0
  18 CPRT09B  1835 2014    180      5      0    .698    .79   2.38   .290   .302   .290   2.65   .316   .002   1
  19 CPRT10A  1815 2014    200      6      0    .841    .80   2.87   .433   .542   .329   2.55   .303   .000   0
  20 CPRT10B  1819 2013    195      6      0    .867    .88   2.78   .509   .630   .338   2.27   .293  -.012   3
  21 CPRT11A  1694 2014    321     11      0    .816    .99   3.79   .617   .853   .242   1.69   .221  -.010   3
  22 CPRT11B  1711 2014    304     10      0    .684    .84   3.21   .683   .918   .218   1.62   .209   .013   1
  23 CPRT12A  1725 2014    290      9      0    .826    .71   1.78   .332   .701   .295   2.07   .272  -.006   3
  24 CPRT12B  1716 2014    299     10      0    .746    .68   1.68   .350   .773   .276   1.99   .267  -.016   3
  25 CPRT13A  1670 2014    345     11      0    .749    .85   3.55   .548   .764   .335   2.10   .294   .000   1
  26 CPRT13B  1712 2014    303     10      0    .766    .65   2.56   .498   .837   .344   2.73   .300  -.001   1
  27 CPRT14A  1706 2014    309     10      0    .733    .87   2.59   .493   .664   .414   1.71   .318  -.006   1
  28 CPRT14B  1726 2014    289      9      0    .819    .93   2.79   .508   .728   .361   1.78   .302  -.042   0
  29 CPRT15A  1768 2014    247      8      0    .847    .56   1.66   .317   .549   .410   2.56   .349  -.016   3
  30 CPRT15B  1799 2014    216      6      0    .807    .40   1.18   .232   .465   .457   2.35   .374  -.011   3
  31 CPRT15E  1737 2014    278      9      0    .878    .64   2.19   .360   .708   .342   2.05   .298  -.049   0
  32 CPRT16A  1819 2014    196      6      0    .819    .63   1.94   .266   .401   .347   2.26   .326  -.013   1
  33 CPRT16B  1901 2014    114      2      0    .561    .56   1.22   .215   .645   .252   1.94   .249   .051   1
  34 CPRT17A  1738 2014    277      9      0    .794    .85   3.16   .427   .551   .391   2.21   .351  -.000   1
  35 CPRT17B  1830 2014    185      5      0    .758    .86   1.82   .337   .414   .357   1.84   .327  -.013   1
  36 CPRT18A  1681 2014    334     11      0    .741    .56   2.55   .414   .814   .367   2.55   .313  -.007   3
  37 CPRT18B  1719 2014    296     10      0    .745    .51   1.86   .378   .798   .413   3.07   .356   .002   3
  38 CPRT19A  1681 2014    334     11      0    .824    .74   3.06   .545   .844   .308   2.40   .287   .047   0
  39 CPRT19B  1725 2014    290      9      0    .637    .60   1.87   .350   .791   .280   2.28   .258  -.009   3
  40 CPRT20A  1747 2014    268      9      0    .693    .68   1.45   .206   .340   .290   1.85   .264   .005   1
  41 CPRT20B  1773 2014    242      8      0    .677    .73   1.56   .206   .396   .249   1.82   .230   .028   0
  42 CPRT21A  1891 2014    124      3      0    .557    .44    .79   .145   .233   .343   1.65   .285  -.024   0
  43 CPRT21B  1905 2014    110      2      0    .584    .37    .99   .153   .357   .336   1.66   .300   .038   0
  44 CPRT22A  1926 2014     89      1      0    .450    .64   1.60   .270   .559   .279   1.77   .266   .125   0
  45 CPRT22B  1926 2014     89      1      0    .497    .64   1.63   .268   .528   .260   1.72   .237  -.010   0
  46 CPRT27A  1817 2015    199      6      0    .624   1.17   2.18   .324   .473   .236   1.69   .218   .003   1
  47 CPRT27B  1822 2015    194      6      0    .572    .93   1.87   .292   .348   .272   1.74   .255   .099   0
  48 CPRT28A  1713 2015    303     10      0    .721    .91   2.71   .460   .759   .273   2.06   .266  -.003   1
  49 CPRT28B  1739 2015    277      9      0    .839   1.02   2.01   .346   .465   .282   1.99   .259  -.007   3
  50 CPRT29A  1748 2015    268      8      0    .708   1.10   3.58   .567   .725   .295   1.91   .290   .001   3
  51 CPRT29B  1678 2015    338     11      0    .576    .66   1.94   .298   .697   .253   2.06   .263  -.013   3
  52 CPRT30A  1746 2015    270      9      0    .625    .51   1.46   .205   .329   .351   1.94   .314  -.007   0
  53 CPRT30B  1665 2015    351     11      0    .827    .65   2.22   .398   .745   .389   2.61   .334  -.003   1
  54 CPRT31A  1615 2015    401     11      0    .675    .52   2.45   .478   .838   .503   2.29   .393   .004   1
  55 CPRT31B  1672 2015    344     11      0    .748    .44   2.06   .362   .792   .459   2.58   .361  -.018   3
  56 CPRT32B  1837 2015    179      5      0    .713    .69   2.87   .494   .776   .369   2.64   .369  -.004   1
  57 CPRT33A  1744 2015    272      9      0    .844    .85   1.84   .341   .379   .384   2.31   .328  -.044   0
  58 CPRT33B  1769 2015    247      8      0    .852   1.01   1.86   .306   .124   .312   1.93   .273  -.019   3
  59 CPRT34A  1847 2015    169      5      0    .659   1.35   4.22   .938   .810   .268   1.76   .246   .075   0
  60 CPRT34B  1838 2015    178      5      0    .619   1.29   3.90   .728   .840   .231   1.67   .227   .022   1
  61 CPRT35A  1780 2015    236      7      0    .756   1.39   4.39   .802   .813   .252   2.06   .237  -.007   1
  62 CPRT35B  1799 2015    217      7      0    .734   1.29   3.98   .687   .817   .226   1.65   .208   .072   0
  63 CPRT36A  1637 2015    379     11      0    .830    .80   2.49   .439   .753   .327   2.14   .294   .016   0
  64 CPRT36B  1827 2015    189      5      3    .467    .72   2.26   .365   .598   .237   2.70   .300   .033   3
  65 CPRT37A  1790 2015    226      7      0    .747   1.38   4.15   .731   .714   .290   1.93   .261   .002   3
  66 CPRT37B  1819 2015    197      6      0    .786   1.28   2.86   .581   .659   .259   1.92   .236   .040   0
  67 CPRT37E  1923 2015     93      2      0    .710    .82   1.44   .238   .557   .216   1.71   .209  -.003   2
  68 CPRT38A  1771 2015    245      8      0    .614   1.03   3.64   .582   .739   .292   2.05   .290  -.024   3
  69 CPRT38B  1793 2015    223      7      0    .751   1.14   3.10   .607   .760   .242   2.11   .240  -.015   3
  70 CPRT39A  1752 2012    261      8      1    .654   1.01   2.70   .610   .879   .212   1.96   .213   .011   1
  71 CPRT39B  1745 2015    271      9      0    .738    .96   2.44   .557   .853   .220   1.92   .226  -.027   3
  72 CPRT40A  1789 2015    227      7      0    .837    .76   2.69   .351   .323   .335   2.23   .290  -.004   3
  73 CPRT40B  1751 2015    265      8      0    .785    .76   1.81   .261   .255   .309   1.88   .257  -.008   1
  74 CPRT41A  1762 2015    254      8      0    .674    .87   2.91   .525   .840   .232   2.08   .226   .052   0
  75 CPRT41B  1782 2015    234      7      0    .726   1.00   3.77   .645   .806   .256   1.88   .245   .029   0
 --- -------- ---------  -----  -----  -----   ------ -----  -----  -----  -----  -----  -----  -----  -----  --
 Total or mean:          18392    568      5    .741    .81   4.39   .421   .627   .313   3.07   .281   .002

 DATA CHECKS (rwl.check): ca692
-----------------------------------------------------------------------------------------------------------------------------------
 rwl.check: data_files/treering/measurements/northamerica/usa/ca692.rwl
 75 series, 18392 measurements, 1615-2015, 0.001 mm precision
 0 error(s), 0 warning(s), 2 note(s)
 -------------
 Nothing to report at this severity.
 2 note(s) not shown; see rwl.check() or the 'check' element of this report.

 NOTES
-----------------------------------------------------------------------------------------------------------------------------------
 Report generated using dplR 1.8.1 (R 4.5.2) on 2026-10-01 16:55 PDT.
 Measurement file ca692.rwl, MD5 8d19bda6135ce45bfb7948d8baa82be3.
 Filtering: each series divided by a 32-year smoothing spline (caps()), then prewhitened with
   an AR model (order by AIC, at most 3).
 Master: biweight robust mean of the other series (leave-one-out).
 Correlation: Pearson, one-tailed, pcrit = 0.01; critical r = 0.3281 for 50-year segments.
 Segments: 50 years, lagged 25, first segment floored to 100. Lags searched: +/- 10 years.
 A segment is tested only where the series and the master cover all of it, at the dated
   position and at every lag. COFECHA also tests partial segments at the ends of a series, so
   series here may show fewer segments, and no flags can be raised at the ends of the record.
 Lags follow COFECHA: negative means rings are probably missing from the series, positive means
   false rings. A missing ring carries its lag into every segment before it, so look where the
   lag changes along a series. A B flag is a hypothesis to check on the wood; the gain says how
   seriously to take it.
 A B flag marked "weak at every lag" correlates under the critical value even at its best lag:
   the segment is weak wherever it is placed, and the shift is not evidence of a dating error.
   Treat it as a low correlation, like an A.
 Averages in the summary and the totals are weighted by the number of years in each series, as
   COFECHA's are.
 Unfiltered block and mean sensitivity: the measurements as read, and sens1().
 dplR filtered block: the series that was correlated, after filtering. COFECHA's filtered
   series is defined differently, so these three columns are not COFECHA's numbers.
 AR: order of the AR model used to prewhiten.
