
 COFECHA-style crossdating report: ca710
 Report generated using dplR 1.8.1 (R 4.5.2) on 2026-10-01 16:51 PDT
 Built with dplR's xdate.report(), not COFECHA; see the notes at the end.


      Measurement file name  : ca710.rwl
      MD5 of measurement file: 9e016e52df3a3fa4d2ca98ea8f57c945
      Date checked           : 01OCT26
      Beginning year         : -104
      Ending year            : 1993
      Principal investigators: Hughes, M.K.; Touchan, R.
      Site name              : Redwood Mountain
      Species information    : SEGI Sequoiadendron giganteum (Lindl.) Buchholz
      Latitude               : 36.7000 N
      Longitude              : 118.9167 W
      Elevation              : 1860 m

      Series intercorrelation: 0.551
      Avg mean sensitivity   : 0.193
      Avg standard deviation : 0.446
      Avg autocorrelation    : 0.806
      Number dated series    : 68
      Segment length tested  : 50

      Number problem segments: 102  (A 38, B 64; 31 of the B weak at every lag)
      Pct problem segments   : 9.09


 CORRELATION OF SERIES BY SEGMENTS: ca710
-----------------------------------------------------------------------------------------------------------------------------------
 Correlations of  50-year dated segments, lagged  25 years
 Flags:  A = correlation under   .3281 but highest as dated;  B = correlation higher at other than dated position

 Seq Series  Time_span  -100  -75  -50  -25    0   25   50   75  100  125  150  175  200  225  250  275  300  325  350  375 
                         -51  -26   -1   24   49   74   99  124  149  174  199  224  249  274  299  324  349  374  399  424 
 --- -------- ---------  ---- ---- ---- ---- ---- ---- ---- ---- ---- ---- ---- ---- ---- ---- ---- ---- ---- ---- ---- ---- 
  11 RMW04A     85  443                                          .63  .60  .55  .50  .56  .55  .49  .66  .73  .57  .57  .68 
  12 RWM01A   -104  496                                          .46  .37  .41  .33  .30B .29A .29B .45  .53  .33  .25B .48 
  13 RWM01B     78  619                                          .34  .31B .42  .38  .37  .40  .32B .49  .55  .35  .36  .56 
  17 RWM04A     85  443                                          .64  .64  .61  .54  .56  .58  .52  .68  .74  .58  .58  .67 
 Av segment correlation                                          .52  .48  .50  .44  .45  .45  .41  .57  .64  .46  .44  .60 

 CORRELATION OF SERIES BY SEGMENTS: ca710
-----------------------------------------------------------------------------------------------------------------------------------
 Correlations of  50-year dated segments, lagged  25 years
 Flags:  A = correlation under   .3281 but highest as dated;  B = correlation higher at other than dated position

 Seq Series  Time_span   400  425  450  475  500  525  550  575  600  625  650  675  700  725  750  775  800  825  850  875 
                         449  474  499  524  549  574  599  624  649  674  699  724  749  774  799  824  849  874  899  924 
 --- -------- ---------  ---- ---- ---- ---- ---- ---- ---- ---- ---- ---- ---- ---- ---- ---- ---- ---- ---- ---- ---- ---- 
   1 RMU01B    844 1963                                                                                            .11B .47 
   2 RMU01C    440 1962            .21B .38  .55  .46  .42  .32B .51  .54  .57  .57  .42  .55  .56  .61  .64  .56  .53  .48 
   3 RMU02     389 1985  .66  .57  .44  .72  .85  .75  .66  .59  .82  .79  .70  .66  .64  .65  .63  .72  .78  .70  .57  .51 
   4 RMU03     599 1757                                               .45  .55  .47  .51  .69  .62  .59  .50  .51  .47  .06B
   5 RMU04A    592 1610                                          .49  .55  .65  .57  .40  .42  .54  .54  .43  .47  .32A .26A
   8 RMU05B    589 1341                                          .59  .57  .45  .41  .30A .28A .37  .39  .42  .54  .44  .42 
  10 RMU6B     761 1104                                                                             .65  .65  .49  .41  .48 
  12 RWM01A   -104  496  .54  .32A                                                                                          
  13 RWM01B     78  619  .61  .36  .14B .26B .36B .36  .38                                                                  
  14 RWM02A    639 1675                                                    .50  .50  .35  .44  .55  .64  .70  .74  .66  .50 
  18 RWU02     389 1985  .66  .58  .49  .75  .85  .76  .69  .65  .82  .79  .70  .66  .64  .65  .63  .73  .80  .70  .57  .52 
 Av segment correlation  .62  .46  .32  .53  .65  .58  .54  .52  .65  .62  .59  .55  .46  .53  .56  .61  .61  .59  .46  .41 

 CORRELATION OF SERIES BY SEGMENTS: ca710
-----------------------------------------------------------------------------------------------------------------------------------
 Correlations of  50-year dated segments, lagged  25 years
 Flags:  A = correlation under   .3281 but highest as dated;  B = correlation higher at other than dated position

 Seq Series  Time_span   900  925  950  975 1000 1025 1050 1075 1100 1125 1150 1175 1200 1225 1250 1275 1300 1325 1350 1375 
                         949  974  999 1024 1049 1074 1099 1124 1149 1174 1199 1224 1249 1274 1299 1324 1349 1374 1399 1424 
 --- -------- ---------  ---- ---- ---- ---- ---- ---- ---- ---- ---- ---- ---- ---- ---- ---- ---- ---- ---- ---- ---- ---- 
   1 RMU01B    844 1963  .50  .13B .21A .61  .48  .60  .66  .61  .55  .34  .31A .41  .55  .60  .72  .73  .60  .54  .53  .56 
   2 RMU01C    440 1962  .44  .60  .67  .58  .44  .41  .44  .51  .46  .54  .52  .60  .66  .66  .60  .55  .68  .66  .56  .60 
   3 RMU02     389 1985  .70  .74  .83  .77  .63  .80  .82  .70  .64  .83  .73  .59  .67  .66  .71  .68  .67  .75  .72  .58 
   4 RMU03     599 1757  .23A .44  .53  .50  .53  .61  .48  .28B .52  .74  .64  .64  .60  .54  .57  .59  .69  .71  .59  .51 
   5 RMU04A    592 1610  .48  .72  .81  .76  .77  .73  .61  .51  .49  .66  .62  .56  .69  .64  .58  .61  .75  .65  .64  .63 
   7 RMU05A    894 1985  .48  .58  .69  .62  .45  .49  .45  .40  .40  .62  .61  .62  .50  .49  .55  .50  .52  .51  .40  .30B
   8 RMU05B    589 1341  .46  .59  .70  .61  .42  .52  .47  .44  .43  .49  .57  .61  .56  .58  .63  .61                     
   9 RMU6A     917 1716       .37  .51  .57  .30A .51  .66  .62  .50  .55  .56  .41  .40  .43  .46  .40  .16B .35  .43  .33 
  10 RMU6B     761 1104  .41  .40  .43  .47  .55  .74  .73                                                                  
  14 RWM02A    639 1675  .74  .87  .91  .88  .75  .79  .82  .69  .68  .82  .82  .79  .76  .70  .73  .70  .52  .66  .70  .68 
  15 RWM03A    885 1880  .72  .79  .80  .55  .42  .62  .75  .72  .65  .64  .51  .54  .61  .69  .78  .79  .66  .65  .72  .66 
  16 RWM041   1251 1972                                                                             .37  .30B .25B .32A .36 
  18 RWU02     389 1985  .70  .74  .83  .78  .66  .80  .83  .74  .68  .83  .73  .59  .67  .66  .70  .68  .67  .75  .72  .67 
  54 SBG21A   1344 1993                                                                                            .44  .59 
  59 SBG24A   1106 1700                                               .33A .26B .46  .35B .30A .46  .56  .38  .36  .46  .25B
  61 SBG26A   1282 1992                                                                                  .47  .51  .42  .21B
  68 SBG29B   1158 1993                                                         .14B .30A .52  .69  .75  .65  .58  .40  .34 
 Av segment correlation  .53  .58  .66  .64  .53  .64  .64  .57  .55  .62  .57  .54  .56  .57  .63  .61  .55  .57  .54  .48 

 CORRELATION OF SERIES BY SEGMENTS: ca710
-----------------------------------------------------------------------------------------------------------------------------------
 Correlations of  50-year dated segments, lagged  25 years
 Flags:  A = correlation under   .3281 but highest as dated;  B = correlation higher at other than dated position

 Seq Series  Time_span  1400 1425 1450 1475 1500 1525 1550 1575 1600 1625 1650 1675 1700 1725 1750 1775 1800 1825 1850 1875 
                        1449 1474 1499 1524 1549 1574 1599 1624 1649 1674 1699 1724 1749 1774 1799 1824 1849 1874 1899 1924 
 --- -------- ---------  ---- ---- ---- ---- ---- ---- ---- ---- ---- ---- ---- ---- ---- ---- ---- ---- ---- ---- ---- ---- 
   1 RMU01B    844 1963  .65  .56  .57  .60  .53  .53  .67  .65  .63  .47  .34  .73  .61  .49  .69  .60  .54  .65  .62  .47 
   2 RMU01C    440 1962  .61  .55  .52  .60  .60  .51  .57  .62  .51  .52  .54  .59  .53  .51  .59  .58  .68  .65  .55  .52 
   3 RMU02     389 1985  .59  .68  .58  .73  .86  .68  .69  .74  .58  .44  .38B .62  .65  .56  .71  .68  .71  .80  .55  .52 
   4 RMU03     599 1757  .54  .50  .57  .48  .70  .76  .76  .74  .57  .49  .32B .39  .57                                    
   5 RMU04A    592 1610  .54  .62  .63  .65  .68  .67  .70                                                                  
   6 RMU04B   1620 1863                                               .50  .53  .70  .73  .58  .69  .66  .65                
   7 RMU05A    894 1985  .26B .57  .58  .42  .57  .66  .74  .60  .44  .48  .39  .53  .66  .38  .30B .38  .50  .54  .38  .44 
   9 RMU6A     917 1716  .39  .22A .12B .33  .54  .56  .61  .68  .43  .44  .34B                                             
  14 RWM02A    639 1675  .63  .75  .81  .74  .83  .85  .86  .79  .74  .77                                                   
  15 RWM03A    885 1880  .57  .64  .65  .74  .83  .76  .82  .77  .55  .55  .50  .45  .61  .67  .60  .61  .69  .55           
  16 RWM041   1251 1972  .53  .62  .47  .44  .58  .62  .81  .84  .71  .71  .59  .25B .18B .25B .62  .68  .43  .43  .25A .46 
  18 RWU02     389 1985  .69  .68  .59  .73  .68  .48  .69  .74  .58  .44  .38B .61  .65  .56  .71  .68  .71  .80  .55  .52 
  19 SBG01A   1482 1992                      .71  .75  .73  .70  .63  .71  .61  .48  .61  .68  .80  .74  .53  .47  .39  .70 
  20 SBG01B2  1552 1749                                     .73  .63  .66  .58  .34  .46                                    
  21 SBG02A   1718 1992                                                                   .45  .73  .71  .49  .51  .52  .33 
  22 SBG04B   1789 1992                                                                                  .33A .47  .42  .36 
  23 SBG05A1  1536 1811                                .35  .43  .51  .37  .26A .52  .60  .49  .55                          
  24 SBG05A2  1816 1992                                                                                       .34  .14B .43 
  25 SBG05B1  1659 1782                                                         .58  .65  .52                               
  26 SBG05B2  1787 1970                                                                                  .38  .47  .36  .49 
  27 SBG06A1  1530 1790                                .69  .60  .56  .53  .34B .40  .50  .47                               
  28 SBG06A2  1796 1992                                                                                  .45  .64  .53  .33 
  29 SBG06B   1470 1782                 .51  .59  .49  .53  .53  .41  .44  .33  .49  .43B .31A                              
  30 SBG07A1  1716 1887                                                                   .14B .78  .76  .46  .51           
  32 SBG07B   1687 1992                                                              .35  .42  .77  .80  .68  .65  .52  .53 
  33 SBG08A1  1530 1701                                .61  .50  .36  .62  .56                                              
  34 SBG08A2  1710 1992                                                                   .44  .70  .66  .28B .39  .43  .32A
  35 SBG08B   1578 1992                                          .43  .68  .48  .47B .43  .56  .72  .68  .32A .36  .52  .50 
  36 SBG09A   1717 1992                                                                   .63  .81  .81  .69  .67  .44  .48 
  37 SBG11A   1861 1992                                                                                                 .75 
  38 SBG11B   1684 1992                                                              .71  .74  .76  .79  .63  .59  .50  .68 
  39 SBG11C   1654 1992                                                         .33  .64  .74  .81  .82  .72  .74  .59  .74 
  40 SBG12A   1733 1992                                                                        .66  .73  .37  .49  .61  .45 
  41 SBG13A   1678 1992                                                              .30A .48  .80  .80  .45  .42  .38B .45 
  42 SBG13B   1766 1991                                                                             .64  .39  .46  .50  .54 
  43 SBG14A   1585 1991                                          .36  .41  .24A .34  .52  .49  .66  .67  .59  .58  .39  .54 
  44 SBG14C   1432 1992            .47  .54  .58  .60  .72  .68  .36  .10B .01B .49  .56  .44  .76  .79  .60  .46  .23B .43 
  45 SBG15A   1692 1978                                                              .56  .45  .65  .69  .15B .30A .45  .38 
  46 SBG15B   1620 1992                                               .40  .22A .51  .50  .22B .62  .66  .43  .45  .29A .46 
  47 SBG16A   1700 1992                                                                   .56  .63  .61  .47  .53  .52  .47 
  48 SBG16B   1685 1992                                                              .51  .49  .66  .69  .57  .68  .54  .51 
  49 SBG17B   1555 1989                                     .57  .39  .51  .29B .16B .37  .44  .59  .59  .27B .36  .31A .30A
  50 SBG18A   1727 1991                                                                        .76  .67  .54  .52  .18B .45 
  51 SBG18B   1735 1989                                                                        .69  .72  .40  .42  .33  .44 
  52 SBG19A   1649 1992                                                         .48  .52  .47  .70  .70  .45  .44  .39  .47 
  53 SBG19B   1712 1992                                                                   .81  .82  .74  .48  .51  .40  .37 
  54 SBG21A   1344 1993  .55  .43  .36  .49  .71  .78  .75  .70  .43  .59  .70  .45  .51  .66  .70  .70  .82  .86  .62  .60 
  55 SBG21B   1798 1988                                                                                  .72  .75  .21B .18B
  56 SBG22A   1729 1992                                                                        .71  .71  .62  .42  .18B .21B
  57 SBG23A   1710 1993                                                                   .44  .78  .74  .72  .75  .50  .46 
  58 SBG23B   1689 1992                                                              .65  .57  .74  .64  .56  .65  .47  .62 
  59 SBG24A   1106 1700  .22B .41  .41  .52  .80  .78  .76  .73  .34  .22B .27B                                             
  60 SBG25B   1660 1992                                                         .30A .54  .62  .72  .64  .55  .61  .63  .73 
  61 SBG26A   1282 1992  .22B .43  .50  .59  .69  .65  .71  .71  .42  .26B .22B .59  .68  .72  .70  .64  .61  .52  .25B .27A
  62 SBG26B   1553 1992                                     .40  .39  .41  .35  .65  .67  .72  .72  .69  .71  .58  .30A .47 
  63 SBG27A   1709 1985                                                                   .61  .56  .52  .38  .37B .43  .32A
  64 SBG27B   1706 1985                                                                   .35  .76  .64  .47  .44  .29A .33 
  65 SBG28A   1770 1992                                                                             .45  .56  .65  .52  .62 
  66 SBG28B   1622 1993                                               .46  .36  .45  .51  .53  .64  .76  .69  .67  .61  .79 
  67 SBG29A   1526 1991                                .74  .77  .43  .59  .77  .59  .61  .51  .71  .87  .65  .57  .35  .39 
  68 SBG29B   1158 1993  .39  .41  .48  .68  .55  .46  .82  .77  .45  .64  .76  .60  .59  .65  .81  .75  .72  .75  .45  .62 
 Av segment correlation  .49  .54  .52  .58  .67  .64  .70  .67  .49  .50  .42  .49  .55  .52  .69  .68  .54  .55  .43  .48 

 CORRELATION OF SERIES BY SEGMENTS: ca710
-----------------------------------------------------------------------------------------------------------------------------------
 Correlations of  50-year dated segments, lagged  25 years
 Flags:  A = correlation under   .3281 but highest as dated;  B = correlation higher at other than dated position

 Seq Series  Time_span  1900 1925 
                        1949 1974 
 --- -------- ---------  ---- ---- 
   1 RMU01B    844 1963  .52      
   2 RMU01C    440 1962  .44      
   3 RMU02     389 1985  .50  .55 
   7 RMU05A    894 1985  .48  .51 
  16 RWM041   1251 1972  .63      
  18 RWU02     389 1985  .50  .61 
  19 SBG01A   1482 1992  .72  .64 
  21 SBG02A   1718 1992  .29A .47 
  22 SBG04B   1789 1992  .38  .36 
  24 SBG05A2  1816 1992  .59  .70 
  26 SBG05B2  1787 1970  .57      
  28 SBG06A2  1796 1992  .46  .64 
  31 SBG07A2  1892 1992  .45  .47 
  32 SBG07B   1687 1992  .43  .54 
  34 SBG08A2  1710 1992  .42  .50 
  35 SBG08B   1578 1992  .47  .63 
  36 SBG09A   1717 1992  .67  .76 
  37 SBG11A   1861 1992  .79  .80 
  38 SBG11B   1684 1992  .73  .75 
  39 SBG11C   1654 1992  .68  .67 
  40 SBG12A   1733 1992  .47  .60 
  41 SBG13A   1678 1992  .45  .53 
  42 SBG13B   1766 1991  .54  .30A
  43 SBG14A   1585 1991  .45  .30A
  44 SBG14C   1432 1992  .34  .21B
  45 SBG15A   1692 1978  .32A .55 
  46 SBG15B   1620 1992  .57  .52 
  47 SBG16A   1700 1992  .48  .60 
  48 SBG16B   1685 1992  .56  .54 
  49 SBG17B   1555 1989  .36  .59 
  50 SBG18A   1727 1991  .45  .31A
  51 SBG18B   1735 1989  .45  .46 
  52 SBG19A   1649 1992  .48  .63 
  53 SBG19B   1712 1992  .55  .67 
  54 SBG21A   1344 1993  .63  .73 
  55 SBG21B   1798 1988  .68  .60 
  56 SBG22A   1729 1992  .36  .34 
  57 SBG23A   1710 1993  .54  .37B
  58 SBG23B   1689 1992  .67  .49 
  60 SBG25B   1660 1992  .59  .57 
  61 SBG26A   1282 1992  .42  .58 
  62 SBG26B   1553 1992  .58  .65 
  63 SBG27A   1709 1985  .25B .53 
  64 SBG27B   1706 1985  .39  .52 
  65 SBG28A   1770 1992  .75  .82 
  66 SBG28B   1622 1993  .46  .40 
  67 SBG29A   1526 1991  .55  .70 
  68 SBG29B   1158 1993  .64  .55 
 Av segment correlation  .51  .55 

 FLAGGED SEGMENTS: ca710
-----------------------------------------------------------------------------------------------------------------------------------
 Seq Series   Segment    Flag  r dated  Best lag  r at lag   Gain  Note
 --- -------- ---------  ----  -------  --------  --------  -----  -----------------
   1 RMU01B    850  899     B     .113         4      .383   .271
   1 RMU01B    925  974     B     .129        -6      .349   .219
   1 RMU01B    950  999     A     .213         0
   1 RMU01B   1150 1199     A     .308         0
   2 RMU01C    450  499     B     .208        -1      .253   .045  weak at every lag
   2 RMU01C    575  624     B     .321         9      .349   .028
   3 RMU02    1650 1699     B     .381         5      .385   .004
   4 RMU03     875  924     B     .064         1      .252   .188  weak at every lag
   4 RMU03     900  949     A     .228         0
   4 RMU03    1075 1124     B     .284        -5      .294   .010  weak at every lag
   4 RMU03    1650 1699     B     .325        -1      .401   .077
   5 RMU04A    850  899     A     .325         0
   5 RMU04A    875  924     A     .264         0
   7 RMU05A   1375 1424     B     .297         5      .333   .035
   7 RMU05A   1400 1449     B     .257         6      .323   .066  weak at every lag
   7 RMU05A   1750 1799     B     .300        -8      .397   .097
   8 RMU05B    700  749     A     .295         0
   8 RMU05B    725  774     A     .279         0
   9 RMU6A    1000 1049     A     .298         0
   9 RMU6A    1300 1349     B     .156        -4      .275   .119  weak at every lag
   9 RMU6A    1425 1474     A     .218         0
   9 RMU6A    1450 1499     B     .118         8      .281   .164  weak at every lag
   9 RMU6A    1650 1699     B     .341        -1      .401   .060
  12 RWM01A    200  249     B     .304        -4      .427   .124
  12 RWM01A    225  274     A     .289         0
  12 RWM01A    250  299     B     .290        -3      .360   .070
  12 RWM01A    350  399     B     .250         5      .304   .054  weak at every lag
  12 RWM01A    425  474     A     .325         0
  13 RWM01B    125  174     B     .310        -8      .353   .043
  13 RWM01B    250  299     B     .317        -3      .350   .033
  13 RWM01B    450  499     B     .142        -9      .343   .201
  13 RWM01B    475  524     B     .255         1      .332   .076
  13 RWM01B    500  549     B     .364         1      .399   .034
  16 RWM041   1300 1349     B     .298         8      .312   .014  weak at every lag
  16 RWM041   1325 1374     B     .253        -3      .291   .038  weak at every lag
  16 RWM041   1350 1399     A     .321         0
  16 RWM041   1675 1724     B     .246        -8      .269   .023  weak at every lag
  16 RWM041   1700 1749     B     .182        -7      .254   .073  weak at every lag
  16 RWM041   1725 1774     B     .247         2      .267   .020  weak at every lag
  16 RWM041   1850 1899     A     .254         0
  18 RWU02    1650 1699     B     .379         5      .386   .007
  21 SBG02A   1900 1949     A     .294         0
  22 SBG04B   1800 1849     A     .328         0
  23 SBG05A1  1650 1699     A     .262         0
  24 SBG05A2  1850 1899     B     .138         2      .217   .078  weak at every lag
  27 SBG06A1  1650 1699     B     .338        -1      .557   .219
  29 SBG06B   1700 1749     B     .431         1      .439   .007
  29 SBG06B   1725 1774     A     .314         0
  30 SBG07A1  1725 1774     B     .140        -1      .605   .465
  34 SBG08A2  1800 1849     B     .281         2      .296   .015  weak at every lag
  34 SBG08A2  1875 1924     A     .325         0
  35 SBG08B   1675 1724     B     .471        -1      .494   .023
  35 SBG08B   1800 1849     A     .320         0
  41 SBG13A   1700 1749     A     .298         0
  41 SBG13A   1850 1899     B     .382       -10      .423   .042
  42 SBG13B   1925 1974     A     .300         0
  43 SBG14A   1650 1699     A     .240         0
  43 SBG14A   1925 1974     A     .299         0
  44 SBG14C   1625 1674     B     .104         3      .387   .283
  44 SBG14C   1650 1699     B     .008         3      .309   .301  weak at every lag
  44 SBG14C   1850 1899     B     .226        -5      .314   .088  weak at every lag
  44 SBG14C   1925 1974     B     .213        -1      .283   .070  weak at every lag
  45 SBG15A   1800 1849     B     .150        10      .290   .140  weak at every lag
  45 SBG15A   1825 1874     A     .298         0
  45 SBG15A   1900 1949     A     .319         0
  46 SBG15B   1650 1699     A     .215         0
  46 SBG15B   1725 1774     B     .220         2      .358   .138
  46 SBG15B   1850 1899     A     .294         0
  49 SBG17B   1650 1699     B     .294         1      .354   .059
  49 SBG17B   1675 1724     B     .159        -1      .354   .195
  49 SBG17B   1800 1849     B     .266        -2      .388   .121
  49 SBG17B   1850 1899     A     .309         0
  49 SBG17B   1875 1924     A     .296         0
  50 SBG18A   1850 1899     B     .180       -10      .270   .089  weak at every lag
  50 SBG18A   1925 1974     A     .312         0
  55 SBG21B   1850 1899     B     .215        -3      .259   .044  weak at every lag
  55 SBG21B   1875 1924     B     .183       -10      .222   .040  weak at every lag
  56 SBG22A   1850 1899     B     .183       -10      .351   .168
  56 SBG22A   1875 1924     B     .208         9      .240   .032  weak at every lag
  57 SBG23A   1925 1974     B     .371        -2      .422   .051
  59 SBG24A   1125 1174     A     .326         0
  59 SBG24A   1150 1199     B     .264        -3      .266   .002  weak at every lag
  59 SBG24A   1200 1249     B     .352         5      .411   .059
  59 SBG24A   1225 1274     A     .305         0
  59 SBG24A   1375 1424     B     .250         5      .410   .160
  59 SBG24A   1400 1449     B     .218         7      .314   .096  weak at every lag
  59 SBG24A   1625 1674     B     .222        -6      .257   .035  weak at every lag
  59 SBG24A   1650 1699     B     .274         2      .423   .148
  60 SBG25B   1675 1724     A     .295         0
  61 SBG26A   1375 1424     B     .213        -9      .251   .038  weak at every lag
  61 SBG26A   1400 1449     B     .221        -2      .265   .044  weak at every lag
  61 SBG26A   1625 1674     B     .257        -2      .325   .068  weak at every lag
  61 SBG26A   1650 1699     B     .217         1      .445   .228
  61 SBG26A   1850 1899     B     .247        10      .299   .051  weak at every lag
  61 SBG26A   1875 1924     A     .274         0
  62 SBG26B   1850 1899     A     .300         0
  63 SBG27A   1825 1874     B     .367        -1      .368   .000
  63 SBG27A   1875 1924     A     .325         0
  63 SBG27A   1900 1949     B     .253       -10      .266   .013  weak at every lag
  64 SBG27B   1850 1899     A     .291         0
  68 SBG29B   1175 1224     B     .141         6      .317   .176  weak at every lag
  68 SBG29B   1200 1249     A     .304         0

 DESCRIPTIVE STATISTICS: ca710
-----------------------------------------------------------------------------------------------------------------------------------

                                                Corr   //-------- Unfiltered --------\\  //-- dplR filtered --\\
                           No.    No.    No.    with   Mean   Max     Std   Auto   Mean   Max     Std   Auto  AR
 Seq Series   Interval   Years  Segmt  Flags   Master  msmt   msmt    dev   corr   sens  value    dev   corr  ()
 --- -------- ---------  -----  -----  -----   ------ -----  -----  -----  -----  -----  -----  -----  -----  --
   1 RMU01B    844 1963   1120     43      4    .492    .64   1.71   .192   .774   .178   1.58   .179   .002   1
   2 RMU01C    440 1962   1523     59      2    .522   1.01   4.43   .687   .947   .172   1.61   .175  -.001   3
   3 RMU02     389 1985   1597     62      1    .653    .67   4.51   .602   .960   .204   1.55   .189  -.002   3
   4 RMU03     599 1757   1159     44      4    .549    .61   1.48   .197   .839   .151   1.51   .156  -.003   2
   5 RMU04A    592 1610   1019     39      2    .580    .83   4.12   .596   .958   .155   1.52   .153   .011   1
   6 RMU04B   1620 1863    244      8      0    .602    .45    .87   .168   .819   .199   1.59   .186  -.008   3
   7 RMU05A    894 1985   1092     42      3    .493    .74   2.06   .277   .865   .153   1.79   .156  -.003   3
   8 RMU05B    589 1341    753     28      2    .502    .79   2.39   .335   .910   .138   1.68   .141  -.003   3
   9 RMU6A     917 1716    800     30      5    .453   1.45   4.15   .564   .878   .137   1.81   .149  -.017   1
  10 RMU6B     761 1104    344     12      0    .507   1.48   3.71   .551   .863   .144   1.76   .159   .006   2
  11 RMW04A     85  443    359     12      0    .607   2.12   8.60  1.135   .821   .210   1.84   .218  -.013   3
  12 RWM01A   -104  496    601     14      5    .370   1.83   9.19  1.097   .861   .182   2.03   .193  -.018   3
  13 RWM01B     78  619    542     19      5    .382   1.37   4.89   .666   .833   .219   1.63   .212   .006   3
  14 RWM02A    639 1675   1037     40      0    .710   1.36   3.20   .473   .856   .146   1.44   .139  -.004   2
  15 RWM03A    885 1880    996     38      0    .639    .98   2.93   .521   .895   .212   1.93   .200  -.001   3
  16 RWM041   1251 1972    722     26      7    .479   1.35   3.78   .524   .797   .185   1.69   .177   .002   3
  17 RWM04A     85  443    359     12      0    .626   2.11   8.60  1.124   .826   .207   1.75   .214  -.010   3
  18 RWU02     389 1985   1597     62      1    .651    .67   4.51   .601   .961   .201   1.56   .187  -.002   3
  19 SBG01A   1482 1992    511     18      0    .653    .89   2.75   .314   .698   .237   1.64   .221  -.011   3
  20 SBG01B2  1552 1749    198      6      0    .610    .69   1.17   .188   .603   .212   1.73   .201   .005   3
  21 SBG02A   1718 1992    275      9      1    .526   1.53   3.07   .374   .736   .141   1.46   .141   .008   3
  22 SBG04B   1789 1992    204      6      1    .408    .94   1.82   .259   .589   .217   1.53   .184  -.011   2
  23 SBG05A1  1536 1811    276      9      1    .420   1.03   2.82   .400   .782   .206   1.65   .199  -.013   3
  24 SBG05A2  1816 1992    177      5      1    .496    .82   1.27   .205   .634   .189   1.42   .178  -.011   1
  25 SBG05B1  1659 1782    124      3      0    .522   1.26   2.04   .282   .603   .182   1.34   .172   .007   1
  26 SBG05B2  1787 1970    184      5      0    .380   1.24   2.81   .416   .783   .189   1.61   .184   .016   1
  27 SBG06A1  1530 1790    261      8      1    .487    .91   1.57   .253   .524   .247   1.59   .205  -.024   3
  28 SBG06A2  1796 1992    197      6      0    .532    .80   1.36   .165   .404   .188   1.39   .155  -.009   2
  29 SBG06B   1470 1782    313     11      2    .498    .88   3.11   .294   .669   .223   1.49   .189   .001   3
  30 SBG07A1  1716 1887    172      5      1    .463   1.84   4.24   .754   .712   .271   1.68   .225   .027   3
  31 SBG07A2  1892 1992    101      2      0    .557    .92   1.55   .257   .392   .272   1.49   .210   .031   3
  32 SBG07B   1687 1992    306     10      0    .586   1.12   2.77   .403   .816   .189   1.39   .176  -.016   3
  33 SBG08A1  1530 1701    172      5      0    .488    .61   1.07   .205   .645   .261   1.60   .229  -.000   2
  34 SBG08A2  1710 1992    283      9      2    .493    .72   1.69   .260   .775   .205   1.52   .202   .004   2
  35 SBG08B   1578 1992    415     14      2    .513    .99   2.60   .329   .600   .251   1.73   .208   .002   3
  36 SBG09A   1717 1992    276      9      0    .702   1.55   2.79   .449   .690   .181   1.51   .174  -.001   1
  37 SBG11A   1861 1992    132      3      0    .681   1.82   7.03   .872   .791   .172   1.43   .166   .001   3
  38 SBG11B   1684 1992    309     10      0    .689    .83   2.75   .396   .867   .209   1.67   .208  -.003   2
  39 SBG11C   1654 1992    339     11      0    .650    .90   2.83   .324   .701   .235   1.55   .218  -.012   2
  40 SBG12A   1733 1992    260      8      0    .535    .84   2.35   .328   .800   .196   1.60   .193  -.013   3
  41 SBG13A   1678 1992    315     10      2    .516   1.22   3.05   .499   .798   .225   1.77   .209  -.024   3
  42 SBG13B   1766 1991    226      7      1    .529   1.03   2.44   .360   .760   .204   1.73   .203   .017   1
  43 SBG14A   1585 1991    407     14      2    .497    .81   1.98   .336   .778   .245   1.59   .222  -.007   3
  44 SBG14C   1432 1992    561     20      4    .527   1.08   2.49   .373   .764   .215   1.64   .194  -.004   3
  45 SBG15A   1692 1978    287     10      3    .466   1.08   2.82   .414   .826   .173   1.59   .183   .025   1
  46 SBG15B   1620 1992    373     13      3    .485    .64   1.62   .292   .865   .210   1.68   .210  -.004   3
  47 SBG16A   1700 1992    293      9      0    .546    .94   2.13   .263   .506   .231   1.65   .201  -.026   3
  48 SBG16B   1685 1992    308     10      0    .535   1.02   2.30   .316   .656   .222   1.77   .211  -.014   3
  49 SBG17B   1555 1989    435     15      5    .443    .84   2.23   .301   .646   .246   1.70   .229   .000   1
  50 SBG18A   1727 1991    265      8      2    .533   1.49   5.42   .747   .763   .242   2.00   .244   .044   3
  51 SBG18B   1735 1989    255      8      0    .510   1.31   7.12   .797   .802   .265   1.93   .243   .034   3
  52 SBG19A   1649 1992    344     11      0    .559   1.26   3.19   .374   .657   .201   1.68   .197  -.020   3
  53 SBG19B   1712 1992    281      9      0    .646   1.24   2.87   .396   .670   .197   2.01   .204   .036   3
  54 SBG21A   1344 1993    650     24      0    .626   1.05   2.57   .353   .791   .186   1.82   .188   .013   1
  55 SBG21B   1798 1988    191      6      2    .524   1.49   3.31   .384   .590   .165   2.00   .180   .001   1
  56 SBG22A   1729 1992    264      8      2    .449    .92   2.54   .401   .758   .255   1.80   .225  -.019   3
  57 SBG23A   1710 1993    284      9      1    .596   1.21   2.02   .269   .583   .164   1.40   .153   .083   0
  58 SBG23B   1689 1992    304     10      0    .612   1.19   2.74   .400   .794   .185   1.73   .181   .018   1
  59 SBG24A   1106 1700    595     22      8    .464    .89   1.84   .248   .701   .184   1.61   .180  -.008   1
  60 SBG25B   1660 1992    333     11      1    .574   1.22   3.24   .490   .817   .196   1.62   .171  -.002   3
  61 SBG26A   1282 1992    711     26      6    .532    .85   1.69   .262   .740   .201   1.51   .189  -.005   3
  62 SBG26B   1553 1992    440     15      1    .581    .69   1.36   .231   .782   .207   1.63   .197  -.019   3
  63 SBG27A   1709 1985    277      9      3    .482    .86   2.15   .370   .764   .256   1.63   .233  -.003   3
  64 SBG27B   1706 1985    280      9      1    .463   1.19   2.71   .386   .780   .177   1.70   .186   .004   1
  65 SBG28A   1770 1992    223      7      0    .607   1.38   7.87   .843   .769   .211   2.37   .221  -.012   2
  66 SBG28B   1622 1993    372     13      0    .589   1.08   2.38   .391   .867   .159   1.51   .164   .000   2
  67 SBG29A   1526 1991    466     16      0    .643    .87   1.64   .261   .681   .215   1.78   .207  -.000   3
  68 SBG29B   1158 1993    836     31      2    .576    .75   2.25   .297   .808   .212   2.00   .205  -.005   3
 --- -------- ---------  -----  -----  -----   ------ -----  -----  -----  -----  -----  -----  -----  -----  --
 Total or mean:          31925   1122    102    .551   1.00   9.19   .446   .806   .193   2.37   .186  -.001

 DATA CHECKS (rwl.check): ca710
-----------------------------------------------------------------------------------------------------------------------------------
 rwl.check: data_files/treering/measurements/northamerica/usa/ca710.rwl
 68 series, 31925 measurements, -104-1993, 0.01 mm precision
 0 error(s), 1 warning(s), 20 note(s)
 -------------
 WARNING
   RWL_HEADER_SPAN (1)
     the header declares 105-1993 but the measurements cover -104-1993
 20 note(s) not shown; see rwl.check() or the 'check' element of this report.

 NOTES
-----------------------------------------------------------------------------------------------------------------------------------
 Report generated using dplR 1.8.1 (R 4.5.2) on 2026-10-01 16:51 PDT.
 Measurement file ca710.rwl, MD5 9e016e52df3a3fa4d2ca98ea8f57c945.
 Filtering: each series divided by a 32-year smoothing spline (caps()), then prewhitened with
   an AR model (order by AIC, at most 3).
 Master: biweight robust mean of the other series (leave-one-out).
 Correlation: Pearson, one-tailed, pcrit = 0.01; critical r = 0.3281 for 50-year segments.
 Segments: 50 years, lagged 25, first segment floored to 100. Lags searched: +/- 10 years.
 A segment is tested only where the series and the master cover all of it, at the dated
   position and at every lag. COFECHA also tests partial segments at the ends of a series, so
   series here may show fewer segments, and no flags can be raised at the ends of the record.
 Lags follow COFECHA: negative means rings are probably missing from the series, positive means
   false rings. A missing ring carries its lag into every segment before it, so look where the
   lag changes along a series. A B flag is a hypothesis to check on the wood; the gain says how
   seriously to take it.
 A B flag marked "weak at every lag" correlates under the critical value even at its best lag:
   the segment is weak wherever it is placed, and the shift is not evidence of a dating error.
   Treat it as a low correlation, like an A.
 Averages in the summary and the totals are weighted by the number of years in each series, as
   COFECHA's are.
 Unfiltered block and mean sensitivity: the measurements as read, and sens1().
 dplR filtered block: the series that was correlated, after filtering. COFECHA's filtered
   series is defined differently, so these three columns are not COFECHA's numbers.
 AR: order of the AR model used to prewhiten.
