
 COFECHA-style crossdating report: co605
 Report generated using dplR 1.8.1 (R 4.5.2) on 2026-10-01 16:55 PDT
 Built with dplR's xdate.report(), not COFECHA; see the notes at the end.


      Measurement file name  : co605.rwl
      MD5 of measurement file: a1ec869d74e39cde06694ff5bc3358dc
      Date checked           : 01OCT26
      Beginning year         : 1383
      Ending year            : 2002
      Principal investigators: Woodhouse, C.A.; Lukas, J.J.; Bolton, G.
      Site name              : Gould Reservoir
      Species information    : PIED Pinus edulis Engelm.
      Latitude               : 38.6000 N
      Longitude              : 107.5800 W
      Elevation              : 2271 m

      Series intercorrelation: 0.845
      Avg mean sensitivity   : 0.400
      Avg standard deviation : 0.234
      Avg autocorrelation    : 0.600
      Number dated series    : 53
      Series crossdated      : 52
      Segment length tested  : 50

      Number problem segments: 0  (A 0, B 0)
      Pct problem segments   : 0.00


 CORRELATION OF SERIES BY SEGMENTS: co605
-----------------------------------------------------------------------------------------------------------------------------------
 Correlations of  50-year dated segments, lagged  25 years
 Flags:  A = correlation under   .3281 but highest as dated;  B = correlation higher at other than dated position

 Seq Series  Time_span  1400 1425 1450 1475 1500 1525 1550 1575 1600 1625 1650 1675 1700 1725 1750 1775 1800 1825 1850 1875 
                        1449 1474 1499 1524 1549 1574 1599 1624 1649 1674 1699 1724 1749 1774 1799 1824 1849 1874 1899 1924 
 --- -------- ---------  ---- ---- ---- ---- ---- ---- ---- ---- ---- ---- ---- ---- ---- ---- ---- ---- ---- ---- ---- ---- 
   1 gou011   1541 2000                                .80  .87  .83  .85  .85  .81  .87  .89  .87  .88  .80  .80  .84  .81 
   2 gou012   1501 2000                           .69  .78  .81  .79  .86  .88  .82  .83  .84  .80  .85  .73  .72  .77  .74 
   3 gou021   1464 2000                 .77  .72  .72  .86  .87  .81  .85  .87  .89  .91  .91  .89  .90  .92  .88  .87  .79 
   4 gou022   1434 2000            .73  .73  .65  .67  .80  .81  .81  .88  .90  .88  .92  .93  .94  .90  .88  .90  .90  .81 
   5 gou032   1423 2000            .75  .79  .75  .72  .81  .84  .79  .81  .85  .86  .85  .87  .93  .93  .92  .91  .85  .77 
   6 gou042   1479 2000                      .74  .70  .78  .77  .62  .73  .83  .82  .84  .89  .83  .79  .75  .74  .75  .70 
   7 gou041   1488 2000                      .78  .65  .75  .77  .72  .85  .88  .82  .85  .86  .82  .79  .77  .75  .72  .78 
   8 gou051   1388 2000  .89  .80  .81  .85  .83  .84  .89  .91  .88  .90  .93  .94  .91  .89  .93  .93  .90  .89  .90  .90 
   9 gou053   1444 1958            .78  .83  .80  .81  .89  .89  .88  .93  .93  .86  .87  .91  .93  .89  .87  .88  .89  .90 
  10 gou062   1650 2000                                                         .85  .87  .89  .91  .82  .84  .86  .78  .65 
  11 gou122   1383 2000  .86  .83  .85  .88  .86  .85  .91  .91  .89  .93  .94  .88  .80  .78  .86  .90  .89  .90  .88  .84 
  12 gou121   1511 2000                           .74  .83  .85  .88  .92  .90  .90  .91  .89  .88  .91  .84  .84  .91  .89 
  13 gou131   1508 2000                           .83  .84  .84  .83  .89  .90  .92  .93  .90  .90  .89  .87  .89  .87  .86 
  14 gou132   1488 2000                      .72  .77  .82  .89  .89  .84  .84  .89  .90  .87  .85  .86  .84  .86  .89  .85 
  15 gou151   1506 2000                           .80  .86  .89  .87  .93  .92  .90  .91  .90  .91  .93  .92  .94  .94  .89 
  16 gou152   1553 2000                                     .85  .81  .87  .89  .89  .81  .82  .91  .91  .87  .87  .88  .86 
  17 gou161   1630 2000                                                    .89  .89  .84  .85  .88  .79  .78  .88  .89  .85 
  18 gou171   1400 2000       .76  .74  .77  .79  .85  .91  .90  .89  .89  .93  .91  .91  .92  .93  .93  .92  .91  .87  .81 
  19 gou172   1390 2000  .89  .88  .86  .83  .81  .80  .87  .91  .89  .89  .87  .88  .92  .90  .92  .93  .92  .92  .91  .79 
  20 gou112   1471 2000                 .62  .65  .70  .80  .84  .86  .90  .93  .92  .91  .92  .93  .91  .91  .91  .90  .80 
  21 gou181   1700 2000                                                                   .84  .84  .83  .84  .91  .92  .79 
  22 gou182   1670 2000                                                         .80  .87  .85  .86  .87  .89  .92  .88  .72 
  23 gou191   1684 2000                                                              .83  .88  .89  .87  .84  .83  .86  .87 
  24 gou192   1677 2000                                                              .93  .91  .89  .90  .83  .86  .91  .84 
  25 gou271   1605 2000                                               .86  .82  .80  .93  .93  .88  .90  .90  .88  .87  .78 
  26 gou272   1627 2000                                                    .78  .81  .91  .94  .93  .92  .91  .92  .89  .76 
  27 gou231   1577 2000                                          .82  .84  .86  .91  .93  .89  .87  .89  .85  .83  .86  .86 
  28 gou232   1744 2000                                                                        .90  .89  .89  .91  .90  .85 
  29 gou241   1684 2000                                                              .87  .92  .90  .91  .92  .90  .86  .80 
  30 gou242   1794 2000                                                                                  .92  .87  .83  .86 
  31 gou251   1681 2000                                                              .85  .85  .91  .92  .94  .87  .87  .90 
  32 gou252   1673 2000                                                              .90  .91  .93  .92  .91  .91  .89  .87 
  33 gou312   1543 2000                                .81  .90  .88  .93  .92  .88  .89  .90  .89  .86  .88  .90  .86  .76 
  34 gou311   1603 2000                                               .90  .91  .93  .92  .92  .92  .89  .90  .94  .85  .74 
  35 gou301   1630 2000                                                    .85  .88  .92  .93  .95  .93  .90  .91  .90  .77 
  36 gou302   1622 2000                                               .86  .87  .89  .90  .87  .90  .95  .95  .95  .94  .89 
  37 gou601   1668 2002                                                         .87  .90  .90  .90  .88  .91  .92  .90  .84 
  39 gou631   1550 2002                                     .85  .78  .76  .80  .90  .89  .87  .92  .92  .90  .89  .86  .77 
  40 gou641   1570 2002                                     .92  .91  .94  .91  .89  .90  .86  .92  .96  .94  .93  .94  .92 
  41 gou711   1540 2002                                .89  .90  .89  .91  .94  .93  .90  .85  .86  .90  .84  .86  .91  .82 
  42 gou721   1767 2002                                                                             .78  .79  .86  .89  .81 
  43 gou722   1699 2002                                                                   .87  .88  .89  .82  .86  .87  .79 
  44 gou731   1602 2002                                               .78  .87  .90  .85  .84  .89  .84  .76  .83  .85  .80 
  45 gou732   1638 2002                                                    .92  .92  .90  .89  .88  .89  .88  .89  .89  .80 
  46 gou751   1453 2002                 .80  .83  .82  .81  .82  .86  .88  .90  .92  .93  .93  .94  .93  .94  .93  .90  .88 
  47 gou752   1670 2002                                                         .91  .92  .92  .93  .91  .91  .93  .91  .85 
  48 gou801   1483 2002                      .78  .83  .84  .86  .88  .88  .86  .88  .91  .93  .87  .85  .87  .90  .91  .81 
  49 gou811   1678 2002                                                              .90  .85  .83  .86  .89  .90  .88  .81 
  50 gou812   1678 2002                                                              .92  .89  .90  .78  .69  .79  .76  .73 
  51 gou821   1705 2002                                                                   .83  .84  .88  .89  .90  .87  .81 
  52 gou822   1743 2002                                                                        .86  .93  .94  .93  .87  .77 
  53 gou842   1682 2002                                                              .83  .84  .86  .88  .87  .87  .87  .80 
 Av segment correlation  .88  .82  .79  .79  .76  .77  .84  .86  .84  .87  .88  .88  .89  .88  .89  .89  .87  .88  .87  .81 

 CORRELATION OF SERIES BY SEGMENTS: co605
-----------------------------------------------------------------------------------------------------------------------------------
 Correlations of  50-year dated segments, lagged  25 years
 Flags:  A = correlation under   .3281 but highest as dated;  B = correlation higher at other than dated position

 Seq Series  Time_span  1900 1925 1950 
                        1949 1974 1999 
 --- -------- ---------  ---- ---- ---- 
   1 gou011   1541 2000  .73  .79  .83 
   2 gou012   1501 2000  .74  .85  .90 
   3 gou021   1464 2000  .60  .71  .84 
   4 gou022   1434 2000  .64  .72  .83 
   5 gou032   1423 2000  .70  .76  .79 
   6 gou042   1479 2000  .59  .71  .82 
   7 gou041   1488 2000  .77  .78  .80 
   8 gou051   1388 2000  .79  .80  .77 
   9 gou053   1444 1958  .79           
  10 gou062   1650 2000  .61  .76  .76 
  11 gou122   1383 2000  .64  .76  .88 
  12 gou121   1511 2000  .72  .81  .90 
  13 gou131   1508 2000  .80  .72  .74 
  14 gou132   1488 2000  .75  .84  .87 
  15 gou151   1506 2000  .79  .87  .90 
  16 gou152   1553 2000  .83  .77  .79 
  17 gou161   1630 2000  .74  .86  .86 
  18 gou171   1400 2000  .83  .62  .69 
  19 gou172   1390 2000  .74  .60  .63 
  20 gou112   1471 2000  .68  .77  .81 
  21 gou181   1700 2000  .60  .73  .82 
  22 gou182   1670 2000  .50  .73  .77 
  23 gou191   1684 2000  .67  .77  .87 
  24 gou192   1677 2000  .80  .88  .90 
  25 gou271   1605 2000  .79  .91  .90 
  26 gou272   1627 2000  .61  .75  .86 
  27 gou231   1577 2000  .79  .85  .90 
  28 gou232   1744 2000  .73  .81  .86 
  29 gou241   1684 2000  .74  .81  .87 
  30 gou242   1794 2000  .82  .83  .87 
  31 gou251   1681 2000  .85  .90  .89 
  32 gou252   1673 2000  .84  .87  .82 
  33 gou312   1543 2000  .69  .81  .85 
  34 gou311   1603 2000  .73  .79  .85 
  35 gou301   1630 2000  .64  .83  .92 
  36 gou302   1622 2000  .76  .86  .89 
  37 gou601   1668 2002  .63  .71  .74 
  39 gou631   1550 2002  .72  .84  .84 
  40 gou641   1570 2002  .81  .85  .90 
  41 gou711   1540 2002  .66  .77  .80 
  42 gou721   1767 2002  .69  .83  .88 
  43 gou722   1699 2002  .77  .77  .83 
  44 gou731   1602 2002  .79  .88  .85 
  45 gou732   1638 2002  .73  .87  .87 
  46 gou751   1453 2002  .70  .80  .80 
  47 gou752   1670 2002  .73  .87  .86 
  48 gou801   1483 2002  .67  .83  .87 
  49 gou811   1678 2002  .46  .46  .55 
  50 gou812   1678 2002  .52  .64  .76 
  51 gou821   1705 2002  .76  .72  .69 
  52 gou822   1743 2002  .76  .83  .83 
  53 gou842   1682 2002  .58  .67  .78 
 Av segment correlation  .71  .78  .83 

 FLAGGED SEGMENTS: co605
-----------------------------------------------------------------------------------------------------------------------------------
 None.

 DESCRIPTIVE STATISTICS: co605
-----------------------------------------------------------------------------------------------------------------------------------

                                                Corr   //-------- Unfiltered --------\\  //-- dplR filtered --\\
                           No.    No.    No.    with   Mean   Max     Std   Auto   Mean   Max     Std   Auto  AR
 Seq Series   Interval   Years  Segmt  Flags   Master  msmt   msmt    dev   corr   sens  value    dev   corr  ()
 --- -------- ---------  -----  -----  -----   ------ -----  -----  -----  -----  -----  -----  -----  -----  --
   1 gou011   1541 2000    460     17      0    .824    .51   1.52   .263   .689   .361   1.95   .321   .008   3
   2 gou012   1501 2000    500     18      0    .794    .35   1.22   .200   .687   .420   2.09   .345  -.002   3
   3 gou021   1464 2000    537     20      0    .829    .45    .98   .157   .544   .285   1.84   .255  -.014   3
   4 gou022   1434 2000    567     21      0    .819    .36   1.08   .139   .519   .315   1.77   .278  -.007   3
   5 gou032   1423 2000    578     21      0    .826    .36   1.26   .190   .687   .381   2.05   .325  -.004   3
   6 gou042   1479 2000    522     19      0    .757    .51   1.31   .229   .684   .325   1.97   .303  -.000   1
   7 gou041   1488 2000    513     19      0    .775    .43   1.91   .272   .793   .415   2.24   .362  -.002   3
   8 gou051   1388 2000    613     23      0    .878    .51   1.19   .224   .482   .425   1.95   .337  -.005   3
   9 gou053   1444 1958    515     19      0    .875    .57   1.21   .224   .377   .412   1.94   .326  -.008   3
  10 gou062   1650 2000    351     12      0    .805    .50   2.24   .408   .819   .404   2.28   .350  -.002   3
  11 gou122   1383 2000    618     23      0    .864    .38   1.97   .296   .767   .514   2.16   .385  -.022   3
  12 gou121   1511 2000    490     18      0    .860    .33    .97   .191   .559   .587   2.34   .424  -.020   3
  13 gou131   1508 2000    493     18      0    .838    .40   1.02   .182   .648   .346   1.95   .303  -.010   3
  14 gou132   1488 2000    513     19      0    .841    .57   1.40   .215   .630   .278   1.86   .253  -.001   3
  15 gou151   1506 2000    495     18      0    .896    .41   1.54   .223   .611   .453   2.53   .370  -.011   3
  16 gou152   1553 2000    448     16      0    .849    .40    .96   .189   .555   .428   2.24   .349   .000   3
  17 gou161   1630 2000    371     13      0    .829    .55   1.32   .247   .538   .395   2.17   .339  -.002   3
  18 gou171   1400 2000    601     22      0    .854    .48   1.56   .291   .697   .466   2.12   .377   .000   3
  19 gou172   1390 2000    611     23      0    .838    .46   1.99   .289   .708   .492   2.57   .401  -.002   3
  20 gou112   1471 2000    530     20      0    .818    .52   2.10   .237   .689   .334   1.98   .295  -.002   3
  21 gou181   1700 2000    301     10      0    .825    .61   1.65   .323   .744   .333   2.74   .327   .000   2
  22 gou182   1670 2000    331     12      0    .810    .59   1.84   .335   .780   .335   2.01   .308  -.004   3
  23 gou191   1684 2000    317     11      0    .830    .32    .70   .122   .389   .370   1.67   .301   .006   2
  24 gou192   1677 2000    324     11      0    .873    .53   1.19   .201   .504   .311   1.91   .283   .019   1
  25 gou271   1605 2000    396     14      0    .864    .54   1.28   .240   .660   .335   1.80   .290   .004   3
  26 gou272   1627 2000    374     13      0    .853    .49   1.01   .192   .504   .351   1.83   .288   .003   3
  27 gou231   1577 2000    424     15      0    .824    .50   1.67   .322   .794   .421   2.68   .362  -.008   3
  28 gou232   1744 2000    257      9      0    .870    .47   1.57   .303   .727   .432   2.29   .365   .043   0
  29 gou241   1684 2000    317     11      0    .856    .46   1.44   .227   .589   .419   2.09   .337  -.003   3
  30 gou242   1794 2000    207      7      0    .862    .49   1.33   .246   .580   .416   2.09   .352   .094   0
  31 gou251   1681 2000    320     11      0    .882    .58   1.69   .272   .553   .386   2.25   .337   .014   1
  32 gou252   1673 2000    328     11      0    .873    .53   1.27   .256   .567   .393   2.13   .346  -.006   3
  33 gou312   1543 2000    458     17      0    .857    .34   1.18   .150   .230   .489   2.15   .369  -.007   3
  34 gou311   1603 2000    398     14      0    .882    .57   1.70   .248   .503   .352   2.02   .306   .028   0
  35 gou301   1630 2000    371     13      0    .885    .58   1.61   .268   .604   .368   1.88   .308   .004   3
  36 gou302   1622 2000    379     14      0    .888    .58   2.02   .325   .699   .379   2.03   .320  -.003   3
  37 gou601   1668 2002    335     12      0    .848    .63   1.93   .347   .772   .351   2.54   .323  -.006   2
  38 gou611   1390 2002    574                          .44   2.13   .298   .708   .483                         
  39 gou631   1550 2002    453     16      0    .848    .60   1.89   .287   .789   .266   1.89   .246  -.003   3
  40 gou641   1570 2002    433     16      0    .907    .37   1.01   .170   .395   .478   2.07   .383  -.020   3
  41 gou711   1540 2002    463     17      0    .865    .45    .92   .190   .491   .407   2.16   .340  -.019   3
  42 gou721   1767 2002    236      8      0    .822    .47   1.13   .203   .513   .384   1.83   .337   .014   1
  43 gou722   1699 2002    304     10      0    .846    .37   1.00   .188   .621   .444   1.88   .359   .007   3
  44 gou731   1602 2002    401     14      0    .831    .33    .90   .153   .462   .447   2.19   .373   .055   0
  45 gou732   1638 2002    365     13      0    .879    .59   1.14   .218   .486   .327   1.92   .275  -.001   0
  46 gou751   1453 2002    550     20      0    .871    .44   1.53   .263   .567   .553   2.65   .464  -.002   3
  47 gou752   1670 2002    333     12      0    .892    .46   1.16   .236   .550   .499   2.18   .400  -.003   3
  48 gou801   1483 2002    520     19      0    .856    .51   1.47   .189   .640   .265   1.81   .246   .001   3
  49 gou811   1678 2002    325     11      0    .788    .45    .92   .169   .405   .367   1.98   .304  -.014   3
  50 gou812   1678 2002    325     11      0    .793    .38   1.03   .186   .648   .386   1.92   .326  -.006   3
  51 gou821   1705 2002    298     10      0    .829    .52   1.40   .260   .495   .449   2.69   .408   .005   3
  52 gou822   1743 2002    260      9      0    .866    .58   1.34   .254   .532   .364   1.95   .328   .000   3
  53 gou842   1682 2002    321     11      0    .827    .34    .74   .149   .318   .475   1.95   .390  -.005   3
 --- -------- ---------  -----  -----  -----   ------ -----  -----  -----  -----  -----  -----  -----  -----  --
 Total or mean:          22324    781      0    .845    .47   2.24   .234   .600   .400   2.74   .335  -.001

 DATA CHECKS (rwl.check): co605
-----------------------------------------------------------------------------------------------------------------------------------
 rwl.check: data_files/treering/measurements/northamerica/usa/co605.rwl
 53 series, 22324 measurements, 1383-2002, 0.001 mm precision
 0 error(s), 2 warning(s), 14 note(s)
 -------------
 WARNING
   RWL_HEADER_SPAN (1)
     the header declares 1385-2002 but the measurements cover 1383-2002
   RWL_INTERNAL_NA (1)
     gou611: no measurement for 1741-1779, inside the measured span of the series. The file records nothing for those years, which is not a fault, but detrend(), chron(), strip.rwl(), rwi.stats() and sss() fail on interior gaps and this series cannot be crossdated. Use fill.internal.NA() to close them deliberately
 14 note(s) not shown; see rwl.check() or the 'check' element of this report.

 NOTES
-----------------------------------------------------------------------------------------------------------------------------------
 Report generated using dplR 1.8.1 (R 4.5.2) on 2026-10-01 16:55 PDT.
 Measurement file co605.rwl, MD5 a1ec869d74e39cde06694ff5bc3358dc.
 Filtering: each series divided by a 32-year smoothing spline (caps()), then prewhitened with
   an AR model (order by AIC, at most 3).
 Master: biweight robust mean of the other series (leave-one-out).
 Correlation: Pearson, one-tailed, pcrit = 0.01; critical r = 0.3281 for 50-year segments.
 Segments: 50 years, lagged 25, first segment floored to 100. Lags searched: +/- 10 years.
 A segment is tested only where the series and the master cover all of it, at the dated
   position and at every lag. COFECHA also tests partial segments at the ends of a series, so
   series here may show fewer segments, and no flags can be raised at the ends of the record.
 Lags follow COFECHA: negative means rings are probably missing from the series, positive means
   false rings. A missing ring carries its lag into every segment before it, so look where the
   lag changes along a series. A B flag is a hypothesis to check on the wood; the gain says how
   seriously to take it.
 A B flag marked "weak at every lag" correlates under the critical value even at its best lag:
   the segment is weak wherever it is placed, and the shift is not evidence of a dating error.
   Treat it as a low correlation, like an A.
 Averages in the summary and the totals are weighted by the number of years in each series, as
   COFECHA's are.
 Unfiltered block and mean sensitivity: the measurements as read, and sens1().
 dplR filtered block: the series that was correlated, after filtering. COFECHA's filtered
   series is defined differently, so these three columns are not COFECHA's numbers.
 AR: order of the AR model used to prewhiten.
 Left out of the crossdating: series gou611 has internal NA values, and the 'nyrs' spline needs
   an unbroken series. Fill them with fill.internal.NA(), remove the series, or use 'n' instead
   of 'nyrs'
