
 COFECHA-style crossdating report: co612
 Report generated using dplR 1.8.1 (R 4.5.2) on 2026-10-01 16:57 PDT
 Built with dplR's xdate.report(), not COFECHA; see the notes at the end.


      Measurement file name  : co612.rwl
      MD5 of measurement file: 97093c6eebda327de73b641bee6d3c52
      Date checked           : 01OCT26
      Beginning year         : 1440
      Ending year            : 2002
      Principal investigators: Woodhouse, C.A.; Lukas, J.J.; Bolton, G.; Losleben, M.V.
      Site name              : Montrose
      Species information    : PIED Pinus edulis Engelm.
      Latitude               : 38.3800 N
      Longitude              : 108.0200 W
      Elevation              : 2286 m

      Series intercorrelation: 0.841
      Avg mean sensitivity   : 0.451
      Avg standard deviation : 0.255
      Avg autocorrelation    : 0.638
      Number dated series    : 55
      Segment length tested  : 50

      Number problem segments: 0  (A 0, B 0)
      Pct problem segments   : 0.00


 CORRELATION OF SERIES BY SEGMENTS: co612
-----------------------------------------------------------------------------------------------------------------------------------
 Correlations of  50-year dated segments, lagged  25 years
 Flags:  A = correlation under   .3281 but highest as dated;  B = correlation higher at other than dated position

 Seq Series  Time_span  1500 1525 1550 1575 1600 1625 1650 1675 1700 1725 1750 1775 1800 1825 1850 1875 1900 1925 1950 
                        1549 1574 1599 1624 1649 1674 1699 1724 1749 1774 1799 1824 1849 1874 1899 1924 1949 1974 1999 
 --- -------- ---------  ---- ---- ---- ---- ---- ---- ---- ---- ---- ---- ---- ---- ---- ---- ---- ---- ---- ---- ---- 
   1 mon031   1722 2000                                               .76  .76  .71  .78  .83  .83  .82  .82  .73  .83 
   2 mon032   1696 2000                                          .85  .81  .79  .84  .83  .83  .82  .86  .89  .86  .88 
   3 mon121   1555 2000                 .82  .82  .88  .90  .93  .91  .88  .89  .87  .81  .82  .77  .78  .85  .88  .85 
   4 mon122   1540 2000            .84  .77  .73  .86  .90  .91  .94  .89  .90  .90  .89  .89  .81  .78  .84  .89  .91 
   5 mon151   1585 2000                      .78  .81  .83  .88  .92  .89  .87  .85  .88  .95  .94  .89  .85  .90  .90 
   6 mon152   1564 2000                 .84  .78  .81  .88  .81  .81  .86  .84  .80  .85  .94  .90  .81  .85  .89  .86 
   7 mon221   1639 2000                                .75  .78  .79  .77  .79  .82  .81  .86  .87  .85  .81  .79  .81 
   8 mon222   1619 2000                           .48  .72  .81  .78  .83  .84  .80  .85  .92  .90  .80  .74  .73  .72 
   9 mon231   1675 2000                                          .84  .84  .85  .84  .87  .90  .87  .82  .80  .79  .80 
  10 mon232   1693 2000                                          .84  .83  .89  .91  .91  .91  .90  .88  .82  .74  .79 
  11 mon241   1605 2000                           .68  .78  .81  .87  .91  .94  .92  .88  .87  .87  .89  .82  .71  .81 
  12 mon242   1614 2000                           .67  .77  .83  .92  .95  .91  .90  .90  .90  .88  .89  .88  .77  .82 
  13 mon251   1708 2000                                               .82  .83  .83  .86  .92  .91  .88  .89  .87  .87 
  14 mon252   1706 2000                                               .88  .87  .86  .85  .87  .88  .84  .88  .86  .79 
  15 mon011   1627 2000                                .81  .87  .88  .91  .94  .90  .93  .96  .94  .90  .83  .72  .75 
  16 mon012   1616 2000                           .81  .80  .87  .90  .92  .89  .84  .92  .92  .87  .80  .74  .75  .75 
  17 mon021   1509 2000       .81  .81  .84  .66  .76  .86  .88  .93  .92  .90  .85  .86  .93  .93  .90  .87  .85  .83 
  18 mon022   1510 2000       .85  .90  .89  .76  .79  .85  .91  .94  .90  .88  .87  .87  .91  .92  .89  .86  .81  .82 
  19 mon023   1491 2000  .83  .85  .86  .82  .72  .84  .89  .94  .96  .95  .93  .90  .89  .90  .89  .86  .81  .87  .91 
  20 mon041   1614 2000                           .84  .75  .75  .86  .83  .86  .90  .88  .89  .91  .89  .86  .84  .82 
  21 mon042   1612 1949                           .77  .77  .76  .84  .85  .88  .90  .90  .91  .90  .89  .85           
  22 mon051   1588 2000                      .78  .89  .94  .95  .95  .95  .94  .94  .95  .95  .95  .93  .81  .82  .93 
  23 mon052   1595 2000                      .79  .89  .94  .95  .93  .95  .95  .95  .97  .97  .95  .93  .84  .83  .91 
  24 mon061   1561 2000                 .88  .87  .90  .90  .92  .92  .92  .93  .93  .92  .91  .92  .93  .91  .90  .82 
  25 mon062   1590 2000                      .85  .90  .90  .93  .96  .94  .93  .95  .95  .96  .93  .91  .89  .91  .88 
  26 mon071   1597 2000                      .68  .73  .83  .89  .91  .94  .93  .89  .85  .89  .89  .76  .67  .83  .86 
  27 mon072   1597 2000                      .77  .69  .70  .85  .87  .81  .83  .89  .94  .95  .94  .90  .78  .71  .72 
  28 mon111   1469 1985  .88  .78  .75  .79  .64  .79  .76  .81  .77  .78  .77  .72  .82  .84  .89  .88  .84  .73      
  29 mon112   1496 2000  .70  .73  .79  .80  .74  .85  .87  .85  .86  .89  .86  .81  .86  .90  .89  .87  .82  .69  .67 
  30 mon131   1574 2000                 .78  .87  .92  .93  .91  .91  .91  .93  .94  .91  .92  .90  .89  .85  .83  .91 
  31 mon132   1640 2000                                .92  .91  .91  .90  .91  .92  .89  .91  .92  .90  .88  .89  .95 
  32 mon141   1600 2000                           .89  .91  .91  .90  .89  .89  .89  .90  .91  .92  .91  .73  .71  .88 
  33 mon142   1561 2000                 .80  .58  .60  .79  .90  .90  .90  .89  .86  .89  .92  .92  .91  .80  .78  .86 
  34 mon161   1609 2000                           .70  .80  .88  .85  .87  .90  .90  .81  .87  .92  .83  .79  .84  .82 
  35 mon162   1573 2000                      .67  .66  .68  .72  .81  .91  .91  .87  .87  .92  .93  .88  .71  .63  .62 
  36 mon212   1564 2000                 .75  .66  .72  .74  .83  .89  .86  .83  .85  .89  .89  .88  .81  .75  .87  .79 
  37 mon261   1799 2000                                                              .70  .62  .64  .69  .52  .50  .69 
  38 mon262   1719 2000                                               .88  .86  .85  .84  .84  .84  .77  .60  .66  .67 
  39 mon271   1440 1995  .85  .78  .85  .88  .82  .86  .87  .89  .91  .92  .91  .89  .85  .87  .89  .87  .76  .67      
  40 mtr601   1746 2002                                                    .76  .81  .83  .88  .86  .75  .70  .71  .79 
  41 mtr602   1747 2002                                                    .75  .77  .82  .91  .90  .83  .81  .83  .77 
  42 mtr641   1596 2002                      .81  .88  .89  .91  .94  .93  .91  .89  .89  .93  .89  .85  .87  .91  .92 
  43 mtr711   1660 2002                                     .74  .83  .82  .85  .82  .79  .89  .79  .70  .79  .81  .81 
  44 mtr712   1680 2002                                          .82  .84  .86  .85  .81  .85  .84  .79  .75  .57  .67 
  45 mtr721   1680 2002                                          .89  .87  .87  .87  .89  .91  .86  .78  .72  .78  .86 
  46 mtr642   1589 2002                      .81  .89  .86  .88  .95  .94  .92  .91  .92  .93  .92  .85  .80  .84  .89 
  47 mtr722   1597 2002                      .69  .92  .90  .88  .90  .89  .88  .88  .87  .87  .87  .83  .76  .80  .85 
  48 mtr751   1766 2002                                                         .82  .83  .87  .82  .81  .85  .92  .94 
  49 mtr752   1727 2002                                                    .85  .83  .83  .88  .91  .89  .84  .88  .91 
  50 mtr741   1565 2002                 .78  .83  .90  .91  .90  .92  .90  .91  .92  .90  .91  .91  .82  .78  .76  .84 
  51 mtr832   1770 2002                                                         .74  .91  .93  .86  .80  .79  .79  .77 
  52 mtr831   1794 2002                                                              .80  .86  .82  .75  .82  .85  .77 
  53 mtr842   1516 2002       .51  .66  .77  .79  .77  .84  .89  .88  .86  .83  .72  .62  .78  .86  .80  .79  .86  .80 
  54 mtr841   1547 2002            .59  .65  .68  .74  .81  .82  .87  .89  .92  .90  .80  .83  .87  .90  .91  .83  .80 
  55 mtr801   1479 1878  .92  .90  .92  .91  .82  .78  .84  .94  .90  .90  .91  .90  .91  .93                          
 Av segment correlation  .84  .78  .80  .81  .76  .80  .84  .87  .88  .88  .87  .86  .86  .89  .88  .84  .80  .80  .82 

 FLAGGED SEGMENTS: co612
-----------------------------------------------------------------------------------------------------------------------------------
 None.

 DESCRIPTIVE STATISTICS: co612
-----------------------------------------------------------------------------------------------------------------------------------

                                                Corr   //-------- Unfiltered --------\\  //-- dplR filtered --\\
                           No.    No.    No.    with   Mean   Max     Std   Auto   Mean   Max     Std   Auto  AR
 Seq Series   Interval   Years  Segmt  Flags   Master  msmt   msmt    dev   corr   sens  value    dev   corr  ()
 --- -------- ---------  -----  -----  -----   ------ -----  -----  -----  -----  -----  -----  -----  -----  --
   1 mon031   1722 2000    279     10      0    .759    .59   1.75   .287   .587   .350   2.14   .313   .057   0
   2 mon032   1696 2000    305     11      0    .819    .58   1.27   .240   .445   .383   2.23   .324  -.001   1
   3 mon121   1555 2000    446     16      0    .840    .40   1.12   .181   .547   .401   2.31   .340  -.011   3
   4 mon122   1540 2000    461     17      0    .861    .39   1.30   .187   .511   .441   2.08   .375   .004   1
   5 mon151   1585 2000    416     15      0    .876    .63   1.82   .286   .631   .346   1.88   .297   .043   0
   6 mon152   1564 2000    437     16      0    .822    .60   1.98   .343   .770   .350   1.87   .298   .015   0
   7 mon221   1639 2000    362     13      0    .793    .44   1.14   .202   .584   .375   1.89   .320   .059   0
   8 mon222   1619 2000    382     14      0    .783    .52   1.12   .216   .533   .386   2.58   .327  -.013   3
   9 mon231   1675 2000    326     11      0    .831    .57   1.51   .254   .624   .341   2.04   .310  -.004   1
  10 mon232   1693 2000    308     11      0    .860    .64   1.68   .357   .733   .404   2.46   .363   .008   1
  11 mon241   1605 2000    396     14      0    .829    .45   1.55   .241   .687   .411   2.11   .349   .067   0
  12 mon242   1614 2000    387     14      0    .858    .45   1.79   .306   .766   .467   2.34   .381  -.019   0
  13 mon251   1708 2000    293     10      0    .845    .58   1.65   .232   .566   .330   1.87   .290  -.003   1
  14 mon252   1706 2000    295     10      0    .842    .68   2.50   .307   .723   .283   1.92   .249  -.011   1
  15 mon011   1627 2000    374     13      0    .866    .48   1.24   .256   .683   .433   2.15   .349  -.024   0
  16 mon012   1616 2000    385     14      0    .850    .49   1.42   .310   .807   .441   2.15   .359  -.036   0
  17 mon021   1509 2000    492     18      0    .850    .32   1.31   .211   .708   .567   2.19   .421  -.004   3
  18 mon022   1510 2000    491     18      0    .867    .37   1.11   .202   .640   .498   2.33   .391  -.015   0
  19 mon023   1491 2000    510     19      0    .879    .40   1.48   .238   .686   .484   2.30   .369   .003   1
  20 mon041   1614 2000    387     14      0    .835    .35    .87   .150   .395   .421   2.14   .340  -.009   0
  21 mon042   1612 1949    338     12      0    .833    .37    .97   .183   .628   .389   1.98   .332  -.003   1
  22 mon051   1588 2000    413     15      0    .921    .44   1.10   .233   .488   .567   2.41   .435  -.060   0
  23 mon052   1595 2000    406     15      0    .927    .46   1.20   .239   .464   .559   2.39   .429  -.038   0
  24 mon061   1561 2000    440     16      0    .902    .39   1.57   .265   .737   .540   2.35   .431  -.006   3
  25 mon062   1590 2000    411     15      0    .918    .49   2.02   .352   .782   .522   2.22   .420   .004   1
  26 mon071   1597 2000    404     15      0    .849    .36   1.04   .185   .561   .474   2.39   .384   .022   0
  27 mon072   1597 2000    404     15      0    .833    .35   1.21   .199   .607   .492   2.28   .401   .063   0
  28 mon111   1469 1985    517     18      0    .772    .52   2.29   .313   .743   .367   2.12   .331  -.006   3
  29 mon112   1496 2000    505     19      0    .808    .39   1.62   .241   .745   .379   2.07   .332  -.004   3
  30 mon131   1574 2000    427     16      0    .882    .50   1.51   .291   .631   .551   2.65   .438  -.058   0
  31 mon132   1640 2000    361     13      0    .893    .45   1.21   .238   .407   .589   2.57   .446  -.056   0
  32 mon141   1600 2000    401     14      0    .877    .39   1.36   .270   .685   .621   2.56   .469  -.004   3
  33 mon142   1561 2000    440     16      0    .845    .37   1.26   .235   .601   .628   3.04   .495   .026   0
  34 mon161   1609 2000    392     14      0    .847    .45   1.24   .266   .754   .447   2.27   .372   .000   1
  35 mon162   1573 2000    428     15      0    .815    .50   1.60   .309   .781   .430   2.40   .365   .003   3
  36 mon212   1564 2000    437     16      0    .813    .38   1.89   .317   .751   .640   2.64   .473  -.005   2
  37 mon261   1799 2000    202      7      0    .627    .44   1.40   .226   .803   .282   1.75   .279   .036   1
  38 mon262   1719 2000    282     10      0    .794    .38    .97   .154   .685   .303   1.69   .272   .007   1
  39 mon271   1440 1995    556     18      0    .836    .36   1.67   .304   .798   .616   3.52   .483   .000   3
  40 mtr601   1746 2002    257      9      0    .787    .64   2.06   .341   .679   .390   1.98   .339  -.006   1
  41 mtr602   1747 2002    256      9      0    .803    .71   2.20   .342   .615   .370   2.02   .324  -.003   1
  42 mtr641   1596 2002    407     15      0    .896    .42   1.31   .239   .557   .502   2.43   .398  -.027   0
  43 mtr711   1660 2002    343     12      0    .794    .49   1.06   .166   .469   .281   1.88   .261  -.004   2
  44 mtr712   1680 2002    323     11      0    .790    .49   1.30   .202   .525   .323   1.95   .304  -.009   2
  45 mtr721   1680 2002    323     11      0    .855    .59   1.82   .310   .706   .402   1.76   .319   .023   0
  46 mtr642   1589 2002    414     15      0    .894    .36   1.08   .195   .464   .542   2.40   .410   .001   1
  47 mtr722   1597 2002    406     15      0    .857    .41   1.16   .212   .542   .499   1.98   .371   .002   1
  48 mtr751   1766 2002    237      8      0    .848    .50   1.23   .223   .385   .435   2.07   .365   .070   0
  49 mtr752   1727 2002    276      9      0    .856    .56   2.41   .355   .586   .467   2.35   .368   .001   0
  50 mtr741   1565 2002    438     16      0    .863    .52   1.68   .312   .626   .554   2.81   .444  -.026   0
  51 mtr832   1770 2002    233      8      0    .808    .82   1.44   .258   .524   .254   1.52   .227   .020   1
  52 mtr831   1794 2002    209      7      0    .784    .91   2.23   .318   .467   .300   1.88   .260   .090   0
  53 mtr842   1516 2002    487     18      0    .738    .47   1.46   .252   .759   .393   2.12   .336   .019   0
  54 mtr841   1547 2002    456     17      0    .818    .44   1.34   .240   .733   .400   1.89   .322  -.001   1
  55 mtr801   1479 1878    400     14      0    .885    .41   1.46   .282   .767   .517   2.49   .395  -.024   3
 --- -------- ---------  -----  -----  -----   ------ -----  -----  -----  -----  -----  -----  -----  -----  --
 Total or mean:          20961    751      0    .841    .47   2.50   .255   .638   .451   3.52   .367   .001

 DATA CHECKS (rwl.check): co612
-----------------------------------------------------------------------------------------------------------------------------------
 rwl.check: data_files/treering/measurements/northamerica/usa/co612.rwl
 55 series, 20961 measurements, 1440-2002, 0.001 mm precision
 0 error(s), 1 warning(s), 11 note(s)
 -------------
 WARNING
   RWL_SERIES_OUTLIER (1)
     mon261: correlates with the rest of the collection at r = 0.551 where the collection median is 0.839 (6.5 MAD below it); it does not fit the collection it is in
 11 note(s) not shown; see rwl.check() or the 'check' element of this report.

 NOTES
-----------------------------------------------------------------------------------------------------------------------------------
 Report generated using dplR 1.8.1 (R 4.5.2) on 2026-10-01 16:57 PDT.
 Measurement file co612.rwl, MD5 97093c6eebda327de73b641bee6d3c52.
 Filtering: each series divided by a 32-year smoothing spline (caps()), then prewhitened with
   an AR model (order by AIC, at most 3).
 Master: biweight robust mean of the other series (leave-one-out).
 Correlation: Pearson, one-tailed, pcrit = 0.01; critical r = 0.3281 for 50-year segments.
 Segments: 50 years, lagged 25, first segment floored to 100. Lags searched: +/- 10 years.
 A segment is tested only where the series and the master cover all of it, at the dated
   position and at every lag. COFECHA also tests partial segments at the ends of a series, so
   series here may show fewer segments, and no flags can be raised at the ends of the record.
 Lags follow COFECHA: negative means rings are probably missing from the series, positive means
   false rings. A missing ring carries its lag into every segment before it, so look where the
   lag changes along a series. A B flag is a hypothesis to check on the wood; the gain says how
   seriously to take it.
 A B flag marked "weak at every lag" correlates under the critical value even at its best lag:
   the segment is weak wherever it is placed, and the shift is not evidence of a dating error.
   Treat it as a low correlation, like an A.
 Averages in the summary and the totals are weighted by the number of years in each series, as
   COFECHA's are.
 Unfiltered block and mean sensitivity: the measurements as read, and sens1().
 dplR filtered block: the series that was correlated, after filtering. COFECHA's filtered
   series is defined differently, so these three columns are not COFECHA's numbers.
 AR: order of the AR model used to prewhiten.
