
 COFECHA-style crossdating report: co631
 Report generated using dplR 1.8.1 (R 4.5.2) on 2026-10-01 17:00 PDT
 Built with dplR's xdate.report(), not COFECHA; see the notes at the end.


      Measurement file name  : co631.rwl
      MD5 of measurement file: c2582227d6a236bfa152d1eafa21c238
      Date checked           : 02OCT26
      Beginning year         : 1146
      Ending year            : 2002
      Principal investigators: Woodhouse, C.A.; Lukas, J.J.; Losleben, M.V.
      Site name              : Wild Rose
      Species information    : PIED Pinus edulis Engelm.
      Latitude               : 39.0200 N
      Longitude              : 108.2300 W
      Elevation              : 2636 m

      Series intercorrelation: 0.870
      Avg mean sensitivity   : 0.534
      Avg standard deviation : 0.198
      Avg autocorrelation    : 0.547
      Number dated series    : 50
      Segment length tested  : 50

      Number problem segments: 0  (A 0, B 0)
      Pct problem segments   : 0.00


 CORRELATION OF SERIES BY SEGMENTS: co631
-----------------------------------------------------------------------------------------------------------------------------------
 Correlations of  50-year dated segments, lagged  25 years
 Flags:  A = correlation under   .3281 but highest as dated;  B = correlation higher at other than dated position

 Seq Series  Time_span  1200 1225 1250 1275 1300 1325 1350 1375 1400 1425 1450 1475 1500 1525 1550 1575 1600 1625 1650 1675 
                        1249 1274 1299 1324 1349 1374 1399 1424 1449 1474 1499 1524 1549 1574 1599 1624 1649 1674 1699 1724 
 --- -------- ---------  ---- ---- ---- ---- ---- ---- ---- ---- ---- ---- ---- ---- ---- ---- ---- ---- ---- ---- ---- ---- 
   3 wil081   1652 2000                                                                                                 .82 
   5 wil042   1522 2000                                                                   .74  .72  .73  .85  .86  .87  .93 
   6 wil041   1556 2000                                                                             .75  .86  .88  .89  .95 
   7 wil212   1570 2000                                                                             .74  .77  .84  .91  .92 
   8 wil022   1429 1749                                                    .91  .91  .89  .81  .79  .82  .75  .79  .88  .89 
   9 wil021   1432 1749                                                    .89  .88  .91  .80  .79  .90  .84  .81  .89  .92 
  11 wil151   1230 2000            .85  .91  .91  .88  .91  .91  .90  .91  .93  .95  .96  .95  .94  .94  .95  .95  .97  .97 
  12 wil152   1234 2000            .89  .89  .91  .91  .92  .92  .93  .93  .92  .95  .95  .93  .92  .92  .91  .93  .95  .96 
  13 wil131   1334 2000                                .83  .78  .76  .77  .86  .92  .92  .93  .92  .92  .90  .92  .92  .92 
  14 wil132   1349 2000                                     .79  .81  .83  .89  .93  .93  .89  .90  .89  .86  .91  .95  .95 
  15 wil011   1240 2000            .82  .79  .84  .85  .88  .82  .80  .89  .94  .93  .92  .89  .87  .88  .85  .85  .92  .94 
  16 wil012   1249 2000                 .80  .87  .83  .84  .80  .82  .88  .93  .93  .91  .89  .89  .90  .83  .84  .93  .91 
  17 wil182   1323 2000                                .92  .92  .90  .94  .94  .94  .96  .89  .86  .91  .87  .88  .92  .90 
  18 wil181   1540 2000                                                                        .88  .91  .88  .91  .94  .91 
  19 wil161   1260 2000                 .74  .75  .83  .90  .90  .90  .93  .94  .93  .94  .93  .92  .94  .88  .89  .94  .95 
  20 wil162   1541 2000                                                                        .89  .93  .90  .88  .91  .92 
  23 wil082   1513 2000                                                                   .71  .65  .66  .76  .87  .92  .88 
  24 wil191   1233 2000            .86  .81  .81  .90  .90  .85  .87  .93  .92  .91  .93  .87  .82  .87  .93  .92  .93  .94 
  25 wil192   1232 2000            .84  .81  .83  .87  .89  .91  .92  .91  .90  .92  .93  .91  .81  .80  .90  .91  .94  .94 
  26 wil031   1476 2000                                                              .74  .57  .78  .87  .87  .84  .80  .85 
  27 wil032   1489 2000                                                              .76  .71  .70  .78  .86  .90  .89  .89 
  28 wil211   1609 2000                                                                                       .74  .79  .84 
  30 wil071   1664 2000                                                                                                 .92 
  34 wil611   1670 2002                                                                                                 .92 
  35 wil612   1326 2002                                .77  .75  .76  .81  .86  .92  .90  .86  .86  .84  .92  .95  .94  .93 
  36 wil621   1146 2002  .69  .77  .84  .87  .92  .94  .86  .78  .85  .89  .88  .93  .94  .93  .93  .93  .93  .93  .94  .93 
  37 wil622   1154 2002  .73  .84  .90  .88  .89  .90  .89  .80  .81  .90  .90  .94  .96  .92  .92  .94  .90  .91  .94  .96 
  42 wil711   1620 2002                                                                                       .86  .82  .80 
  43 wil721   1528 2002                                                                        .85  .82  .83  .87  .89  .92 
  44 wil722   1622 2002                                                                                       .84  .87  .91 
  45 wil731   1498 2002                                                                   .78  .84  .67  .71  .86  .85  .80 
  46 wil751   1669 2002                                                                                                 .95 
  48 wil821   1480 2002                                                              .94  .95  .94  .96  .96  .92  .90  .95 
  49 wil832   1310 2002                           .90  .93  .93  .92  .94  .92  .93  .92  .85  .90  .94  .92  .93  .95  .94 
  50 wil732   1560 2002                                                                             .74  .80  .86  .82  .87 
 Av segment correlation  .71  .81  .86  .83  .86  .88  .88  .85  .85  .89  .91  .93  .91  .85  .85  .85  .86  .88  .90  .91 

 CORRELATION OF SERIES BY SEGMENTS: co631
-----------------------------------------------------------------------------------------------------------------------------------
 Correlations of  50-year dated segments, lagged  25 years
 Flags:  A = correlation under   .3281 but highest as dated;  B = correlation higher at other than dated position

 Seq Series  Time_span  1700 1725 1750 1775 1800 1825 1850 1875 1900 1925 1950 
                        1749 1774 1799 1824 1849 1874 1899 1924 1949 1974 1999 
 --- -------- ---------  ---- ---- ---- ---- ---- ---- ---- ---- ---- ---- ---- 
   1 wil221   1716 2000       .77  .71  .78  .83  .84  .81  .82  .68  .74  .83 
   2 wil222   1716 2000       .84  .80  .83  .89  .87  .85  .88  .79  .87  .90 
   3 wil081   1652 2000  .88  .90  .86  .88  .90  .91  .90  .88  .82  .89  .92 
   4 wil321   1698 2000  .95  .94  .90  .91  .92  .92  .90  .86  .83  .93  .92 
   5 wil042   1522 2000  .92  .89  .87  .93  .93  .94  .89  .80  .63  .83  .89 
   6 wil041   1556 2000  .95  .92  .86  .90  .92  .94  .93  .86  .72  .86  .87 
   7 wil212   1570 2000  .90  .85  .88  .92  .90  .84  .79  .77  .77  .90  .92 
   8 wil022   1429 1749  .86                                                   
   9 wil021   1432 1749  .87                                                   
  10 wil232   1682 2000  .81  .87  .83  .85  .90  .92  .81  .72  .77  .89  .91 
  11 wil151   1230 2000  .96  .97  .93  .93  .94  .94  .93  .91  .87  .91  .90 
  12 wil152   1234 2000  .96  .95  .95  .95  .92  .93  .93  .94  .89  .91  .93 
  13 wil131   1334 2000  .95  .95  .94  .94  .94  .94  .90  .81  .72  .87  .88 
  14 wil132   1349 2000  .93  .94  .95  .93  .94  .95  .94  .89  .83  .93  .94 
  15 wil011   1240 2000  .93  .91  .86  .91  .93  .93  .92  .89  .86  .93  .95 
  16 wil012   1249 2000  .91  .90  .84  .89  .92  .93  .93  .91  .88  .91  .91 
  17 wil182   1323 2000  .91  .92  .90  .87  .91  .95  .90  .86  .69  .82  .90 
  18 wil181   1540 2000  .89  .90  .89  .88  .90  .94  .89  .89  .82  .92  .90 
  19 wil161   1260 2000  .96  .95  .93  .92  .93  .94  .94  .94  .89  .92  .91 
  20 wil162   1541 2000  .96  .96  .93  .93  .92  .89  .90  .90  .84  .91  .91 
  21 wil143   1690 2000  .89  .90  .89  .90  .92  .92  .90  .79  .74  .90  .93 
  22 wil142   1698 2000       .87  .87  .89  .91  .88  .85  .78  .71  .83  .88 
  23 wil082   1513 2000  .88  .85  .74  .76  .87  .90  .91  .86  .75  .87  .86 
  24 wil191   1233 2000  .94  .90  .89  .89  .88  .90  .95  .93  .80  .89  .94 
  25 wil192   1232 2000  .92  .89  .87  .84  .86  .94  .93  .91  .84  .83  .89 
  26 wil031   1476 2000  .90  .87  .84  .88  .86  .87  .90  .86  .77  .87  .89 
  27 wil032   1489 2000  .93  .89  .87  .91  .88  .88  .89  .86  .82  .89  .88 
  28 wil211   1609 2000  .87  .83  .78  .90  .89  .88  .84  .73  .72  .90  .87 
  29 wil231   1699 2000       .80  .80  .86  .94  .92  .89  .82  .83  .92  .91 
  30 wil071   1664 2000  .97  .96  .93  .90  .91  .92  .91  .90  .88  .94  .95 
  31 wil072   1716 2000       .94  .95  .96  .96  .96  .95  .91  .85  .92  .93 
  32 wil111   1716 2000       .93  .91  .90  .90  .89  .93  .92  .85  .93  .92 
  33 wil112   1697 2000  .88  .89  .89  .91  .90  .92  .94  .89  .85  .93  .93 
  34 wil611   1670 2002  .91  .89  .85  .88  .92  .93  .92  .89  .89  .74  .73 
  35 wil612   1326 2002  .96  .96  .93  .94  .95  .94  .92  .89  .86  .89  .91 
  36 wil621   1146 2002  .91  .88  .87  .94  .96  .96  .93  .88  .84  .90  .91 
  37 wil622   1154 2002  .95  .93  .90  .92  .94  .94  .94  .93  .86  .92  .92 
  38 wil631   1798 2002                      .84  .83  .80  .75  .67  .73  .76 
  39 wil632   1785 2002                      .84  .80  .83  .78  .71  .72  .71 
  40 wil641   1740 2002            .79  .84  .86  .82  .82  .83  .76  .81  .82 
  41 wil642   1760 2002                 .56  .74  .90  .88  .77  .65  .87  .89 
  42 wil711   1620 2002  .86  .88  .91  .91  .93  .90  .86  .74  .70  .85  .89 
  43 wil721   1528 2002  .95  .92  .88  .89  .89  .90  .87  .84  .83  .89  .92 
  44 wil722   1622 2002  .87  .85  .87  .83  .87  .79  .71  .65  .70  .83  .83 
  45 wil731   1498 2002  .77  .77  .80  .84  .89  .88  .85  .86  .88  .92  .92 
  46 wil751   1669 2002  .97  .95  .90  .93  .95  .92  .90  .88  .83  .90  .90 
  47 wil811   1680 2002  .93  .93  .90  .89  .92  .94  .93  .91  .76  .85  .88 
  48 wil821   1480 2002  .93  .90  .89  .92  .94  .93  .92  .86  .75  .92  .93 
  49 wil832   1310 2002  .96  .96  .92  .95  .94  .94  .92  .87  .85  .88  .78 
  50 wil732   1560 2002  .90  .88  .81  .80  .84  .88  .89  .89  .88  .90  .89 
 Av segment correlation  .91  .90  .87  .88  .90  .91  .89  .85  .79  .88  .89 

 FLAGGED SEGMENTS: co631
-----------------------------------------------------------------------------------------------------------------------------------
 None.

 DESCRIPTIVE STATISTICS: co631
-----------------------------------------------------------------------------------------------------------------------------------

                                                Corr   //-------- Unfiltered --------\\  //-- dplR filtered --\\
                           No.    No.    No.    with   Mean   Max     Std   Auto   Mean   Max     Std   Auto  AR
 Seq Series   Interval   Years  Segmt  Flags   Master  msmt   msmt    dev   corr   sens  value    dev   corr  ()
 --- -------- ---------  -----  -----  -----   ------ -----  -----  -----  -----  -----  -----  -----  -----  --
   1 wil221   1716 2000    285     10      0    .787    .62   1.58   .255   .548   .338   2.12   .325  -.004   3
   2 wil222   1716 2000    285     10      0    .854    .65   1.98   .262   .462   .351   2.02   .324  -.005   3
   3 wil081   1652 2000    349     12      0    .873    .37    .96   .176   .496   .416   2.27   .348   .013   3
   4 wil321   1698 2000    303     11      0    .904    .40    .90   .177   .390   .471   2.23   .381  -.013   2
   5 wil042   1522 2000    479     18      0    .841    .39    .93   .166   .465   .407   1.97   .345   .001   2
   6 wil041   1556 2000    445     16      0    .860    .43   1.07   .182   .431   .415   1.99   .347  -.003   3
   7 wil212   1570 2000    431     16      0    .841    .43   1.14   .213   .652   .422   2.19   .364   .006   1
   8 wil022   1429 1749    321     11      0    .840    .47   1.65   .250   .594   .442   2.00   .373   .011   1
   9 wil021   1432 1749    318     11      0    .851    .45   1.54   .258   .691   .441   1.83   .365  -.007   3
  10 wil232   1682 2000    319     11      0    .820    .54   1.59   .288   .580   .444   2.26   .385  -.001   3
  11 wil151   1230 2000    771     29      0    .921    .30    .92   .163   .468   .549   2.47   .446  -.013   3
  12 wil152   1234 2000    767     29      0    .919    .31   1.05   .185   .537   .581   2.63   .456  -.010   3
  13 wil131   1334 2000    667     25      0    .868    .34   1.19   .206   .620   .540   2.39   .449  -.008   3
  14 wil132   1349 2000    652     24      0    .876    .43   1.58   .266   .614   .580   2.49   .462  -.011   3
  15 wil011   1240 2000    761     29      0    .880    .28    .90   .154   .566   .524   2.24   .411  -.012   3
  16 wil012   1249 2000    752     28      0    .872    .29   1.15   .173   .634   .560   2.15   .444  -.007   3
  17 wil182   1323 2000    678     25      0    .882    .31   1.25   .187   .592   .588   2.26   .447   .000   3
  18 wil181   1540 2000    461     17      0    .883    .40   1.10   .204   .525   .487   2.18   .394   .001   3
  19 wil161   1260 2000    741     28      0    .909    .28    .93   .156   .541   .562   2.37   .451  -.004   3
  20 wil162   1541 2000    460     17      0    .905    .27    .94   .137   .452   .522   2.60   .419  -.009   3
  21 wil143   1690 2000    311     11      0    .884    .37   1.14   .205   .355   .580   2.48   .481   .005   1
  22 wil142   1698 2000    303     10      0    .852    .47   1.40   .235   .419   .477   2.22   .403  -.005   3
  23 wil082   1513 2000    488     18      0    .814    .46   1.62   .271   .739   .375   2.17   .330  -.004   3
  24 wil191   1233 2000    768     29      0    .890    .19    .67   .118   .300   .730   2.81   .556  -.007   3
  25 wil192   1232 2000    769     29      0    .880    .20    .74   .133   .489   .688   2.94   .549  -.011   3
  26 wil031   1476 2000    525     19      0    .807    .28    .99   .198   .653   .654   2.58   .516  -.009   3
  27 wil032   1489 2000    512     19      0    .835    .35   1.68   .272   .729   .572   2.25   .471  -.004   3
  28 wil211   1609 2000    392     14      0    .808    .35   1.27   .253   .779   .517   2.93   .455  -.013   1
  29 wil231   1699 2000    302     10      0    .852    .51   1.43   .273   .471   .483   2.25   .416   .003   3
  30 wil071   1664 2000    337     12      0    .922    .28    .69   .166   .251   .768   2.67   .560  -.006   3
  31 wil072   1716 2000    285     10      0    .932    .25    .69   .142   .248   .730   2.58   .533  -.006   3
  32 wil111   1716 2000    285     10      0    .906    .32    .94   .208   .429   .747   2.35   .540  -.010   3
  33 wil112   1697 2000    304     11      0    .902    .27   1.14   .197   .488   .818   2.63   .592  -.008   3
  34 wil611   1670 2002    333     12      0    .868    .34    .85   .165   .385   .487   2.61   .418   .000   1
  35 wil612   1326 2002    677     25      0    .867    .41   1.66   .286   .718   .513   2.32   .418  -.006   3
  36 wil621   1146 2002    857     31      0    .889    .30   1.99   .177   .604   .525   2.46   .409  -.004   3
  37 wil622   1154 2002    849     31      0    .897    .28   1.22   .176   .681   .531   2.17   .417  -.005   3
  38 wil631   1798 2002    205      7      0    .783    .60   1.52   .233   .634   .279   1.93   .271   .034   1
  39 wil632   1785 2002    218      7      0    .784    .60   1.48   .239   .617   .284   1.75   .260   .002   2
  40 wil641   1740 2002    263      9      0    .805    .69   1.48   .277   .591   .316   2.05   .277   .058   0
  41 wil642   1760 2002    243      8      0    .787    .84   2.43   .410   .736   .292   1.75   .275   .011   1
  42 wil711   1620 2002    383     14      0    .851    .49   1.29   .256   .522   .476   2.23   .393  -.013   3
  43 wil721   1528 2002    475     17      0    .872    .26    .93   .140   .470   .489   2.42   .409  -.009   3
  44 wil722   1622 2002    381     14      0    .792    .33   1.03   .190   .648   .449   2.11   .379   .021   1
  45 wil731   1498 2002    505     18      0    .802    .29   1.00   .197   .675   .573   2.42   .456   .001   3
  46 wil751   1669 2002    334     12      0    .907    .34   1.14   .220   .637   .577   2.59   .472  -.007   3
  47 wil811   1680 2002    323     11      0    .904    .31    .83   .161   .426   .546   2.31   .432  -.001   3
  48 wil821   1480 2002    523     19      0    .914    .29    .79   .160   .446   .620   2.63   .474  -.003   3
  49 wil832   1310 2002    693     26      0    .909    .32   1.26   .178   .501   .570   2.07   .438  -.003   3
  50 wil732   1560 2002    443     16      0    .850    .30    .77   .153   .473   .536   2.09   .428  -.006   3
 --- -------- ---------  -----  -----  -----   ------ -----  -----  -----  -----  -----  -----  -----  -----  --
 Total or mean:          23531    856      0    .870    .35   2.43   .198   .547   .534   2.94   .430  -.004

 DATA CHECKS (rwl.check): co631
-----------------------------------------------------------------------------------------------------------------------------------
 rwl.check: data_files/treering/measurements/northamerica/usa/co631.rwl
 50 series, 23531 measurements, 1146-2002, 0.001 mm precision
 0 error(s), 0 warning(s), 99 note(s)
 -------------
 Nothing to report at this severity.
 99 note(s) not shown; see rwl.check() or the 'check' element of this report.

 NOTES
-----------------------------------------------------------------------------------------------------------------------------------
 Report generated using dplR 1.8.1 (R 4.5.2) on 2026-10-01 17:00 PDT.
 Measurement file co631.rwl, MD5 c2582227d6a236bfa152d1eafa21c238.
 Filtering: each series divided by a 32-year smoothing spline (caps()), then prewhitened with
   an AR model (order by AIC, at most 3).
 Master: biweight robust mean of the other series (leave-one-out).
 Correlation: Pearson, one-tailed, pcrit = 0.01; critical r = 0.3281 for 50-year segments.
 Segments: 50 years, lagged 25, first segment floored to 100. Lags searched: +/- 10 years.
 A segment is tested only where the series and the master cover all of it, at the dated
   position and at every lag. COFECHA also tests partial segments at the ends of a series, so
   series here may show fewer segments, and no flags can be raised at the ends of the record.
 Lags follow COFECHA: negative means rings are probably missing from the series, positive means
   false rings. A missing ring carries its lag into every segment before it, so look where the
   lag changes along a series. A B flag is a hypothesis to check on the wood; the gain says how
   seriously to take it.
 A B flag marked "weak at every lag" correlates under the critical value even at its best lag:
   the segment is weak wherever it is placed, and the shift is not evidence of a dating error.
   Treat it as a low correlation, like an A.
 Averages in the summary and the totals are weighted by the number of years in each series, as
   COFECHA's are.
 Unfiltered block and mean sensitivity: the measurements as read, and sens1().
 dplR filtered block: the series that was correlated, after filtering. COFECHA's filtered
   series is defined differently, so these three columns are not COFECHA's numbers.
 AR: order of the AR model used to prewhiten.
