
 COFECHA-style crossdating report: co673
 Report generated using dplR 1.8.1 (R 4.5.2) on 2026-10-01 16:57 PDT
 Built with dplR's xdate.report(), not COFECHA; see the notes at the end.


      Measurement file name  : co673.rwl
      MD5 of measurement file: d7efa097933848f2d01057a4540e888c
      Date checked           : 01OCT26
      Beginning year         : 947
      Ending year            : 2004
      Principal investigators: Woodhouse, C.A.; Losleben, M.V.; Chowanski, K.
      Site name              : Piceance
      Species information    : PIED Pinus edulis Engelm.
      Latitude               : 40.0500 N
      Longitude              : 108.3000 W
      Elevation              : 1900 m

      Series intercorrelation: 0.709
      Avg mean sensitivity   : 0.244
      Avg standard deviation : 0.232
      Avg autocorrelation    : 0.745
      Number dated series    : 66
      Segment length tested  : 50

      Number problem segments: 1  (A 0, B 1)
      Pct problem segments   : 0.14


 CORRELATION OF SERIES BY SEGMENTS: co673
-----------------------------------------------------------------------------------------------------------------------------------
 Correlations of  50-year dated segments, lagged  25 years
 Flags:  A = correlation under   .3281 but highest as dated;  B = correlation higher at other than dated position

 Seq Series  Time_span  1000 1025 1050 1075 1100 1125 1150 1175 1200 1225 1250 1275 1300 1325 1350 1375 1400 1425 1450 1475 
                        1049 1074 1099 1124 1149 1174 1199 1224 1249 1274 1299 1324 1349 1374 1399 1424 1449 1474 1499 1524 
 --- -------- ---------  ---- ---- ---- ---- ---- ---- ---- ---- ---- ---- ---- ---- ---- ---- ---- ---- ---- ---- ---- ---- 
   1 pix011   1317 1591                                                                   .68  .71  .72  .77  .85  .84  .81 
   2 pix012   1300 1574                                                                   .75  .75  .74  .84  .80  .65  .76 
   3 pic202   1126 2001                                .51  .45  .56  .76  .71  .63  .73  .77  .75  .66  .58  .61  .84  .66 
   5 pic191   1206 2001                                               .79  .81  .73  .76  .78  .80  .79  .78  .79  .79  .86 
   6 pic171   1231 2001                                                    .75  .77  .84  .71  .64  .83  .85  .83  .87  .90 
   7 pic172   1304 1870                                                                   .78  .82  .85  .86  .85  .82  .88 
   8 pic192   1206 1870                                               .79  .83  .77  .78  .72  .74  .80  .84  .78  .77  .89 
   9 pic092   1422 2000                                                                                       .51  .60  .73 
  38 pix181    956 1185  .59  .65  .64  .61  .71  .65                                                                       
  39 pix182    947 1198  .55  .50  .52  .57  .63  .70                                                                       
  40 pix081   1011 1130       .53  .61  .52                                                                                 
  41 pix082   1011 1077       .52                                                                                           
  42 pix131   1112 1257                           .61  .77  .66  .45                                                        
  43 pix132   1154 1255                                     .52  .55                                                        
  44 pix191   1044 1232            .79  .56  .45B .67  .70  .63                                                             
  45 pix192   1045 1183            .64  .63  .58  .64                                                                       
  46 pix193   1148 1238                                .59  .43                                                             
  47 pix161   1077 1221                      .49  .69  .75                                                                  
  48 pix162   1071 1172                 .61  .65                                                                            
  49 pix101   1357 1587                                                                             .46  .64  .77  .74  .71 
  50 pix102   1385 1650                                                                                  .38  .73  .70  .64 
  51 pix091   1441 1621                                                                                            .73  .70 
  52 pix021   1385 1644                                                                                  .71  .73  .78  .76 
  53 pix022   1385 1640                                                                                  .68  .71  .75  .80 
  54 pix041   1447 1598                                                                                            .63  .71 
 Av segment correlation  .57  .55  .64  .58  .58  .66  .66  .54  .52  .78  .77  .73  .78  .74  .74  .73  .72  .75  .75  .77 

 CORRELATION OF SERIES BY SEGMENTS: co673
-----------------------------------------------------------------------------------------------------------------------------------
 Correlations of  50-year dated segments, lagged  25 years
 Flags:  A = correlation under   .3281 but highest as dated;  B = correlation higher at other than dated position

 Seq Series  Time_span  1500 1525 1550 1575 1600 1625 1650 1675 1700 1725 1750 1775 1800 1825 1850 1875 1900 1925 1950 
                        1549 1574 1599 1624 1649 1674 1699 1724 1749 1774 1799 1824 1849 1874 1899 1924 1949 1974 1999 
 --- -------- ---------  ---- ---- ---- ---- ---- ---- ---- ---- ---- ---- ---- ---- ---- ---- ---- ---- ---- ---- ---- 
   1 pix011   1317 1591  .76  .68                                                                                      
   2 pix012   1300 1574  .72  .62                                                                                      
   3 pic202   1126 2001  .70  .80  .77  .75  .67  .66  .67  .76  .80  .56  .49  .53  .65  .75  .63  .51  .62  .70  .58 
   4 pic201   1561 2001                 .50  .50  .74  .77  .77  .63  .47  .51  .48  .48  .61  .75  .64  .63  .82  .74 
   5 pic191   1206 2001  .83  .76  .83  .84  .79  .81  .83  .86  .88  .82  .82  .87  .85  .86  .80  .75  .80  .85  .87 
   6 pic171   1231 2001  .89  .85  .89  .90  .69  .62  .78  .82  .82  .80  .80  .83  .62  .62  .83  .77  .75  .84  .84 
   7 pic172   1304 1870  .90  .82  .83  .89  .72  .62  .80  .81  .79  .83  .83  .80  .74                               
   8 pic192   1206 1870  .89  .87  .80  .80  .83  .83  .85  .86  .89  .87  .85  .88  .89                               
   9 pic092   1422 2000  .71  .75  .81  .63  .57  .55  .47  .70  .74  .73  .78  .74  .82  .85  .85  .82  .79  .78  .67 
  10 pic091   1570 2001                 .46  .39  .45  .46  .51  .61  .69  .65  .58  .63  .67  .66  .58  .63  .78  .80 
  11 pic051   1654 2001                                     .76  .69  .68  .79  .77  .78  .80  .79  .71  .59  .71  .81 
  12 pic052   1663 2001                                     .77  .78  .76  .77  .69  .73  .81  .85  .77  .64  .76  .81 
  13 pic081   1664 2001                                     .72  .72  .77  .82  .79  .75  .74  .80  .82  .77  .78  .81 
  14 pic082   1694 2001                                          .75  .66  .79  .80  .67  .76  .85  .83  .83  .86  .83 
  15 pic031   1648 2001                                .59  .72  .84  .81  .83  .78  .82  .81  .71  .70  .68  .77  .86 
  16 pic011   1750 2001                                                         .67  .81  .78  .73  .75  .78  .78  .77 
  17 pic012   1713 2001                                               .78  .70  .66  .71  .73  .78  .77  .75  .77  .82 
  18 pic041   1720 2001                                               .59  .61  .61  .63  .72  .76  .75  .65  .58  .60 
  19 pic181   1500 2001       .77  .77  .80  .71  .62  .77  .79  .72  .70  .72  .56  .54  .68  .75  .78  .75  .72  .75 
  20 pic021   1717 2001                                               .70  .64  .63  .77  .73  .73  .71  .60  .67  .67 
  21 pic022   1710 2001                                               .67  .58  .63  .73  .70  .63  .63  .74  .69  .73 
  22 pic061   1684 2001                                          .50  .66  .63  .66  .78  .80  .76  .66  .45  .65  .56 
  23 pic062   1683 2001                                          .51  .60  .64  .72  .85  .81  .80  .72  .45  .48  .58 
  24 pic071   1726 2001                                                    .71  .82  .79  .74  .65  .64  .67  .59  .61 
  25 pic072   1710 2001                                               .53  .73  .83  .85  .76  .71  .76  .75  .75  .66 
  26 pic382   1780 1998                                                              .75  .73  .81  .87  .70  .78      
  27 pic382b  1747 1998                                                    .78  .84  .84  .82  .77  .79  .83  .88      
  28 pic101   1679 2001                                          .78  .81  .75  .69  .73  .82  .70  .50  .59  .73  .70 
  29 pic102   1679 1989                                          .67  .69  .75  .74  .80  .76  .66  .40  .43  .70      
  30 pic121   1720 2001                                               .80  .74  .70  .82  .81  .79  .81  .80  .78  .77 
  31 pic122   1734 2001                                                    .76  .72  .78  .83  .82  .76  .72  .82  .82 
  32 pic131   1667 1992                                     .91  .93  .89  .87  .85  .85  .85  .82  .78  .74  .79      
  33 pic132   1678 2000                                          .89  .87  .86  .68  .73  .85  .86  .86  .69  .67  .76 
  34 pic141   1740 2001                                                    .76  .76  .83  .77  .73  .78  .68  .72  .76 
  35 pic142   1770 2001                                                         .73  .82  .76  .73  .71  .49  .58  .67 
  36 pic161   1620 1870                           .80  .86  .83  .77  .82  .87  .83  .73                               
  37 pic162   1676 2001                                          .83  .89  .86  .83  .83  .81  .84  .84  .83  .87  .88 
  49 pix101   1357 1587  .70  .70                                                                                      
  50 pix102   1385 1650  .65  .65  .74  .74  .70                                                                       
  51 pix091   1441 1621  .68  .64  .74                                                                                 
  52 pix021   1385 1644  .77  .68  .60  .57                                                                            
  53 pix022   1385 1640  .74  .58  .57  .64                                                                            
  54 pix041   1447 1598  .65  .66                                                                                      
  55 pic841   1576 1990                      .65  .71  .75  .79  .65  .51  .66  .73  .74  .66  .73  .81  .75  .75      
  56 pic842   1586 2004                      .57  .64  .77  .72  .61  .69  .78  .81  .86  .82  .82  .78  .68  .65  .67 
  57 pic851   1622 1920                           .67  .81  .81  .77  .71  .80  .78  .75  .80  .81                     
  58 pic832   1627 2004                                .71  .77  .79  .78  .82  .84  .85  .83  .79  .81  .79  .71  .72 
  59 pic871   1635 2004                                .70  .67  .76  .77  .79  .84  .82  .83  .87  .86  .71  .78  .83 
  60 pic852   1644 2004                                .73  .76  .71  .65  .77  .78  .77  .79  .72  .70  .73  .52  .47 
  61 pic811   1676 2004                                          .55  .60  .60  .61  .69  .73  .69  .65  .60  .70  .75 
  62 pic812   1670 2004                                     .58  .59  .56  .66  .71  .64  .69  .70  .56  .46  .59  .64 
  63 pic831   1682 2004                                          .60  .73  .81  .74  .68  .77  .83  .79  .78  .81  .78 
  64 pic861   1703 2004                                               .65  .65  .63  .78  .81  .78  .74  .65  .77  .78 
  65 pic801   1768 2004                                                         .78  .70  .63  .65  .64  .69  .76  .69 
  66 pic802   1717 2004                                               .44  .42  .59  .67  .71  .77  .61  .54  .61  .64 
 Av segment correlation  .76  .72  .76  .71  .65  .67  .72  .76  .73  .71  .73  .73  .75  .76  .76  .72  .68  .73  .73 

 FLAGGED SEGMENTS: co673
-----------------------------------------------------------------------------------------------------------------------------------
 Seq Series   Segment    Flag  r dated  Best lag  r at lag   Gain  Note
 --- -------- ---------  ----  -------  --------  --------  -----  -----------------
  44 pix191   1100 1149     B     .446        -3      .460   .013

 DESCRIPTIVE STATISTICS: co673
-----------------------------------------------------------------------------------------------------------------------------------

                                                Corr   //-------- Unfiltered --------\\  //-- dplR filtered --\\
                           No.    No.    No.    with   Mean   Max     Std   Auto   Mean   Max     Std   Auto  AR
 Seq Series   Interval   Years  Segmt  Flags   Master  msmt   msmt    dev   corr   sens  value    dev   corr  ()
 --- -------- ---------  -----  -----  -----   ------ -----  -----  -----  -----  -----  -----  -----  -----  --
   1 pix011   1317 1591    275      9      0    .735    .49   1.29   .193   .799   .206   1.52   .204  -.008   3
   2 pix012   1300 1574    275      9      0    .712    .34    .75   .130   .714   .238   1.69   .239  -.019   3
   3 pic202   1126 2001    876     33      0    .629    .35    .95   .183   .876   .231   2.07   .234  -.005   3
   4 pic201   1561 2001    441     16      0    .623    .54   1.23   .189   .675   .234   1.71   .220   .007   1
   5 pic191   1206 2001    796     30      0    .786    .35    .93   .150   .629   .320   2.18   .300   .000   3
   6 pic171   1231 2001    771     29      0    .776    .35    .90   .152   .539   .365   1.87   .311  -.004   3
   7 pic172   1304 1870    567     20      0    .799    .37    .92   .155   .547   .355   1.87   .320  -.009   3
   8 pic192   1206 1870    665     24      0    .801    .35   1.00   .151   .601   .321   1.89   .295  -.002   3
   9 pic092   1422 2000    579     22      0    .690    .41   1.03   .170   .736   .241   1.76   .230  -.010   3
  10 pic091   1570 2001    432     16      0    .577    .47   1.92   .162   .642   .207   2.47   .214   .001   3
  11 pic051   1654 2001    348     12      0    .740    .58   1.78   .278   .812   .224   1.55   .227   .011   3
  12 pic052   1663 2001    339     12      0    .750    .57   1.28   .257   .799   .260   1.70   .249  -.017   1
  13 pic081   1664 2001    338     12      0    .771    .50   1.29   .202   .754   .228   1.68   .221   .007   1
  14 pic082   1694 2001    308     11      0    .781    .52   1.40   .185   .749   .206   1.60   .207   .009   1
  15 pic031   1648 2001    354     13      0    .761    .59   2.44   .333   .870   .238   1.65   .231  -.005   1
  16 pic011   1750 2001    252      8      0    .750    .70   1.74   .366   .851   .220   1.58   .219   .009   1
  17 pic012   1713 2001    289     10      0    .752    .58   1.66   .364   .845   .294   1.76   .273   .001   1
  18 pic041   1720 2001    282     10      0    .645    .52   2.19   .342   .909   .259   1.86   .249  -.015   1
  19 pic181   1500 2001    502     18      0    .726    .43   1.12   .207   .857   .213   1.69   .215   .005   1
  20 pic021   1717 2001    285     10      0    .682    .63   1.57   .272   .879   .158   1.46   .161  -.010   3
  21 pic022   1710 2001    292     10      0    .669    .67   1.85   .342   .890   .182   1.55   .179  -.001   1
  22 pic061   1684 2001    318     11      0    .604    .68   1.29   .228   .768   .184   1.55   .177   .010   3
  23 pic062   1683 2001    319     11      0    .624    .72   1.31   .177   .597   .169   1.55   .156  -.021   3
  24 pic071   1726 2001    276      9      0    .684    .49   1.21   .228   .886   .172   1.49   .173   .017   1
  25 pic072   1710 2001    292     10      0    .683    .57   1.90   .383   .943   .196   1.76   .202  -.007   2
  26 pic382   1780 1998    219      6      0    .777    .77   1.80   .343   .842   .218   1.63   .217  -.026   1
  27 pic382b  1747 1998    252      8      0    .806    .71   1.88   .358   .844   .258   1.77   .247  -.015   1
  28 pic101   1679 2001    323     11      0    .695    .66   1.88   .293   .705   .269   1.72   .250   .011   1
  29 pic102   1679 1989    311     10      0    .640    .60   1.79   .327   .843   .268   1.63   .247  -.004   3
  30 pic121   1720 2001    282     10      0    .782    .80   1.92   .329   .764   .217   1.73   .214   .009   1
  31 pic122   1734 2001    268      9      0    .782    .79   1.93   .338   .828   .205   1.70   .207   .010   1
  32 pic131   1667 1992    326     11      0    .840    .44    .98   .145   .588   .258   1.65   .243   .013   1
  33 pic132   1678 2000    323     11      0    .801    .34    .70   .127   .577   .304   1.82   .285  -.006   2
  34 pic141   1740 2001    262      9      0    .757    .88   2.16   .383   .831   .193   1.54   .193  -.004   1
  35 pic142   1770 2001    232      8      0    .688    .78   1.75   .326   .830   .175   1.91   .178   .008   1
  36 pic161   1620 1870    251      8      0    .789    .53   1.65   .303   .864   .238   1.57   .231   .006   1
  37 pic162   1676 2001    326     11      0    .831    .45    .92   .172   .678   .253   1.67   .243  -.001   2
  38 pix181    956 1185    230      6      0    .598    .41    .93   .186   .751   .265   1.65   .252   .002   1
  39 pix182    947 1198    252      6      0    .593    .28    .68   .110   .649   .254   1.67   .256   .004   1
  40 pix081   1011 1130    120      3      0    .504    .71   1.50   .239   .731   .201   1.50   .189   .006   1
  41 pix082   1011 1077     67      1      0    .545    .64   1.47   .277   .590   .295   2.05   .304   .055   1
  42 pix131   1112 1257    146      4      0    .542    .70   1.39   .309   .847   .207   1.54   .200  -.009   1
  43 pix132   1154 1255    102      2      0    .625    .39    .87   .174   .746   .269   1.66   .255   .008   1
  44 pix191   1044 1232    189      6      1    .625    .86   1.54   .250   .673   .213   1.61   .210  -.001   1
  45 pix192   1045 1183    139      4      0    .643   1.05   2.48   .539   .899   .211   1.54   .203  -.006   1
  46 pix193   1148 1238     91      2      0    .594    .54    .96   .179   .336   .345   1.54   .267   .030   1
  47 pix161   1077 1221    145      3      0    .673    .30    .55   .093   .530   .235   1.71   .243   .021   1
  48 pix162   1071 1172    102      2      0    .623    .33    .77   .131   .745   .239   1.79   .249   .016   1
  49 pix101   1357 1587    231      7      0    .645    .85   1.79   .331   .789   .204   1.51   .201   .017   1
  50 pix102   1385 1650    266      9      0    .617    .68   1.67   .341   .841   .223   1.62   .220  -.005   1
  51 pix091   1441 1621    181      5      0    .710    .85   2.10   .336   .607   .271   1.84   .263   .017   3
  52 pix021   1385 1644    260      8      0    .698    .41    .96   .146   .722   .212   1.47   .211  -.003   3
  53 pix022   1385 1640    256      8      0    .685    .38    .83   .134   .701   .219   1.70   .222   .011   1
  54 pix041   1447 1598    152      4      0    .693    .89   1.65   .240   .481   .224   1.60   .212  -.000   2
  55 pic841   1576 1990    415     14      0    .718    .42   1.16   .231   .895   .208   1.49   .199  -.004   3
  56 pic842   1586 2004    419     15      0    .697    .48   1.59   .271   .878   .230   1.79   .222  -.001   3
  57 pic851   1622 1920    299     10      0    .756    .54   2.78   .487   .871   .297   1.98   .274  -.022   1
  58 pic832   1627 2004    378     13      0    .763    .45   1.29   .193   .749   .251   1.76   .253  -.009   1
  59 pic871   1635 2004    370     13      0    .775    .55   1.09   .179   .693   .201   1.71   .202   .008   1
  60 pic852   1644 2004    361     13      0    .679    .41   2.88   .411   .862   .363   2.14   .307   .003   2
  61 pic811   1676 2004    329     11      0    .647    .43    .81   .118   .504   .207   1.64   .210   .015   1
  62 pic812   1670 2004    335     12      0    .606    .41    .93   .157   .790   .193   1.69   .194   .004   3
  63 pic831   1682 2004    323     11      0    .730    .54   1.42   .211   .706   .245   1.92   .248  -.005   1
  64 pic861   1703 2004    302     10      0    .691    .73   1.38   .225   .786   .164   1.53   .162   .007   1
  65 pic801   1768 2004    237      8      0    .689    .54   1.71   .240   .783   .230   1.76   .242  -.019   1
  66 pic802   1717 2004    288     10      0    .606    .40   1.02   .155   .733   .243   1.75   .247  -.005   3
 --- -------- ---------  -----  -----  -----   ------ -----  -----  -----  -----  -----  -----  -----  -----  --
 Total or mean:          20831    707      1    .709    .52   2.88   .232   .745   .244   2.47   .235  -.000

 DATA CHECKS (rwl.check): co673
-----------------------------------------------------------------------------------------------------------------------------------
 rwl.check: data_files/treering/measurements/northamerica/usa/co673.rwl
 66 series, 20831 measurements, 947-2004, 0.001 mm precision
 0 error(s), 0 warning(s), 5 note(s)
 -------------
 Nothing to report at this severity.
 5 note(s) not shown; see rwl.check() or the 'check' element of this report.

 NOTES
-----------------------------------------------------------------------------------------------------------------------------------
 Report generated using dplR 1.8.1 (R 4.5.2) on 2026-10-01 16:57 PDT.
 Measurement file co673.rwl, MD5 d7efa097933848f2d01057a4540e888c.
 Filtering: each series divided by a 32-year smoothing spline (caps()), then prewhitened with
   an AR model (order by AIC, at most 3).
 Master: biweight robust mean of the other series (leave-one-out).
 Correlation: Pearson, one-tailed, pcrit = 0.01; critical r = 0.3281 for 50-year segments.
 Segments: 50 years, lagged 25, first segment floored to 100. Lags searched: +/- 10 years.
 A segment is tested only where the series and the master cover all of it, at the dated
   position and at every lag. COFECHA also tests partial segments at the ends of a series, so
   series here may show fewer segments, and no flags can be raised at the ends of the record.
 Lags follow COFECHA: negative means rings are probably missing from the series, positive means
   false rings. A missing ring carries its lag into every segment before it, so look where the
   lag changes along a series. A B flag is a hypothesis to check on the wood; the gain says how
   seriously to take it.
 A B flag marked "weak at every lag" correlates under the critical value even at its best lag:
   the segment is weak wherever it is placed, and the shift is not evidence of a dating error.
   Treat it as a low correlation, like an A.
 Averages in the summary and the totals are weighted by the number of years in each series, as
   COFECHA's are.
 Unfiltered block and mean sensitivity: the measurements as read, and sens1().
 dplR filtered block: the series that was correlated, after filtering. COFECHA's filtered
   series is defined differently, so these three columns are not COFECHA's numbers.
 AR: order of the AR model used to prewhiten.
