
 COFECHA-style crossdating report: fl010
 Report generated using dplR 1.8.1 (R 4.5.2) on 2026-10-01 16:51 PDT
 Built with dplR's xdate.report(), not COFECHA; see the notes at the end.


      Measurement file name  : fl010.rwl
      MD5 of measurement file: 39f2bca6b42e3396a20e03e29cdb2cd3
      Date checked           : 01OCT26
      Beginning year         : 1707
      Ending year            : 2009
      Principal investigators: Harley, G.L.
      Site name              : Big Pine Key
      Species information    : PIEL Pinus elliottii Engelm.
      Latitude               : 24.7140 N
      Longitude              : 81.3850 W
      Elevation              : 2 m

      Series intercorrelation: 0.506
      Avg mean sensitivity   : 0.459
      Avg standard deviation : 0.660
      Avg autocorrelation    : 0.498
      Number dated series    : 114
      Segment length tested  : 50

      Number problem segments: 15  (A 9, B 6; 4 of the B weak at every lag)
      Pct problem segments   : 5.88


 CORRELATION OF SERIES BY SEGMENTS: fl010
-----------------------------------------------------------------------------------------------------------------------------------
 Correlations of  50-year dated segments, lagged  25 years
 Flags:  A = correlation under   .3281 but highest as dated;  B = correlation higher at other than dated position

 Seq Series  Time_span  1800 1825 1850 1875 1900 1925 1950 
                        1849 1874 1899 1924 1949 1974 1999 
 --- -------- ---------  ---- ---- ---- ---- ---- ---- ---- 
   1 NNK02x A 1895 2008                      .63  .52  .49 
   3 NNK05x B 1848 1951                 .40  .49           
   4 NNK07x A 1850 1924                 .51                
   5 NNK08x A 1828 1918            .47                     
   7 NNK12x B 1919 2008                           .51  .51 
   8 NNK13x A 1812 1940       .63  .64  .50                
   9 NNK14x A 1870 2005                 .53  .57  .54  .57 
  10 NNK17x A 1943 2008                                .49 
  12 NNK19x A 1943 2008                                .47 
  13 NNK20x A 1946 2008                                .45 
  14 NNK21x B 1913 2008                           .60  .56 
  15 NNK22x A 1779 1910  .32A .29B .53                     
  16 NNK26x A 1833 1943            .66  .61                
  17 NNK30x A 1864 1946                 .50                
  19 NNK36x A 1918 1977                           .57      
  21 NNK50xA  1910 2009                           .50  .32A
  23 NNK71x A 1914 1978                           .59      
  26 NNK76x A 1849 1941                 .60                
  27 NNK80x A 1921 2009                           .58  .65 
  29 NNK84x A 1870 2006                 .63  .50  .48  .58 
  31 TPC01x A 1886 2008                      .46  .51  .46 
  32 TPC04AxA 1870 2008                 .66  .62  .58  .59 
  33 TPC04BxA 1887 2008                      .61  .60  .48 
  34 TPC02x A 1923 2009                                .56 
  35 B6x    B 1870 2001                 .59  .41  .53  .45 
  36 B7x    A 1842 2000            .66  .44  .52  .69  .66 
  37 B8x    A 1848 2001            .70  .65  .41  .26B .35 
  38 B9x    A 1864 2001                 .55  .48  .48  .29B
  39 B10x   A 1860 2001                 .56  .43  .45  .60 
  40 N4x    A 1854 2001                 .56  .45  .47  .34 
  41 N5x    A 1880 1999                      .61  .58  .44 
  42 N6x    A 1926 2000                                .35 
  43 N7x    A 1859 1995                 .47  .49  .34      
  44 N8x    A 1915 2000                           .65  .48 
  45 T5x    A 1871 2000                 .44  .43  .51  .51 
  46 T8x    A 1862 2000                 .55  .46  .50  .35 
  47 BYR60  B 1886 2009                      .61  .43  .30A
  48 BYR61  A 1933 2009                                .57 
  49 BYR62  B 1924 2009                           .63  .42 
  50 BYR601 B 1935 2008                                .54 
  51 BYR604 D 1943 2009                                .61 
  52 BYR605 D 1935 2009                                .31A
  53 BYR606 D 1946 2009                                .42 
  55 BYR608 C 1916 2009                           .58  .55 
  56 BYR609 C 1908 2009                           .46  .44 
  57 BYR610 D 1907 2009                           .52  .47 
  58 BYR612 D 1867 2009                 .53  .40  .50  .41 
  59 BYR614 D 1904 2008                           .51  .39 
  62 BYR620 B 1919 2009                           .52  .47 
  63 BYR621 C 1948 2009                                .49 
  64 BYR622 D 1921 2009                           .59  .57 
  65 BYR627 B 1884 2008                      .45  .52  .58 
  66 BYR001 A 1835 1944            .58  .46                
  67 BYR31x A 1839 2009            .60  .61  .59  .54  .51 
  68 BYR31axA 1763 1942  .66  .61  .62  .57                
  69 BYR35x A 1721 1851  .43                               
  70 BYR36x C 1785 2008  .50  .46  .52  .55  .50  .39  .40 
  71 BYR40x A 1810 2008       .64  .60  .60  .56  .45  .40 
  72 BYR42x A 1822 1979       .53  .57  .62  .54  .52      
  73 BYR43x B 1750 1910  .63  .48  .41                     
  74 BYR44x A 1747 1897  .47  .54                          
  75 BYR45x A 1858 2008                 .33  .25A .41  .63 
  76 BYR46x A 1779 1933  .52  .60  .69  .59                
  77 BYR48x A 1767 2008  .64  .66  .37  .36  .66  .63  .56 
  78 BYR49x A 1846 2008            .73  .55  .46  .48  .48 
  79 BYR50x C 1789 2008  .56  .45  .55  .53  .42  .42  .33 
  80 BYR112xA 1747 1924  .60  .55  .57  .61                
  81 BYR501xA 1880 2008                      .66  .67  .60 
  82 BYR502xB 1898 2008                      .48  .57  .46 
  83 BYR503xA 1929 2008                                .40 
  85 BYR505xA 1756 1870  .58                               
  86 BYR507xA 1913 1997                           .44      
  87 BYR510xB 1902 2008                           .59  .49 
  88 BYR512xA 1873 2008                      .54  .57  .62 
  89 BYR514xB 1932 2008                                .51 
  90 BYR515xB 1885 2008                      .55  .44  .47B
  91 BYR516xB 1815 2008       .65  .49  .53  .66  .53  .42 
  92 BYR518xA 1811 2008       .56  .43  .39  .50  .36B .23B
  93 BYR519xA 1814 2008       .59  .68  .59  .54  .62  .48 
  94 BYR520xA 1838 1950            .74  .53  .49           
  95 BYR521xB 1799 1904  .50  .43  .31A                    
  96 BYR600xA 1855 1932                 .39                
  98 BYR703xB 1840 1910            .56                     
 101 NWH501xA 1888 2006                      .66  .50  .41 
 102 NWH503xB 1908 2007                           .46  .54 
 103 NWH506xA 1900 2009                           .54  .41 
 104 NWH506xB 1900 2009                           .40  .42 
 105 NWH509xB 1871 1932                 .51                
 106 NWH509xC 1871 1932                 .48                
 109 NWH533xA 1887 1955                      .36           
 110 NWH533xC 1887 1955                      .32A          
 111 NWH535xA 1908 1980                           .53      
 112 NWH535xB 1908 1980                           .58      
 113 NWH539xA 1848 1993            .54  .59  .44  .38      
 114 NWH600xA 1873 2008                 .55  .46  .33A .31A
 Av segment correlation  .53  .54  .57  .53  .50  .51  .47 

 FLAGGED SEGMENTS: fl010
-----------------------------------------------------------------------------------------------------------------------------------
 Seq Series   Segment    Flag  r dated  Best lag  r at lag   Gain  Note
 --- -------- ---------  ----  -------  --------  --------  -----  -----------------
  15 NNK22x A 1800 1849     A     .320         0
  15 NNK22x A 1825 1874     B     .286        -3      .321   .035  weak at every lag
  21 NNK50xA  1950 1999     A     .316         0
  37 B8x    A 1925 1974     B     .264         4      .315   .051  weak at every lag
  38 B9x    A 1950 1999     B     .288        -9      .321   .033  weak at every lag
  47 BYR60  B 1950 1999     A     .295         0
  52 BYR605 D 1950 1999     A     .314         0
  75 BYR45x A 1900 1949     A     .254         0
  90 BYR515xB 1950 1999     B     .474        -1      .496   .022
  92 BYR518xA 1925 1974     B     .361         7      .374   .013
  92 BYR518xA 1950 1999     B     .231         7      .260   .029  weak at every lag
  95 BYR521xB 1850 1899     A     .313         0
 110 NWH533xC 1900 1949     A     .324         0
 114 NWH600xA 1925 1974     A     .326         0
 114 NWH600xA 1950 1999     A     .308         0

 DESCRIPTIVE STATISTICS: fl010
-----------------------------------------------------------------------------------------------------------------------------------

                                                Corr   //-------- Unfiltered --------\\  //-- dplR filtered --\\
                           No.    No.    No.    with   Mean   Max     Std   Auto   Mean   Max     Std   Auto  AR
 Seq Series   Interval   Years  Segmt  Flags   Master  msmt   msmt    dev   corr   sens  value    dev   corr  ()
 --- -------- ---------  -----  -----  -----   ------ -----  -----  -----  -----  -----  -----  -----  -----  --
   1 NNK02x A 1895 2008    114      3      0    .560    .77   2.44   .483   .348   .517   2.15   .452   .040   0
   2 NNK03x B 1924 1994     71      0      0    .546   1.16   3.70   .783   .523   .467   2.41   .525  -.011   2
   3 NNK05x B 1848 1951    104      2      0    .467   1.27   4.03   .842   .562   .502   2.27   .472  -.011   3
   4 NNK07x A 1850 1924     75      1      0    .503   1.43   4.92   .971   .472   .536   2.63   .510   .012   2
   5 NNK08x A 1828 1918     91      1      0    .437   1.06   4.11   .767   .513   .469   2.30   .465   .022   1
   6 NNK11x A 1953 2008     56      0      0    .549    .62   1.68   .318   .304   .495   2.53   .465   .073   0
   7 NNK12x B 1919 2008     90      2      0    .455   1.45   5.24   .910   .516   .410   2.49   .411   .006   1
   8 NNK13x A 1812 1940    129      3      0    .573    .79   2.10   .451   .603   .456   2.04   .421  -.012   1
   9 NNK14x A 1870 2005    136      4      0    .534   1.24   5.66   .937   .699   .457   2.29   .459  -.012   3
  10 NNK17x A 1943 2008     66      1      0    .523   2.80   6.98  1.669   .651   .445   2.19   .432  -.012   2
  11 NNK18x B 1949 2008     60      0      0    .385   1.69   6.18  1.363   .532   .451   2.29   .433  -.036   2
  12 NNK19x A 1943 2008     66      1      0    .436   2.20   7.91  1.925   .690   .453   2.57   .508   .074   1
  13 NNK20x A 1946 2008     63      1      0    .466   1.30   3.71   .869   .606   .415   1.90   .368  -.017   2
  14 NNK21x B 1913 2008     96      2      0    .542   1.48   4.03   .911   .637   .413   1.83   .385  -.024   2
  15 NNK22x A 1779 1910    132      3      2    .449   1.17   3.52   .699   .395   .510   2.26   .479  -.000   2
  16 NNK26x A 1833 1943    111      2      0    .620    .76   2.60   .496   .273   .581   2.55   .518  -.021   3
  17 NNK30x A 1864 1946     83      1      0    .538    .80   2.06   .460   .388   .484   2.85   .492   .004   3
  18 NNK34x A 1950 2006     57      0      0    .496    .95   3.14   .580   .674   .433   2.16   .417  -.027   1
  19 NNK36x A 1918 1977     60      1      0    .525   1.87   7.95  1.423   .459   .411   3.73   .511   .036   0
  20 NNK42x A 1929 1994     66      0      0    .616   1.11   2.71   .633   .464   .523   2.15   .455   .034   1
  21 NNK50xA  1910 2009    100      2      1    .468   1.61   7.25  1.562   .731   .426   2.25   .427  -.035   2
  22 NNK61xB  1953 2009     57      0      0    .438   1.32   6.25  1.361   .782   .447   2.79   .551   .080   1
  23 NNK71x A 1914 1978     65      1      0    .568   1.53   5.72  1.142   .569   .478   2.60   .460   .029   1
  24 NNK72x A 1938 1995     58      0      0    .537   1.26   3.85   .748   .600   .395   2.23   .372  -.048   1
  25 NNK74x B 1859 1921     63      0      0    .501   1.59   3.83   .822   .446   .452   2.08   .407  -.058   2
  26 NNK76x A 1849 1941     93      1      0    .562    .80   2.65   .705   .586   .557   3.23   .550  -.038   3
  27 NNK80x A 1921 2009     89      2      0    .545   1.44   3.77   .891   .490   .503   2.62   .493  -.002   3
  28 NNK82x   1919 1970     52      0      0    .444    .74   1.77   .366   .407   .478   1.96   .410   .024   3
  29 NNK84x A 1870 2006    137      4      0    .515    .95   3.61   .791   .720   .445   2.32   .445  -.004   3
  30 NNK85x A 1903 1953     51      0      0    .627   1.35   3.83   .789   .363   .525   2.28   .514   .040   1
  31 TPC01x A 1886 2008    123      3      0    .476    .61   2.03   .387   .359   .524   2.68   .473  -.003   2
  32 TPC04AxA 1870 2008    139      4      0    .600    .83   4.22   .669   .702   .424   2.62   .429   .013   1
  33 TPC04BxA 1887 2008    122      3      0    .541    .64   2.48   .374   .434   .407   3.04   .392   .010   1
  34 TPC02x A 1923 2009     87      1      0    .592    .87   2.42   .538   .548   .450   2.26   .402   .022   3
  35 B6x    B 1870 2001    132      4      0    .521    .82   4.08   .735   .642   .441   2.11   .391   .112   0
  36 B7x    A 1842 2000    159      5      0    .599    .78   3.29   .597   .510   .475   2.81   .432   .006   1
  37 B8x    A 1848 2001    154      5      1    .531    .86   2.70   .439   .320   .420   2.75   .432   .106   0
  38 B9x    A 1864 2001    138      4      1    .439    .54   2.37   .412   .536   .481   2.25   .440   .021   1
  39 B10x   A 1860 2001    142      4      0    .547    .80   2.30   .473   .420   .448   2.43   .438   .100   0
  40 N4x    A 1854 2001    148      4      0    .523    .67   2.84   .512   .592   .444   2.30   .448   .004   1
  41 N5x    A 1880 1999    120      3      0    .517    .72   2.78   .497   .533   .433   1.99   .361   .014   3
  42 N6x    A 1926 2000     75      1      0    .377    .86   2.93   .623   .595   .474   3.22   .498   .049   1
  43 N7x    A 1859 1995    137      3      0    .391    .99   3.35   .653   .506   .408   2.15   .376   .056   0
  44 N8x    A 1915 2000     86      2      0    .542    .70   2.24   .485   .582   .458   2.12   .410   .002   1
  45 T5x    A 1871 2000    130      4      0    .473    .82   3.08   .598   .513   .454   2.60   .433  -.039   2
  46 T8x    A 1862 2000    139      4      0    .510    .73   3.06   .543   .534   .479   3.11   .467   .005   3
  47 BYR60  B 1886 2009    124      3      1    .494   1.04   3.28   .579   .543   .353   2.12   .345   .018   1
  48 BYR61  A 1933 2009     77      1      0    .557   1.25   4.51   .977   .708   .417   2.32   .457   .038   1
  49 BYR62  B 1924 2009     86      2      0    .524   1.18   6.67  1.386   .772   .458   2.30   .407   .096   0
  50 BYR601 B 1935 2008     74      1      0    .492    .64   1.90   .354   .464   .438   2.53   .416   .145   0
  51 BYR604 D 1943 2009     67      1      0    .605   1.05   2.53   .592   .668   .424   1.94   .395   .066   1
  52 BYR605 D 1935 2009     75      1      1    .387    .70   3.91   .756   .723   .502   3.49   .507   .016   1
  53 BYR606 D 1946 2009     64      1      0    .474   1.15   2.92   .580   .491   .430   2.07   .401   .022   1
  54 BYR607 D 1969 2009     41      0      0    .607   1.51   4.54  1.072   .719   .426   1.99   .405  -.018   1
  55 BYR608 C 1916 2009     94      2      0    .574    .60   1.97   .355   .205   .539   2.38   .493   .037   0
  56 BYR609 C 1908 2009    102      2      0    .479    .86   3.89   .720   .671   .432   2.65   .484   .011   1
  57 BYR610 D 1907 2009    103      2      0    .495    .62   2.61   .509   .729   .467   2.19   .435   .023   1
  58 BYR612 D 1867 2009    143      4      0    .511    .78   2.73   .419   .431   .365   2.80   .373   .020   1
  59 BYR614 D 1904 2008    105      2      0    .468    .67   2.82   .459   .332   .493   2.83   .530  -.004   1
  60 BYR616 E 1958 2009     52      0      0    .521    .56   1.24   .284   .526   .394   2.01   .394   .108   1
  61 BYR617 A 1954 2009     56      0      0    .520   1.00   3.86   .613   .361   .436   2.63   .468   .023   1
  62 BYR620 B 1919 2009     91      2      0    .519    .85   3.06   .551   .453   .485   2.25   .443   .057   0
  63 BYR621 C 1948 2009     62      1      0    .496    .64   1.69   .349   .422   .456   2.32   .438   .030   1
  64 BYR622 D 1921 2009     89      2      0    .530    .69   2.73   .440   .374   .498   3.07   .525  -.009   1
  65 BYR627 B 1884 2008    125      3      0    .525   1.00   3.61   .815   .563   .503   2.51   .465   .022   1
  66 BYR001 A 1835 1944    110      2      0    .522    .70   2.45   .469   .436   .486   2.31   .469  -.032   3
  67 BYR31x A 1839 2009    171      5      0    .566    .75   2.59   .452   .422   .466   2.56   .436   .005   1
  68 BYR31axA 1763 1942    180      4      0    .620    .77   3.25   .556   .440   .552   3.20   .527  -.014   2
  69 BYR35x A 1721 1851    131      1      0    .494    .66   2.06   .388   .361   .548   1.98   .420  -.008   0
  70 BYR36x C 1785 2008    224      7      0    .482    .97   5.19   .725   .419   .475   3.33   .497  -.009   2
  71 BYR40x A 1810 2008    199      6      0    .532    .76   3.11   .480   .298   .533   2.68   .521   .075   0
  72 BYR42x A 1822 1979    158      5      0    .548    .63   2.59   .403   .292   .501   3.48   .479  -.012   3
  73 BYR43x B 1750 1910    161      3      0    .495    .69   2.07   .396   .311   .492   3.33   .501   .028   1
  74 BYR44x A 1747 1897    151      2      0    .413    .74   2.79   .418   .384   .441   2.42   .431  -.012   2
  75 BYR45x A 1858 2008    151      4      1    .421    .92   3.18   .522   .449   .447   2.19   .403  -.010   2
  76 BYR46x A 1779 1933    155      4      0    .529    .77   4.72   .671   .249   .585   4.01   .605  -.010   2
  77 BYR48x A 1767 2008    242      7      0    .550    .78   2.76   .418   .348   .474   2.22   .419   .007   1
  78 BYR49x A 1846 2008    163      5      0    .544    .77   2.67   .463   .500   .453   3.43   .454  -.005   1
  79 BYR50x C 1789 2008    220      7      0    .478    .99   3.82   .638   .579   .448   2.60   .454  -.011   2
  80 BYR112xA 1747 1924    178      4      0    .534    .44   1.12   .231   .210   .510   2.43   .461  -.005   2
  81 BYR501xA 1880 2008    129      3      0    .593    .86   2.88   .479   .537   .418   2.11   .391   .005   1
  82 BYR502xB 1898 2008    111      3      0    .422    .61   3.79   .453   .576   .403   2.17   .400  -.023   1
  83 BYR503xA 1929 2008     80      1      0    .516   1.16   4.21   .843   .606   .418   2.07   .425   .031   1
  84 BYR504xA 1747 1824     78      0      0    .302    .72   2.75   .558   .679   .475   4.01   .604   .113   1
  85 BYR505xA 1756 1870    115      1      0    .611    .86   4.00   .786   .740   .510   2.24   .458   .125   0
  86 BYR507xA 1913 1997     85      1      0    .496    .33    .84   .177   .480   .401   1.97   .380  -.024   1
  87 BYR510xB 1902 2008    107      2      0    .486    .92   3.28   .622   .528   .430   2.53   .452   .032   1
  88 BYR512xA 1873 2008    136      3      0    .490   1.26   3.28   .561   .443   .355   2.32   .350  -.042   3
  89 BYR514xB 1932 2008     77      1      0    .447    .79   3.24   .619   .675   .473   1.96   .440   .145   0
  90 BYR515xB 1885 2008    124      3      1    .510   1.08   2.82   .504   .381   .416   2.04   .382   .006   2
  91 BYR516xB 1815 2008    194      6      0    .533   1.11   6.05   .719   .474   .439   2.44   .427  -.012   2
  92 BYR518xA 1811 2008    198      6      2    .447    .77   2.14   .384   .359   .466   2.63   .402  -.014   3
  93 BYR519xA 1814 2008    195      6      0    .569    .78   2.38   .424   .330   .478   2.61   .445  -.022   2
  94 BYR520xA 1838 1950    113      3      0    .623   1.07   2.76   .622   .484   .477   2.36   .438   .016   1
  95 BYR521xB 1799 1904    106      3      1    .402    .90   2.40   .505   .372   .467   2.15   .450   .126   0
  96 BYR600xA 1855 1932     78      1      0    .397   1.31   3.71   .762   .419   .502   2.11   .467  -.014   1
  97 BYR700AA 1707 1829    123      0      0    .509    .74   1.63   .332   .170   .504   2.10   .412   .041   0
  98 BYR703xB 1840 1910     71      1      0    .531   1.68   6.35  1.326   .724   .434   2.02   .391   .064   0
  99 NWH624A  1952 2008     57      0      0    .465   1.05   3.90   .726   .681   .429   2.21   .436   .019   2
 100 NWH616 A 1955 2009     55      0      0    .502    .63   1.52   .356   .539   .448   1.98   .413  -.036   3
 101 NWH501xA 1888 2006    119      3      0    .572   1.38   5.67   .927   .630   .394   1.85   .345   .022   1
 102 NWH503xB 1908 2007    100      2      0    .464   1.77   4.52   .861   .316   .434   2.12   .433   .136   0
 103 NWH506xA 1900 2009    110      2      0    .470   1.24   6.99  1.307   .799   .453   2.66   .467   .035   1
 104 NWH506xB 1900 2009    110      2      0    .392   1.25   8.04  1.395   .788   .444   2.67   .462   .029   1
 105 NWH509xB 1871 1932     62      1      0    .349   1.38   3.55   .770   .673   .364   2.28   .408   .061   1
 106 NWH509xC 1871 1932     62      1      0    .358   1.39   3.48   .765   .693   .334   2.22   .372   .056   1
 107 NWH512xA 1924 1953     30      0      0    .535   2.08   5.98  1.117   .406   .509   1.82   .406   .104   0
 108 NWH512xB 1924 1953     30      0      0    .516   2.09   5.84  1.161   .467   .446   1.74   .365   .030   0
 109 NWH533xA 1887 1955     69      1      0    .451   1.79   5.75  1.132   .635   .352   2.25   .392   .013   1
 110 NWH533xC 1887 1955     69      1      1    .430   1.79   5.82  1.130   .633   .360   2.09   .385   .014   1
 111 NWH535xA 1908 1980     73      1      0    .451   2.19   7.28  1.342   .533   .414   2.02   .368  -.006   1
 112 NWH535xB 1908 1980     73      1      0    .458   1.98   6.46  1.276   .578   .394   1.92   .373  -.024   1
 113 NWH539xA 1848 1993    146      4      0    .487   1.22   3.13   .593   .532   .390   2.17   .377  -.004   2
 114 NWH600xA 1873 2008    136      4      2    .419   1.24   7.78  1.334   .788   .460   2.82   .460  -.007   2
 --- -------- ---------  -----  -----  -----   ------ -----  -----  -----  -----  -----  -----  -----  -----  --
 Total or mean:          12167    255     15    .506    .98   8.04   .660   .498   .459   4.01   .443   .016

 DATA CHECKS (rwl.check): fl010
-----------------------------------------------------------------------------------------------------------------------------------
 rwl.check: data_files/treering/measurements/northamerica/usa/fl010.rwl
 114 series, 12167 measurements, 1707-2009, 0.001 mm precision
 0 error(s), 0 warning(s), 5 note(s)
 -------------
 Nothing to report at this severity.
 5 note(s) not shown; see rwl.check() or the 'check' element of this report.

 NOTES
-----------------------------------------------------------------------------------------------------------------------------------
 Report generated using dplR 1.8.1 (R 4.5.2) on 2026-10-01 16:51 PDT.
 Measurement file fl010.rwl, MD5 39f2bca6b42e3396a20e03e29cdb2cd3.
 Filtering: each series divided by a 32-year smoothing spline (caps()), then prewhitened with
   an AR model (order by AIC, at most 3).
 Master: biweight robust mean of the other series (leave-one-out).
 Correlation: Pearson, one-tailed, pcrit = 0.01; critical r = 0.3281 for 50-year segments.
 Segments: 50 years, lagged 25, first segment floored to 100. Lags searched: +/- 10 years.
 A segment is tested only where the series and the master cover all of it, at the dated
   position and at every lag. COFECHA also tests partial segments at the ends of a series, so
   series here may show fewer segments, and no flags can be raised at the ends of the record.
 Lags follow COFECHA: negative means rings are probably missing from the series, positive means
   false rings. A missing ring carries its lag into every segment before it, so look where the
   lag changes along a series. A B flag is a hypothesis to check on the wood; the gain says how
   seriously to take it.
 A B flag marked "weak at every lag" correlates under the critical value even at its best lag:
   the segment is weak wherever it is placed, and the shift is not evidence of a dating error.
   Treat it as a low correlation, like an A.
 Averages in the summary and the totals are weighted by the number of years in each series, as
   COFECHA's are.
 Unfiltered block and mean sensitivity: the measurements as read, and sens1().
 dplR filtered block: the series that was correlated, after filtering. COFECHA's filtered
   series is defined differently, so these three columns are not COFECHA's numbers.
 AR: order of the AR model used to prewhiten.
