
 COFECHA-style crossdating report: ga005
 Report generated using dplR 1.8.1 (R 4.5.2) on 2026-10-01 16:53 PDT
 Built with dplR's xdate.report(), not COFECHA; see the notes at the end.


      Measurement file name  : ga005.rwl
      MD5 of measurement file: d1d2b40ee72abd600467d470d6b06d8c
      Date checked           : 01OCT26
      Beginning year         : 1802
      Ending year            : 1995
      Principal investigators: Pederson, N.; Palik, B.; Mitchell, R.
      Site name              : J.W. Jones Ecological Research Center
      Species information    : PIPA Pinus palustris Mill.
      Latitude               : 31.2200 N
      Longitude              : 84.4800 W
      Elevation              : 43 m

      Series intercorrelation: 0.600
      Avg mean sensitivity   : 0.359
      Avg standard deviation : 1.045
      Avg autocorrelation    : 0.582
      Number dated series    : 242
      Segment length tested  : 50

      Number problem segments: 1  (A 0, B 1)
      Pct problem segments   : 1.22


 CORRELATION OF SERIES BY SEGMENTS: ga005
-----------------------------------------------------------------------------------------------------------------------------------
 Correlations of  50-year dated segments, lagged  25 years
 Flags:  A = correlation under   .3281 but highest as dated;  B = correlation higher at other than dated position

 Seq Series  Time_span  1900 1925 
                        1949 1974 
 --- -------- ---------  ---- ---- 
  42 31_739   1876 1994  .53  .44 
  43 31_732   1877 1994  .56  .54 
  44 31_739B  1876 1995  .39  .46 
  45 31_739C  1871 1995  .51  .42 
  46 31_732A  1882 1995  .54  .40 
  47 31_732B  1883 1995  .50  .48 
  71 33_446B  1893 1995  .59  .54 
  72 33_446   1884 1995  .47  .43 
  73 33_456C  1893 1995  .47  .52 
  74 33_456B  1893 1995  .27B .48 
  75 21_183   1923 1994       .59 
  79 21_191   1911 1994       .64 
  80 21_193   1915 1994       .79 
  84 21_205   1921 1994       .48 
  85 21_206   1916 1994       .77 
  86 21_211   1917 1994       .67 
  87 21_213   1911 1994       .57 
  88 21_214   1915 1994       .68 
  90 21_223   1921 1994       .72 
 106 21_191A  1915 1995       .61 
 107 21_191B  1915 1995       .61 
 108 21_193B  1911 1995       .70 
 109 21_213B  1911 1995       .71 
 110 21_213C  1911 1995       .59 
 111 21_214B  1913 1995       .61 
 120 22_306   1917 1994       .64 
 122 22_312   1924 1994       .73 
 128 22_306B  1914 1995       .59 
 130 22_306C  1914 1995       .52 
 131 22_311B  1911 1995       .63 
 161 23_374   1923 1994       .56 
 165 23_380   1925 1994       .68 
 218 12_121   1924 1994       .47 
 219 11_67    1923 1994       .65 
 221 12_91    1918 1994       .58 
 222 11_68    1917 1994       .72 
 223 13_147   1917 1994       .53 
 224 13_131   1908 1994       .34 
 225 13_173   1905 1994       .46 
 226 13_143   1901 1994       .34 
 227 13_129   1896 1994  .34  .35 
 228 12_122   1891 1994  .61  .60 
 229 13_162   1891 1994  .55  .44 
 230 13_162b  1891 1995  .39  .42 
 231 12_122C  1883 1995  .67  .62 
 232 13_163b  1875 1995  .55  .46 
 233 13_163N  1863 1995  .63  .42 
 234 13_170c  1857 1995  .59  .51 
 235 13_170   1855 1994  .58  .48 
 236 13_170B  1852 1995  .53  .44 
 237 11_15B   1844 1995  .51  .46 
 238 12_122B  1841 1995  .66  .71 
 239 11_15c   1871 1995  .47  .40 
 240 13_132A  1804 1995  .64  .53 
 241 13_132B  1803 1995  .59  .36 
 242 13_132N  1802 1995  .70  .51 
 Av segment correlation  .53  .55 

 FLAGGED SEGMENTS: ga005
-----------------------------------------------------------------------------------------------------------------------------------
 Seq Series   Segment    Flag  r dated  Best lag  r at lag   Gain  Note
 --- -------- ---------  ----  -------  --------  --------  -----  -----------------
  74 33_456B  1900 1949     B     .270        -5      .363   .094

 DESCRIPTIVE STATISTICS: ga005
-----------------------------------------------------------------------------------------------------------------------------------

                                                Corr   //-------- Unfiltered --------\\  //-- dplR filtered --\\
                           No.    No.    No.    with   Mean   Max     Std   Auto   Mean   Max     Std   Auto  AR
 Seq Series   Interval   Years  Segmt  Flags   Master  msmt   msmt    dev   corr   sens  value    dev   corr  ()
 --- -------- ---------  -----  -----  -----   ------ -----  -----  -----  -----  -----  -----  -----  -----  --
   1 32_534   1947 1994     48      0      0    .528   2.23   5.62  1.113   .467   .395   1.65   .315  -.053   0
   2 32_542   1948 1994     47      0      0    .707   2.21   5.58   .944   .402   .357   1.75   .320   .080   0
   3 32_544   1947 1994     48      0      0    .615   3.15   6.39  1.326   .465   .356   1.70   .312   .061   0
   4 32_551   1940 1994     55      0      0    .459   3.60   7.34  1.682   .573   .357   2.43   .355  -.048   2
   5 32_552   1953 1994     42      0      0    .673   2.53   5.17  1.163   .252   .433   1.91   .401   .114   0
   6 32_561   1947 1994     48      0      0    .563   1.78   4.19   .958   .284   .451   2.29   .430   .031   0
   7 32_562   1946 1994     49      0      0    .519   1.81   6.48  1.338   .749   .531   1.79   .406  -.003   0
   8 32_578   1951 1994     44      0      0    .668   1.92   3.39   .758   .091   .466   1.59   .356  -.057   0
   9 32_583   1950 1994     45      0      0    .609   2.99   5.56  1.041   .195   .346   1.92   .326   .086   0
  10 32_599   1947 1994     48      0      0    .429   1.87   3.63   .669   .032   .365   2.09   .347  -.008   0
  11 32_602   1944 1994     51      0      0    .607   2.33   4.77   .846   .649   .256   1.56   .237   .064   1
  12 32_624   1943 1994     52      0      0    .554   1.50   4.58  1.421   .740   .516   2.46   .470   .037   0
  13 32_626   1944 1994     51      0      0    .513   2.93   9.42  1.734   .542   .493   2.27   .418   .115   0
  14 31_643   1960 1994     35      0      0    .666   3.20   7.68  1.586   .447   .382   1.70   .330  -.053   0
  15 31_657   1964 1994     31      0      0    .619   3.13   7.75  1.352   .367   .387   2.03   .333   .050   0
  16 31_658   1968 1994     27      0      0    .747   2.71   6.41  1.675   .867   .263   1.75   .300   .264   1
  17 31_661   1970 1994     25      0      0    .654   2.66   4.79   .891   .550   .260   1.60   .230  -.088   0
  18 31_662   1974 1994     21      0      0    .627   3.27   4.49   .797   .108   .273   1.40   .237   .017   0
  19 31_664   1976 1994     19      0      0    .597   1.61   3.02   .785   .247   .513   1.71   .390  -.039   0
  20 31_676   1967 1994     28      0      0    .484   2.44   4.71   .974   .355   .391   1.86   .348  -.118   2
  21 31_680   1954 1994     41      0      0    .674   4.42  10.54  2.038   .571   .338   1.74   .281  -.126   0
  22 31_682   1975 1994     20      0      0    .487   1.95   3.92   .770  -.080   .424   1.38   .266   .027   3
  23 31_690   1968 1994     27      0      0    .587   4.21   6.74  1.293   .122   .352   1.37   .234  -.156   2
  24 31_691   1977 1994     18      0      0    .532   4.51   6.79  1.366   .397   .228   1.57   .260   .146   0
  25 31_692   1975 1994     20      0      0    .765   2.69   4.51   .897   .102   .314   1.56   .258  -.248   0
  26 31_696   1953 1994     42      0      0    .742   2.87   5.68  1.176   .247   .445   1.75   .356   .069   0
  27 31_697   1952 1994     43      0      0    .630   1.79   3.90   .919   .283   .558   1.89   .454  -.010   3
  28 31_700   1964 1994     31      0      0    .664   1.15   2.90   .684   .590   .456   1.86   .386   .146   1
  29 31_703   1964 1994     31      0      0    .672   1.48   3.91   .736   .159   .413   1.87   .402  -.008   0
  30 31_704   1958 1994     37      0      0    .567   2.44   4.91  1.192   .251   .527   1.65   .330   .106   3
  31 31_709   1961 1994     34      0      0    .563   2.34   4.77   .871   .548   .290   1.55   .267  -.083   2
  32 31_712   1964 1994     31      0      0    .554   1.08   2.11   .458   .117   .511   1.82   .392   .025   0
  33 31_715   1945 1994     50      0      0    .400   3.07   7.10  1.758   .702   .323   1.77   .278  -.030   0
  34 31_717   1944 1994     51      0      0    .517   3.24   8.34  1.857   .485   .445   1.80   .407   .040   0
  35 31_718   1944 1994     51      0      0    .632   2.15   8.46  1.806   .832   .397   2.28   .403   .001   1
  36 31_722   1946 1994     49      0      0    .411   1.68   3.66   .810   .183   .538   2.20   .450   .094   0
  37 31_726   1965 1994     30      0      0    .648   2.84   4.77   .874   .298   .293   1.51   .249  -.060   0
  38 31_730   1960 1994     35      0      0    .650   3.29   7.30  1.474   .416   .416   1.88   .401   .177   0
  39 31_742   1938 1994     57      0      0    .545   3.42  10.29  1.933   .768   .250   1.79   .262   .009   1
  40 31_743   1948 1994     47      0      0    .529   3.37   7.19  1.489   .382   .406   1.73   .355   .180   0
  41 31_747   1965 1994     30      0      0    .540   2.23   4.12   .996   .458   .395   1.69   .342  -.031   0
  42 31_739   1876 1994    119      2      0    .384   1.80   5.73  1.334   .800   .356   2.01   .332   .018   2
  43 31_732   1877 1994    118      2      0    .510   1.54   6.76  1.283   .860   .284   2.14   .304  -.021   1
  44 31_739B  1876 1995    120      2      0    .352   1.80   5.87  1.309   .813   .340   2.50   .379   .045   1
  45 31_739C  1871 1995    125      2      0    .363   1.74   5.72  1.316   .808   .354   1.89   .328   .031   3
  46 31_732A  1882 1995    114      2      0    .397   1.73   6.20  1.306   .834   .327   1.68   .318  -.020   1
  47 31_732B  1883 1995    113      2      0    .516   1.62   6.93  1.392   .836   .308   1.94   .321  -.008   2
  48 33_392   1962 1994     33      0      0    .687   3.25   6.37  1.195   .505   .314   1.39   .250  -.119   0
  49 33_394   1964 1994     31      0      0    .615   2.98   4.87   .916   .418   .263   1.66   .245   .002   0
  50 33_400   1952 1994     43      0      0    .786   2.41   4.50  1.136   .760   .286   2.08   .294  -.051   0
  51 33_405   1945 1994     50      0      0    .797   3.22   8.21  1.949   .787   .317   1.79   .282  -.029   0
  52 33_406   1948 1994     47      0      0    .725   1.75   4.03   .924   .444   .441   2.01   .388  -.063   0
  53 33_407   1950 1994     45      0      0    .604   1.67   3.55   .775   .027   .535   1.84   .377  -.034   2
  54 33_425   1948 1994     47      0      0    .687   3.05   6.86  1.626   .610   .408   1.99   .360   .096   0
  55 33_426   1950 1994     45      0      0    .693   2.12   6.34  1.530   .618   .584   2.02   .453  -.080   0
  56 33_432   1953 1994     42      0      0    .771   3.09   6.21  1.475   .435   .477   1.63   .357  -.161   0
  57 33_473   1942 1994     53      0      0    .592   2.39   4.51   .937   .485   .361   2.08   .305  -.019   2
  58 33_490   1938 1994     57      0      0    .385   2.49   6.70  1.607   .715   .441   1.90   .370  -.024   0
  59 33_495   1946 1994     49      0      0    .567   2.55   5.74  1.214   .507   .343   1.65   .308   .031   0
  60 33_496   1941 1994     54      0      0    .607   2.03   4.88  1.134   .493   .534   1.73   .404  -.083   0
  61 33_497   1947 1994     48      0      0    .516   2.47   4.82  1.009   .312   .413   1.55   .332   .014   0
  62 33_498   1953 1994     42      0      0    .615   2.55   5.91  1.184   .317   .483   1.80   .372  -.127   0
  63 33_500   1956 1994     39      0      0    .629   3.70   8.09  1.513   .295   .402   1.83   .330  -.136   0
  64 33_504   1953 1994     42      0      0    .710   3.20   6.14  1.272   .207   .421   1.88   .363   .009   0
  65 33_508   1948 1994     47      0      0    .702   2.99   7.95  1.568   .585   .405   1.81   .327   .125   0
  66 33_509   1953 1994     42      0      0    .479   1.73   4.09   .936   .483   .554   2.26   .439  -.024   2
  67 33_511   1944 1994     51      0      0    .561   1.74   5.86  1.486   .771   .565   2.46   .478   .040   0
  68 33_512   1950 1994     45      0      0    .721   2.50   5.42  1.380   .808   .300   1.56   .244  -.033   0
  69 33_514   1946 1994     49      0      0    .518   3.02   6.44  1.575   .586   .408   1.72   .331  -.020   0
  70 33_521   1966 1994     29      0      0    .650   1.98   3.46   .791  -.055   .549   1.69   .396  -.073   0
  71 33_446B  1893 1995    103      2      0    .584   1.89   5.69  1.282   .650   .503   2.29   .450  -.022   1
  72 33_446   1884 1995    112      2      0    .457   1.58   5.32   .929   .563   .460   2.31   .423   .129   0
  73 33_456C  1893 1995    103      2      0    .548   2.15   7.96  1.522   .627   .536   2.49   .509  -.013   1
  74 33_456B  1893 1995    103      2      1    .440   1.72   6.21  1.462   .750   .497   2.44   .447  -.045   0
  75 21_183   1923 1994     72      1      0    .613   1.83   5.10   .785   .271   .311   1.59   .262  -.105   0
  76 21_184   1927 1994     68      0      0    .653   2.24   5.26   .899   .694   .273   1.74   .256   .048   1
  77 21_188   1930 1994     65      0      0    .659   2.03   7.88  1.557   .675   .480   1.87   .404  -.038   0
  78 21_190   1940 1994     55      0      0    .564   2.06   4.79  1.102   .606   .389   1.98   .346   .085   0
  79 21_191   1911 1994     84      1      0    .634   2.37   9.23  2.274   .847   .369   1.87   .337   .030   3
  80 21_193   1915 1994     80      1      0    .747   2.22   6.06  1.317   .531   .405   2.23   .390   .048   2
  81 21_198   1927 1994     68      0      0    .738   1.71   3.41   .639   .447   .329   1.58   .299   .073   1
  82 21_200   1931 1994     64      0      0    .590   2.04   3.86   .625   .276   .292   1.50   .259   .095   0
  83 21_202   1932 1994     63      0      0    .655   1.78   3.13   .607   .417   .283   1.84   .268   .142   0
  84 21_205   1921 1994     74      1      0    .582   2.05   3.93   .863   .503   .333   2.11   .322   .152   0
  85 21_206   1916 1994     79      1      0    .738   2.19   4.45   .894   .274   .419   1.88   .348  -.100   0
  86 21_211   1917 1994     78      1      0    .726   2.19   6.54  1.038   .349   .395   1.94   .370   .033   2
  87 21_213   1911 1994     84      1      0    .591   1.50   3.55   .897   .840   .307   2.16   .298   .005   2
  88 21_214   1915 1994     80      1      0    .643   1.79   3.80   .750   .529   .285   1.76   .265   .097   0
  89 21_216   1932 1994     63      0      0    .724   3.13   5.38   .950   .475   .273   1.57   .245   .121   0
  90 21_223   1921 1994     74      1      0    .698   1.98   5.71  1.146   .551   .325   1.88   .328   .018   1
  91 21_225   1930 1994     65      0      0    .671   2.09   3.62   .709   .618   .247   1.68   .254   .027   1
  92 21_226   1928 1994     67      0      0    .681   1.70   3.58   .708   .495   .408   1.88   .354   .145   0
  93 21_232   1948 1994     47      0      0    .719   3.16   7.17  1.454   .512   .419   1.70   .368   .076   1
  94 21_235   1943 1994     52      0      0    .610   1.62   3.34   .765   .516   .406   1.78   .338   .075   2
  95 21_236   1950 1994     45      0      0    .752   2.15   4.37   .938   .537   .356   1.68   .344   .082   1
  96 21_238   1941 1994     54      0      0    .706   1.64   3.19   .765   .427   .446   1.76   .373   .045   1
  97 21_239   1940 1994     55      0      0    .627   2.76   5.10  1.194   .604   .383   2.26   .392   .154   0
  98 21_240   1937 1994     58      0      0    .703   2.79   7.66  1.437   .672   .300   1.68   .272   .167   0
  99 21_243   1963 1994     32      0      0    .723   3.30   5.73  1.096   .071   .366   1.69   .326   .042   0
 100 21_247   1941 1994     54      0      0    .660   2.21   5.27  1.029   .818   .214   1.41   .221   .037   1
 101 21_248   1943 1994     52      0      0    .776   3.22   4.93   .924   .453   .243   1.43   .250   .195   0
 102 21_251   1951 1994     44      0      0    .724   3.03   5.69  1.123   .599   .282   1.47   .262   .070   1
 103 21_256   1941 1994     54      0      0    .756   2.40   4.60  1.077   .817   .267   1.51   .251   .023   1
 104 21_257   1942 1994     53      0      0    .701   3.19   6.98  1.480   .718   .316   1.62   .311   .172   0
 105 21_265   1968 1994     27      0      0    .544   4.36   8.61  1.782   .380   .348   1.89   .380   .023   1
 106 21_191A  1915 1995     81      1      0    .613   2.24   9.44  2.282   .884   .381   2.06   .358  -.019   0
 107 21_191B  1915 1995     81      1      0    .657   2.04   8.60  2.137   .839   .381   2.14   .386   .122   0
 108 21_193B  1911 1995     85      1      0    .632   1.87   6.40  1.272   .595   .354   1.75   .324   .018   2
 109 21_213B  1911 1995     85      1      0    .621   1.27   4.00   .978   .831   .337   1.76   .332   .003   2
 110 21_213C  1911 1995     85      1      0    .593   1.51   3.60   .936   .840   .313   2.02   .301  -.003   2
 111 21_214B  1913 1995     83      1      0    .585   1.85   4.26   .804   .586   .267   1.66   .247   .060   0
 112 22_266   1926 1994     69      0      0    .503   2.24   7.08  1.190   .721   .281   1.97   .269  -.001   3
 113 22_267   1931 1994     64      0      0    .646   2.17   4.01   .930   .458   .356   2.00   .362   .033   2
 114 22_278   1926 1994     69      0      0    .611   2.43  10.15  2.059   .795   .468   2.02   .435   .029   1
 115 22_286   1943 1994     52      0      0    .651   1.80   3.19   .555   .420   .259   1.60   .263  -.011   1
 116 22_289   1932 1994     63      0      0    .717   2.26   5.62  1.195   .796   .278   1.49   .254  -.028   3
 117 22_290   1937 1994     58      0      0    .569   1.68   4.08   .779   .420   .377   1.80   .339   .168   0
 118 22_291   1933 1994     62      0      0    .725   2.56   4.44   .743   .458   .253   1.55   .237   .060   0
 119 22_303   1937 1994     58      0      0    .640   2.51   4.69  1.022   .648   .338   2.19   .344   .146   0
 120 22_306   1917 1994     78      1      0    .639   2.02   6.50  1.401   .861   .292   1.72   .269   .029   1
 121 22_308   1932 1994     63      0      0    .547   1.59   3.46   .737   .449   .439   2.27   .417   .099   0
 122 22_312   1924 1994     71      1      0    .767   1.93   3.04   .595   .481   .259   1.62   .246   .047   0
 123 22_314   1934 1994     61      0      0    .685   1.77   3.41   .642   .447   .308   1.92   .312   .005   1
 124 22_315   1934 1994     61      0      0    .693   1.87   5.27   .898   .687   .318   1.63   .283  -.027   2
 125 22_320   1932 1994     63      0      0    .673   2.08   3.89   .745   .263   .385   1.87   .326  -.002   0
 126 22_324   1931 1994     64      0      0    .672   1.91   4.14   .904   .558   .370   1.86   .356   .130   0
 127 22_325   1934 1994     61      0      0    .667   2.07   5.50  1.239   .761   .335   1.91   .341   .069   1
 128 22_306B  1914 1995     82      1      0    .598   2.25   8.80  1.824   .851   .346   1.82   .313  -.001   1
 129 22_311   1912 1951     40      0      0    .615   3.31   6.55  1.600   .787   .298   1.37   .243   .073   1
 130 22_306C  1914 1995     82      1      0    .649   2.18   9.05  1.886   .835   .296   1.89   .290   .114   0
 131 22_311B  1911 1995     85      1      0    .592   2.32   6.85  1.162   .760   .278   1.62   .255   .013   1
 132 23_329   1934 1994     61      0      0    .714   1.84   5.96  1.119   .738   .299   1.48   .253  -.037   0
 133 23_330   1932 1994     63      0      0    .704   2.14   7.58  1.375   .778   .326   1.73   .320   .134   0
 134 23_331   1937 1994     58      0      0    .672   2.14   4.11   .672   .517   .243   1.48   .235   .018   1
 135 23_332   1931 1994     64      0      0    .622   2.57   5.50   .862   .472   .258   1.74   .260   .012   1
 136 23_333   1931 1994     64      0      0    .767   2.49   4.60   .796   .510   .245   1.55   .244   .036   1
 137 23_335   1945 1994     50      0      0    .737   2.25   3.69   .728   .417   .296   1.51   .274   .011   1
 138 23_338   1933 1994     62      0      0    .650   2.70   7.33  1.490   .790   .278   1.54   .255   .133   0
 139 23_339   1930 1994     65      0      0    .742   1.86   4.99  1.000   .572   .382   1.83   .360   .163   0
 140 23_340   1934 1994     61      0      0    .737   2.34   8.25  1.455   .693   .378   1.87   .348   .050   0
 141 23_343   1932 1994     63      0      0    .697   2.38   5.25   .919   .433   .311   1.79   .315   .167   0
 142 23_346   1931 1994     64      0      0    .598   2.45   6.77  1.161   .363   .431   1.82   .347  -.029   0
 143 23_349   1932 1994     63      0      0    .675   3.09   8.54  1.750   .534   .376   1.74   .365   .087   0
 144 23_350   1936 1994     59      0      0    .723   1.76   3.61   .656   .381   .326   1.91   .314   .022   0
 145 23_352   1930 1994     65      0      0    .711   1.76   5.55  1.077   .680   .367   2.20   .376   .053   1
 146 23_353   1940 1994     55      0      0    .620   2.22   4.68   .828   .304   .331   2.13   .339   .150   0
 147 23_354   1932 1994     63      0      0    .644   2.03   5.27  1.137   .768   .281   1.78   .279   .131   0
 148 23_358   1935 1994     60      0      0    .593   2.75   9.01  1.832   .817   .291   1.53   .298   .007   1
 149 23_359   1933 1994     62      0      0    .780   1.81   4.85   .856   .556   .321   1.89   .314   .155   0
 150 23_361   1936 1994     59      0      0    .701   1.82   3.92   .761   .367   .438   1.75   .357   .006   0
 151 23_362   1932 1994     63      0      0    .704   2.00   3.60   .757   .491   .350   1.93   .320   .013   1
 152 23_364   1934 1994     61      0      0    .682   2.21   4.43   .926   .467   .364   1.79   .353  -.007   1
 153 23_365   1938 1994     57      0      0    .753   2.37   4.56   .779   .233   .347   1.70   .313   .140   0
 154 23_367   1931 1994     64      0      0    .749   1.77   3.69   .660   .336   .372   1.83   .328   .090   0
 155 23_368   1937 1994     58      0      0    .850   2.25   4.43   .838   .618   .277   1.52   .253   .005   0
 156 23_369   1931 1994     64      0      0    .628   1.48   4.00   .695   .520   .334   1.90   .346   .063   1
 157 23_370   1932 1994     63      0      0    .742   1.91   4.16   .893   .614   .358   1.70   .332   .031   1
 158 23_371   1933 1994     62      0      0    .736   2.34   4.88   .851   .265   .334   1.77   .330   .164   0
 159 23_372   1928 1994     67      0      0    .671   1.99   7.93  1.371   .695   .371   1.78   .340   .016   1
 160 23_373   1921 1970     50      0      0    .679   1.63   4.38   .862   .655   .305   1.70   .284  -.053   0
 161 23_374   1923 1994     72      1      0    .647   2.07   8.36  1.502   .552   .430   1.88   .387   .089   0
 162 23_376   1937 1994     58      0      0    .759   1.43   3.64   .753   .536   .481   2.40   .442   .054   1
 163 23_378   1934 1994     61      0      0    .759   1.46   3.12   .613   .601   .311   1.60   .292  -.012   3
 164 23_379   1931 1994     64      0      0    .686   1.95   5.05   .836   .519   .335   1.67   .311   .171   0
 165 23_380   1925 1994     70      1      0    .689   1.94   5.65  1.003   .501   .368   1.69   .342   .087   0
 166 23_381   1935 1994     60      0      0    .690   1.87   3.66   .654   .153   .367   2.11   .341   .068   0
 167 11_61    1972 1994     23      0      0    .575   2.07   4.62  1.117   .433   .557   1.83   .415  -.288   0
 168 12_84    1970 1994     25      0      0    .502    .84   2.98   .759   .369   .694   3.15   .706   .197   0
 169 11_23    1968 1994     27      0      0    .653   1.69   3.66   .954   .010   .693   2.28   .497   .030   1
 170 11_42    1967 1994     28      0      0    .517   2.91   4.47   .760   .377   .238   1.37   .215   .204   0
 171 11_58    1967 1994     28      0      0    .735   1.82   3.24   .657   .310   .337   1.79   .317   .033   0
 172 12_110   1967 1994     28      0      0    .562   1.98   5.02  1.094   .206   .611   2.74   .555   .158   0
 173 11_18    1966 1994     29      0      0    .456   3.55   5.38  1.066   .298   .294   1.50   .190  -.086   2
 174 11_47    1966 1994     29      0      0    .594   3.04   5.12   .765   .247   .247   1.63   .218   .007   0
 175 13_159   1966 1994     29      0      0    .642   1.74   3.57   .712   .343   .395   1.88   .356   .217   0
 176 11_48    1965 1994     30      0      0    .692   3.60   5.93   .873   .267   .236   1.61   .232   .227   0
 177 11_2     1964 1994     31      0      0    .693   1.82   3.66   .920  -.009   .549   1.94   .474  -.079   0
 178 11_24    1964 1994     31      0      0    .800   1.09   2.59   .630   .491   .408   1.70   .342  -.196   0
 179 12_106   1964 1994     31      0      0    .643   3.23   5.85  1.215   .174   .429   1.46   .276   .089   2
 180 11_1     1962 1994     33      0      0    .669   2.40   3.45   .791   .239   .378   1.67   .296  -.174   0
 181 11_57    1962 1994     33      0      0    .806   2.55   4.37   .862   .484   .288   1.63   .244  -.079   0
 182 12_105   1962 1994     33      0      0    .648   2.37   4.42   .960   .254   .444   1.84   .357  -.053   0
 183 11_59    1961 1994     34      0      0    .656   1.55   3.32   .796   .283   .507   2.25   .466   .039   0
 184 11_60    1961 1994     34      0      0    .729   2.61   5.21   .964   .076   .341   1.88   .340  -.032   0
 185 12_100   1961 1994     34      0      0    .611   2.37   3.95   .613  -.145   .292   1.61   .255  -.151   0
 186 13_172   1961 1994     34      0      0    .587   1.95   3.23   .659   .191   .381   1.53   .327   .150   0
 187 11_27    1960 1994     35      0      0    .533   1.60   2.82   .484   .172   .316   1.40   .234  -.032   1
 188 11_32    1955 1994     40      0      0    .547   1.52   4.27   .833   .636   .335   1.72   .299  -.073   0
 189 11_40    1953 1994     42      0      0    .625   1.88   3.78   .802   .448   .363   1.70   .331   .177   0
 190 13_175   1952 1994     43      0      0    .569   1.98   5.30  1.194   .519   .466   1.85   .441   .020   1
 191 12_125   1950 1994     45      0      0    .440   3.07   5.84  1.312   .638   .336   1.50   .276  -.020   1
 192 13_153   1948 1994     47      0      0    .546   1.57   3.78  1.001   .809   .420   2.00   .344   .005   0
 193 13_155   1948 1994     47      0      0    .554   2.16   5.08  1.029   .600   .350   1.72   .341  -.048   1
 194 13_168   1948 1994     47      0      0    .626   2.88   5.93  1.327   .712   .318   1.65   .306   .016   1
 195 11_34    1947 1994     48      0      0    .598   3.00   6.46  1.280   .667   .276   1.66   .276   .081   1
 196 13_136   1947 1994     48      0      0    .542   1.75   3.20   .799   .753   .321   1.53   .281   .054   1
 197 12_75    1946 1994     49      0      0    .575   1.73   4.69   .999   .412   .527   1.80   .399  -.050   0
 198 13_156   1945 1994     50      0      0    .689   2.57   5.79  1.415   .852   .295   1.53   .277  -.038   1
 199 13_158   1944 1994     51      0      0    .506   3.16   5.69  1.449   .375   .446   2.16   .388   .069   0
 200 11_14    1943 1994     52      0      0    .521   1.71   3.72   .960   .557   .431   1.99   .395   .180   0
 201 11_62    1942 1994     53      0      0    .397    .96   2.75   .642   .587   .546   1.98   .404  -.119   2
 202 11_4     1941 1994     54      0      0    .518   2.73   4.47   .898   .534   .283   1.69   .261   .124   0
 203 11_10    1938 1994     57      0      0    .558   1.78   3.94   .937   .670   .374   1.82   .363   .143   0
 204 12_74    1938 1994     57      0      0    .556   2.79   5.74   .993   .588   .275   1.62   .266  -.023   1
 205 11_66    1934 1994     61      0      0    .618   2.07   4.44   .845   .591   .314   1.55   .258  -.065   0
 206 12_88    1934 1994     61      0      0    .713   2.01   3.47   .709   .522   .252   1.67   .251   .121   0
 207 13_160   1934 1994     61      0      0    .469   2.32   4.82  1.022   .725   .290   1.80   .261   .004   0
 208 11_69    1933 1994     62      0      0    .608   1.72   3.82   .724   .532   .285   1.92   .295  -.010   1
 209 11_7     1933 1994     62      0      0    .583   1.39   3.69   .936   .656   .509   3.03   .477   .029   2
 210 11_8     1932 1994     63      0      0    .551   1.98   4.51   .732   .528   .256   1.93   .273   .137   0
 211 11_12    1931 1994     64      0      0    .594   1.40   3.17   .781   .589   .468   1.98   .398  -.134   0
 212 12_80    1931 1994     64      0      0    .595   2.76   6.49  1.415   .588   .372   1.85   .343   .048   0
 213 12_95    1931 1994     64      0      0    .632   2.04   4.78  1.147   .820   .279   1.46   .245  -.013   0
 214 13_146   1931 1994     64      0      0    .448   1.49   3.57   .671   .445   .387   2.13   .376   .045   1
 215 11_3     1930 1994     65      0      0    .717   2.72   5.83  1.154   .617   .266   1.53   .220  -.146   0
 216 11_65    1928 1994     67      0      0    .495   1.42   3.80   .640   .331   .463   2.04   .371  -.043   0
 217 13_165   1928 1994     67      0      0    .585   2.11   4.26   .808   .589   .279   1.84   .277   .034   1
 218 12_121   1924 1994     71      1      0    .554   1.85   4.88   .982   .552   .402   1.74   .349  -.037   1
 219 11_67    1923 1994     72      1      0    .684   2.58   7.84  1.832   .821   .333   1.66   .279  -.094   0
 220 12_81    1923 1994     72      0      0    .681   2.48   4.76   .858   .561   .248   1.57   .243  -.036   3
 221 12_91    1918 1994     77      1      0    .559   2.53   7.06  1.678   .885   .274   1.63   .249   .062   0
 222 11_68    1917 1994     78      1      0    .659   2.58   7.82  1.575   .883   .239   1.63   .234   .003   1
 223 13_147   1917 1994     78      1      0    .517   1.86   4.16   .836   .641   .346   1.56   .301   .088   0
 224 13_131   1908 1994     87      1      0    .433   1.74   4.36   .811   .574   .378   1.69   .307  -.045   2
 225 13_173   1905 1994     90      1      0    .552   1.55   4.38   .867   .830   .267   1.98   .278   .037   1
 226 13_143   1901 1994     94      1      0    .489   1.27   4.11   .969   .808   .482   1.98   .414  -.043   3
 227 13_129   1896 1994     99      2      0    .398   1.36   3.99   .801   .765   .319   1.78   .323   .126   0
 228 12_122   1891 1994    104      2      0    .645   1.41   2.85   .409   .366   .266   1.64   .227   .025   2
 229 13_162   1891 1994    104      2      0    .513   1.45   3.07   .668   .698   .311   2.13   .309  -.004   1
 230 13_162b  1891 1995    105      2      0    .490   1.33   2.65   .596   .678   .331   2.86   .345   .056   0
 231 12_122C  1883 1995    113      2      0    .656   1.72   4.39   .720   .662   .305   1.57   .268   .017   1
 232 13_163b  1875 1995    121      2      0    .490   1.69   6.12  1.125   .799   .341   2.76   .348   .015   2
 233 13_163N  1863 1995    133      2      0    .426   1.44   4.20   .936   .814   .340   2.37   .342   .039   1
 234 13_170c  1857 1995    139      2      0    .563   1.31   3.35   .727   .668   .326   1.91   .326   .048   1
 235 13_170   1855 1994    140      2      0    .617   1.22   3.28   .647   .674   .318   2.23   .326   .053   1
 236 13_170B  1852 1995    144      2      0    .564   1.15   2.73   .571   .661   .340   1.93   .311  -.011   2
 237 11_15B   1844 1995    152      2      0    .460   1.36   4.17   .952   .811   .343   1.94   .330   .145   1
 238 12_122B  1841 1995    155      2      0    .513   1.23   2.72   .607   .734   .303   2.52   .309   .036   1
 239 11_15c   1871 1995    125      2      0    .443   1.31   3.49   .922   .868   .339   1.89   .326   .001   2
 240 13_132A  1804 1995    192      2      0    .483    .77   2.33   .458   .634   .404   3.51   .426   .015   1
 241 13_132B  1803 1995    193      2      0    .478    .82   2.18   .440   .665   .395   2.32   .371   .027   1
 242 13_132N  1802 1995    194      2      0    .509    .78   2.17   .467   .746   .353   2.61   .364   .018   1
 --- -------- ---------  -----  -----  -----   ------ -----  -----  -----  -----  -----  -----  -----  -----  --
 Total or mean:          14846     82      1    .600   2.03  10.54  1.045   .582   .359   3.51   .330   .031

 DATA CHECKS (rwl.check): ga005
-----------------------------------------------------------------------------------------------------------------------------------
 rwl.check: data_files/treering/measurements/northamerica/usa/ga005.rwl
 242 series, 14846 measurements, 1802-1995, 0.01 mm precision
 0 error(s), 1 warning(s), 155 note(s)
 -------------
 WARNING
   RWL_HEADER_SPAN (1)
     the header declares 1872-1995 but the measurements cover 1802-1995
 155 note(s) not shown; see rwl.check() or the 'check' element of this report.

 NOTES
-----------------------------------------------------------------------------------------------------------------------------------
 Report generated using dplR 1.8.1 (R 4.5.2) on 2026-10-01 16:53 PDT.
 Measurement file ga005.rwl, MD5 d1d2b40ee72abd600467d470d6b06d8c.
 Filtering: each series divided by a 32-year smoothing spline (caps()), then prewhitened with
   an AR model (order by AIC, at most 3).
 Master: biweight robust mean of the other series (leave-one-out).
 Correlation: Pearson, one-tailed, pcrit = 0.01; critical r = 0.3281 for 50-year segments.
 Segments: 50 years, lagged 25, first segment floored to 100. Lags searched: +/- 10 years.
 A segment is tested only where the series and the master cover all of it, at the dated
   position and at every lag. COFECHA also tests partial segments at the ends of a series, so
   series here may show fewer segments, and no flags can be raised at the ends of the record.
 Lags follow COFECHA: negative means rings are probably missing from the series, positive means
   false rings. A missing ring carries its lag into every segment before it, so look where the
   lag changes along a series. A B flag is a hypothesis to check on the wood; the gain says how
   seriously to take it.
 A B flag marked "weak at every lag" correlates under the critical value even at its best lag:
   the segment is weak wherever it is placed, and the shift is not evidence of a dating error.
   Treat it as a low correlation, like an A.
 Averages in the summary and the totals are weighted by the number of years in each series, as
   COFECHA's are.
 Unfiltered block and mean sensitivity: the measurements as read, and sens1().
 dplR filtered block: the series that was correlated, after filtering. COFECHA's filtered
   series is defined differently, so these three columns are not COFECHA's numbers.
 AR: order of the AR model used to prewhiten.
