
 COFECHA-style crossdating report: ia025
 Report generated using dplR 1.8.1 (R 4.5.2) on 2026-10-01 16:49 PDT
 Built with dplR's xdate.report(), not COFECHA; see the notes at the end.


      Measurement file name  : ia025.rwl
      MD5 of measurement file: 4c2e6d36801de6ee1ed9f1865f11e6e1
      Date checked           : 01OCT26
      Beginning year         : 1574
      Ending year            : 1980
      Principal investigators: Duvick, D.N.
      Site name              : Lake Ahquabi State Park
      Species information    : QUAL Quercus alba L.
      Latitude               : 41.2800 N
      Longitude              : 93.5800 W
      Elevation              : 275 m

      Series intercorrelation: 0.706
      Avg mean sensitivity   : 0.234
      Avg standard deviation : 0.598
      Avg autocorrelation    : 0.712
      Number dated series    : 63
      Segment length tested  : 50

      Number problem segments: 2  (A 1, B 1; 1 of the B weak at every lag)
      Pct problem segments   : 0.52


 CORRELATION OF SERIES BY SEGMENTS: ia025
-----------------------------------------------------------------------------------------------------------------------------------
 Correlations of  50-year dated segments, lagged  25 years
 Flags:  A = correlation under   .3281 but highest as dated;  B = correlation higher at other than dated position

 Seq Series  Time_span  1600 1625 1650 1675 1700 1725 1750 1775 1800 1825 1850 1875 1900 1925 
                        1649 1674 1699 1724 1749 1774 1799 1824 1849 1874 1899 1924 1949 1974 
 --- -------- ---------  ---- ---- ---- ---- ---- ---- ---- ---- ---- ---- ---- ---- ---- ---- 
   1 463011   1785 1977                                          .68  .69  .79  .77  .79  .81 
   2 463012   1768 1977                                     .69  .68  .69  .72  .69  .81  .89 
   3 463013   1763 1977                                     .56  .60  .75  .81  .82  .83  .86 
   4 463021   1832 1977                                                    .54  .79  .80  .74 
   5 463022   1863 1977                                                         .73  .79  .75 
   6 463031   1830 1977                                                    .64  .68  .74  .77 
   7 463032   1847 1977                                                    .59  .73  .76  .68 
   8 463041   1723 1977                           .67  .76  .76  .72  .76  .80  .72  .74  .78 
   9 463042   1762 1977                                     .69  .66  .72  .74  .76  .82  .87 
  10 463043   1729 1977                                .72  .69  .62  .61  .71  .77  .81  .86 
  11 463051   1826 1977                                                    .76  .75  .71  .64 
  12 463052   1769 1977                                     .70  .66  .72  .72  .73  .83  .87 
  13 463061   1735 1977                                .79  .80  .74  .79  .80  .73  .81  .86 
  14 463062   1787 1977                                          .68  .62  .73  .72  .75  .79 
  15 463063   1722 1977                           .66  .72  .83  .77  .78  .80  .65  .68  .84 
  16 463071   1762 1977                                     .73  .73  .73  .78  .78  .76  .71 
  17 463072   1728 1977                                .59  .50  .53  .47  .54  .75  .82  .76 
  18 463073   1729 1977                                .74  .79  .75  .75  .79  .79  .76  .73 
  19 463081   1737 1977                                .83  .82  .76  .76  .70  .68  .75  .74 
  20 463082   1851 1977                                                         .66  .71  .81 
  21 463083   1763 1977                                     .83  .71  .75  .79  .71  .74  .73 
  22 463091   1880 1977                                                              .77  .81 
  23 463092   1901 1977                                                                   .82 
  24 463101   1717 1977                           .61  .79  .84  .76  .74  .66  .67  .80  .80 
  25 463102   1750 1977                                     .73  .76  .81  .76  .79  .82  .77 
  26 463111   1764 1977                                     .68  .59  .65  .76  .75  .76  .73 
  27 463112   1768 1977                                     .70  .68  .80  .83  .76  .72  .71 
  28 463121   1800 1977                                               .61  .70  .75  .81  .80 
  29 463122   1778 1977                                          .74  .66  .65  .73  .82  .82 
  30 463131   1720 1977                           .64  .65  .69  .74  .75  .76  .75  .74  .65 
  31 463132   1706 1977                           .64  .71  .82  .82  .81  .81  .77  .79  .73 
  32 463133   1708 1977                           .66  .76  .82  .80  .77  .84  .80  .78  .74 
  33 463134   1721 1977                           .45  .52  .66  .64  .66  .80  .84  .81  .75 
  34 463141   1718 1977                           .33  .33  .72  .66  .70  .73  .80  .78  .75 
  35 463142   1728 1977                                .47  .48  .41  .60  .72  .76  .83  .81 
  36 463151   1732 1977                                .57  .54  .41  .63  .80  .87  .83  .74 
  37 463152   1732 1977                                .54  .55  .57  .69  .72  .76  .81  .73 
  38 463161   1885 1977                                                              .78  .80 
  39 463162   1897 1977                                                              .75  .84 
  40 463171   1734 1977                                .74  .78  .75  .81  .78  .78  .85  .68 
  41 463172   1734 1977                                .83  .82  .75  .76  .75  .80  .89  .73 
  42 463181   1904 1980                                                                   .80 
  43 463182   1904 1980                                                                   .80 
  44 463191   1888 1980                                                              .79  .79 
  45 463192   1888 1980                                                              .79  .80 
  46 463201   1888 1980                                                              .74  .74 
  47 463202   1877 1980                                                              .76  .83 
  48 463211   1876 1980                                                              .86  .90 
  49 463212   1876 1980                                                              .86  .89 
  50 463221   1905 1980                                                                   .71 
  51 463222   1905 1980                                                                   .67 
  52 463231   1741 1980                                .70  .69  .74  .74  .72  .77  .77  .68 
  53 463232   1735 1980                                .78  .79  .82  .77  .75  .72  .77  .82 
  54 463233   1770 1980                                     .85  .81  .70  .71  .65  .72  .82 
  55 463241   1741 1978                                .70  .73  .72  .73  .82  .81  .80  .78 
  56 463242   1740 1980                                .65  .73  .65  .67  .79  .82  .77  .73 
  57 463243   1762 1980                                     .72  .63  .61  .79  .86  .85  .80 
  58 463251   1765 1980                                     .53  .51  .55  .68  .75  .79  .78 
  59 463252   1854 1980                                                         .56  .61  .80 
  60 463261   1880 1980                                                              .90  .86 
  61 463301   1578 1980  .82  .62  .22B .34  .32A .36  .33  .50  .68  .56  .49  .48  .65  .67 
  62 463302   1578 1980  .84  .71  .42  .36  .40  .43  .38  .51  .69  .72  .64  .47  .62  .56 
  63 463303   1574 1954  .78  .74  .36  .49  .50  .46  .58  .53  .50  .59  .55  .39  .49      
 Av segment correlation  .82  .69  .33  .40  .40  .54  .65  .70  .68  .70  .73  .73  .77  .77 

 FLAGGED SEGMENTS: ia025
-----------------------------------------------------------------------------------------------------------------------------------
 Seq Series   Segment    Flag  r dated  Best lag  r at lag   Gain  Note
 --- -------- ---------  ----  -------  --------  --------  -----  -----------------
  61 463301   1650 1699     B     .221         3      .234   .013  weak at every lag
  61 463301   1700 1749     A     .316         0

 DESCRIPTIVE STATISTICS: ia025
-----------------------------------------------------------------------------------------------------------------------------------

                                                Corr   //-------- Unfiltered --------\\  //-- dplR filtered --\\
                           No.    No.    No.    with   Mean   Max     Std   Auto   Mean   Max     Std   Auto  AR
 Seq Series   Interval   Years  Segmt  Flags   Master  msmt   msmt    dev   corr   sens  value    dev   corr  ()
 --- -------- ---------  -----  -----  -----   ------ -----  -----  -----  -----  -----  -----  -----  -----  --
   1 463011   1785 1977    193      6      0    .735   1.43   3.33   .493   .568   .239   1.85   .231   .030   1
   2 463012   1768 1977    210      7      0    .745   1.54   4.78   .639   .706   .234   1.64   .216  -.003   1
   3 463013   1763 1977    215      7      0    .726   1.47   3.21   .440   .493   .239   1.66   .224   .003   1
   4 463021   1832 1977    146      4      0    .670   1.83   4.12   .619   .773   .177   1.50   .179   .017   1
   5 463022   1863 1977    115      3      0    .672   2.02   4.05   .660   .596   .211   1.57   .212   .024   1
   6 463031   1830 1977    148      4      0    .640   1.55   3.82   .597   .592   .235   2.04   .246   .027   1
   7 463032   1847 1977    131      4      0    .664   1.99   6.31   .995   .757   .225   1.86   .229   .004   2
   8 463041   1723 1977    255      9      0    .727   1.23   2.68   .419   .729   .193   1.78   .196  -.004   1
   9 463042   1762 1977    216      7      0    .760   1.37   2.72   .583   .809   .194   1.53   .189  -.012   1
  10 463043   1729 1977    249      8      0    .726   1.26   2.69   .612   .855   .203   1.49   .191   .006   1
  11 463051   1826 1977    152      4      0    .704   1.77   3.55   .676   .642   .224   1.77   .217   .013   2
  12 463052   1769 1977    209      7      0    .726   1.40   4.42   .796   .809   .256   2.68   .268  -.004   2
  13 463061   1735 1977    243      8      0    .782   1.08   2.67   .428   .760   .197   1.54   .188   .008   1
  14 463062   1787 1977    191      6      0    .719   1.21   2.67   .507   .739   .215   1.61   .202   .086   0
  15 463063   1722 1977    256      9      0    .718   1.12   3.58   .645   .843   .211   1.66   .212   .022   1
  16 463071   1762 1977    216      7      0    .737   1.28   3.14   .547   .771   .225   1.81   .217  -.002   2
  17 463072   1728 1977    250      8      0    .634   1.13   3.14   .542   .813   .218   1.70   .210   .009   1
  18 463073   1729 1977    249      8      0    .751   1.29   3.03   .497   .706   .224   1.84   .226   .002   2
  19 463081   1737 1977    241      8      0    .751   1.05   3.55   .527   .790   .214   1.75   .213   .014   1
  20 463082   1851 1977    127      3      0    .731   1.68   3.26   .538   .535   .248   1.92   .243   .003   2
  21 463083   1763 1977    215      7      0    .756   1.04   2.75   .479   .827   .198   1.70   .197   .004   1
  22 463091   1880 1977     98      2      0    .795   2.18   5.53   .989   .472   .357   1.80   .326   .143   0
  23 463092   1901 1977     77      1      0    .727   2.77   5.68   .980   .085   .340   1.92   .310  -.065   0
  24 463101   1717 1977    261      9      0    .728   1.09   2.80   .441   .669   .237   1.60   .221   .019   1
  25 463102   1750 1977    228      7      0    .754   1.05   2.25   .364   .602   .243   1.80   .234  -.007   2
  26 463111   1764 1977    214      7      0    .693    .88   2.54   .371   .652   .248   1.88   .258  -.013   1
  27 463112   1768 1977    210      7      0    .739   1.18   3.44   .523   .738   .242   1.79   .235  -.006   1
  28 463121   1800 1977    178      5      0    .693   1.02   2.59   .490   .753   .252   1.76   .254  -.042   1
  29 463122   1778 1977    200      6      0    .748    .99   2.18   .393   .682   .252   1.80   .239  -.014   1
  30 463131   1720 1977    258      9      0    .654    .97   2.31   .348   .702   .203   1.77   .199   .007   1
  31 463132   1706 1977    272      9      0    .669   1.02   2.27   .395   .710   .203   2.00   .214  -.036   3
  32 463133   1708 1977    270      9      0    .695   1.03   2.29   .410   .742   .203   1.57   .191   .006   1
  33 463134   1721 1977    257      9      0    .631   1.09   3.07   .394   .616   .219   2.06   .214  -.002   1
  34 463141   1718 1977    260      9      0    .642   1.30   3.00   .542   .673   .253   1.68   .236   .033   1
  35 463142   1728 1977    250      8      0    .605   1.02   3.72   .476   .736   .240   2.01   .229   .013   1
  36 463151   1732 1977    246      8      0    .637    .98   2.46   .504   .669   .293   1.88   .283  -.019   1
  37 463152   1732 1977    246      8      0    .668    .99   2.62   .454   .672   .269   1.73   .262   .019   1
  38 463161   1885 1977     93      2      0    .772   2.46   6.22  1.032   .554   .303   1.84   .273   .025   1
  39 463162   1897 1977     81      2      0    .765   3.07   7.48  1.230   .600   .299   1.64   .264   .005   3
  40 463171   1734 1977    244      8      0    .746   1.18   5.49   .632   .769   .209   2.03   .205   .010   1
  41 463172   1734 1977    244      8      0    .778   1.13   2.57   .488   .749   .223   1.72   .221   .001   1
  42 463181   1904 1980     77      1      0    .775   2.77   5.47  1.003   .340   .300   1.68   .279   .025   0
  43 463182   1904 1980     77      1      0    .771   2.72   5.80  1.038   .292   .318   2.01   .289  -.028   0
  44 463191   1888 1980     93      2      0    .778   2.39   5.55  1.139   .636   .328   1.71   .295   .000   2
  45 463192   1888 1980     93      2      0    .780   2.70   6.00  1.169   .483   .347   1.93   .331   .011   1
  46 463201   1888 1980     93      2      0    .735   2.28   5.37  1.011   .581   .288   1.78   .270   .011   1
  47 463202   1877 1980    104      2      0    .742   2.78   6.82  1.168   .412   .345   1.85   .312  -.015   2
  48 463211   1876 1980    105      2      0    .857   2.04   4.19   .894   .688   .278   1.58   .255  -.009   1
  49 463212   1876 1980    105      2      0    .842   2.14   4.84   .864   .641   .288   1.66   .274   .032   1
  50 463221   1905 1980     76      1      0    .731   3.15   5.47   .964   .393   .259   1.45   .216  -.027   0
  51 463222   1905 1980     76      1      0    .703   3.14   6.30  1.297   .576   .298   1.60   .302  -.033   1
  52 463231   1741 1980    240      8      0    .734   1.31   3.55   .532   .747   .220   1.96   .219  -.007   2
  53 463232   1735 1980    246      8      0    .777   1.21   2.82   .412   .624   .229   1.70   .221   .004   1
  54 463233   1770 1980    211      7      0    .752    .89   2.43   .263   .491   .224   2.01   .217  -.010   2
  55 463241   1741 1978    238      8      0    .753   1.42   3.52   .741   .786   .234   1.57   .221  -.008   1
  56 463242   1740 1980    241      8      0    .715   1.35   4.23   .700   .753   .235   1.96   .224  -.004   1
  57 463243   1762 1980    219      7      0    .738   1.32   2.99   .546   .743   .211   1.51   .193  -.006   1
  58 463251   1765 1980    216      7      0    .625   1.27   3.13   .648   .846   .239   2.24   .248   .023   1
  59 463252   1854 1980    127      3      0    .669   2.00   3.95   .759   .724   .227   1.81   .227   .014   2
  60 463261   1880 1980    101      2      0    .861   1.72   4.76  1.092   .804   .268   1.87   .264   .010   1
  61 463301   1578 1980    403     14      2    .569    .95   3.75   .791   .907   .227   1.74   .234   .001   1
  62 463302   1578 1980    403     14      0    .591    .93   3.66   .673   .906   .220   1.99   .227   .003   2
  63 463303   1574 1954    381     13      0    .598    .80   3.05   .631   .917   .207   1.76   .210  -.014   1
 --- -------- ---------  -----  -----  -----   ------ -----  -----  -----  -----  -----  -----  -----  -----  --
 Total or mean:          12339    382      2    .706   1.34   7.48   .598   .712   .234   2.68   .228   .004

 DATA CHECKS (rwl.check): ia025
-----------------------------------------------------------------------------------------------------------------------------------
 rwl.check: data_files/treering/measurements/northamerica/usa/ia025.rwl
 63 series, 12339 measurements, 1574-1980, 0.01 mm precision
 0 error(s), 1 warning(s), 0 note(s)
 -------------
 WARNING
   RWL_MIXED_EOL (1)
     line endings are not consistent: 3 carriage return(s) against 1292 line feed(s); mixed endings can defeat a reader

 NOTES
-----------------------------------------------------------------------------------------------------------------------------------
 Report generated using dplR 1.8.1 (R 4.5.2) on 2026-10-01 16:49 PDT.
 Measurement file ia025.rwl, MD5 4c2e6d36801de6ee1ed9f1865f11e6e1.
 Filtering: each series divided by a 32-year smoothing spline (caps()), then prewhitened with
   an AR model (order by AIC, at most 3).
 Master: biweight robust mean of the other series (leave-one-out).
 Correlation: Pearson, one-tailed, pcrit = 0.01; critical r = 0.3281 for 50-year segments.
 Segments: 50 years, lagged 25, first segment floored to 100. Lags searched: +/- 10 years.
 A segment is tested only where the series and the master cover all of it, at the dated
   position and at every lag. COFECHA also tests partial segments at the ends of a series, so
   series here may show fewer segments, and no flags can be raised at the ends of the record.
 Lags follow COFECHA: negative means rings are probably missing from the series, positive means
   false rings. A missing ring carries its lag into every segment before it, so look where the
   lag changes along a series. A B flag is a hypothesis to check on the wood; the gain says how
   seriously to take it.
 A B flag marked "weak at every lag" correlates under the critical value even at its best lag:
   the segment is weak wherever it is placed, and the shift is not evidence of a dating error.
   Treat it as a low correlation, like an A.
 Averages in the summary and the totals are weighted by the number of years in each series, as
   COFECHA's are.
 Unfiltered block and mean sensitivity: the measurements as read, and sens1().
 dplR filtered block: the series that was correlated, after filtering. COFECHA's filtered
   series is defined differently, so these three columns are not COFECHA's numbers.
 AR: order of the AR model used to prewhiten.
