
 COFECHA-style crossdating report: il025
 Report generated using dplR 1.8.1 (R 4.5.2) on 2026-10-01 16:55 PDT
 Built with dplR's xdate.report(), not COFECHA; see the notes at the end.


      Measurement file name  : il025.rwl
      MD5 of measurement file: 896730d06eeca6fe4ec09b717f3623fd
      Date checked           : 01OCT26
      Beginning year         : 1721
      Ending year            : 2014
      Principal investigators: Therrell, M.D.; Meko, D.M.; Bialecki, M.
      Site name              : Wildcat Canyon
      Species information    : QUSP Quercus spp. L.
      Latitude               : 41.3164 N
      Longitude              : 88.9828 W
      Elevation              : 185 m

      Series intercorrelation: 0.644
      Avg mean sensitivity   : 0.227
      Avg standard deviation : 0.604
      Avg autocorrelation    : 0.705
      Number dated series    : 104
      Segment length tested  : 50

      Number problem segments: 5  (A 4, B 1; 1 of the B weak at every lag)
      Pct problem segments   : 1.57


 CORRELATION OF SERIES BY SEGMENTS: il025
-----------------------------------------------------------------------------------------------------------------------------------
 Correlations of  50-year dated segments, lagged  25 years
 Flags:  A = correlation under   .3281 but highest as dated;  B = correlation higher at other than dated position

 Seq Series  Time_span  1800 1825 1850 1875 1900 1925 1950 
                        1849 1874 1899 1924 1949 1974 1999 
 --- -------- ---------  ---- ---- ---- ---- ---- ---- ---- 
   1 WCC01A   1862 1983                 .59  .73  .73      
   2 WCC01B   1863 1982                 .58  .72  .72      
   3 WCC02A   1859 1992                 .64  .66  .70      
   4 WCC02B   1859 1994                 .60  .55  .61      
   7 WCC04A   1854 2014                 .58  .56  .30A .68 
   8 WCC04B   1854 2014                 .80  .65  .51  .68 
   9 WCC06A   1900 1996                           .83      
  10 WCC06B   1900 1996                           .73      
  11 WCC07A   1768 1870  .27B                              
  12 WCC07B   1770 1985  .53  .50  .50  .57  .69  .60      
  13 WCC08A   1907 2014                           .60  .71 
  14 WCC08B   1907 2014                           .61  .69 
  15 WCC09A   1737 2014  .54  .58  .60  .55  .59  .27A .28A
  16 WCC10A   1875 2014                      .68  .54  .51 
  17 WCC10B   1874 2014                      .63  .58  .57 
  18 WCC11A   1775 1988  .46  .43  .50  .56  .61  .62      
  20 WCC13A   1888 2013                      .77  .74  .74 
  21 WCC13B   1892 2014                      .71  .73  .67 
  22 WCC14A   1898 2014                      .72  .62  .61 
  23 WCC14B   1903 2014                           .74  .83 
  24 WCC15A   1875 2013                      .77  .73  .72 
  25 WCC16A   1873 2014                 .69  .78  .79  .76 
  26 WCC17    1901 1984                           .52      
  27 WCC18A   1926 2013                                .59 
  28 WCC18B   1926 2013                                .65 
  29 WCC19A   1883 2014                      .47  .51  .49 
  30 WCC19B   1883 2014                      .62  .37  .62 
  31 WCC20A   1900 2014                           .50  .58 
  32 WCC21A   1884 2013                      .81  .78  .81 
  33 WCC22A   1892 2014                      .83  .74  .69 
  34 WCC22B   1892 2013                      .77  .65  .67 
  35 WCC23A   1846 1991            .74  .73  .77  .71      
  36 WCC23B   1846 1992            .56  .60  .73  .60      
  37 WCC23C   1846 1982            .39  .41  .83  .74      
  38 WCC24A   1823 2014       .53  .63  .54  .58  .54  .77 
  39 WCC24R   1892 2014                      .63  .62  .73 
  41 WCC27A   1910 2014                           .73  .81 
  42 WCC27B   1862 2014                 .64  .76  .77  .80 
  43 WCC28    1872 2014                 .68  .79  .75  .80 
  44 WCC30A   1879 2014                      .60  .68  .76 
  45 WCC31A   1877 2014                      .81  .80  .88 
  46 WCC32A   1871 2014                 .74  .78  .74  .84 
  47 WCC32B   1871 2014                 .71  .76  .69  .84 
  48 WCC33    1863 2014                 .61  .62  .42  .70 
  49 WCC34    1863 2014                 .66  .53  .52  .79 
  50 WCC35A   1873 2014                 .63  .75  .72  .68 
  51 WCC36A   1875 2014                      .60  .44  .73 
  52 WCC37    1862 2014                 .58  .59  .51  .66 
  54 WCC39A   1903 2014                           .55  .74 
  55 WCC41A   1858 1928                 .43                
  56 WCC42A   1861 2012                 .60  .58  .43  .46 
  57 WCC43A   1884 2014                      .76  .67  .58 
  58 WCC44    1870 2014                 .64  .76  .78  .79 
  59 WCC45    1870 2012                 .54  .75  .71  .68 
  60 WCC46A   1858 2014                 .65  .69  .55  .61 
  61 WCC46B   1903 2014                           .35  .62 
  62 WCC47A   1849 1997            .81  .75  .73  .69      
  63 WCC48A   1895 2014                      .74  .69  .69 
  64 WCC48B   1902 2014                           .63  .75 
  65 WCC51A   1859 2014                 .76  .76  .72  .80 
  66 WCC51B   1850 2014                 .78  .81  .81  .81 
  67 WCC52A   1810 2014       .62  .78  .55  .66  .66  .38 
  68 WCC52B   1820 2014       .57  .72  .64  .70  .69  .62 
  69 WCC53A   1950 2014                                .70 
  70 WCC53B   1950 2014                                .55 
  71 WCC54A   1800 2014       .55  .61  .62  .66  .62  .49 
  72 WCC55A   1940 2014                                .87 
  73 WCC55B   1855 2014                 .46  .44  .53  .76 
  74 WCC56A   1940 2014                                .75 
  75 WCC56B   1937 2014                                .79 
  76 WCC57B   1929 2014                                .79 
  77 WCC58A   1930 2014                                .72 
  79 WCC59A   1901 2014                           .71  .68 
  80 WCC59B   1903 2014                           .66  .36 
  81 WCC60A   1923 2014                           .76  .75 
  82 WCC60B   1917 2014                           .69  .69 
  83 WCC61A   1819 2014       .51  .58  .70  .79  .75  .72 
  84 WCC61B   1822 2014       .61  .74  .64  .74  .65  .68 
  85 WCC62A   1770 2014  .60  .80  .83  .82  .77  .65  .66 
  86 WCC62B   1849 2014            .86  .80  .77  .62  .69 
  87 WCC63A   1738 2014  .60  .69  .76  .65  .60  .62  .57 
  88 WCC63B   1822 2014       .58  .67  .62  .71  .64  .56 
  89 WCC65A   1931 2014                                .68 
  90 WCC65B   1931 2014                                .77 
  91 WCC66A   1892 2014                      .57  .73  .80 
  92 WCC66B   1897 2014                      .59  .70  .87 
  93 WCC67A   1867 2014                 .69  .79  .78  .78 
  94 WCC67B   1878 2014                      .83  .74  .73 
  95 WCC68A   1868 2014                 .77  .70  .57  .70 
  96 WCC68B   1862 2014                 .70  .56  .61  .74 
  97 WCC69A   1873 2014                 .61  .68  .54  .40 
  98 WCC69B   1873 2014                      .53  .36  .52 
  99 WCC70A   1872 2014                 .55  .52  .42  .28A
 100 WCC70B   1874 1924                 .70                
 101 WCC76A   1877 2014                      .71  .70  .76 
 102 WCC76B   1868 2014                 .64  .71  .79  .83 
 103 WCC77    1875 2014                      .76  .69  .72 
 104 WCC78    1860 2006                 .66  .68  .47  .54 
 Av segment correlation  .50  .58  .66  .64  .69  .63  .68 

 FLAGGED SEGMENTS: il025
-----------------------------------------------------------------------------------------------------------------------------------
 Seq Series   Segment    Flag  r dated  Best lag  r at lag   Gain  Note
 --- -------- ---------  ----  -------  --------  --------  -----  -----------------
   7 WCC04A   1925 1974     A     .296         0
  11 WCC07A   1800 1849     B     .269         9      .296   .027  weak at every lag
  15 WCC09A   1925 1974     A     .266         0
  15 WCC09A   1950 1999     A     .278         0
  99 WCC70A   1950 1999     A     .276         0

 DESCRIPTIVE STATISTICS: il025
-----------------------------------------------------------------------------------------------------------------------------------

                                                Corr   //-------- Unfiltered --------\\  //-- dplR filtered --\\
                           No.    No.    No.    with   Mean   Max     Std   Auto   Mean   Max     Std   Auto  AR
 Seq Series   Interval   Years  Segmt  Flags   Master  msmt   msmt    dev   corr   sens  value    dev   corr  ()
 --- -------- ---------  -----  -----  -----   ------ -----  -----  -----  -----  -----  -----  -----  -----  --
   1 WCC01A   1862 1983    122      3      0    .577   2.02   4.80   .941   .772   .232   1.59   .216  -.009   3
   2 WCC01B   1863 1982    120      3      0    .623   1.83   4.20   .703   .699   .238   1.57   .221   .002   3
   3 WCC02A   1859 1992    134      3      0    .595   2.04   3.70   .456   .604   .163   1.37   .154   .001   2
   4 WCC02B   1859 1994    136      3      0    .543   2.07   3.81   .529   .680   .163   1.50   .162  -.004   2
   5 WCC03A   1721 1820    100      0      0    .609    .63   3.31   .443   .778   .209   1.69   .198  -.028   0
   6 WCC03B   1721 1820    100      0      0    .647    .82   3.90   .509   .631   .235   2.00   .245   .101   0
   7 WCC04A   1854 2014    161      4      1    .581    .57   2.21   .357   .817   .238   2.00   .260   .049   1
   8 WCC04B   1854 2014    161      4      0    .682    .74   1.68   .313   .720   .216   1.66   .232   .005   1
   9 WCC06A   1900 1996     97      1      0    .806   2.42   3.87   .610   .425   .211   1.54   .204   .006   1
  10 WCC06B   1900 1996     97      1      0    .745   2.53   5.20   .692   .335   .229   1.80   .231  -.014   1
  11 WCC07A   1768 1870    103      1      1    .487    .33   2.16   .425   .854   .235   2.42   .294   .023   2
  12 WCC07B   1770 1985    216      6      0    .507   1.09   2.68   .421   .818   .166   1.72   .174  -.005   1
  13 WCC08A   1907 2014    108      2      0    .625   1.49   5.45   .793   .841   .181   1.86   .197  -.063   3
  14 WCC08B   1907 2014    108      2      0    .559   1.42   3.29   .525   .788   .183   1.51   .191   .023   1
  15 WCC09A   1737 2014    278      7      2    .492    .26   1.16   .285   .943   .186   1.91   .217  -.030   1
  16 WCC10A   1875 2014    140      3      0    .570   1.01   2.59   .391   .775   .176   1.56   .179   .070   1
  17 WCC10B   1874 2014    141      3      0    .586   1.06   3.60   .472   .713   .229   1.83   .220  -.015   2
  18 WCC11A   1775 1988    214      6      0    .537   1.29   2.45   .340   .631   .173   1.87   .184   .014   1
  19 WCC12    1931 1988     58      0      0    .293   3.15   8.22  1.808   .814   .199   1.60   .200   .035   1
  20 WCC13A   1888 2013    126      3      0    .771   1.68   4.38   .772   .857   .177   1.44   .176   .042   1
  21 WCC13B   1892 2014    123      3      0    .711   1.64   4.38   .760   .839   .196   1.63   .188  -.004   2
  22 WCC14A   1898 2014    117      3      0    .675   1.75   4.19   .718   .819   .204   1.61   .190   .126   0
  23 WCC14B   1903 2014    112      2      0    .793   2.18   5.67   .845   .735   .207   1.65   .203   .011   1
  24 WCC15A   1875 2013    139      3      0    .643   1.53   4.41   .608   .784   .207   1.84   .223  -.034   1
  25 WCC16A   1873 2014    142      4      0    .746   2.00   7.47  1.101   .858   .181   1.62   .197   .008   2
  26 WCC17    1901 1984     84      1      0    .510    .77   1.78   .216   .575   .176   1.84   .207  -.004   1
  27 WCC18A   1926 2013     88      1      0    .659   1.59   2.74   .434   .552   .201   1.49   .198   .002   1
  28 WCC18B   1926 2013     88      1      0    .710   1.99   3.14   .448   .223   .227   1.45   .209   .115   0
  29 WCC19A   1883 2014    132      3      0    .501    .89   3.22   .561   .842   .232   2.06   .244  -.004   3
  30 WCC19B   1883 2014    132      3      0    .537    .99   2.68   .497   .809   .197   1.56   .206   .037   1
  31 WCC20A   1900 2014    115      2      0    .331    .96   6.19   .695   .694   .266   3.51   .413   .020   1
  32 WCC21A   1884 2013    130      3      0    .793   1.69   3.04   .554   .687   .201   1.71   .223   .025   1
  33 WCC22A   1892 2014    123      3      0    .731   1.69   4.70   .764   .816   .199   1.47   .184   .022   1
  34 WCC22B   1892 2013    122      3      0    .697   1.84   4.84   .822   .804   .204   1.54   .195   .076   0
  35 WCC23A   1846 1991    146      4      0    .715   1.19   2.94   .606   .722   .288   1.92   .295  -.019   2
  36 WCC23B   1846 1992    147      4      0    .549   1.06   2.27   .465   .767   .237   1.73   .255   .032   1
  37 WCC23C   1846 1982    137      4      0    .503   2.56  16.53  2.727   .785   .301   4.23   .403  -.013   2
  38 WCC24A   1823 2014    192      6      0    .591   1.10   2.73   .546   .766   .245   2.20   .272  -.007   1
  39 WCC24R   1892 2014    123      3      0    .602   1.60   2.95   .409   .400   .222   1.62   .214   .079   2
  40 WCC25    1878 1915     38      0      0    .521   1.67   3.10   .453   .498   .216   1.41   .190   .033   2
  41 WCC27A   1910 2014    105      2      0    .769   1.45   2.90   .513   .475   .277   1.94   .300   .024   1
  42 WCC27B   1862 2014    153      4      0    .725   1.63   7.09   .663   .627   .230   1.47   .210  -.010   2
  43 WCC28    1872 2014    143      4      0    .714   1.71   3.64   .565   .511   .247   1.68   .238  -.006   2
  44 WCC30A   1879 2014    136      3      0    .646   1.01   2.25   .353   .754   .189   1.65   .202   .008   1
  45 WCC31A   1877 2014    138      3      0    .820   1.71   3.88   .695   .587   .253   2.21   .280  -.028   3
  46 WCC32A   1871 2014    144      4      0    .777   1.46   4.89   .742   .758   .247   1.78   .234  -.038   3
  47 WCC32B   1871 2014    144      4      0    .728   1.48   7.41   .956   .784   .229   2.00   .241  -.033   2
  48 WCC33    1863 2014    152      4      0    .635   1.08   4.79   .876   .854   .236   1.79   .228  -.027   1
  49 WCC34    1863 2014    152      4      0    .657   1.09   4.51   .559   .521   .245   2.48   .264   .058   0
  50 WCC35A   1873 2014    142      4      0    .696   1.32   4.17   .640   .862   .186   1.67   .180  -.010   2
  51 WCC36A   1875 2014    140      3      0    .647    .78   2.55   .434   .724   .276   2.26   .298   .004   1
  52 WCC37    1862 2014    153      4      0    .617    .95   3.05   .658   .669   .408   2.72   .436   .011   1
  53 WCC38    1869 1902     34      0      0    .747   3.02   6.42  1.472   .785   .306   1.49   .286  -.026   1
  54 WCC39A   1903 2014    112      2      0    .635   1.13   2.77   .630   .868   .233   1.65   .233   .024   1
  55 WCC41A   1858 1928     71      1      0    .407   1.10   4.40   .918   .804   .268   1.76   .265   .002   2
  56 WCC42A   1861 2012    152      4      0    .548   1.21   3.69   .597   .896   .157   1.46   .165   .021   1
  57 WCC43A   1884 2014    131      3      0    .665   1.43   3.48   .572   .726   .197   2.26   .212  -.014   2
  58 WCC44    1870 2014    145      4      0    .712   1.36   2.85   .473   .595   .231   1.84   .248   .013   1
  59 WCC45    1870 2012    143      4      0    .642   1.67   3.18   .537   .733   .191   1.76   .186  -.002   1
  60 WCC46A   1858 2014    157      4      0    .673    .96   3.03   .414   .792   .191   1.56   .206  -.005   1
  61 WCC46B   1903 2014    112      2      0    .496    .88   1.39   .186   .580   .145   1.44   .144  -.036   2
  62 WCC47A   1849 1997    149      4      0    .667   1.07   2.72   .537   .776   .228   1.98   .239   .033   1
  63 WCC48A   1895 2014    120      3      0    .700   1.21   4.93   .709   .763   .271   2.02   .299  -.012   1
  64 WCC48B   1902 2014    113      2      0    .675   1.13   3.06   .537   .710   .276   2.17   .309   .010   1
  65 WCC51A   1859 2014    156      4      0    .733    .89   2.00   .341   .599   .270   1.80   .269   .025   1
  66 WCC51B   1850 2014    165      4      0    .744    .95   2.20   .365   .516   .299   2.13   .305   .034   1
  67 WCC52A   1810 2014    205      6      0    .575    .94   2.00   .384   .814   .186   1.63   .180   .014   2
  68 WCC52B   1820 2014    195      6      0    .617   1.06   2.94   .329   .645   .174   1.98   .188  -.010   2
  69 WCC53A   1950 2014     65      1      0    .721   1.88   3.60   .735   .694   .230   1.44   .213   .139   0
  70 WCC53B   1950 2014     65      1      0    .577   1.94   4.07   .989   .799   .224   1.63   .220   .141   0
  71 WCC54A   1800 2014    215      6      0    .555    .73   1.35   .219   .725   .169   1.63   .188   .030   1
  72 WCC55A   1940 2014     75      1      0    .827   1.38   3.51   .719   .629   .273   1.84   .302   .015   1
  73 WCC55B   1855 2014    160      4      0    .674   1.10   3.97   .773   .745   .277   2.22   .293  -.028   3
  74 WCC56A   1940 2014     75      1      0    .791   1.60   2.92   .462   .389   .259   1.88   .250   .018   1
  75 WCC56B   1937 2014     78      1      0    .776   1.49   2.96   .439   .279   .277   1.92   .275   .024   1
  76 WCC57B   1929 2014     86      1      0    .830   1.95   5.21   .770   .382   .315   1.95   .308   .070   0
  77 WCC58A   1930 2014     85      1      0    .752   1.52   3.82   .717   .591   .330   2.23   .361  -.043   2
  78 WCC58B   1951 2014     64      0      0    .735   1.05   3.27   .530   .499   .352   2.32   .394  -.033   3
  79 WCC59A   1901 2014    114      2      0    .665   1.44   3.76   .514   .413   .255   2.14   .291  -.027   1
  80 WCC59B   1903 2014    112      2      0    .543   1.43   4.86   .601   .524   .247   2.61   .289   .021   1
  81 WCC60A   1923 2014     92      2      0    .777    .84   1.76   .298   .415   .321   2.00   .312  -.025   2
  82 WCC60B   1917 2014     98      2      0    .723   1.44   3.20   .606   .356   .382   1.97   .356   .003   3
  83 WCC61A   1819 2014    196      6      0    .614   1.27   4.21   .619   .828   .185   1.96   .196   .027   3
  84 WCC61B   1822 2014    193      6      0    .595   1.13   4.62   .561   .736   .172   2.11   .230  -.055   1
  85 WCC62A   1770 2014    245      7      0    .723    .92   2.71   .417   .773   .213   1.88   .210   .014   1
  86 WCC62B   1849 2014    166      5      0    .786   1.43   2.97   .497   .649   .215   1.83   .211   .002   1
  87 WCC63A   1738 2014    277      7      0    .534   1.06   5.89   .640   .677   .219   2.17   .236  -.007   1
  88 WCC63B   1822 2014    193      6      0    .596   1.19   5.59   .622   .767   .186   2.16   .192  -.017   1
  89 WCC65A   1931 2014     84      1      0    .710   1.15   1.95   .339   .560   .228   1.50   .211   .093   0
  90 WCC65B   1931 2014     84      1      0    .737   1.52   2.64   .458   .611   .201   1.47   .200   .003   2
  91 WCC66A   1892 2014    123      3      0    .687   1.58   9.13  1.278   .758   .262   1.80   .250  -.042   2
  92 WCC66B   1897 2014    118      3      0    .749   1.73  12.85  1.419   .816   .255   1.66   .237   .002   3
  93 WCC67A   1867 2014    148      4      0    .768   1.29   2.92   .523   .658   .251   1.98   .255   .038   1
  94 WCC67B   1878 2014    137      3      0    .771   1.45   3.56   .517   .598   .251   1.69   .236   .008   2
  95 WCC68A   1868 2014    147      4      0    .717   1.13   3.97   .486   .677   .236   1.82   .239   .021   1
  96 WCC68B   1862 2014    153      4      0    .698   1.17   4.52   .723   .794   .216   1.72   .226   .009   1
  97 WCC69A   1873 2014    142      4      0    .501    .19   1.17   .199   .884   .234   2.03   .264   .084   1
  98 WCC69B   1873 2014    142      3      0    .547   1.01   3.43   .850   .899   .248   1.59   .221  -.047   3
  99 WCC70A   1872 2014    143      4      1    .473    .71   4.54   .776   .921   .277   2.12   .305   .026   1
 100 WCC70B   1874 1924     51      1      0    .675   1.14   3.29   .921   .878   .330   2.27   .339   .187   0
 101 WCC76A   1877 2014    138      3      0    .630   1.43  11.66  1.166   .666   .249   2.48   .286   .003   2
 102 WCC76B   1868 2014    147      4      0    .715   1.41   3.67   .626   .612   .275   1.81   .263   .032   3
 103 WCC77    1875 2014    140      3      0    .735   1.66   3.54   .521   .443   .228   1.82   .230  -.021   3
 104 WCC78    1860 2006    147      4      0    .611   1.07   3.68   .460   .810   .172   1.53   .169   .027   1
 --- -------- ---------  -----  -----  -----   ------ -----  -----  -----  -----  -----  -----  -----  -----  --
 Total or mean:          13710    318      5    .644   1.29  16.53   .604   .705   .227   4.23   .236   .010

 DATA CHECKS (rwl.check): il025
-----------------------------------------------------------------------------------------------------------------------------------
 rwl.check: data_files/treering/measurements/northamerica/usa/il025.rwl
 104 series, 13710 measurements, 1721-2014, 0.001 mm precision
 0 error(s), 1 warning(s), 14 note(s)
 -------------
 WARNING
   RWL_MIXED_PRECISION (1)
     the file declares more than one precision (0.001 and 0.01 mm). That is legal and rare, and easy to miss: series measured at different precisions sit in one object
 14 note(s) not shown; see rwl.check() or the 'check' element of this report.

 NOTES
-----------------------------------------------------------------------------------------------------------------------------------
 Report generated using dplR 1.8.1 (R 4.5.2) on 2026-10-01 16:55 PDT.
 Measurement file il025.rwl, MD5 896730d06eeca6fe4ec09b717f3623fd.
 Filtering: each series divided by a 32-year smoothing spline (caps()), then prewhitened with
   an AR model (order by AIC, at most 3).
 Master: biweight robust mean of the other series (leave-one-out).
 Correlation: Pearson, one-tailed, pcrit = 0.01; critical r = 0.3281 for 50-year segments.
 Segments: 50 years, lagged 25, first segment floored to 100. Lags searched: +/- 10 years.
 A segment is tested only where the series and the master cover all of it, at the dated
   position and at every lag. COFECHA also tests partial segments at the ends of a series, so
   series here may show fewer segments, and no flags can be raised at the ends of the record.
 Lags follow COFECHA: negative means rings are probably missing from the series, positive means
   false rings. A missing ring carries its lag into every segment before it, so look where the
   lag changes along a series. A B flag is a hypothesis to check on the wood; the gain says how
   seriously to take it.
 A B flag marked "weak at every lag" correlates under the critical value even at its best lag:
   the segment is weak wherever it is placed, and the shift is not evidence of a dating error.
   Treat it as a low correlation, like an A.
 Averages in the summary and the totals are weighted by the number of years in each series, as
   COFECHA's are.
 Unfiltered block and mean sensitivity: the measurements as read, and sens1().
 dplR filtered block: the series that was correlated, after filtering. COFECHA's filtered
   series is defined differently, so these three columns are not COFECHA's numbers.
 AR: order of the AR model used to prewhiten.
