
 COFECHA-style crossdating report: mi025
 Report generated using dplR 1.8.1 (R 4.5.2) on 2026-10-01 16:50 PDT
 Built with dplR's xdate.report(), not COFECHA; see the notes at the end.


      Measurement file name  : mi025.rwl
      MD5 of measurement file: 0d964909d17db1c5f0691fc1f1a1b6ef
      Date checked           : 01OCT26
      Beginning year         : 1777
      Ending year            : 2015
      Principal investigators: Dye, A.
      Site name              : Huron Mountain Club-West
      Species information    : TSCA Tsuga canadensis (L.) Carr.
      Latitude               : 46.8800 N
      Longitude              : 87.9300 W
      Elevation              : 300 m

      Series intercorrelation: 0.663
      Avg mean sensitivity   : 0.326
      Avg standard deviation : 0.490
      Avg autocorrelation    : 0.777
      Number dated series    : 140
      Series crossdated      : 139
      Segment length tested  : 50

      Number problem segments: 10  (A 2, B 8; 6 of the B weak at every lag)
      Pct problem segments   : 1.80


 CORRELATION OF SERIES BY SEGMENTS: mi025
-----------------------------------------------------------------------------------------------------------------------------------
 Correlations of  50-year dated segments, lagged  25 years
 Flags:  A = correlation under   .3281 but highest as dated;  B = correlation higher at other than dated position

 Seq Series  Time_span  1800 1825 1850 1875 1900 1925 1950 
                        1849 1874 1899 1924 1949 1974 1999 
 --- -------- ---------  ---- ---- ---- ---- ---- ---- ---- 
   1 HMC1001N 1785 2015  .60 -.08B-.10B .31A .66  .61  .74 
   2 HMC1001S 1881 2014                      .66  .61  .65 
   3 HMC1002S 1794 2005  .63  .68  .60  .50  .58  .67  .73 
   4 HMC1002N 1879 2002                      .70  .68  .43 
   5 HMC1005I 1837 1945            .75  .77                
   6 HMC1005S 1948 2012                                .42 
   7 HMC1005N 1837 2012            .81  .83  .82  .69  .66 
   8 HMC1006N 1802 2015       .78  .78  .72  .56  .54  .72 
   9 HMC1006S 1811 2015       .69  .74  .76  .65  .53  .55 
  10 HMC1007E 1875 2015                      .62  .66  .76 
  11 HMC1008S 1834 2008            .81  .69  .65  .50  .40 
  12 HMC1008N 1878 2010                      .57  .60  .46 
  13 HMC1009S 1872 2015                 .62  .65  .68  .82 
  14 HMC1009N 1874 2015                 .65  .57  .65  .80 
  15 HMC1011S 1900 2015                           .47  .39 
  17 HMC1011B 1900 2015                           .55  .44 
  18 HMC1012S 1818 1905       .82  .83                     
  19 HMC1012B 1910 2015                           .73  .73 
  20 HMC1012N 1803 2015       .86  .84  .83  .87  .84  .79 
  21 HMC1013S 1880 2015                      .77  .77  .76 
  22 HMC1013N 1842 2012            .63  .75  .71  .77  .82 
  23 HMC1014E 1812 2010       .72  .59  .64  .66  .63  .76 
  24 HMC1015S 1827 2015            .86  .78  .73  .70  .70 
  25 HMC1015N 1777 2015  .79  .82  .78  .77  .80  .77  .75 
  26 HMC1017N 1841 2015            .72  .85  .81  .77  .82 
  27 HMC1017S 1804 2015       .50  .50  .78  .75  .67  .79 
  28 HMC1018N 1861 2015                 .76  .72  .60  .59 
  29 HMC1018S 1841 2014            .53  .70  .78  .77  .76 
  30 HMC1019W 1887 2011                      .71  .68  .63 
  31 HMC1019N 1878 2004                      .85  .73  .61 
  32 HMC1020W 1945 2015                                .59 
  33 HMC1020E 1807 2015       .67  .72  .81  .79  .57  .60 
  34 HMC1021N 1842 2015            .75  .76  .80  .77  .79 
  35 HMC1021S 1947 2015                                .72 
  36 HMC1022W 1833 2014            .77  .81  .79  .73  .76 
  37 HMC1022E 1900 2015                           .79  .77 
  38 HMC1023S 1842 2015            .77  .60  .63  .65  .57 
  39 HMC1023N 1884 2015                      .73  .59  .53 
  40 HMC1025N 1822 2011       .69  .76  .78  .74  .72  .64 
  41 HMC1026S 1853 2015                 .68  .52  .57  .81 
  42 HMC1028N 1836 2015            .89  .89  .86  .81  .77 
  44 HMC1030S 1881 2014                      .69  .77  .75 
  45 HMC1030N 1881 2014                      .74  .72  .72 
  46 HMC1031S 1836 2015            .54  .55  .82  .75  .74 
  47 HMC1031N 1828 2015            .76  .73  .78  .77  .88 
  48 HMC1032W 1818 1959       .78  .84  .83  .68           
  49 HMC1032E 1818 1947       .80  .86  .85                
  51 HMC1033S 1861 2015                 .83  .87  .82  .70 
  52 HMC1033N 1862 2014                 .76  .81  .67  .61 
  53 HMC1034E 1878 2014                      .74  .66  .61 
  54 HMC1034W 1942 2015                                .61 
  55 HMC1035N 1818 1995       .73  .82  .79  .70  .59      
  56 HMC1035S 1818 1941       .59  .72  .78                
  57 HMC1036S 1819 1990       .78  .82  .79  .70  .52      
  58 HMC1037N 1823 2013       .64  .70  .78  .82  .68  .64 
  59 HMC1037S 1823 1949       .60  .73  .82  .81           
  60 HMC1038S 1934 2015                                .37B
  62 HMC1039N 1850 2015                 .61  .64  .60  .59 
  63 HMC1039S 1850 1949                 .79  .64           
  65 HMC1040S 1886 2015                      .56  .43  .48 
  66 HMC1041N 1907 2007                           .39  .20B
  67 HMC1041S 1907 2009                           .46  .35 
  68 HMC3027E 1849 2015                 .55  .68  .78  .82 
  69 HMC3027W 1849 2015                 .54  .67  .77  .83 
  70 HMC3037N 1852 2015                 .74  .68  .71  .74 
  71 HMC3037S 1887 2015                      .65  .74  .78 
  72 HMC3038S 1894 2015                      .82  .82  .76 
  73 HMC3038E 1830 2015            .77  .66  .63  .77  .74 
  74 HMC3039E 1823 1910       .68  .74                     
  75 HMC3040E 1860 2014                 .68  .75  .65  .73 
  76 HMC3041N 1806 2015       .82  .79  .74  .83  .84  .76 
  77 HMC3041S 1820 2015       .73  .70  .72  .85  .84  .80 
  78 HMC3042W 1822 2001       .76  .80  .78  .81  .79  .15B
  79 HMC3042E 1868 2001                 .73  .73  .74  .48 
  80 HMC3043E 1851 2015                 .74  .77  .75  .73 
  81 HMC3043W 1825 2015            .71  .83  .85  .84  .80 
  82 HMC3044N 1869 1973                 .57  .69           
  83 HMC3044S 1869 1961                 .78  .86           
  84 HMC3045W 1871 2015                 .70  .83  .85  .74 
  85 HMC3045E 1871 2015                 .58  .82  .75  .73 
  86 HMC3047E 1878 1998                      .81  .70      
  87 HMC3047W 1811 2005       .32A .53  .73  .73  .68 -.05B
  88 HMC3048E 1825 2015            .75  .72  .69  .71  .75 
  89 HMC3048W 1825 2015            .71  .71  .67  .70  .74 
  90 HMC3049N 1801 1908       .64  .70                     
  91 HMC3052N 1830 2015            .61  .70  .85  .78  .70 
  92 HMC3054E 1800 2015       .81  .81  .69  .66  .78  .74 
  93 HMC3054N 1824 2015            .83  .83  .80  .77  .71 
  94 HMC3055E 1836 2015            .70  .72  .79  .72  .66 
  95 HMC3075N 1838 2015            .81  .83  .87  .74  .72 
  96 HMC3077S 1856 2003                 .83  .76  .74  .68 
  97 HMC3077N 1856 2009                 .86  .78  .72  .38 
  98 HMC3078N 1892 2015                      .79  .80  .74 
  99 HMC3080S 1849 2015                 .64  .81  .85  .77 
 100 HMC3080N 1839 2015            .73  .80  .86  .81  .74 
 101 HMC3085W 1868 2015                 .74  .60  .52  .61 
 102 HMC3085E 1892 2015                      .53  .56  .78 
 103 HMC3086W 1868 2015                 .77  .89  .82  .81 
 104 HMC3086E 1874 2015                      .77  .84  .80 
 105 HMC3088W 1883 2015                      .82  .70  .77 
 106 HMC3088E 1896 2015                      .70  .64  .66 
 107 HMC3091W 1891 2015                      .79  .78  .85 
 108 HMC3091E 1886 2015                      .69  .80  .74 
 109 HMC3113S 1792 2015  .51  .68  .73  .81  .85  .83  .75 
 110 HMC3113W 1843 2015            .52  .64  .84  .80  .79 
 111 HMC3114N 1821 2001       .74  .73  .72  .78  .73  .35 
 112 HMC3114E 1813 2006       .68  .74  .72  .75  .77  .61 
 113 HMC3115S 1876 2002                      .81  .77  .36 
 114 HMC3116S 1831 2014            .48  .65  .68  .60  .67 
 115 HMC3116N 1899 2014                      .66  .61  .72 
 116 HMC3118S 1800 2015       .74  .74  .71  .82  .87  .74 
 117 HMC3118E 1798 2015  .60  .63  .51  .59  .81  .77  .65 
 118 HMC3119S 1825 1984            .69  .74  .87  .62      
 119 HMC3119N 1824 1943       .86  .78  .77                
 120 HMC3121N 1873 2015                      .75  .78  .71 
 121 HMC3121E 1878 2015                      .86  .85  .77 
 122 HMC3122W 1875 2015                      .83  .84  .77 
 123 HMC3123W 1844 1913            .48                     
 124 HMC3123E 1844 2015            .39  .71  .81  .82  .86 
 125 HMC3124S 1823 2015       .68  .65  .64  .69  .76  .84 
 126 HMC3125E 1872 2015                 .80  .78  .72  .76 
 127 HMC3125W 1841 2015            .65  .71  .84  .86  .75 
 128 HMC3161N 1843 2000            .70  .72  .76  .80  .38 
 129 HMC3161S 1843 2015            .56  .82  .80  .80  .71 
 130 HMC3163E 1826 2015            .72  .70  .67  .76  .73 
 131 HMC3164W 1821 2005       .47  .63  .73  .61  .40  .17B
 132 HMC3192W 1835 2000            .50  .70  .76  .42 -.03B
 133 HMC3195E 1838 2015            .78  .77  .85  .88  .89 
 134 HMC3195S 1786 2015  .69  .64  .40  .45  .82  .83  .80 
 135 HMC3196N 1823 2015            .79  .78  .86  .82  .84 
 136 HMC3196S 1826 2013            .72  .74  .84  .81  .72 
 137 HMC3197E 1816 2015       .71  .53  .50  .71  .73  .70 
 138 HMC3197W 1876 2015                      .86  .83  .81 
 139 HMC3198E 1842 2015            .53  .64  .73  .65  .79 
 140 HMC3198W 1844 2015            .47  .77  .83  .86  .87 
 Av segment correlation  .64  .68  .68  .72  .75  .71  .67 

 FLAGGED SEGMENTS: mi025
-----------------------------------------------------------------------------------------------------------------------------------
 Seq Series   Segment    Flag  r dated  Best lag  r at lag   Gain  Note
 --- -------- ---------  ----  -------  --------  --------  -----  -----------------
   1 HMC1001N 1825 1874     B    -.081         7      .288   .369  weak at every lag
   1 HMC1001N 1850 1899     B    -.104         7      .308   .411  weak at every lag
   1 HMC1001N 1875 1924     A     .314         0
  60 HMC1038S 1950 1999     B     .375        10      .382   .007
  66 HMC1041N 1950 1999     B     .204        -5      .253   .049  weak at every lag
  78 HMC3042W 1950 1999     B     .150        -9      .285   .135  weak at every lag
  87 HMC3047W 1825 1874     A     .316         0
  87 HMC3047W 1950 1999     B    -.053        -7      .241   .294  weak at every lag
 131 HMC3164W 1950 1999     B     .171        -7      .367   .195
 132 HMC3192W 1950 1999     B    -.025        -3      .321   .346  weak at every lag

 DESCRIPTIVE STATISTICS: mi025
-----------------------------------------------------------------------------------------------------------------------------------

                                                Corr   //-------- Unfiltered --------\\  //-- dplR filtered --\\
                           No.    No.    No.    with   Mean   Max     Std   Auto   Mean   Max     Std   Auto  AR
 Seq Series   Interval   Years  Segmt  Flags   Master  msmt   msmt    dev   corr   sens  value    dev   corr  ()
 --- -------- ---------  -----  -----  -----   ------ -----  -----  -----  -----  -----  -----  -----  -----  --
   1 HMC1001N 1785 2015    231      7      3    .086    .56   3.34   .527   .797   .423  16.32  1.258  -.022   2
   2 HMC1001S 1881 2014    134      3      0    .615    .43   1.05   .217   .597   .394   1.77   .339   .022   1
   3 HMC1002S 1794 2005    212      7      0    .613    .46   2.00   .340   .772   .366   2.69   .373  -.022   3
   4 HMC1002N 1879 2002    124      3      0    .566    .47   1.92   .420   .835   .359   1.84   .319  -.001   1
   5 HMC1005I 1837 1945    109      2      0    .762    .69   3.01   .576   .839   .401   2.03   .379   .014   2
   6 HMC1005S 1948 2012     65      1      0    .415    .24    .68   .122   .470   .350   2.10   .344   .021   0
   7 HMC1005N 1837 2012    176      5      0    .761    .40   1.58   .290   .716   .445   2.43   .400   .004   1
   8 HMC1006N 1802 2015    214      6      0    .720    .60   2.04   .356   .765   .331   1.98   .325   .007   3
   9 HMC1006S 1811 2015    205      6      0    .675    .70   2.37   .435   .772   .347   2.18   .336  -.003   3
  10 HMC1007E 1875 2015    141      3      0    .720   1.00   3.17   .449   .575   .301   2.18   .291  -.014   3
  11 HMC1008S 1834 2008    175      5      0    .530    .64   2.50   .608   .858   .419   2.27   .388  -.036   3
  12 HMC1008N 1878 2010    133      3      0    .400    .67   2.69   .601   .896   .371   2.24   .360  -.020   1
  13 HMC1009S 1872 2015    144      4      0    .622    .89   2.21   .383   .631   .290   1.91   .290   .040   1
  14 HMC1009N 1874 2015    142      4      0    .631    .83   2.00   .396   .716   .280   2.37   .277   .016   1
  15 HMC1011S 1900 2015    116      2      0    .455    .55   1.33   .283   .780   .308   1.92   .317  -.037   3
  16 HMC1011N 1838 1887     50      0      0    .346    .26   1.03   .246   .804   .559   1.94   .442   .194   0
  17 HMC1011B 1900 2015    116      2      0    .406    .42   1.69   .277   .718   .344   1.96   .355   .068   1
  18 HMC1012S 1818 1905     88      2      0    .791   1.16   3.21   .695   .761   .348   1.93   .320   .019   1
  19 HMC1012B 1910 2015    106      2      0    .767   1.43   3.17   .600   .708   .258   1.96   .252   .060   3
  20 HMC1012N 1803 2015    213      6      0    .804   1.09   2.38   .486   .647   .317   2.04   .296  -.011   3
  21 HMC1013S 1880 2015    136      3      0    .788    .71   2.64   .615   .898   .323   1.85   .307  -.007   3
  22 HMC1013N 1842 2012    171      5      0    .677    .71   2.54   .422   .757   .327   2.27   .321   .015   1
  23 HMC1014E 1812 2010    199      6      0    .622    .59   2.18   .406   .809   .339   1.82   .304   .015   1
  24 HMC1015S 1827 2015    189      5      0    .776   1.29   3.73   .592   .712   .269   1.69   .262   .000   3
  25 HMC1015N 1777 2015    239      7      0    .723    .97   3.77   .665   .797   .327   2.31   .337  -.017   3
  26 HMC1017N 1841 2015    175      5      0    .762    .80   2.94   .540   .820   .334   2.00   .326   .001   2
  27 HMC1017S 1804 2015    212      6      0    .666    .66   1.96   .337   .587   .334   2.44   .347  -.010   3
  28 HMC1018N 1861 2015    155      4      0    .704    .76   2.46   .532   .811   .380   2.04   .373  -.033   2
  29 HMC1018S 1841 2014    174      5      0    .684    .81   1.83   .349   .603   .332   2.34   .302  -.039   3
  30 HMC1019W 1887 2011    125      3      0    .690   1.21   2.83   .444   .566   .262   1.62   .255  -.022   3
  31 HMC1019N 1878 2004    127      3      0    .740   1.31   3.33   .521   .693   .227   1.54   .233  -.026   3
  32 HMC1020W 1945 2015     71      1      0    .522    .37    .90   .150   .390   .326   1.61   .316   .044   1
  33 HMC1020E 1807 2015    209      6      0    .688    .51   2.03   .336   .787   .378   2.31   .377   .010   1
  34 HMC1021N 1842 2015    174      5      0    .777   1.13   2.75   .492   .740   .261   1.91   .255   .025   3
  35 HMC1021S 1947 2015     69      1      0    .783   1.27   2.25   .444   .415   .312   1.79   .275  -.020   3
  36 HMC1022W 1833 2014    182      5      0    .701   1.42   4.79   .729   .740   .303   2.34   .298   .021   3
  37 HMC1022E 1900 2015    116      2      0    .790   1.23   2.99   .562   .614   .314   1.76   .296  -.038   3
  38 HMC1023S 1842 2015    174      5      0    .682   1.37   3.41   .754   .705   .355   1.73   .306  -.008   3
  39 HMC1023N 1884 2015    132      3      0    .636   1.59   3.73   .697   .752   .256   1.50   .240  -.014   3
  40 HMC1025N 1822 2011    190      6      0    .632    .46   2.31   .403   .869   .371   2.22   .350   .032   2
  41 HMC1026S 1853 2015    163      4      0    .568    .86   2.47   .551   .815   .319   2.26   .323  -.004   1
  42 HMC1028N 1836 2015    180      5      0    .821   1.55   4.18   .808   .719   .310   2.08   .291   .010   3
  43 HMC1028W 1866 2015    150                         1.34   3.57   .694   .830   .261                         
  44 HMC1030S 1881 2014    134      3      0    .689    .90   3.98   .763   .880   .303   2.18   .309   .006   3
  45 HMC1030N 1881 2014    134      3      0    .730   1.15   4.04   .756   .895   .257   1.71   .260  -.005   2
  46 HMC1031S 1836 2015    180      5      0    .676    .98   3.23   .494   .752   .273   1.94   .281   .014   3
  47 HMC1031N 1828 2015    188      5      0    .816    .91   4.58   .697   .833   .303   1.88   .291   .009   3
  48 HMC1032W 1818 1959    142      4      0    .713    .54   2.85   .483   .819   .363   2.17   .342  -.022   1
  49 HMC1032E 1818 1947    130      3      0    .796    .62   3.24   .549   .807   .378   2.09   .352  -.029   1
  50 HMC1032B 1952 2015     64      0      0    .269    .18    .49   .103   .576   .398   2.04   .369  -.003   1
  51 HMC1033S 1861 2015    155      4      0    .777    .67   2.14   .358   .590   .384   1.99   .344  -.020   3
  52 HMC1033N 1862 2014    153      4      0    .683    .96   3.26   .540   .680   .317   2.12   .311   .042   1
  53 HMC1034E 1878 2014    137      3      0    .733   1.20   3.80   .782   .890   .246   1.67   .255  -.003   3
  54 HMC1034W 1942 2015     74      1      0    .709    .67   2.11   .288   .551   .258   1.67   .257   .096   3
  55 HMC1035N 1818 1995    178      5      0    .662    .36   1.96   .385   .883   .422   2.00   .381   .001   1
  56 HMC1035S 1818 1941    124      3      0    .635    .46   1.83   .362   .820   .398   2.46   .383   .051   1
  57 HMC1036S 1819 1990    172      5      0    .661    .47   3.23   .670   .943   .391   2.20   .391   .002   2
  58 HMC1037N 1823 2013    191      6      0    .694    .46   1.88   .375   .805   .418   2.08   .387   .005   1
  59 HMC1037S 1823 1949    127      4      0    .722    .45   1.68   .305   .732   .380   2.02   .373  -.012   1
  60 HMC1038S 1934 2015     82      1      1    .380    .13    .43   .071   .266   .487   2.21   .418   .028   0
  61 HMC1038N 1950 2015     66      0      0    .220    .14    .38   .083   .531   .429   2.12   .436  -.006   2
  62 HMC1039N 1850 2015    166      4      0    .484    .73   2.28   .455   .797   .338   2.67   .352  -.022   3
  63 HMC1039S 1850 1949    100      2      0    .497    .55   1.93   .441   .795   .393   2.88   .412   .018   3
  64 HMC1040N 1909 1971     63      0      0    .523    .19    .65   .107   .547   .389   1.97   .373  -.079   3
  65 HMC1040S 1886 2015    130      3      0    .561    .55   2.08   .367   .815   .315   1.96   .307  -.026   3
  66 HMC1041N 1907 2007    101      2      1    .196    .51   1.26   .322   .816   .350   1.76   .322  -.009   2
  67 HMC1041S 1907 2009    103      2      0    .427    .29    .73   .166   .625   .404   2.07   .395   .000   2
  68 HMC3027E 1849 2015    167      4      0    .657    .87   2.98   .550   .841   .268   1.68   .263   .043   3
  69 HMC3027W 1849 2015    167      4      0    .645    .87   3.01   .553   .840   .268   1.66   .261   .039   3
  70 HMC3037N 1852 2015    164      4      0    .760    .98   3.16   .614   .760   .327   1.83   .314   .069   3
  71 HMC3037S 1887 2015    129      3      0    .764   1.12   3.39   .620   .765   .307   1.68   .290   .023   3
  72 HMC3038S 1894 2015    122      3      0    .788    .89   2.11   .352   .686   .248   2.04   .258   .051   3
  73 HMC3038E 1830 2015    186      5      0    .706   1.15   2.78   .553   .763   .275   1.94   .272   .009   3
  74 HMC3039E 1823 1910     88      2      0    .710    .87   3.25   .645   .840   .349   2.11   .334   .063   1
  75 HMC3040E 1860 2014    155      4      0    .563    .67   2.80   .513   .837   .324   2.53   .325  -.013   3
  76 HMC3041N 1806 2015    210      6      0    .788   1.19   3.99   .771   .839   .292   1.90   .277  -.011   3
  77 HMC3041S 1820 2015    196      6      0    .768    .96   3.34   .625   .864   .269   1.65   .248  -.007   1
  78 HMC3042W 1822 2001    180      6      1    .577    .48   2.16   .440   .858   .397   2.17   .363  -.003   1
  79 HMC3042E 1868 2001    134      4      0    .629    .32   1.29   .300   .763   .499   2.06   .393  -.008   3
  80 HMC3043E 1851 2015    165      4      0    .757    .93   3.64   .506   .805   .274   1.76   .264   .014   3
  81 HMC3043W 1825 2015    191      5      0    .766    .98   3.14   .528   .818   .269   1.97   .267   .019   3
  82 HMC3044N 1869 1973    105      2      0    .586    .71   2.41   .448   .841   .265   1.96   .271   .008   1
  83 HMC3044S 1869 1961     93      2      0    .706    .60   1.73   .380   .855   .244   1.61   .242   .058   1
  84 HMC3045W 1871 2015    145      4      0    .745    .42   1.83   .390   .906   .322   1.66   .297  -.030   3
  85 HMC3045E 1871 2015    145      4      0    .692    .61   3.33   .699   .922   .265   1.67   .266  -.175   3
  86 HMC3047E 1878 1998    121      2      0    .547    .41   2.02   .405   .873   .396   1.90   .360  -.012   3
  87 HMC3047W 1811 2005    195      6      2    .332    .54   2.54   .565   .932   .366   2.55   .392  -.015   1
  88 HMC3048E 1825 2015    191      5      0    .670    .50   1.65   .318   .784   .330   1.91   .306  -.009   3
  89 HMC3048W 1825 2015    191      5      0    .655    .50   1.68   .317   .793   .325   1.86   .295  -.005   3
  90 HMC3049N 1801 1908    108      2      0    .666    .87   2.64   .558   .835   .318   1.71   .289   .015   1
  91 HMC3052N 1830 2015    186      5      0    .677    .77   2.20   .425   .805   .294   1.81   .281  -.014   3
  92 HMC3054E 1800 2015    216      6      0    .752    .90   2.54   .490   .751   .330   2.08   .319  -.064   3
  93 HMC3054N 1824 2015    192      5      0    .769   1.04   2.85   .603   .774   .323   2.23   .310   .030   3
  94 HMC3055E 1836 2015    180      5      0    .725    .77   2.51   .410   .760   .293   1.90   .298  -.007   3
  95 HMC3075N 1838 2015    178      5      0    .783    .80   1.71   .338   .660   .309   1.77   .280   .030   3
  96 HMC3077S 1856 2003    148      4      0    .721    .49   1.92   .456   .905   .384   1.84   .347  -.015   1
  97 HMC3077N 1856 2009    154      4      0    .537    .54   2.19   .443   .866   .340   2.06   .318   .029   1
  98 HMC3078N 1892 2015    124      3      0    .791   1.15   2.86   .430   .688   .248   1.74   .242   .021   3
  99 HMC3080S 1849 2015    167      4      0    .693    .78   1.56   .303   .682   .268   1.65   .262  -.014   3
 100 HMC3080N 1839 2015    177      5      0    .746    .84   2.35   .442   .784   .260   1.79   .268   .040   1
 101 HMC3085W 1868 2015    148      4      0    .490    .52   2.05   .405   .875   .323   2.20   .331   .028   1
 102 HMC3085E 1892 2015    124      3      0    .593    .48   1.86   .296   .816   .311   2.01   .302   .049   1
 103 HMC3086W 1868 2015    148      4      0    .807   1.10   3.25   .662   .856   .278   1.66   .270   .041   3
 104 HMC3086E 1874 2015    142      3      0    .807   1.15   3.44   .656   .826   .277   1.64   .269   .030   3
 105 HMC3088W 1883 2015    133      3      0    .563    .64   1.80   .346   .757   .333   2.02   .324   .008   3
 106 HMC3088E 1896 2015    120      3      0    .554    .68   3.05   .411   .825   .258   1.74   .280   .042   1
 107 HMC3091W 1891 2015    125      3      0    .800    .73   2.29   .358   .798   .229   1.52   .218  -.009   1
 108 HMC3091E 1886 2015    130      3      0    .750    .94   3.02   .558   .844   .246   1.60   .233   .012   3
 109 HMC3113S 1792 2015    224      7      0    .694   1.15   3.12   .521   .776   .248   1.71   .253  -.009   1
 110 HMC3113W 1843 2015    173      5      0    .718   1.09   2.88   .545   .660   .285   1.88   .284  -.018   3
 111 HMC3114N 1821 2001    181      6      0    .588    .59   3.69   .691   .881   .441   2.55   .421   .020   2
 112 HMC3114E 1813 2006    194      6      0    .639    .46   2.82   .478   .862   .371   2.11   .356  -.009   3
 113 HMC3115S 1876 2002    127      3      0    .571    .64   2.97   .687   .907   .380   2.39   .358  -.018   2
 114 HMC3116S 1831 2014    184      5      0    .542    .36   1.21   .199   .556   .375   2.95   .372   .018   1
 115 HMC3116N 1899 2014    116      3      0    .624    .32    .94   .174   .642   .373   2.53   .371   .081   0
 116 HMC3118S 1800 2015    216      6      0    .741    .93   3.38   .538   .784   .266   2.01   .280   .045   1
 117 HMC3118E 1798 2015    218      7      0    .637   1.15   2.90   .464   .603   .254   2.01   .267  -.008   2
 118 HMC3119S 1825 1984    160      4      0    .686    .60   1.70   .341   .763   .305   1.71   .286  -.008   1
 119 HMC3119N 1824 1943    120      3      0    .805    .67   2.20   .386   .769   .300   1.81   .282  -.006   1
 120 HMC3121N 1873 2015    143      3      0    .630   1.29   2.92   .504   .410   .300   2.35   .295  -.036   3
 121 HMC3121E 1878 2015    138      3      0    .775   1.35   3.12   .526   .505   .299   1.70   .272  -.023   3
 122 HMC3122W 1875 2015    141      3      0    .819   1.05   3.24   .641   .725   .345   2.03   .353   .047   1
 123 HMC3123W 1844 1913     70      1      0    .589   1.00   3.53   .946   .924   .335   2.61   .373   .009   1
 124 HMC3123E 1844 2015    172      5      0    .654    .64   3.40   .569   .924   .284   2.30   .304   .046   1
 125 HMC3124S 1823 2015    193      6      0    .720    .54   2.79   .579   .930   .278   1.82   .284   .004   1
 126 HMC3125E 1872 2015    144      4      0    .764    .73   3.39   .637   .921   .263   2.12   .268  -.061   3
 127 HMC3125W 1841 2015    175      5      0    .738    .70   3.46   .731   .927   .298   1.90   .308   .007   1
 128 HMC3161N 1843 2000    158      5      0    .603    .39   2.16   .419   .868   .428   2.38   .414  -.016   1
 129 HMC3161S 1843 2015    173      5      0    .649    .46   1.69   .376   .847   .362   1.99   .358   .046   1
 130 HMC3163E 1826 2015    190      5      0    .737    .93   2.09   .436   .761   .281   1.68   .265   .044   3
 131 HMC3164W 1821 2005    185      6      1    .487    .32   2.03   .381   .873   .474   2.67   .444   .014   3
 132 HMC3192W 1835 2000    166      5      1    .455    .30   3.04   .433   .885   .429   2.60   .412  -.020   3
 133 HMC3195E 1838 2015    178      5      0    .804    .90   3.31   .625   .834   .309   2.30   .302   .047   3
 134 HMC3195S 1786 2015    230      7      0    .591    .92   3.47   .727   .878   .286   1.85   .284   .013   1
 135 HMC3196N 1823 2015    193      5      0    .773    .83   3.46   .632   .835   .315   1.79   .298  -.010   3
 136 HMC3196S 1826 2013    188      5      0    .714    .58   2.27   .371   .706   .361   2.23   .344  -.012   3
 137 HMC3197E 1816 2015    200      6      0    .669   1.02   4.44   .730   .850   .269   1.82   .279   .005   1
 138 HMC3197W 1876 2015    140      3      0    .760    .61   2.73   .578   .837   .295   1.78   .301   .008   1
 139 HMC3198E 1842 2015    174      5      0    .612    .84   2.95   .544   .812   .279   2.27   .300  -.015   2
 140 HMC3198W 1844 2015    172      5      0    .624    .53   2.77   .476   .850   .308   2.10   .312  -.015   1
 --- -------- ---------  -----  -----  -----   ------ -----  -----  -----  -----  -----  -----  -----  -----  --
 Total or mean:          21476    556     10    .663    .77   4.79   .490   .777   .326  16.32   .325   .004

 DATA CHECKS (rwl.check): mi025
-----------------------------------------------------------------------------------------------------------------------------------
 rwl.check: data_files/treering/measurements/northamerica/usa/mi025.rwl
 140 series, 21476 measurements, 1777-2015, 0.001 mm precision
 2 error(s), 2 warning(s), 3 note(s)
 -------------
 ERROR
   RWL_DATING_LAG (2)
     HMC1011N: correlates best with the master at lag -2 (r = 0.467 against r = 0.363 as dated); the series may be misdated by 2 year(s), most likely a missing ring
     HMC1032B: correlates best with the master at lag 1 (r = 0.454 against r = 0.352 as dated); the series may be misdated by 1 year(s), most likely a false ring or a ring measured twice
 -------------
 WARNING
   RWL_MIXED_EOL (1)
     line endings are not consistent: 6 carriage return(s) against 2278 line feed(s); mixed endings can defeat a reader
   RWL_SERIES_OUTLIER (1)
     HMC1001N: correlates with the rest of the collection at r = 0.168 where the collection median is 0.667 (4.3 MAD below it); it does not fit the collection it is in
 3 note(s) not shown; see rwl.check() or the 'check' element of this report.

 NOTES
-----------------------------------------------------------------------------------------------------------------------------------
 Report generated using dplR 1.8.1 (R 4.5.2) on 2026-10-01 16:50 PDT.
 Measurement file mi025.rwl, MD5 0d964909d17db1c5f0691fc1f1a1b6ef.
 Filtering: each series divided by a 32-year smoothing spline (caps()), then prewhitened with
   an AR model (order by AIC, at most 3).
 Master: biweight robust mean of the other series (leave-one-out).
 Correlation: Pearson, one-tailed, pcrit = 0.01; critical r = 0.3281 for 50-year segments.
 Segments: 50 years, lagged 25, first segment floored to 100. Lags searched: +/- 10 years.
 A segment is tested only where the series and the master cover all of it, at the dated
   position and at every lag. COFECHA also tests partial segments at the ends of a series, so
   series here may show fewer segments, and no flags can be raised at the ends of the record.
 Lags follow COFECHA: negative means rings are probably missing from the series, positive means
   false rings. A missing ring carries its lag into every segment before it, so look where the
   lag changes along a series. A B flag is a hypothesis to check on the wood; the gain says how
   seriously to take it.
 A B flag marked "weak at every lag" correlates under the critical value even at its best lag:
   the segment is weak wherever it is placed, and the shift is not evidence of a dating error.
   Treat it as a low correlation, like an A.
 Averages in the summary and the totals are weighted by the number of years in each series, as
   COFECHA's are.
 Unfiltered block and mean sensitivity: the measurements as read, and sens1().
 dplR filtered block: the series that was correlated, after filtering. COFECHA's filtered
   series is defined differently, so these three columns are not COFECHA's numbers.
 AR: order of the AR model used to prewhiten.
 Left out of the crossdating: the 'nyrs' spline for series HMC1028W is not all positive, so
   dividing by it would give negative or infinite indices. Remove the series, or detrend the
   data yourself with detrend() and pass the indices with 'nyrs = NULL'
