
 COFECHA-style crossdating report: mo051
 Report generated using dplR 1.8.1 (R 4.5.2) on 2026-10-01 16:56 PDT
 Built with dplR's xdate.report(), not COFECHA; see the notes at the end.


      Measurement file name  : mo051.rwl
      MD5 of measurement file: ac39c50a35d293bd085629a36af53c14
      Date checked           : 01OCT26
      Beginning year         : 1806
      Ending year            : 2002
      Principal investigators: Voelker, S.L.; Guyette, R.P.; Muzika, R.
      Site name              : Southeastern Missouri
      Species information    : PIEC Pinus echinata Mill.
      Latitude               : 37.2000 N
      Longitude              : 91.2000 W
      Elevation              : 220 m

      Series intercorrelation: 0.445
      Avg mean sensitivity   : 0.294
      Avg standard deviation : 0.867
      Avg autocorrelation    : 0.728
      Number dated series    : 87
      Segment length tested  : 50

      Number problem segments: 19  (A 3, B 16; 9 of the B weak at every lag)
      Pct problem segments   : 14.96


 CORRELATION OF SERIES BY SEGMENTS: mo051
-----------------------------------------------------------------------------------------------------------------------------------
 Correlations of  50-year dated segments, lagged  25 years
 Flags:  A = correlation under   .3281 but highest as dated;  B = correlation higher at other than dated position

 Seq Series  Time_span  1900 1925 1950 
                        1949 1974 1999 
 --- -------- ---------  ---- ---- ---- 
   1 15502    1919 2001       .60  .64 
   2 21306    1943 2001            .45 
   3 40304    1885 2002  .36  .55  .55 
   7 45202    1858 2002  .32B .58  .57 
   8 45203    1877 2002  .26B .55  .53 
   9 61101    1920 2002       .46  .60 
  10 61102    1921 2000       .38B .40 
  11 61104    1918 2002       .44  .38 
  12 61203    1919 2002       .68  .63 
  13 61206    1921 2002       .66  .69 
  14 61301    1916 2002       .58  .62 
  15 61302    1917 2002       .48  .71 
  16 61304    1921 2002       .60  .53 
  17 61305    1912 2002       .65  .63 
  18 61307    1912 2002       .46  .63 
  19 61311    1916 2002       .55  .67 
  20 61312    1917 2002       .29A .58 
  21 61404    1915 2002       .41  .66 
  23 61507    1936 2002            .55 
  24 64103    1927 2001            .42 
  25 64104    1927 2001            .46 
  28 70402    1927 2001            .58 
  32 76306    1914 2001       .47  .42 
  33 76307    1916 1995       .58      
  34 77201    1919 2001       .60  .71 
  38 90202    1948 2002            .67 
  39 90203    1927 2002            .54 
  40 90404    1884 2002  .67  .39  .36 
  42 133404   1933 2001            .43 
  43 134205   1938 2002            .25A
  44 148403   1926 2001            .58 
  45 148406   1927 2001            .39 
  46 149407   1928 2001            .42 
  47 159103   1921 2001       .61  .58 
  48 159104   1916 2001       .51  .48 
  49 159302   1896 2002  .22B .36B .41 
  50 159305   1916 2002       .65  .70 
  51 159501   1921 2002       .35  .55 
  52 161204   1882 2002  .19B .53  .54 
  53 161403   1940 2002            .54 
  54 169502   1806 2000 -.02B .23B .38 
  55 179408   1941 2000            .42 
  56 179409   1942 2001            .41 
  57 185505   1916 2000       .54  .28B
  58 185506   1899 2002       .59  .39 
  59 194104   1936 2002            .43 
  60 194204   1930 2002            .58 
  61 194306   1930 2002            .43 
  62 194503   1939 2002            .37 
  63 202207   1929 2000            .45 
  64 205205   1867 1999  .31A .30B .01B
  65 205402   1950 2001            .63 
  67 205509   1944 1999            .56 
  68 205513   1944 2001            .46 
  69 220105   1939 2000            .47 
  70 222101   1834 2001  .48  .69  .64 
  71 222106   1851 1997  .56  .74      
  72 222405   1942 2002            .72 
  73 222410   1867 2000  .54  .54  .45 
  74 222411   1875 2002  .24B .57  .69 
  75 222414   1861 2002  .12B .60  .66 
  76 222504   1879 2002  .21B .52  .64 
  77 222506   1865 2002  .63  .48  .57 
  78 241102   1934 2001            .53 
  79 241108   1933 2001            .70 
  82 260208   1923 2000       .35  .54 
  84 272402   1943 2001            .42 
  85 289305   1869 2000  .58  .75  .66 
  86 289306   1873 2000  .62  .67  .55 
  87 293101   1871 1991  .45B .07B     
 Av segment correlation  .37  .51  .52 

 FLAGGED SEGMENTS: mo051
-----------------------------------------------------------------------------------------------------------------------------------
 Seq Series   Segment    Flag  r dated  Best lag  r at lag   Gain  Note
 --- -------- ---------  ----  -------  --------  --------  -----  -----------------
   7 45202    1900 1949     B     .318        -1      .339   .021
   8 45203    1900 1949     B     .258        -2      .268   .011  weak at every lag
  10 61102    1925 1974     B     .383         2      .605   .222
  20 61312    1925 1974     A     .290         0
  43 134205   1950 1999     A     .245         0
  49 159302   1900 1949     B     .224        -2      .289   .065  weak at every lag
  49 159302   1925 1974     B     .355         9      .510   .154
  52 161204   1900 1949     B     .192        -2      .227   .035  weak at every lag
  54 169502   1900 1949     B    -.020        -5      .298   .317  weak at every lag
  54 169502   1925 1974     B     .226        -9      .276   .050  weak at every lag
  57 185505   1950 1999     B     .280        -4      .285   .005  weak at every lag
  64 205205   1900 1949     A     .309         0
  64 205205   1925 1974     B     .298         2      .363   .065
  64 205205   1950 1999     B     .010         2      .647   .637
  74 222411   1900 1949     B     .238        -2      .591   .353
  75 222414   1900 1949     B     .116        10      .288   .172  weak at every lag
  76 222504   1900 1949     B     .215       -10      .252   .037  weak at every lag
  87 293101   1900 1949     B     .453        -4      .540   .087
  87 293101   1925 1974     B     .067        -4      .317   .250  weak at every lag

 DESCRIPTIVE STATISTICS: mo051
-----------------------------------------------------------------------------------------------------------------------------------

                                                Corr   //-------- Unfiltered --------\\  //-- dplR filtered --\\
                           No.    No.    No.    with   Mean   Max     Std   Auto   Mean   Max     Std   Auto  AR
 Seq Series   Interval   Years  Segmt  Flags   Master  msmt   msmt    dev   corr   sens  value    dev   corr  ()
 --- -------- ---------  -----  -----  -----   ------ -----  -----  -----  -----  -----  -----  -----  -----  --
   1 15502    1919 2001     83      2      0    .555   2.02   4.22   .664   .590   .245   1.61   .242  -.006   1
   2 21306    1943 2001     59      1      0    .394   1.86   4.18  1.010   .739   .289   1.61   .299   .029   1
   3 40304    1885 2002    118      3      0    .415   1.35   2.83   .550   .504   .333   1.69   .305   .015   1
   4 45101    1968 2002     35      0      0    .519   2.06   3.34   .484   .322   .215   1.59   .213   .225   0
   5 45103    1956 2002     47      0      0    .739   1.85   4.28   .696   .564   .275   1.77   .268  -.010   2
   6 45105    1957 2002     46      0      0    .409   1.34   2.24   .405   .121   .323   1.74   .283   .027   0
   7 45202    1858 2002    145      3      1    .213   1.03   3.06   .543   .598   .383   2.27   .380   .037   1
   8 45203    1877 2002    126      3      1    .347    .92   3.99   .685   .690   .381   2.57   .439  -.002   3
   9 61101    1920 2002     83      2      0    .557   1.91   5.78  1.257   .855   .279   1.78   .267   .030   2
  10 61102    1921 2000     80      2      1    .358   1.74   4.55   .757   .789   .219   1.39   .193  -.018   3
  11 61104    1918 2002     85      2      0    .434   1.99   3.62   .705   .647   .229   1.63   .211   .137   0
  12 61203    1919 2002     84      2      0    .600   1.96   3.38   .605   .581   .238   1.77   .222   .051   3
  13 61206    1921 2002     82      2      0    .679   2.10   5.03   .924   .777   .240   1.68   .241  -.016   1
  14 61301    1916 2002     87      2      0    .608   1.95   3.69   .716   .710   .231   1.55   .208  -.010   2
  15 61302    1917 2002     86      2      0    .461   1.86   6.58  1.023   .568   .305   2.15   .313   .107   0
  16 61304    1921 2002     82      2      0    .535   1.99   4.48  1.020   .841   .207   1.51   .215   .029   1
  17 61305    1912 2002     91      2      0    .583   1.40   4.33   .988   .854   .255   1.70   .265  -.014   1
  18 61307    1912 2002     91      2      0    .508   1.59   6.37   .879   .477   .300   2.06   .295   .082   3
  19 61311    1916 2002     87      2      0    .648   1.20   3.42   .686   .827   .263   1.63   .248   .065   2
  20 61312    1917 2002     86      2      1    .411   1.49   4.67  1.208   .855   .297   1.73   .284  -.006   1
  21 61404    1915 2002     88      2      0    .540   1.46   3.20   .575   .712   .269   1.52   .244   .059   0
  22 61503    1955 2002     48      0      0    .571   1.62   3.65   .796   .655   .334   1.66   .305   .012   1
  23 61507    1936 2002     67      1      0    .409   1.21   3.16   .748   .733   .333   1.66   .302   .038   1
  24 64103    1927 2001     75      1      0    .488   1.46   4.22   .636   .754   .235   1.46   .224   .043   1
  25 64104    1927 2001     75      1      0    .387   2.16   4.80   .759   .558   .263   1.77   .253   .003   1
  26 69104    1950 1991     42      0      0    .162   2.50   4.36   .682   .596   .167   1.63   .194  -.014   1
  27 70205    1930 1995     66      0      0    .386   2.13   6.05  1.708   .900   .369   2.22   .364   .059   3
  28 70402    1927 2001     75      1      0    .590   1.91   6.17  1.244   .855   .290   1.62   .275   .033   1
  29 70501    1932 1994     63      0      0    .522   2.04   5.02   .924   .811   .211   1.90   .222   .007   3
  30 70502    1928 1992     65      0      0    .117   1.70   5.65  1.147   .725   .311   2.13   .378   .073   2
  31 75102    1929 1997     69      0      0    .408   1.74   7.74  1.636   .877   .352   2.02   .394   .004   1
  32 76306    1914 2001     88      2      0    .433   1.91   4.42   .895   .556   .365   1.73   .319   .031   1
  33 76307    1916 1995     80      1      0    .572   2.06   4.43  1.016   .627   .355   1.61   .311   .014   1
  34 77201    1919 2001     83      2      0    .631   1.40   4.32   .790   .744   .298   1.78   .301  -.011   1
  35 87201    1965 2002     38      0      0    .589   2.25   3.67   .771   .692   .244   1.33   .239   .043   1
  36 87203    1967 2001     35      0      0    .429   2.34   3.66   .530   .299   .216   1.45   .209  -.017   1
  37 87211    1966 2002     37      0      0    .401   2.27   4.66   .804   .616   .239   1.36   .210   .005   3
  38 90202    1948 2002     55      1      0    .687   2.23   4.13   .812   .747   .230   1.49   .227   .007   2
  39 90203    1927 2002     76      1      0    .456   1.39   3.49   .751   .667   .373   1.96   .362   .040   1
  40 90404    1884 2002    119      3      0    .486   1.54   4.60   .883   .763   .327   1.71   .333   .151   1
  41 90407    1949 2002     54      0      0    .495   1.69   2.92   .548   .642   .254   1.36   .215   .079   3
  42 133404   1933 2001     69      1      0    .489   1.98   8.42  1.649   .850   .300   1.64   .270  -.020   2
  43 134205   1938 2002     65      1      1    .255   2.19   5.27  1.360   .859   .230   1.66   .241   .062   1
  44 148403   1926 2001     76      1      0    .601   1.64   4.79   .807   .741   .275   1.57   .256   .035   2
  45 148406   1927 2001     75      1      0    .470   1.62   4.82   .691   .665   .256   1.55   .241  -.010   2
  46 149407   1928 2001     74      1      0    .379   1.93   6.25  1.193   .745   .324   1.95   .333   .050   1
  47 159103   1921 2001     81      2      0    .581   1.71   4.02   .918   .835   .268   1.83   .282  -.006   1
  48 159104   1916 2001     86      2      0    .523   2.07   5.72  1.359   .913   .243   1.61   .240  -.005   3
  49 159302   1896 2002    107      3      2    .356    .95   3.49   .597   .662   .354   2.53   .374   .028   1
  50 159305   1916 2002     87      2      0    .649   1.82   3.80   .683   .587   .299   1.86   .290   .022   1
  51 159501   1921 2002     82      2      0    .504   1.25   2.52   .553   .389   .368   1.74   .349   .146   0
  52 161204   1882 2002    121      3      1    .296   1.60   5.12  1.019   .804   .316   2.51   .363   .002   2
  53 161403   1940 2002     63      1      0    .530   1.97   6.66  1.597   .925   .326   2.32   .336  -.057   3
  54 169502   1806 2000    195      3      2    .074    .56   4.60   .555   .826   .355   2.51   .390   .019   1
  55 179408   1941 2000     60      1      0    .435   2.32   5.58  1.063   .740   .252   1.59   .251   .008   2
  56 179409   1942 2001     60      1      0    .473   2.12   4.31   .875   .693   .268   1.59   .239  -.057   3
  57 185505   1916 2000     85      2      1    .340   1.38   2.89   .643   .744   .286   1.61   .271  -.012   1
  58 185506   1899 2002    104      2      0    .443   1.45   3.60   .846   .845   .298   1.99   .298   .017   3
  59 194104   1936 2002     67      1      0    .458   2.79   8.46  2.034   .908   .249   1.53   .250   .005   2
  60 194204   1930 2002     73      1      0    .493   2.11   4.15   .919   .684   .289   1.48   .267  -.042   1
  61 194306   1930 2002     73      1      0    .452   1.63   5.03  1.011   .864   .261   1.49   .250   .006   1
  62 194503   1939 2002     64      1      0    .372   1.29   2.38   .440   .573   .262   1.63   .254  -.022   3
  63 202207   1929 2000     72      1      0    .414   1.65   4.63  1.191   .865   .286   2.10   .327   .002   3
  64 205205   1867 1999    133      3      3    .244   1.38   3.78   .765   .750   .302   1.87   .298   .012   2
  65 205402   1950 2001     52      1      0    .615   1.82   4.80   .715   .547   .267   1.51   .240   .025   0
  66 205504   1950 2002     53      0      0    .629   2.06   4.26   .936   .791   .254   1.49   .246   .025   1
  67 205509   1944 1999     56      1      0    .551   2.31   4.94  1.481   .872   .321   1.86   .298   .126   0
  68 205513   1944 2001     58      1      0    .497   1.92   4.13   .928   .841   .265   1.65   .254   .022   1
  69 220105   1939 2000     62      1      0    .450   2.53   6.09  1.403   .775   .292   1.65   .266   .162   0
  70 222101   1834 2001    168      3      0    .269   1.38   3.46   .654   .625   .349   2.70   .360   .026   1
  71 222106   1851 1997    147      2      0    .511    .99   3.46   .680   .796   .336   2.18   .323   .002   1
  72 222405   1942 2002     61      1      0    .705   2.07   4.99   .948   .775   .264   1.47   .253  -.016   1
  73 222410   1867 2000    134      3      0    .516   1.17   4.97  1.103   .846   .347   2.69   .380  -.032   1
  74 222411   1875 2002    128      3      1    .398    .88   3.16   .598   .791   .304   2.19   .317  -.020   1
  75 222414   1861 2002    142      3      1    .221   1.12   5.05   .945   .862   .315   2.15   .331  -.005   2
  76 222504   1879 2002    124      3      1    .290   1.34   3.68   .689   .813   .239   1.93   .262   .013   1
  77 222506   1865 2002    138      3      0    .579   1.09   3.58   .743   .797   .352   1.86   .344   .010   1
  78 241102   1934 2001     68      1      0    .394   2.34   6.07   .980   .653   .306   1.74   .281  -.011   1
  79 241108   1933 2001     69      1      0    .502   2.20   5.41  1.219   .865   .253   1.50   .244   .132   1
  80 242105   1953 2001     49      0      0    .274   2.05   4.18   .820   .774   .212   1.50   .228  -.038   1
  81 242404   1953 2001     49      0      0    .384   1.59   4.21   .831   .722   .282   1.99   .289   .066   1
  82 260208   1923 2000     78      2      0    .460   1.54   3.86   .727   .651   .305   1.76   .288   .106   0
  83 272305   1950 2001     52      0      0    .276   2.97   6.65   .921   .448   .243   1.50   .227   .110   1
  84 272402   1943 2001     59      1      0    .441   2.48   4.76   .995   .778   .224   1.47   .213   .028   1
  85 289305   1869 2000    132      3      0    .643   1.53   4.29   .799   .767   .267   1.70   .270   .021   3
  86 289306   1873 2000    128      3      0    .612   1.31   4.94   .762   .793   .286   1.97   .296  -.022   1
  87 293101   1871 1991    121      2      2    .222    .91   2.82   .510   .726   .299   1.94   .306   .022   2
 --- -------- ---------  -----  -----  -----   ------ -----  -----  -----  -----  -----  -----  -----  -----  --
 Total or mean:           7181    127     19    .445   1.62   8.46   .867   .728   .294   2.70   .293   .024

 DATA CHECKS (rwl.check): mo051
-----------------------------------------------------------------------------------------------------------------------------------
 rwl.check: data_files/treering/measurements/northamerica/usa/mo051.rwl
 87 series, 7181 measurements, 1806-2002, 0.01 mm precision
 1 error(s), 0 warning(s), 12 note(s)
 -------------
 ERROR
   RWL_DATING_LAG (1)
     70502: correlates best with the master at lag -3 (r = 0.375 against r = 0.163 as dated); the series may be misdated by 3 year(s), most likely a missing ring
 12 note(s) not shown; see rwl.check() or the 'check' element of this report.

 NOTES
-----------------------------------------------------------------------------------------------------------------------------------
 Report generated using dplR 1.8.1 (R 4.5.2) on 2026-10-01 16:56 PDT.
 Measurement file mo051.rwl, MD5 ac39c50a35d293bd085629a36af53c14.
 Filtering: each series divided by a 32-year smoothing spline (caps()), then prewhitened with
   an AR model (order by AIC, at most 3).
 Master: biweight robust mean of the other series (leave-one-out).
 Correlation: Pearson, one-tailed, pcrit = 0.01; critical r = 0.3281 for 50-year segments.
 Segments: 50 years, lagged 25, first segment floored to 100. Lags searched: +/- 10 years.
 A segment is tested only where the series and the master cover all of it, at the dated
   position and at every lag. COFECHA also tests partial segments at the ends of a series, so
   series here may show fewer segments, and no flags can be raised at the ends of the record.
 Lags follow COFECHA: negative means rings are probably missing from the series, positive means
   false rings. A missing ring carries its lag into every segment before it, so look where the
   lag changes along a series. A B flag is a hypothesis to check on the wood; the gain says how
   seriously to take it.
 A B flag marked "weak at every lag" correlates under the critical value even at its best lag:
   the segment is weak wherever it is placed, and the shift is not evidence of a dating error.
   Treat it as a low correlation, like an A.
 Averages in the summary and the totals are weighted by the number of years in each series, as
   COFECHA's are.
 Unfiltered block and mean sensitivity: the measurements as read, and sens1().
 dplR filtered block: the series that was correlated, after filtering. COFECHA's filtered
   series is defined differently, so these three columns are not COFECHA's numbers.
 AR: order of the AR model used to prewhiten.
