
 COFECHA-style crossdating report: mo052
 Report generated using dplR 1.8.1 (R 4.5.2) on 2026-10-01 16:57 PDT
 Built with dplR's xdate.report(), not COFECHA; see the notes at the end.


      Measurement file name  : mo052.rwl
      MD5 of measurement file: 41431dac5c098695e22d9fe798c28b3a
      Date checked           : 01OCT26
      Beginning year         : 1897
      Ending year            : 2002
      Principal investigators: Voelker, S.L.; Guyette, R.P.; Muzika, R.
      Site name              : Southeastern Missouri
      Species information    : QUCO Quercus coccinea Muenchh.
      Latitude               : 37.2000 N
      Longitude              : 91.2000 W
      Elevation              : 220 m

      Series intercorrelation: 0.471
      Avg mean sensitivity   : 0.199
      Avg standard deviation : 0.656
      Avg autocorrelation    : 0.606
      Number dated series    : 202
      Segment length tested  : 50

      Number problem segments: 13  (A 6, B 7; 2 of the B weak at every lag)
      Pct problem segments   : 7.88


 CORRELATION OF SERIES BY SEGMENTS: mo052
-----------------------------------------------------------------------------------------------------------------------------------
 Correlations of  50-year dated segments, lagged  25 years
 Flags:  A = correlation under   .3281 but highest as dated;  B = correlation higher at other than dated position

 Seq Series  Time_span  1900 1925 1950 
                        1949 1974 1999 
 --- -------- ---------  ---- ---- ---- 
   1 18204    1907 2002       .55  .48 
   2 18403    1933 2002            .52 
   3 18505    1897 2002       .48  .41 
   4 40202    1918 2002       .69  .53 
   6 78103    1910 2002       .72  .68 
  11 89403    1929 2002            .40 
  13 89506    1939 2002            .67 
  18 90110    1947 2002            .47 
  19 90111    1945 2002            .42 
  24 90306    1945 2002            .50 
  25 90309    1949 2002            .39 
  29 90401    1907 2002       .53  .73 
  31 102503   1942 2002            .55 
  32 102505   1946 2002            .35 
  34 102508   1946 2002            .33A
  35 124501   1909 2002       .65  .45 
  36 140507   1936 2002            .41 
  37 149402   1930 2002            .69 
  38 149403   1928 2002            .58 
  39 149502   1927 2002            .68 
  40 154105   1931 2002            .52 
  41 154110   1934 2002            .40 
  42 154309   1934 2002            .54 
  44 161308   1938 2002            .49 
  46 167106   1946 2002            .60 
  47 167202   1945 2002            .47 
  49 167301   1923 2002       .71  .71 
  50 167304   1926 2002            .47 
  53 168204   1931 2002            .55 
  54 168303   1920 2002       .65  .55 
  55 168504   1939 2002            .45 
  56 169201   1911 2002       .46  .31B
  57 169401   1930 2002            .51 
  58 169405   1929 2002            .24B
  63 190201   1919 2002       .51  .61 
  65 190403   1922 2002       .51  .57 
  66 278503   1932 2002            .53 
  67 278507   1934 2002            .57 
  70 15205    1943 2002            .56 
  72 15304    1903 2002       .29B .34 
  74 61103    1925 2001       .32A .43 
  77 61506    1935 2002            .58 
  80 69202    1942 2002            .34 
  81 69403    1942 2002            .51 
  82 73102    1946 2001            .55 
  83 73103    1945 2001            .38 
  84 73105    1944 2002            .45 
  85 73208    1942 2002            .53 
  86 73213    1946 2002            .50 
  87 73303    1943 2002            .54 
  89 73505    1945 2002            .43 
  90 76401    1940 2001            .66 
  91 76410    1939 2002            .60 
  92 76504    1936 2002            .49 
  93 77104    1923 2001       .63  .49 
  94 77504    1946 2002            .39 
 100 91307    1945 2002            .04B
 102 134502   1943 2002            .42 
 103 148103   1935 2001            .58 
 104 148201   1927 2001            .60 
 105 148204   1927 2002            .75 
 106 148304   1936 2002            .71 
 107 148306   1932 2002            .63 
 108 148401   1902 1996      -.11B     
 109 148505   1929 2000            .32A
 110 155208   1918 2001       .63  .56 
 111 155504   1919 2002       .50  .42 
 112 155507   1918 2002       .55  .39 
 113 159102   1917 2001       .43  .37 
 114 159203   1913 2002       .32A .46 
 115 159502   1913 2002       .35  .43 
 116 180101   1923 2001       .42  .52 
 117 180102   1932 2001            .54 
 118 180104   1927 2002            .55 
 119 180201   1907 2002       .57  .42 
 120 180202   1911 2002       .67  .47 
 121 180401   1923 2002       .70  .59 
 122 180402   1945 2002            .37 
 123 181101   1946 2001            .32A
 124 181306   1941 2001            .53 
 126 185204   1910 2002       .40  .61 
 127 185301   1921 2002       .57  .44 
 128 185302   1917 2002       .62  .64 
 129 205105   1949 2001            .69 
 130 205403   1949 2001            .51 
 131 205406   1946 2002            .32B
 132 220405   1939 2002            .62 
 133 220502   1945 2002            .69 
 135 226408   1920 1997       .52      
 136 226410   1910 2001       .75  .55 
 137 230503   1945 2002            .48 
 139 230507   1937 2002            .43 
 144 242207   1948 2002            .46 
 146 242304   1945 2002            .54 
 149 242307   1944 2002            .73 
 153 242506   1929 2002            .71 
 155 242511   1946 2002            .22B
 157 250501   1929 2002            .54 
 158 260305   1916 2001       .74  .60 
 159 260306   1922 2002       .74  .63 
 160 260401   1923 2002       .49  .55 
 161 260405   1921 2001       .61  .51 
 162 260507   1936 2002            .68 
 165 269106   1948 2002            .47 
 166 269202   1948 2002            .58 
 167 269207   1946 2002            .49 
 168 269209   1947 2002            .69 
 172 269412   1948 2002            .69 
 175 272104   1946 2000            .42 
 177 272203   1947 2002            .31A
 181 272403   1945 2002            .62 
 182 288105   1942 2001            .75 
 183 288202   1926 2001            .61 
 184 288203   1940 2002            .33 
 185 288301   1900 2002       .53  .61 
 186 288503   1937 2002            .58 
 187 288505   1946 2002            .55 
 188 288511   1940 2002            .63 
 189 289106   1943 2002            .67 
 190 289107   1941 2001            .45 
 191 289202   1943 2001            .34 
 193 289403   1942 2002            .55 
 194 289404   1940 2002            .58 
 195 290205   1917 2001       .76  .59 
 197 290507   1925 2002            .50 
 198 298504   1928 2002            .51 
 199 298505   1929 2002            .64 
 200 75307    1929 2002            .43 
 201 70504    1938 2002            .52 
 202 155506   1917 2002       .74  .60 
 Av segment correlation       .55  .52 

 FLAGGED SEGMENTS: mo052
-----------------------------------------------------------------------------------------------------------------------------------
 Seq Series   Segment    Flag  r dated  Best lag  r at lag   Gain  Note
 --- -------- ---------  ----  -------  --------  --------  -----  -----------------
  34 102508   1950 1999     A     .325         0
  56 169201   1950 1999     B     .308       -10      .386   .078
  58 169405   1950 1999     B     .240        -3      .404   .164
  72 15304    1925 1974     B     .292         8      .294   .002  weak at every lag
  74 61103    1925 1974     A     .316         0
 100 91307    1950 1999     B     .038        -2      .343   .305
 108 148401   1925 1974     B    -.107        10      .510   .616
 109 148505   1950 1999     A     .318         0
 114 159203   1925 1974     A     .322         0
 123 181101   1950 1999     A     .315         0
 131 205406   1950 1999     B     .318        -8      .387   .069
 155 242511   1950 1999     B     .220         1      .234   .015  weak at every lag
 177 272203   1950 1999     A     .308         0

 DESCRIPTIVE STATISTICS: mo052
-----------------------------------------------------------------------------------------------------------------------------------

                                                Corr   //-------- Unfiltered --------\\  //-- dplR filtered --\\
                           No.    No.    No.    with   Mean   Max     Std   Auto   Mean   Max     Std   Auto  AR
 Seq Series   Interval   Years  Segmt  Flags   Master  msmt   msmt    dev   corr   sens  value    dev   corr  ()
 --- -------- ---------  -----  -----  -----   ------ -----  -----  -----  -----  -----  -----  -----  -----  --
   1 18204    1907 2002     96      2      0    .437   1.99   3.82   .719   .681   .234   1.74   .252   .026   1
   2 18403    1933 2002     70      1      0    .529   1.29   1.87   .271   .526   .156   1.56   .158   .084   1
   3 18505    1897 2002    106      2      0    .369   1.92   4.19   .608   .736   .170   1.60   .183  -.023   1
   4 40202    1918 2002     85      2      0    .613   1.88   3.58   .616   .728   .179   1.45   .165   .034   1
   5 40302    1960 2002     43      0      0    .515   2.70   4.41   .720   .455   .186   1.63   .220   .035   1
   6 78103    1910 2002     93      2      0    .649   2.56   5.50   .850   .592   .216   1.82   .225  -.008   1
   7 85402    1961 2002     42      0      0    .083   2.86   5.57   .836   .552   .221   1.75   .222   .014   2
   8 85406    1960 2002     43      0      0    .536   1.84   2.74   .364   .300   .192   1.45   .183   .207   0
   9 85407    1953 2002     50      0      0    .460   2.84   5.79  1.235   .838   .198   1.50   .194  -.046   1
  10 85504    1953 2002     50      0      0    .331   2.71   5.16   .986   .809   .184   1.44   .176  -.134   2
  11 89403    1929 2002     74      1      0    .449   1.95   3.46   .669   .740   .189   1.52   .182   .130   0
  12 89503    1954 2002     49      0      0    .408   2.40   4.11   .524   .440   .171   1.37   .170   .027   2
  13 89506    1939 2002     64      1      0    .662   2.67   4.40   .682   .630   .176   1.50   .187  -.036   1
  14 90101    1957 2002     46      0      0    .511   2.50   4.67   .761   .617   .198   1.48   .185   .095   0
  15 90105    1960 2002     43      0      0    .474   1.57   2.38   .362   .222   .242   1.34   .199   .028   2
  16 90108    1952 2002     51      0      0    .489   1.16   1.96   .329   .367   .256   1.40   .223  -.014   2
  17 90109    1951 2002     52      0      0    .572   2.24   4.01   .736   .465   .298   1.68   .251  -.015   2
  18 90110    1947 2002     56      1      0    .455   2.11   3.73   .572   .600   .189   1.44   .176   .175   0
  19 90111    1945 2002     58      1      0    .417   1.76   4.07   .747   .540   .285   2.28   .319  -.019   2
  20 90201    1951 2002     52      0      0    .384   1.80   2.78   .435   .384   .211   1.41   .203   .193   0
  21 90205    1955 2002     48      0      0    .336   1.92   2.77   .321   .678   .107   1.20   .109   .057   3
  22 90302    1960 2002     43      0      0    .326   1.66   2.97   .411   .310   .224   1.64   .210   .144   0
  23 90304    1947 1995     49      0      0    .710   1.73   4.12   .627   .406   .248   2.13   .291   .028   1
  24 90306    1945 2002     58      1      0    .478   1.88   3.73   .637   .574   .223   1.62   .235  -.020   1
  25 90309    1949 2002     54      1      0    .375   1.98   4.03   .455   .377   .182   1.61   .173   .123   0
  26 90310    1951 2002     52      0      0    .524   1.52   2.70   .353   .109   .226   1.56   .190  -.065   2
  27 90311    1956 2002     47      0      0    .412   1.80   3.41   .501   .200   .261   1.69   .251   .073   0
  28 90312    1951 2002     52      0      0   -.116   2.07   5.56   .660   .269   .196   2.12   .237   .030   0
  29 90401    1907 2002     96      2      0    .555   1.12   2.85   .572   .768   .247   1.70   .217  -.020   3
  30 102204   1953 2002     50      0      0    .422   2.37   3.76   .699   .743   .162   1.52   .166   .185   0
  31 102503   1942 2002     61      1      0    .458   2.79   5.97  1.123   .825   .207   1.41   .196  -.141   3
  32 102505   1946 2002     57      1      0    .344   1.75   3.23   .571   .739   .171   1.85   .193   .021   3
  33 102506   1964 2002     39      0      0    .263   1.71   2.57   .360   .524   .164   1.35   .145   .061   0
  34 102508   1946 2002     57      1      1    .351   1.75   5.01   .974   .872   .178   1.42   .160   .024   2
  35 124501   1909 2002     94      2      0    .550   1.50   3.55   .533   .587   .227   1.93   .250   .038   1
  36 140507   1936 2002     67      1      0    .379   1.69   2.92   .565   .724   .196   1.52   .191   .018   2
  37 149402   1930 2002     73      1      0    .675   2.25   4.10   .776   .702   .212   1.50   .203   .140   0
  38 149403   1928 2002     75      1      0    .640   2.29   4.38   .753   .605   .218   1.54   .229  -.001   1
  39 149502   1927 2002     76      1      0    .729   1.59   3.90   .562   .611   .194   1.61   .206  -.042   1
  40 154105   1931 2002     72      1      0    .579   1.97   3.57   .531   .650   .177   1.48   .173  -.014   1
  41 154110   1934 2002     69      1      0    .512   1.57   3.16   .545   .818   .166   1.41   .174  -.087   1
  42 154309   1934 2002     69      1      0    .406   1.34   4.29   .609   .743   .151   2.06   .204  -.038   1
  43 154504   1952 2001     50      0      0    .249   2.99   4.59   .760   .434   .193   1.63   .199   .133   0
  44 161308   1938 2002     65      1      0    .396   2.41   4.05   .467   .344   .153   1.49   .163   .101   0
  45 161405   1958 2002     45      0      0    .387   2.32   3.21   .436   .439   .143   1.39   .146   .052   0
  46 167106   1946 2002     57      1      0    .590   1.83   2.74   .421   .492   .176   1.68   .199   .006   1
  47 167202   1945 2002     58      1      0    .482   1.62   2.92   .458   .564   .185   1.76   .201  -.004   1
  48 167204   1953 2002     50      0      0    .460   1.74   2.87   .527   .670   .203   1.39   .207  -.084   3
  49 167301   1923 2002     80      2      0    .685   2.38   4.18   .865   .815   .159   1.41   .163   .028   1
  50 167304   1926 2002     77      1      0    .502   1.42   3.50   .855   .928   .187   1.58   .186  -.016   2
  51 167306   1955 2002     48      0      0    .562   1.70   3.43   .620   .767   .171   1.44   .176  -.012   1
  52 167504   1957 2002     46      0      0    .419   1.99   3.02   .492   .427   .211   1.34   .198   .070   1
  53 168204   1931 2002     72      1      0    .601   1.38   2.31   .323   .372   .212   1.46   .196  -.005   1
  54 168303   1920 2002     83      2      0    .628   1.64   3.25   .418   .567   .179   1.52   .177   .110   0
  55 168504   1939 2002     64      1      0    .497   2.85   4.47   .639   .755   .121   1.28   .123   .116   3
  56 169201   1911 2002     92      2      1    .402   2.45   4.27   .740   .537   .208   1.72   .203   .094   0
  57 169401   1930 2002     73      1      0    .548   2.75   5.30   .679   .811   .115   1.36   .119   .019   2
  58 169405   1929 2002     74      1      1    .424   1.35   2.61   .364   .455   .189   1.46   .193   .104   0
  59 190101   1951 2002     52      0      0    .506   2.17   4.01   .737   .660   .209   1.46   .219   .132   1
  60 190107   1951 2002     52      0      0    .760   1.85   2.64   .325   .049   .190   1.49   .171  -.023   0
  61 190109   1957 2002     46      0      0    .527   3.23   4.94   .865   .726   .150   1.53   .172   .096   0
  62 190111   1951 2002     52      0      0    .522   1.44   2.49   .383   .578   .167   1.41   .176   .102   0
  63 190201   1919 2002     84      2      0    .519   2.41   5.44   .723   .450   .217   1.84   .228   .090   2
  64 190203   1951 2002     52      0      0    .599   2.27   3.10   .409   .541   .141   1.25   .139   .088   1
  65 190403   1922 2002     81      2      0    .476   1.56   3.31   .527   .668   .221   1.51   .202   .127   0
  66 278503   1932 2002     71      1      0    .645   2.66   4.53   .696   .559   .182   1.46   .179  -.079   3
  67 278507   1934 2002     69      1      0    .500   2.13   3.42   .571   .622   .196   1.51   .191   .153   0
  68 293306   1950 2002     53      0      0    .365   1.78   3.60   .629   .605   .233   2.04   .246  -.079   3
  69 15202    1956 2001     46      0      0    .490   3.02   4.66   .710   .314   .200   1.55   .196  -.154   2
  70 15205    1943 2002     60      1      0    .474   1.97   3.47   .767   .837   .184   1.33   .192   .097   1
  71 15208    1958 2001     44      0      0    .444   1.82   3.07   .452   .371   .178   1.37   .167  -.103   0
  72 15304    1903 2002    100      2      1    .290   1.38   2.85   .713   .883   .248   2.13   .274  -.010   1
  73 21106    1963 2001     39      0      0    .482   2.85   4.88   .718   .429   .206   1.47   .175  -.109   3
  74 61103    1925 2001     77      2      1    .394   1.95   4.99   .628   .375   .231   1.78   .223   .029   0
  75 61402    1952 2001     50      0      0    .581   3.00   4.67   .757   .349   .242   1.47   .222   .050   1
  76 61411    1954 2002     49      0      0    .078   1.40   3.43   .457   .195   .270   2.65   .319   .066   0
  77 61506    1935 2002     68      1      0    .540   2.01   4.01   .954   .692   .299   1.69   .265   .051   0
  78 69101    1953 2001     49      0      0    .409   2.01   3.19   .621   .664   .207   1.52   .202   .193   0
  79 69109    1951 2001     51      0      0    .580   2.16   3.41   .633   .586   .203   1.58   .212   .214   0
  80 69202    1942 2002     61      1      0    .277   1.49   3.10   .574   .629   .222   1.68   .249  -.050   1
  81 69403    1942 2002     61      1      0    .509   1.89   3.41   .633   .546   .222   1.56   .215   .105   0
  82 73102    1946 2001     56      1      0    .479   1.53   3.06   .414   .548   .185   1.52   .190   .140   0
  83 73103    1945 2001     57      1      0    .329   1.87   3.19   .512   .545   .176   1.44   .191   .064   2
  84 73105    1944 2002     59      1      0    .433   2.05   5.24   .832   .846   .160   1.31   .158  -.022   1
  85 73208    1942 2002     61      1      0    .519   3.02   6.92  1.657   .840   .203   1.59   .218   .059   1
  86 73213    1946 2002     57      1      0    .494   3.97   6.49  1.146   .756   .154   1.40   .161   .059   1
  87 73303    1943 2002     60      1      0    .509   1.64   4.85   .869   .887   .146   1.65   .174   .039   1
  88 73402    1950 2002     53      0      0    .255   2.12   4.04   .612   .625   .180   1.42   .170  -.090   3
  89 73505    1945 2002     58      1      0    .370   2.19   5.10   .963   .841   .149   1.39   .137  -.038   3
  90 76401    1940 2001     62      1      0    .665   1.69   2.73   .389   .340   .203   1.44   .191   .014   2
  91 76410    1939 2002     64      1      0    .573   1.96   7.01  1.309   .871   .260   1.64   .248  -.002   1
  92 76504    1936 2002     67      1      0    .473   3.13   5.31   .937   .439   .242   1.73   .256   .005   1
  93 77104    1923 2001     79      2      0    .473   2.12   3.65   .588   .346   .255   1.62   .245   .129   0
  94 77504    1946 2002     57      1      0    .340   2.27   4.50   .874   .688   .245   1.69   .242   .036   1
  95 91104    1963 2001     39      0      0    .568   3.19   5.59  1.111   .764   .191   1.39   .178  -.020   1
  96 91203    1962 2002     41      0      0    .402   1.76   3.78   .497   .478   .178   1.52   .196   .210   0
  97 91204    1952 2002     51      0      0   -.063   2.00   4.29   .931   .754   .244   1.89   .283   .039   1
  98 91205    1953 2002     50      0      0    .614   3.33   4.80   .787   .663   .157   1.29   .164   .097   1
  99 91304    1960 2002     43      0      0    .436   1.80   2.88   .467   .405   .221   1.53   .221   .171   0
 100 91307    1945 2002     58      1      1   -.015   2.35   5.44   .788   .676   .154   1.51   .169   .134   1
 101 134402   1951 2001     51      0      0    .188   2.26   3.44   .636   .497   .238   1.38   .210   .105   0
 102 134502   1943 2002     60      1      0    .324   2.55   3.81   .733   .709   .164   1.34   .155  -.140   3
 103 148103   1935 2001     67      1      0    .585   1.47   2.89   .452   .548   .235   1.53   .210   .169   0
 104 148201   1927 2001     75      1      0    .545   2.05   3.50   .587   .705   .160   1.43   .163  -.018   1
 105 148204   1927 2002     76      1      0    .631   3.04   6.31  1.117   .781   .167   1.46   .181  -.006   3
 106 148304   1936 2002     67      1      0    .656   2.15   3.09   .484   .395   .199   1.44   .188  -.001   1
 107 148306   1932 2002     71      1      0    .642   1.58   2.72   .465   .471   .214   1.72   .231  -.003   2
 108 148401   1902 1996     95      1      1    .038   1.99   4.17   .556   .485   .185   1.67   .210  -.012   1
 109 148505   1929 2000     72      1      1    .317   1.96   3.85   .466   .158   .195   1.88   .206   .040   0
 110 155208   1918 2001     84      2      0    .564   2.09   3.90   .598   .363   .232   1.47   .220   .053   0
 111 155504   1919 2002     84      2      0    .336   1.76   3.90   .472   .289   .230   1.72   .191  -.026   1
 112 155507   1918 2002     85      2      0    .436   1.55   3.74   .576   .696   .220   1.56   .196   .082   0
 113 159102   1917 2001     85      2      0    .365   2.72   7.47   .980   .576   .199   2.47   .255   .051   1
 114 159203   1913 2002     90      2      1    .359   2.87   7.80   .833   .267   .188   2.31   .221  -.007   0
 115 159502   1913 2002     90      2      0    .386   1.65   6.66   .828   .634   .202   2.96   .282   .006   2
 116 180101   1923 2001     79      2      0    .431   1.83   4.38   .527   .319   .253   1.89   .219  -.074   0
 117 180102   1932 2001     70      1      0    .464   2.38   4.43   .762   .660   .200   1.41   .186   .078   0
 118 180104   1927 2002     76      1      0    .455   2.45   4.73   .735   .616   .219   1.49   .194   .019   2
 119 180201   1907 2002     96      2      0    .469   2.26   4.44   .780   .588   .257   1.64   .238   .028   1
 120 180202   1911 2002     92      2      0    .484   2.07   3.81   .684   .450   .251   1.66   .236   .023   0
 121 180401   1923 2002     80      2      0    .570   1.15   3.64   .466   .526   .246   1.51   .236   .071   1
 122 180402   1945 2002     58      1      0    .314   1.78   3.41   .552   .628   .232   1.52   .232   .003   1
 123 181101   1946 2001     56      1      1    .289   1.39   2.71   .619   .829   .207   1.55   .214  -.191   1
 124 181306   1941 2001     61      1      0    .401   1.70   3.39   .826   .836   .222   1.81   .244   .012   1
 125 181409   1957 2002     46      0      0    .180   2.47   4.99   .832   .489   .237   1.88   .272   .162   1
 126 185204   1910 2002     93      2      0    .442   2.45   6.52  1.309   .856   .237   1.65   .230   .040   2
 127 185301   1921 2002     82      2      0    .517   1.91   3.64   .474   .189   .215   1.79   .211  -.009   0
 128 185302   1917 2002     86      2      0    .404   1.98   3.86   .446   .204   .202   1.79   .206   .084   0
 129 205105   1949 2001     53      1      0    .691   2.18   3.31   .467   .525   .167   1.46   .177   .064   1
 130 205403   1949 2001     53      1      0    .510   2.05   3.33   .476   .604   .169   1.43   .165   .048   1
 131 205406   1946 2002     57      1      1    .351   2.42   3.65   .556   .693   .145   1.42   .152   .065   1
 132 220405   1939 2002     64      1      0    .559   1.79   3.22   .478   .692   .148   1.50   .166   .012   1
 133 220502   1945 2002     58      1      0    .677   2.27   4.20   .637   .659   .183   1.48   .190   .019   1
 134 222204   1958 2002     45      0      0    .452   2.38   4.60   .763   .677   .166   1.37   .178   .007   1
 135 226408   1920 1997     78      1      0    .443   1.82   5.18   .860   .654   .208   1.98   .279  -.015   1
 136 226410   1910 2001     92      2      0    .392   2.17   4.44   .879   .643   .202   1.65   .225   .133   0
 137 230503   1945 2002     58      1      0    .508   1.90   3.11   .459   .643   .152   1.50   .174   .056   1
 138 230504   1950 2002     53      0      0    .418   1.57   2.67   .598   .856   .175   1.32   .179  -.018   1
 139 230507   1937 2002     66      1      0    .433   2.43   4.17   .914   .876   .159   1.35   .164   .123   1
 140 242201   1952 2002     51      0      0    .464   1.56   2.75   .475   .675   .217   1.46   .191   .094   2
 141 242203   1950 2001     52      0      0    .320   1.31   2.15   .362   .537   .210   1.37   .207   .227   1
 142 242204   1947 1996     50      0      0    .429   1.30   3.03   .579   .802   .213   1.53   .202   .062   1
 143 242206   1956 2002     47      0      0    .435   1.82   2.83   .316   .263   .168   1.42   .148  -.012   0
 144 242207   1948 2002     55      1      0    .465   1.68   3.43   .573   .483   .269   1.69   .253  -.007   1
 145 242303   1953 2002     50      0      0    .544   1.58   2.93   .492   .496   .235   1.75   .238   .192   0
 146 242304   1945 2002     58      1      0    .504   1.39   2.79   .417   .562   .201   1.53   .212   .126   1
 147 242305   1953 2001     49      0      0    .341   1.80   2.80   .553   .750   .174   1.38   .178  -.056   1
 148 242306   1966 2002     37      0      0    .467   2.90   4.63   .480   .247   .143   1.39   .123  -.198   0
 149 242307   1944 2002     59      1      0    .687   2.08   3.19   .695   .842   .159   1.75   .173   .038   1
 150 242501   1959 2002     44      0      0    .512   2.12   3.70   .712   .800   .150   1.45   .166   .107   1
 151 242504   1942 1995     54      0      0    .717   2.58   3.99   .700   .691   .165   1.53   .184   .084   1
 152 242505   1940 1993     54      0      0    .519   1.93   3.70   .705   .705   .202   1.40   .182   .110   0
 153 242506   1929 2002     74      1      0    .567   1.73   3.22   .452   .436   .191   1.62   .182   .028   1
 154 242509   1956 2002     47      0      0    .427   2.54   3.45   .460   .493   .152   1.45   .150  -.003   1
 155 242511   1946 2002     57      1      1    .200   2.23   4.07   .912   .842   .186   1.64   .207   .167   1
 156 250306   1953 2000     48      0      0    .147   1.59   3.23   .654   .814   .167   1.53   .188   .018   2
 157 250501   1929 2002     74      1      0    .546   2.68   5.00   .734   .522   .203   1.52   .207   .035   1
 158 260305   1916 2001     86      2      0    .625   2.49   4.97   .848   .750   .174   1.43   .173   .017   1
 159 260306   1922 2002     81      2      0    .707   2.49   4.49   .881   .774   .167   1.39   .154   .079   0
 160 260401   1923 2002     80      2      0    .467   1.91   3.35   .505   .654   .159   1.73   .172  -.032   1
 161 260405   1921 2001     81      2      0    .503   1.74   3.16   .448   .603   .154   1.44   .151   .060   0
 162 260507   1936 2002     67      1      0    .519   2.15   3.59   .644   .686   .198   1.83   .199  -.026   2
 163 261402   1957 1999     43      0      0    .509   1.50   3.48   .638   .584   .297   1.68   .277   .015   1
 164 261404   1944 1994     51      0      0    .351   2.11   3.47   .503   .640   .154   1.36   .157   .000   1
 165 269106   1948 2002     55      1      0    .503   1.79   3.54   .588   .723   .178   1.36   .168   .168   0
 166 269202   1948 2002     55      1      0    .547   2.08   4.26   .927   .806   .219   1.65   .227   .035   1
 167 269207   1946 2002     57      1      0    .516   2.10   3.57   .734   .770   .194   1.48   .205  -.016   1
 168 269209   1947 2002     56      1      0    .686   1.52   2.97   .550   .779   .183   1.42   .190   .024   1
 169 269305   1950 2001     52      0      0    .454   2.20   4.03   .663   .631   .212   1.29   .176   .017   2
 170 269401   1950 2002     53      0      0    .556   1.75   2.90   .470   .680   .165   1.30   .159   .005   1
 171 269405   1950 2002     53      0      0    .471   1.51   3.87   .612   .798   .184   1.41   .182   .017   2
 172 269412   1948 2002     55      1      0    .700   2.58   3.64   .549   .502   .165   1.42   .158   .101   0
 173 269507   1950 2002     53      0      0    .645   2.06   3.71   .677   .835   .160   1.33   .159   .041   1
 174 272101   1955 2002     48      0      0    .196   2.01   3.89   .919   .767   .241   1.53   .248   .213   0
 175 272104   1946 2000     55      1      0    .422   1.61   3.20   .775   .785   .278   1.67   .261   .059   1
 176 272202   1956 2001     46      0      0    .242   1.55   2.26   .361   .629   .154   1.22   .142   .021   3
 177 272203   1947 2002     56      1      1    .325   1.67   2.78   .474   .573   .217   1.49   .204   .024   2
 178 272205   1951 2002     52      0      0    .376   1.46   2.61   .488   .581   .238   1.60   .233   .057   1
 179 272206   1951 2002     52      0      0    .489   1.51   2.53   .460   .528   .243   1.49   .213  -.049   0
 180 272209   1954 2002     49      0      0    .426   1.99   4.12   .945   .862   .212   1.53   .210  -.021   1
 181 272403   1945 2002     58      1      0    .485   1.58   4.07   .683   .674   .247   1.61   .218   .066   0
 182 288105   1942 2001     60      1      0    .734   2.67   5.50   .765   .585   .199   2.00   .218  -.043   3
 183 288202   1926 2001     76      1      0    .500   2.03   6.35  1.079   .822   .201   1.82   .245  -.083   1
 184 288203   1940 2002     63      1      0    .210   1.23   2.32   .338   .729   .155   1.34   .145   .018   2
 185 288301   1900 2002    103      2      0    .422   1.97   7.26  1.234   .806   .264   2.15   .284  -.029   1
 186 288503   1937 2002     66      1      0    .501   1.51   2.46   .340   .676   .142   1.32   .153   .033   1
 187 288505   1946 2002     57      1      0    .539   2.27   3.58   .650   .747   .156   1.34   .166   .026   1
 188 288511   1940 2002     63      1      0    .600   1.67   3.12   .473   .710   .162   1.47   .142  -.088   3
 189 289106   1943 2002     60      1      0    .688   2.84   4.07   .617   .553   .169   1.34   .168   .008   1
 190 289107   1941 2001     61      1      0    .478   2.26   3.55   .562   .695   .159   1.56   .170   .060   1
 191 289202   1943 2001     59      1      0    .349   2.29   3.79   .635   .678   .178   1.51   .179  -.010   3
 192 289402   1938 1994     57      0      0    .531   2.00   2.96   .414   .161   .223   1.44   .198   .090   0
 193 289403   1942 2002     61      1      0    .550   1.63   3.98   .686   .761   .201   1.57   .214  -.035   1
 194 289404   1940 2002     63      1      0    .479   1.40   3.15   .590   .715   .204   1.58   .215   .012   1
 195 290205   1917 2001     85      2      0    .647   1.76   2.50   .383   .405   .191   1.47   .189  -.013   1
 196 290305   1949 2002     54      0      0    .559   1.44   2.53   .475   .434   .284   1.62   .268   .016   2
 197 290507   1925 2002     78      1      0    .467   3.41   5.76  1.032   .714   .172   1.78   .196   .087   1
 198 298504   1928 2002     75      1      0    .450   2.10   4.00   .757   .653   .235   1.61   .225   .204   1
 199 298505   1929 2002     74      1      0    .634   2.05   4.27   .890   .859   .193   1.73   .196   .124   2
 200 75307    1929 2002     74      1      0    .513   1.73   4.22   .582   .510   .210   1.51   .197   .153   3
 201 70504    1938 2002     65      1      0    .490   3.16   5.07   .751   .625   .171   1.37   .169   .005   1
 202 155506   1917 2002     86      2      0    .654   1.43   3.75   .653   .762   .194   1.54   .201   .044   1
 --- -------- ---------  -----  -----  -----   ------ -----  -----  -----  -----  -----  -----  -----  -----  --
 Total or mean:          12652    165     13    .471   2.03   7.80   .656   .606   .199   2.96   .201   .036

 DATA CHECKS (rwl.check): mo052
-----------------------------------------------------------------------------------------------------------------------------------
 rwl.check: data_files/treering/measurements/northamerica/usa/mo052.rwl
 202 series, 12652 measurements, 1897-2002, 0.01 mm precision
 2 error(s), 2 warning(s), 98 note(s)
 -------------
 ERROR
   RWL_DATING_LAG (2)
     167204: correlates best with the master at lag -2 (r = 0.477 against r = 0.274 as dated); the series may be misdated by 2 year(s), most likely a missing ring
     242511: correlates best with the master at lag 1 (r = 0.457 against r = 0.382 as dated); the series may be misdated by 1 year(s), most likely a false ring or a ring measured twice
 -------------
 WARNING
   RWL_SERIES_OUTLIER (2)
     90312: correlates with the rest of the collection at r = -0.153 where the collection median is 0.483 (5.2 MAD below it); it does not fit the collection it is in
     91204: correlates with the rest of the collection at r = -0.11 where the collection median is 0.483 (4.9 MAD below it); it does not fit the collection it is in
 98 note(s) not shown; see rwl.check() or the 'check' element of this report.

 NOTES
-----------------------------------------------------------------------------------------------------------------------------------
 Report generated using dplR 1.8.1 (R 4.5.2) on 2026-10-01 16:57 PDT.
 Measurement file mo052.rwl, MD5 41431dac5c098695e22d9fe798c28b3a.
 Filtering: each series divided by a 32-year smoothing spline (caps()), then prewhitened with
   an AR model (order by AIC, at most 3).
 Master: biweight robust mean of the other series (leave-one-out).
 Correlation: Pearson, one-tailed, pcrit = 0.01; critical r = 0.3281 for 50-year segments.
 Segments: 50 years, lagged 25, first segment floored to 100. Lags searched: +/- 10 years.
 A segment is tested only where the series and the master cover all of it, at the dated
   position and at every lag. COFECHA also tests partial segments at the ends of a series, so
   series here may show fewer segments, and no flags can be raised at the ends of the record.
 Lags follow COFECHA: negative means rings are probably missing from the series, positive means
   false rings. A missing ring carries its lag into every segment before it, so look where the
   lag changes along a series. A B flag is a hypothesis to check on the wood; the gain says how
   seriously to take it.
 A B flag marked "weak at every lag" correlates under the critical value even at its best lag:
   the segment is weak wherever it is placed, and the shift is not evidence of a dating error.
   Treat it as a low correlation, like an A.
 Averages in the summary and the totals are weighted by the number of years in each series, as
   COFECHA's are.
 Unfiltered block and mean sensitivity: the measurements as read, and sens1().
 dplR filtered block: the series that was correlated, after filtering. COFECHA's filtered
   series is defined differently, so these three columns are not COFECHA's numbers.
 AR: order of the AR model used to prewhiten.
