
 COFECHA-style crossdating report: mt118
 Report generated using dplR 1.8.1 (R 4.5.2) on 2026-10-01 16:58 PDT
 Built with dplR's xdate.report(), not COFECHA; see the notes at the end.


      Measurement file name  : mt118.rwl
      MD5 of measurement file: ecc8aad35e405199bbd8a51f41a0302c
      Date checked           : 01OCT26
      Beginning year         : 1455
      Ending year            : 2003
      Principal investigators: Pederson, G.T.; Reardon, B.; Hornbein, M.; Holzer, K.
      Site name              : Bear Mountain Point
      Species information    : PSME Pseudotsuga menziesii (Mirb.) Franco
      Latitude               : 48.9167 N
      Longitude              : 113.7500 W
      Elevation              : 1672 m

      Series intercorrelation: 0.593
      Avg mean sensitivity   : 0.225
      Avg standard deviation : 0.316
      Avg autocorrelation    : 0.771
      Number dated series    : 98
      Segment length tested  : 50

      Number problem segments: 24  (A 17, B 7; 1 of the B weak at every lag)
      Pct problem segments   : 2.71


 CORRELATION OF SERIES BY SEGMENTS: mt118
-----------------------------------------------------------------------------------------------------------------------------------
 Correlations of  50-year dated segments, lagged  25 years
 Flags:  A = correlation under   .3281 but highest as dated;  B = correlation higher at other than dated position

 Seq Series  Time_span  1500 1525 1550 1575 1600 1625 1650 1675 1700 1725 1750 1775 1800 1825 1850 1875 1900 1925 1950 
                        1549 1574 1599 1624 1649 1674 1699 1724 1749 1774 1799 1824 1849 1874 1899 1924 1949 1974 1999 
 --- -------- ---------  ---- ---- ---- ---- ---- ---- ---- ---- ---- ---- ---- ---- ---- ---- ---- ---- ---- ---- ---- 
   1 BMP002a  1704 2002                                               .54  .53  .45  .71  .72  .61  .44  .37  .53  .31A
   2 BMP002b  1729 2002                                                    .58  .58  .57  .57  .61  .45  .39  .48  .33A
   3 BMP03ax  1698 1982                                          .63  .65  .72  .77  .81  .82  .73  .72  .64  .60      
   4 BMP03bx  1659 1981                                     .66  .63  .65  .80  .76  .73  .68  .57  .64  .61  .63      
   5 BMP005b  1780 2002                                                              .45  .54  .64  .55  .39  .46  .42 
   6 BMP006a  1887 2002                                                                                  .34  .66  .61 
   7 BMP006b  1891 2002                                                                                  .43  .72  .51 
   8 BMP006c  1887 2002                                                                                  .52  .65  .59 
   9 BMP007   1650 2002                                     .52  .66  .75  .80  .78  .61  .56  .37  .40  .72  .66  .47 
  10 BMP007b  1667 2002                                     .62  .72  .85  .83  .80  .70  .56  .43  .53  .73  .73  .57 
  11 BMP008a  1698 2002                                          .39  .59  .61  .68  .75  .74  .66  .59  .66  .68  .63 
  12 BMP008b  1786 2002                                                              .72  .85  .64  .50  .65  .71  .67 
  13 BMP009a  1635 2002                                .54  .63  .68  .75  .76  .75  .83  .71  .63  .66  .61  .62  .67 
  14 BMP009b  1659 2002                                     .67  .71  .66  .68  .75  .87  .76  .63  .69  .73  .68  .66 
  15 BMP010a  1581 2002                      .54  .58  .69  .73  .70  .68  .72  .75  .60  .56  .56  .42  .52  .69  .65 
  16 BMP010b  1607 2002                           .53  .71  .69  .67  .70  .78  .85  .77  .75  .69  .60  .63  .71  .76 
  17 BMP11a1  1609 1878                           .53  .67  .76  .76  .62  .54  .64  .67  .40                          
  18 BMP11a2  1879 2002                                                                                  .62  .60  .65 
  19 BMP11b1  1560 1820                 .34  .43  .53  .80  .80  .68  .71  .75                                         
  20 BMP11b2  1870 2002                                                                             .35  .59  .62  .70 
  21 BMP012   1610 2002                           .56  .61  .69  .75  .71  .71  .72  .79  .74  .58  .55  .63  .62  .56 
  22 BMP12a1  1751 1866                                                         .71  .85                               
  23 BMP12a2  1885 2002                                                                                  .65  .75  .70 
  24 BMP012b  1771 2002                                                         .80  .84  .83  .68  .56  .56  .67  .73 
  25 BMP013a  1517 2002       .69  .74  .68  .66  .61  .58  .58  .63  .74  .77  .76  .67  .65  .71  .54  .54  .69  .71 
  26 BMP13b1  1501 1789       .72  .69  .61  .61  .61  .64  .63  .58  .72                                              
  27 BMP13b2  1879 2002                                                                                  .64  .61  .65 
  28 BMP014a  1890 2002                                                                                  .46  .64  .64 
  29 BMP014b  1886 2002                                                                                  .47  .65  .50 
  30 BMP014c  1858 2002                                                                             .46  .56  .64  .65 
  31 BMP015a  1600 2002                           .40  .63  .76  .81  .81  .80  .81  .87  .82  .68  .74  .64  .65  .73 
  32 BMP015b  1593 2002                      .53  .37  .57  .70  .73  .73  .66  .71  .82  .71  .60  .70  .57  .55  .65 
  33 BMP016   1589 2002                      .64  .70  .69  .74  .72  .64  .66  .74  .75  .60  .51  .51  .57  .60  .52 
  34 BMP016a  1784 2002                                                              .61  .65  .59  .65  .43  .49  .62 
  35 BMP017a  1455 1884  .70  .66  .54  .51  .53  .60  .59  .59  .62  .61  .70  .73  .65  .59                          
  36 BMP017b  1495 2002  .48  .54  .57  .54  .59  .50  .51  .59  .60  .58  .68  .63  .66  .74  .31A .27A .64  .71  .70 
  37 BMP018a  1775 2002                                                              .53  .36  .44  .62  .73  .81  .85 
  38 BMP018b  1729 2002                                                    .52  .56  .67  .56  .42  .55  .57  .65  .55 
  39 BMP019a  1596 2002                      .36  .43  .65  .69  .70  .67  .64  .72  .80  .75  .57  .55  .59  .68  .75 
  40 BMP019b  1650 1879                                     .65  .65  .73  .76  .74  .73  .59                          
  41 BMP020b  1848 2003                                                                        .50  .38  .63  .69  .58 
  42 BMP021a  1556 2002                 .57  .62  .66  .73  .80  .76  .59  .71  .74  .77  .82  .54  .49  .55  .61  .63 
  43 BMP021b  1520 2002       .42  .38  .29A .56  .69  .81  .86  .65  .35  .55  .65  .76  .86  .50  .47  .62  .61  .62 
  44 BMP022a  1773 2002                                                         .35  .42  .48  .68  .58  .57  .72  .52 
  45 BMP022b  1881 2003                                                                                  .56  .66  .59 
  46 BMP023a  1645 1925                                .62  .71  .81  .74  .69  .73  .80  .76  .66  .66                
  47 BMP023b  1623 2002                           .39  .40  .45  .44  .55  .65  .66  .74  .66  .58  .60  .65  .69  .70 
  48 BMP024a  1720 2002                                               .63  .70  .70  .74  .66  .56  .50  .55  .57  .38B
  49 BMP024b  1738 2002                                                    .36  .66  .66  .61  .53  .41  .52  .60  .44 
  50 BMP025a  1776 2002                                                              .80  .80  .73  .70  .74  .78  .71 
  51 BMP025b  1767 2002                                                         .45  .82  .83  .70  .71  .74  .76  .72 
  52 BMP026a  1734 2002                                                    .55  .64  .68  .69  .61  .35  .29A .59  .67 
  53 BMP026b  1750 1909                                                         .53  .61  .59  .62                     
  54 BMP027a  1622 2002                           .38  .48  .58  .58  .72  .77  .68  .72  .66  .65  .72  .60  .60  .56 
  55 BMP027b  1631 2002                                .54  .61  .60  .71  .74  .65  .69  .63  .67  .72  .68  .70  .69 
  56 BMP029a  1747 2002                                                    .58  .62  .71  .67  .58  .54  .64  .62  .54 
  57 BMP050a  1725 2002                                                    .71  .76  .78  .76  .26B .26A .52  .48  .53 
  58 BMP050b  1664 2002                                     .64  .53  .65  .73  .71  .77  .74  .55  .60  .61  .54  .51 
  59 BMP051a  1928 2002                                                                                            .46 
  60 BMP051b  1915 2002                                                                                       .41  .49 
  61 BMP052a  1570 2002                 .48  .47  .30A .50  .70  .58  .62  .73  .69  .60  .62  .59  .58  .67  .65  .44 
  62 BMP053a  1827 2002                                                                        .38  .47  .58  .71  .69 
  63 BMP53b1  1655 1874                                     .45  .45  .62  .55  .51  .66  .50                          
  64 BMP53b2  1865 2002                                                                             .31A .48  .62  .63 
  65 BMP053p  1582 2002                      .43  .31B .36  .52  .49  .56  .65  .67  .82  .74  .59  .59  .47  .63  .69 
  66 BMP054a  1831 2002                                                                        .59  .60  .52  .54  .49 
  67 BMP054b  1834 2002                                                                        .48  .52  .55  .64  .61 
  68 BMP055b  1768 2003                                                         .65  .58  .55  .45  .35  .30A .58  .57 
  69 BMP056a  1640 2002                                .57  .75  .72  .71  .76  .76  .78  .76  .67  .59  .55  .61  .73 
  70 BMP056b  1576 2002                      .35  .37  .71  .76  .71  .74  .73  .70  .79  .75  .72  .71  .71  .63  .58 
  71 BMP57a2  1835 2002                                                                        .59  .68  .67  .62  .57 
  72 BMP057b  1807 2002                                                                   .70  .51  .56  .62  .67  .68 
  73 BMP058a  1698 2002                                          .74  .72  .73  .70  .71  .77  .60  .38B .50  .69  .52 
  74 BMP58a1  1873 2002                                                                             .48  .56  .59  .64 
  75 BMP58a2  1639 1778                                .68  .77  .73  .56                                              
  76 BMP059a  1663 2002                                     .30A .47  .65  .72  .75  .65  .58  .64  .63  .63  .69  .74 
  77 BMP059b  1629 2002                                .43  .51  .57  .66  .77  .72  .69  .74  .72  .71  .70  .77  .73 
  78 BMP059p  1909 2002                                                                                       .41  .30A
  79 BMP060a  1694 2002                                          .55  .41  .41  .61  .77  .78  .68  .66  .62  .58  .52 
  80 BMP60b1  1650 1710                                .26B                                                            
  81 BMP60b2  1760 2002                                                         .72  .80  .75  .55  .45  .61  .69  .70 
  82 BMP061a  1638 2002                                .42  .51  .52  .64  .72  .74  .68  .63  .60  .54  .60  .70  .71 
  83 BMP061b  1611 2002                           .29A .66  .76  .68  .69  .68  .72  .84  .77  .66  .69  .70  .71  .62 
  84 BMP062a  1761 2002                                                         .42  .44  .49  .63  .68  .71  .53  .32A
  85 BMP062b  1860 2002                                                                             .53  .51  .54  .46 
  86 BMP063a  1656 1895                                     .70  .58  .44  .63  .72  .79  .68                          
  87 BMP063b  1586 2002                      .27A .27A .52  .66  .62  .63  .76  .69  .66  .54  .47  .53  .43  .56  .65 
  88 BMP064a  1700 2002                                               .53  .64  .75  .77  .65  .69  .56  .44  .56  .50 
  89 BMP064b  1560 2002                 .63  .48  .30B .48  .53  .53  .55  .64  .74  .77  .60  .61  .52  .46  .65  .61 
  90 BMP065a  1654 2002                                     .61  .65  .69  .79  .79  .71  .69  .65  .65  .71  .75  .47 
  91 BMP065b  1690 2003                                          .62  .66  .70  .76  .70  .57  .56  .59  .65  .41  .31A
  92 BMP066a  1815 2002                                                                   .81  .80  .61  .61  .78  .68 
  93 BMP066b  1840 2002                                                                        .78  .60  .55  .64  .60 
  94 BMP067a  1676 2002                                          .50  .50  .62  .64  .74  .74  .64  .69  .76  .75  .61 
  95 BMP067b  1651 2002                                     .50  .44  .57  .29B .34  .66  .59  .35  .42  .68  .54  .48 
  96 BMP068a  1737 2002                                                    .47  .63  .64  .49  .40  .52  .54  .58  .53 
  97 BMP068n  1785 2002                                                              .45  .45  .53  .66  .57  .59  .44 
  98 BMPunk   1744 2002                                                    .35  .63  .77  .75  .67  .59  .53  .65  .73 
 Av segment correlation  .59  .61  .58  .52  .50  .47  .58  .64  .63  .64  .66  .68  .71  .67  .59  .55  .58  .63  .59 

 FLAGGED SEGMENTS: mt118
-----------------------------------------------------------------------------------------------------------------------------------
 Seq Series   Segment    Flag  r dated  Best lag  r at lag   Gain  Note
 --- -------- ---------  ----  -------  --------  --------  -----  -----------------
   1 BMP002a  1950 1999     A     .311         0
   2 BMP002b  1950 1999     A     .326         0
  36 BMP017b  1850 1899     A     .314         0
  36 BMP017b  1875 1924     A     .273         0
  43 BMP021b  1575 1624     A     .291         0
  48 BMP024a  1950 1999     B     .376         4      .440   .064
  52 BMP026a  1900 1949     A     .295         0
  57 BMP050a  1850 1899     B     .264        -8      .339   .075
  57 BMP050a  1875 1924     A     .256         0
  61 BMP052a  1625 1674     A     .298         0
  64 BMP53b2  1875 1924     A     .313         0
  65 BMP053p  1625 1674     B     .307         4      .344   .037
  68 BMP055b  1900 1949     A     .301         0
  73 BMP058a  1875 1924     B     .383         3      .399   .017
  76 BMP059a  1675 1724     A     .303         0
  78 BMP059p  1950 1999     A     .298         0
  80 BMP60b1  1650 1699     B     .260         6      .409   .149
  83 BMP061b  1625 1674     A     .287         0
  84 BMP062a  1950 1999     A     .316         0
  87 BMP063b  1600 1649     A     .274         0
  87 BMP063b  1625 1674     A     .272         0
  89 BMP064b  1625 1674     B     .303        -5      .358   .055
  91 BMP065b  1950 1999     A     .312         0
  95 BMP067b  1750 1799     B     .292        -7      .317   .025  weak at every lag

 DESCRIPTIVE STATISTICS: mt118
-----------------------------------------------------------------------------------------------------------------------------------

                                                Corr   //-------- Unfiltered --------\\  //-- dplR filtered --\\
                           No.    No.    No.    with   Mean   Max     Std   Auto   Mean   Max     Std   Auto  AR
 Seq Series   Interval   Years  Segmt  Flags   Master  msmt   msmt    dev   corr   sens  value    dev   corr  ()
 --- -------- ---------  -----  -----  -----   ------ -----  -----  -----  -----  -----  -----  -----  -----  --
   1 BMP002a  1704 2002    299     10      1    .491    .60   1.72   .174   .627   .193   1.83   .199  -.009   3
   2 BMP002b  1729 2002    274      9      1    .485    .73   1.41   .214   .580   .221   1.57   .216  -.006   1
   3 BMP03ax  1698 1982    285     10      0    .660    .89   2.84   .380   .826   .179   2.02   .185   .007   2
   4 BMP03bx  1659 1981    323     11      0    .652   1.09   3.04   .455   .812   .186   1.60   .193  -.011   1
   5 BMP005b  1780 2002    223      7      0    .487    .35    .81   .159   .818   .220   1.74   .224   .007   2
   6 BMP006a  1887 2002    116      3      0    .482    .44   1.18   .184   .694   .276   1.95   .280  -.049   1
   7 BMP006b  1891 2002    112      3      0    .437    .37   1.16   .208   .747   .286   2.14   .318   .026   1
   8 BMP006c  1887 2002    116      3      0    .479    .37   1.10   .228   .796   .296   1.84   .304   .039   1
   9 BMP007   1650 2002    353     12      0    .601    .67   2.52   .373   .851   .225   1.71   .215   .003   2
  10 BMP007b  1667 2002    336     12      0    .655    .77   2.21   .326   .762   .204   1.60   .207   .014   1
  11 BMP008a  1698 2002    305     11      0    .604    .49   1.50   .198   .774   .204   1.66   .204   .011   1
  12 BMP008b  1786 2002    217      7      0    .644    .61   1.69   .248   .734   .222   1.81   .211  -.011   1
  13 BMP009a  1635 2002    368     13      0    .671    .53   3.90   .420   .874   .230   2.33   .239  -.021   1
  14 BMP009b  1659 2002    344     12      0    .691    .49   1.24   .190   .647   .251   2.40   .259   .003   1
  15 BMP010a  1581 2002    422     15      0    .626    .65   1.84   .336   .817   .239   1.77   .226  -.012   1
  16 BMP010b  1607 2002    396     14      0    .707    .55   1.35   .212   .720   .235   1.73   .213  -.005   1
  17 BMP11a1  1609 1878    270      9      0    .583    .48   1.12   .221   .726   .269   1.95   .261   .003   1
  18 BMP11a2  1879 2002    124      3      0    .586    .14    .36   .050   .374   .336   2.05   .301   .112   0
  19 BMP11b1  1560 1820    261      8      0    .635    .52   1.09   .208   .622   .272   1.98   .281   .007   1
  20 BMP11b2  1870 2002    133      4      0    .563    .25    .68   .096   .550   .268   2.28   .284  -.020   3
  21 BMP012   1610 2002    393     14      0    .623    .76   2.58   .450   .862   .224   2.47   .220  -.015   3
  22 BMP12a1  1751 1866    116      2      0    .507    .86   1.74   .303   .757   .185   2.09   .212   .040   1
  23 BMP12a2  1885 2002    118      3      0    .645    .40    .84   .171   .807   .203   1.47   .189   .031   0
  24 BMP012b  1771 2002    232      8      0    .717    .71   2.34   .340   .832   .199   1.80   .200   .014   1
  25 BMP013a  1517 2002    486     18      0    .660    .32   1.62   .195   .849   .226   2.03   .230   .010   1
  26 BMP13b1  1501 1789    289      9      0    .634    .48   2.27   .405   .882   .238   2.30   .262  -.007   2
  27 BMP13b2  1879 2002    124      3      0    .608    .26    .73   .089   .486   .250   1.94   .245   .003   1
  28 BMP014a  1890 2002    113      3      0    .554    .33   1.09   .185   .684   .264   2.02   .280  -.043   3
  29 BMP014b  1886 2002    117      3      0    .473    .37   1.06   .123   .466   .217   2.21   .233  -.009   1
  30 BMP014c  1858 2002    145      4      0    .499    .26    .85   .144   .785   .262   1.76   .268   .009   1
  31 BMP015a  1600 2002    403     14      0    .717    .67   1.60   .272   .822   .173   1.90   .181  -.012   1
  32 BMP015b  1593 2002    410     15      0    .637    .63   2.16   .297   .806   .182   2.16   .199   .025   1
  33 BMP016   1589 2002    414     15      0    .630    .73   2.00   .369   .822   .211   1.74   .189  -.009   3
  34 BMP016a  1784 2002    219      7      0    .549    .95   2.37   .405   .806   .176   1.58   .185   .008   1
  35 BMP017a  1455 1884    430     14      0    .591    .69   2.40   .508   .916   .215   1.78   .212  -.002   1
  36 BMP017b  1495 2002    508     19      2    .563    .47   1.95   .362   .924   .220   1.75   .211  -.014   3
  37 BMP018a  1775 2002    228      7      0    .624    .52   1.62   .251   .828   .210   1.87   .215   .001   3
  38 BMP018b  1729 2002    274      9      0    .530    .79   2.43   .368   .792   .215   1.80   .236  -.009   3
  39 BMP019a  1596 2002    407     15      0    .629    .53   2.16   .389   .912   .257   2.20   .253   .002   3
  40 BMP019b  1650 1879    230      7      0    .638    .48   1.02   .224   .782   .244   2.02   .256   .013   1
  41 BMP020b  1848 2003    156      5      0    .575    .38    .80   .132   .508   .278   1.68   .274  -.008   1
  42 BMP021a  1556 2002    447     16      0    .664    .50   1.31   .269   .847   .207   2.81   .227   .005   1
  43 BMP021b  1520 2002    483     18      1    .577    .43   1.44   .230   .801   .225   1.98   .230  -.010   1
  44 BMP022a  1773 2002    230      8      0    .514    .77   2.13   .443   .863   .260   1.73   .245  -.015   1
  45 BMP022b  1881 2003    123      3      0    .561    .60   1.32   .270   .790   .249   1.65   .246  -.020   1
  46 BMP023a  1645 1925    281     10      0    .700    .54   1.49   .289   .836   .223   1.87   .216  -.000   1
  47 BMP023b  1623 2002    380     14      0    .569    .67   3.11   .566   .922   .227   1.73   .225  -.008   1
  48 BMP024a  1720 2002    283     10      1    .541    .58   2.29   .306   .836   .244   1.69   .236   .005   1
  49 BMP024b  1738 2002    265      9      0    .475    .57   1.91   .291   .820   .238   1.93   .231  -.004   1
  50 BMP025a  1776 2002    227      7      0    .703    .84   2.15   .310   .677   .218   2.14   .218  -.036   3
  51 BMP025b  1767 2002    236      8      0    .662    .82   2.32   .309   .683   .224   2.14   .224   .027   1
  52 BMP026a  1734 2002    269      9      1    .544   1.12   3.27   .532   .850   .208   1.82   .201   .017   1
  53 BMP026b  1750 1909    160      4      0    .542   1.37   2.91   .367   .615   .183   1.66   .173  -.053   2
  54 BMP027a  1622 2002    381     14      0    .605    .40   2.27   .269   .887   .203   1.70   .211   .008   1
  55 BMP027b  1631 2002    372     13      0    .638    .41   1.90   .243   .873   .211   1.75   .219   .024   1
  56 BMP029a  1747 2002    256      9      0    .579   1.06   3.32   .530   .788   .241   1.77   .243   .001   1
  57 BMP050a  1725 2002    278      9      2    .600    .68   1.73   .168   .331   .217   2.07   .206  -.018   3
  58 BMP050b  1664 2002    339     12      0    .622    .69   1.98   .259   .591   .247   2.48   .249  -.006   3
  59 BMP051a  1928 2002     75      1      0    .366   1.91   3.17   .469   .397   .216   1.46   .181  -.075   3
  60 BMP051b  1915 2002     88      2      0    .398   1.50   2.69   .427   .574   .194   1.65   .190   .170   1
  61 BMP052a  1570 2002    433     16      1    .552    .85   2.58   .347   .666   .257   2.10   .251  -.013   3
  62 BMP053a  1827 2002    176      5      0    .525   1.02   2.25   .423   .799   .234   1.60   .227   .002   1
  63 BMP53b1  1655 1874    220      7      0    .477    .62   2.49   .364   .736   .249   2.20   .274  -.015   3
  64 BMP53b2  1865 2002    138      4      1    .502    .51    .96   .163   .594   .224   1.83   .229  -.009   2
  65 BMP053p  1582 2002    421     15      1    .575    .76   2.14   .256   .526   .246   2.22   .255  -.012   3
  66 BMP054a  1831 2002    172      5      0    .552    .59   1.64   .236   .817   .166   1.59   .187  -.044   1
  67 BMP054b  1834 2002    169      5      0    .600    .64   1.34   .202   .735   .188   1.58   .174   .006   1
  68 BMP055b  1768 2003    236      8      1    .523    .86   2.33   .350   .556   .253   1.94   .248   .041   2
  69 BMP056a  1640 2002    363     13      0    .635    .52   1.46   .219   .716   .212   1.99   .222  -.008   2
  70 BMP056b  1576 2002    427     15      0    .646    .71   3.24   .413   .839   .199   1.91   .189  -.001   2
  71 BMP57a2  1835 2002    168      5      0    .632   1.13   3.38   .471   .761   .219   1.56   .208  -.005   2
  72 BMP057b  1807 2002    196      6      0    .616   1.17   4.04   .581   .797   .224   1.87   .219   .018   1
  73 BMP058a  1698 2002    305     11      1    .639    .64   1.43   .210   .574   .230   1.64   .220  -.008   1
  74 BMP58a1  1873 2002    130      4      0    .561    .26    .59   .092   .644   .235   1.75   .234   .035   1
  75 BMP58a2  1639 1778    140      4      0    .594    .81   1.64   .247   .637   .209   1.52   .211  -.021   2
  76 BMP059a  1663 2002    340     12      1    .576    .52   1.74   .319   .807   .211   2.05   .236  -.004   1
  77 BMP059b  1629 2002    374     13      0    .621    .61   2.45   .389   .875   .208   1.75   .215   .016   1
  78 BMP059p  1909 2002     94      2      1    .360   1.71   4.39   .698   .539   .267   1.70   .284   .023   1
  79 BMP060a  1694 2002    309     11      0    .598    .48   1.54   .247   .830   .201   2.12   .217   .031   1
  80 BMP60b1  1650 1710     61      1      1    .297    .81   1.29   .193   .514   .190   1.34   .169   .094   0
  81 BMP60b2  1760 2002    243      8      0    .633    .44   1.31   .178   .761   .197   1.89   .203   .009   1
  82 BMP061a  1638 2002    365     13      0    .585    .61   2.00   .373   .851   .222   1.74   .234   .019   1
  83 BMP061b  1611 2002    392     14      1    .639    .63   4.25   .540   .857   .224   1.85   .240  -.019   1
  84 BMP062a  1761 2002    242      8      1    .492    .89   3.63   .600   .904   .201   1.79   .203   .014   1
  85 BMP062b  1860 2002    143      4      0    .478    .54   1.07   .223   .830   .194   1.50   .194   .029   1
  86 BMP063a  1656 1895    240      7      0    .574    .57   1.45   .274   .792   .237   1.91   .240   .003   1
  87 BMP063b  1586 2002    417     15      2    .544    .43   1.45   .295   .886   .259   1.93   .259   .013   1
  88 BMP064a  1700 2002    303     10      0    .558    .38    .91   .144   .701   .249   1.75   .235  -.012   1
  89 BMP064b  1560 2002    443     16      1    .548    .47   1.15   .190   .714   .236   1.99   .238  -.034   3
  90 BMP065a  1654 2002    349     12      0    .669    .52   1.31   .286   .833   .231   1.76   .222   .003   1
  91 BMP065b  1690 2003    314     11      1    .558    .76   3.30   .616   .861   .275   3.05   .293   .007   1
  92 BMP066a  1815 2002    188      6      0    .702    .98   3.41   .541   .787   .252   1.98   .236   .000   1
  93 BMP066b  1840 2002    163      5      0    .631   1.13   2.80   .420   .700   .234   1.59   .202   .009   0
  94 BMP067a  1676 2002    327     11      0    .629    .60   1.87   .214   .736   .191   1.70   .200  -.016   1
  95 BMP067b  1651 2002    352     12      1    .497    .53   2.19   .336   .849   .219   1.67   .220   .008   1
  96 BMP068a  1737 2002    266      9      0    .459    .72   2.07   .411   .856   .234   1.98   .241   .008   2
  97 BMP068n  1785 2002    218      7      0    .465    .73   1.96   .291   .792   .218   1.89   .229  -.006   3
  98 BMPunk   1744 2002    259      9      0    .599    .80   2.29   .321   .752   .202   1.97   .201   .018   1
 --- -------- ---------  -----  -----  -----   ------ -----  -----  -----  -----  -----  -----  -----  -----  --
 Total or mean:          26358    885     24    .593    .64   4.39   .316   .771   .225   3.05   .226   .001

 DATA CHECKS (rwl.check): mt118
-----------------------------------------------------------------------------------------------------------------------------------
 rwl.check: data_files/treering/measurements/northamerica/usa/mt118.rwl
 98 series, 26358 measurements, 1455-2003, 0.001 mm precision
 0 error(s), 1 warning(s), 22 note(s)
 -------------
 WARNING
   RWL_SERIES_OUTLIER (1)
     BMP60b1: correlates with the rest of the collection at r = 0.25 where the collection median is 0.573 (4.1 MAD below it); it does not fit the collection it is in
 22 note(s) not shown; see rwl.check() or the 'check' element of this report.

 NOTES
-----------------------------------------------------------------------------------------------------------------------------------
 Report generated using dplR 1.8.1 (R 4.5.2) on 2026-10-01 16:58 PDT.
 Measurement file mt118.rwl, MD5 ecc8aad35e405199bbd8a51f41a0302c.
 Filtering: each series divided by a 32-year smoothing spline (caps()), then prewhitened with
   an AR model (order by AIC, at most 3).
 Master: biweight robust mean of the other series (leave-one-out).
 Correlation: Pearson, one-tailed, pcrit = 0.01; critical r = 0.3281 for 50-year segments.
 Segments: 50 years, lagged 25, first segment floored to 100. Lags searched: +/- 10 years.
 A segment is tested only where the series and the master cover all of it, at the dated
   position and at every lag. COFECHA also tests partial segments at the ends of a series, so
   series here may show fewer segments, and no flags can be raised at the ends of the record.
 Lags follow COFECHA: negative means rings are probably missing from the series, positive means
   false rings. A missing ring carries its lag into every segment before it, so look where the
   lag changes along a series. A B flag is a hypothesis to check on the wood; the gain says how
   seriously to take it.
 A B flag marked "weak at every lag" correlates under the critical value even at its best lag:
   the segment is weak wherever it is placed, and the shift is not evidence of a dating error.
   Treat it as a low correlation, like an A.
 Averages in the summary and the totals are weighted by the number of years in each series, as
   COFECHA's are.
 Unfiltered block and mean sensitivity: the measurements as read, and sens1().
 dplR filtered block: the series that was correlated, after filtering. COFECHA's filtered
   series is defined differently, so these three columns are not COFECHA's numbers.
 AR: order of the AR model used to prewhiten.
