
 COFECHA-style crossdating report: mt115
 Report generated using dplR 1.8.1 (R 4.5.2) on 2026-10-01 16:51 PDT
 Built with dplR's xdate.report(), not COFECHA; see the notes at the end.


      Measurement file name  : mt115.rwl
      MD5 of measurement file: 950db774f2cf33cde1c5ca38c211e0fe
      Date checked           : 01OCT26
      Beginning year         : 12
      Ending year            : 1997
      Principal investigators: Hughes, M.K.; Woodhouse, C.A.; Brown, P.M.
      Site name              : Baker Lake
      Species information    : LALY Larix lyallii Parl.
      Latitude               : 45.8800 N
      Longitude              : 114.2700 W
      Elevation              : 2680 m

      Series intercorrelation: 0.646
      Avg mean sensitivity   : 0.296
      Avg standard deviation : 0.113
      Avg autocorrelation    : 0.662
      Number dated series    : 65
      Segment length tested  : 50

      Number problem segments: 13  (A 5, B 8; 5 of the B weak at every lag)
      Pct problem segments   : 1.29


 CORRELATION OF SERIES BY SEGMENTS: mt115
-----------------------------------------------------------------------------------------------------------------------------------
 Correlations of  50-year dated segments, lagged  25 years
 Flags:  A = correlation under   .3281 but highest as dated;  B = correlation higher at other than dated position

 Seq Series  Time_span   100  125  150  175  200  225  250  275  300  325  350  375  400  425  450  475  500  525  550  575 
                         149  174  199  224  249  274  299  324  349  374  399  424  449  474  499  524  549  574  599  624 
 --- -------- ---------  ---- ---- ---- ---- ---- ---- ---- ---- ---- ---- ---- ---- ---- ---- ---- ---- ---- ---- ---- ---- 
  49 BA2055    558 1198                                                                                                 .71 
  51 BA2058    463 1309                                                                             .55  .60  .74  .80  .73 
  53 BA2054    381  610                                                              .35  .40  .60  .44  .60  .67  .60      
  56 BA2030    500  899                                                                                       .75  .66  .65 
  60 BA2062    317  640                                               .31A .48  .51  .37  .18B .45  .54  .47  .48  .56  .50 
  61 BA259B     12  873                                               .31A .47  .54  .48  .41  .60  .42  .42  .55  .47  .64 
  63 BA239A    383  556                                                              .35  .26B .58  .60  .28A               
 Av segment correlation                                               .31  .47  .52  .39  .31  .56  .51  .47  .64  .62  .65 

 CORRELATION OF SERIES BY SEGMENTS: mt115
-----------------------------------------------------------------------------------------------------------------------------------
 Correlations of  50-year dated segments, lagged  25 years
 Flags:  A = correlation under   .3281 but highest as dated;  B = correlation higher at other than dated position

 Seq Series  Time_span   600  625  650  675  700  725  750  775  800  825  850  875  900  925  950  975 1000 1025 1050 1075 
                         649  674  699  724  749  774  799  824  849  874  899  924  949  974  999 1024 1049 1074 1099 1124 
 --- -------- ---------  ---- ---- ---- ---- ---- ---- ---- ---- ---- ---- ---- ---- ---- ---- ---- ---- ---- ---- ---- ---- 
  26 BAL091    987 1997                                                                                  .35  .50  .51  .59 
  49 BA2055    558 1198  .72  .62  .38  .41  .64  .64  .51  .57  .61  .66  .70  .61  .63  .73  .68  .56  .23B .28B .56  .63 
  50 BA2035    983 1222                                                                                  .67  .57  .60  .58 
  51 BA2058    463 1309  .56  .49  .51  .54  .54  .59  .60  .50  .57  .61  .58  .50  .54  .72  .61  .66  .76  .66  .62  .59 
  54 BA2050    936 1271                                                                        .56  .56  .52  .56  .66  .61 
  55 BA2065    822 1135                                               .73  .64  .49  .39  .48  .52  .58  .60  .68  .64  .54 
  56 BA2030    500  899  .72  .69  .62  .60  .51  .53  .59  .63  .61  .58  .61                                              
  59 BA2033    777 1217                                          .72  .72  .64  .57  .58  .67  .71  .64  .63  .52  .51  .63 
  61 BA259B     12  873  .72  .58  .36  .36B .46  .48  .54  .58  .53                                                        
  62 BA2068    890 1290                                                              .22B .44  .69  .69  .64  .67  .70  .72 
  64 BA239B    600  958  .71  .66  .56  .57  .60  .56  .61  .63  .45  .53  .65  .53  .50                                    
 Av segment correlation  .68  .61  .49  .50  .55  .56  .57  .58  .58  .64  .64  .54  .48  .61  .63  .61  .55  .55  .60  .61 

 CORRELATION OF SERIES BY SEGMENTS: mt115
-----------------------------------------------------------------------------------------------------------------------------------
 Correlations of  50-year dated segments, lagged  25 years
 Flags:  A = correlation under   .3281 but highest as dated;  B = correlation higher at other than dated position

 Seq Series  Time_span  1100 1125 1150 1175 1200 1225 1250 1275 1300 1325 1350 1375 1400 1425 1450 1475 1500 1525 1550 1575 
                        1149 1174 1199 1224 1249 1274 1299 1324 1349 1374 1399 1424 1449 1474 1499 1524 1549 1574 1599 1624 
 --- -------- ---------  ---- ---- ---- ---- ---- ---- ---- ---- ---- ---- ---- ---- ---- ---- ---- ---- ---- ---- ---- ---- 
   3 BA206D   1437 1997                                                                        .72  .73  .75  .63  .45  .56 
   4 BA208A   1266 1676                                     .56  .65  .69  .67  .56  .51  .52  .50  .69  .82  .69  .41  .53 
   5 BA210A   1448 1915                                                                             .62  .75  .68  .58  .65 
   6 BA210E   1460 1779                                                                             .77  .82  .77  .48  .68 
   8 BA213B   1555 1997                                                                                                 .58 
  10 BA214B   1516 1910                                                                                       .54  .39  .60 
  13 BA217A   1413 1900                                                                   .65  .64  .67  .83  .81  .64  .80 
  14 BA227A   1408 1997                                                                   .69  .71  .66  .67  .47  .46  .70 
  16 BA229A   1277 1970                                          .82  .86  .79  .66  .60  .66  .70  .72  .77  .71  .81  .67 
  17 BA229B   1232 1602                                .60  .64  .74  .76  .68  .57  .55  .64  .64  .61  .64  .57  .70      
  18 BA229C   1276 1997                                          .81  .64  .57  .76  .79  .74  .66  .75  .69  .64  .65  .66 
  21 BA246B   1149 1996                 .52  .72  .68  .52  .50  .61  .62  .61  .63  .51  .57  .64  .60  .74  .81  .57  .61 
  23 BA2441   1329 1997                                                    .71  .64  .59  .64  .66  .70  .78  .69  .67  .81 
  24 BA2442   1405 1997                                                                   .68  .59  .73  .84  .77  .68  .55 
  26 BAL091    987 1997  .69  .67  .64  .67  .55  .55  .76  .59  .68  .74  .61  .64  .77  .78  .75  .83  .87  .67  .54  .77 
  27 BAL092   1295 1997                                          .46  .55  .71  .74  .79  .81  .78  .72  .70  .63  .73  .78 
  28 BAL332   1500 1997                                                                                       .66  .50  .62 
  29 BAL35A   1399 1997                                                                   .81  .83  .82  .88  .79  .60  .80 
  31 BAL37A   1445 1997                                                                        .79  .79  .75  .60  .54  .71 
  32 BAL38A   1209 1797                           .72  .50  .51  .76  .78  .57  .61  .70  .77  .76  .76  .85  .68  .53  .52 
  34 BAL39A   1390 1997                                                              .65  .62  .66  .84  .87  .76  .57  .68 
  35 BAL39B   1469 1997                                                                             .77  .82  .63  .51  .77 
  36 BAL406   1449 1997                                                                        .62  .54  .72  .64  .47  .71 
  38 BAL426   1435 1970                                                                        .75  .83  .85  .65  .60  .76 
  39 BAL42A   1511 1997                                                                                       .71  .61  .75 
  40 BAL43B   1450 1721                                                                             .75  .84  .75  .56  .69 
  42 BAL511   1537 1997                                                                                            .67  .81 
  46 BL301B   1443 1795                                                                        .75  .77  .80  .63  .62  .80 
  47 BL512A   1527 1997                                                                                            .64  .82 
  48 BL512B   1527 1997                                                                                            .63  .81 
  49 BA2055    558 1198  .76  .73                                                                                           
  50 BA2035    983 1222  .55  .55  .63                                                                                      
  51 BA2058    463 1309  .73  .78  .66  .74  .64  .51  .62                                                                  
  52 BA2040   1145 1394            .59  .73  .74  .60  .54  .52  .76  .82                                                   
  54 BA2050    936 1271  .65  .62  .48  .53  .62                                                                            
  57 BA2038   1367 1666                                                         .66  .64  .62  .62  .71  .72  .54  .43B .74 
  58 BA2031   1143 1599            .49  .62  .69  .68  .66  .60  .64  .64  .65  .74  .72  .47  .43  .64  .57  .47  .54      
  59 BA2033    777 1217  .69  .66  .40                                                                                      
  62 BA2068    890 1290  .51  .52  .86  .81  .74  .69                                                                       
  65 BA2036   1563 1872                                                                                                 .50 
 Av segment correlation  .66  .65  .59  .66  .67  .63  .60  .56  .69  .71  .66  .66  .65  .67  .68  .72  .77  .66  .57  .69 

 CORRELATION OF SERIES BY SEGMENTS: mt115
-----------------------------------------------------------------------------------------------------------------------------------
 Correlations of  50-year dated segments, lagged  25 years
 Flags:  A = correlation under   .3281 but highest as dated;  B = correlation higher at other than dated position

 Seq Series  Time_span  1600 1625 1650 1675 1700 1725 1750 1775 1800 1825 1850 1875 1900 1925 
                        1649 1674 1699 1724 1749 1774 1799 1824 1849 1874 1899 1924 1949 1974 
 --- -------- ---------  ---- ---- ---- ---- ---- ---- ---- ---- ---- ---- ---- ---- ---- ---- 
   1 BA206A   1681 1997                      .75  .78  .70  .70  .76  .76  .64  .66  .69  .62 
   2 BA206B   1652 1997                 .53  .68  .79  .73  .65  .60  .66  .69  .72  .74  .70 
   3 BA206D   1437 1997  .54  .29A .16B .48  .68  .71  .66  .67  .72  .66  .52  .58  .57  .63 
   4 BA208A   1266 1676  .74  .70                                                             
   5 BA210A   1448 1915  .61  .52  .61  .76  .77  .71  .68  .65  .58  .53  .46                
   6 BA210E   1460 1779  .73  .66  .64  .64  .76  .79                                         
   7 BA213A   1679 1997                      .74  .63  .62  .74  .74  .76  .80  .71  .51  .57 
   8 BA213B   1555 1997  .54  .62  .69  .76  .85  .62  .50  .69  .61  .63  .82  .80  .62  .61 
   9 BA213C   1633 1997            .54  .57  .72  .79  .73  .67  .79  .76  .70  .70  .68  .75 
  10 BA214B   1516 1910  .68  .62  .61  .62  .73  .75  .71  .62  .60  .66  .65                
  11 BA214D   1706 1997                           .70  .63  .57  .73  .64  .61  .75  .75  .74 
  12 BA215B   1637 1997            .66  .66  .71  .72  .70  .68  .76  .77  .77  .79  .71  .61 
  13 BA217A   1413 1900  .83  .79  .70  .74  .79  .75  .78  .74  .74  .78  .37                
  14 BA227A   1408 1997  .70  .72  .63  .61  .74  .79  .68  .64  .69  .64  .75  .83  .73  .70 
  15 BA227B   1630 1997            .57  .61  .54  .62  .55  .47  .44  .39  .68  .71  .58  .56 
  16 BA229A   1277 1970  .67  .76  .68  .70  .70  .73  .74  .65  .71  .67  .62  .69  .70      
  18 BA229C   1276 1997  .70  .73  .62  .71  .78  .79  .77  .71  .79  .77  .72  .75  .75  .59 
  19 BA245B   1697 1997                      .51  .86  .81  .72  .71  .60  .69  .86  .70  .64 
  20 BA246A   1642 1996            .44  .46  .53  .65  .62  .64  .75  .73  .74  .57  .29A .52 
  21 BA246B   1149 1996  .64  .60  .52  .71  .57  .47  .66  .65  .65  .60  .61  .60  .54  .44 
  22 BA2421   1616 1997       .72  .59  .64  .62  .62  .59  .62  .65  .63  .70  .66  .60  .52 
  23 BA2441   1329 1997  .82  .69  .67  .76  .78  .79  .72  .73  .76  .75  .62  .67  .77  .59 
  24 BA2442   1405 1997  .58  .70  .72  .66  .70  .78  .76  .70  .80  .75  .63  .67  .66  .66 
  25 BA2622   1697 1996                      .56  .50  .52  .41  .58  .65  .55  .44  .41  .54 
  26 BAL091    987 1997  .82  .73  .59  .61  .79  .80  .73  .69  .76  .75  .74  .64  .53  .63 
  27 BAL092   1295 1997  .83  .80  .66  .56  .68  .79  .66  .52  .64  .64  .54  .59  .63  .67 
  28 BAL332   1500 1997  .73  .71  .62  .70  .67  .67  .72  .60  .60  .66  .70  .71  .70  .55 
  29 BAL35A   1399 1997  .86  .84  .75  .80  .85  .75  .71  .70  .82  .84  .81  .84  .76  .78 
  30 BAL35B   1627 1997            .81  .77  .85  .85  .84  .84  .88  .84  .81  .83  .74  .73 
  31 BAL37A   1445 1997  .81  .84  .83  .86  .79  .75  .80  .81  .90  .86  .76  .81  .80  .61 
  32 BAL38A   1209 1797  .54  .66  .61  .63  .69  .72                                         
  33 BAL391   1665 1997                 .72  .79  .81  .77  .78  .84  .82  .63  .56  .50  .52 
  34 BAL39A   1390 1997  .79  .80  .70  .77  .78  .78  .77  .79  .86  .90  .77  .73  .83  .73 
  35 BAL39B   1469 1997  .76  .69  .69  .63  .64  .71  .69  .69  .77  .72  .54  .57  .55  .45 
  36 BAL406   1449 1997  .68  .57  .54  .40  .54  .68  .65  .63  .58  .60  .55  .54  .68  .71 
  37 BAL41A   1663 1997                 .35  .46  .78  .68  .54  .75  .83  .70  .60  .49  .48 
  38 BAL426   1435 1970  .77  .69  .54  .58  .73  .79  .66  .58  .68  .73  .65  .51  .44      
  39 BAL42A   1511 1997  .85  .68  .49  .70  .73  .76  .71  .67  .76  .76  .53  .50  .49  .48 
  40 BAL43B   1450 1721  .79  .69  .60                                                        
  41 BAL502   1662 1997                 .78  .78  .79  .76  .76  .83  .82  .71  .72  .70  .56 
  42 BAL511   1537 1997  .83  .82  .69  .69  .79  .70  .54  .52  .68  .66  .54  .56  .59  .62 
  43 BAL531   1637 1997            .68  .71  .69  .75  .78  .62  .74  .80  .70  .61  .57  .66 
  44 BAL532   1654 1997                 .71  .68  .77  .77  .64  .77  .78  .72  .70  .68  .76 
  45 BAL672   1632 1997            .58  .70  .57  .50  .61  .45  .37  .50  .45  .45  .52  .42 
  46 BL301B   1443 1795  .77  .70  .70  .63  .63  .66                                         
  47 BL512A   1527 1997  .78  .73  .71  .64  .77  .73  .53  .53  .67  .74  .69  .63  .56  .43 
  48 BL512B   1527 1997  .81  .71  .66  .68  .69  .79  .65  .57  .72  .83  .78  .72  .64  .53 
  57 BA2038   1367 1666  .57                                                                  
  65 BA2036   1563 1872  .59  .56  .62  .62  .58  .73  .84  .78  .71                          
 Av segment correlation  .72  .69  .63  .66  .70  .73  .69  .65  .71  .71  .66  .67  .63  .60 

 FLAGGED SEGMENTS: mt115
-----------------------------------------------------------------------------------------------------------------------------------
 Seq Series   Segment    Flag  r dated  Best lag  r at lag   Gain  Note
 --- -------- ---------  ----  -------  --------  --------  -----  -----------------
   3 BA206D   1625 1674     A     .293         0
   3 BA206D   1650 1699     B     .164        -4      .232   .067  weak at every lag
  20 BA246A   1900 1949     A     .291         0
  49 BA2055   1000 1049     B     .230        -9      .240   .010  weak at every lag
  49 BA2055   1025 1074     B     .277         9      .359   .082
  57 BA2038   1550 1599     B     .426         1      .437   .011
  60 BA2062    325  374     A     .311         0
  60 BA2062    425  474     B     .178         6      .224   .045  weak at every lag
  61 BA259B    325  374     A     .311         0
  61 BA259B    675  724     B     .360         6      .378   .018
  62 BA2068    900  949     B     .218        -3      .242   .024  weak at every lag
  63 BA239A    425  474     B     .265        10      .276   .012  weak at every lag
  63 BA239A    500  549     A     .277         0

 DESCRIPTIVE STATISTICS: mt115
-----------------------------------------------------------------------------------------------------------------------------------

                                                Corr   //-------- Unfiltered --------\\  //-- dplR filtered --\\
                           No.    No.    No.    with   Mean   Max     Std   Auto   Mean   Max     Std   Auto  AR
 Seq Series   Interval   Years  Segmt  Flags   Master  msmt   msmt    dev   corr   sens  value    dev   corr  ()
 --- -------- ---------  -----  -----  -----   ------ -----  -----  -----  -----  -----  -----  -----  -----  --
   1 BA206A   1681 1997    317     10      0    .693    .62   1.19   .182   .527   .233   1.70   .211   .006   1
   2 BA206B   1652 1997    346     11      0    .680    .35    .66   .092   .394   .234   1.62   .221   .011   1
   3 BA206D   1437 1997    561     20      2    .595    .39   1.52   .173   .740   .248   1.84   .240  -.001   3
   4 BA208A   1266 1676    411     15      0    .609    .14    .44   .063   .579   .365   1.84   .304  -.005   2
   5 BA210A   1448 1915    468     16      0    .582    .37    .79   .168   .662   .315   2.02   .286   .003   3
   6 BA210E   1460 1779    320     11      0    .682    .15    .31   .054   .493   .307   1.95   .273   .003   2
   7 BA213A   1679 1997    319     10      0    .676    .36    .90   .172   .793   .258   1.59   .244   .003   2
   8 BA213B   1555 1997    443     15      0    .654    .22    .63   .102   .753   .271   2.34   .283   .004   3
   9 BA213C   1633 1997    365     12      0    .683    .42    .92   .155   .643   .252   1.78   .223   .006   2
  10 BA214B   1516 1910    395     14      0    .628    .53   1.92   .313   .775   .308   2.18   .276  -.004   3
  11 BA214D   1706 1997    292      9      0    .639    .35    .71   .106   .477   .254   1.50   .233   .003   1
  12 BA215B   1637 1997    361     12      0    .713    .17    .42   .059   .496   .316   1.72   .277   .005   1
  13 BA217A   1413 1900    488     18      0    .695    .34   1.36   .188   .623   .402   1.85   .343   .003   3
  14 BA227A   1408 1997    590     21      0    .658    .27   1.49   .149   .757   .268   1.90   .252   .003   1
  15 BA227B   1630 1997    368     12      0    .531    .16    .43   .067   .719   .267   2.16   .248   .003   1
  16 BA229A   1277 1970    694     25      0    .697    .22    .77   .107   .739   .269   2.59   .252  -.002   2
  17 BA229B   1232 1602    371     13      0    .636    .16    .46   .069   .648   .301   2.11   .263   .009   3
  18 BA229C   1276 1997    722     26      0    .697    .22   1.12   .136   .813   .295   2.59   .272   .016   0
  19 BA245B   1697 1997    301     10      0    .668    .54   1.11   .155   .372   .257   1.79   .230   .052   0
  20 BA246A   1642 1996    355     12      1    .576    .44   1.12   .187   .713   .269   1.84   .254   .001   2
  21 BA246B   1149 1996    848     31      0    .585    .34   1.43   .166   .639   .345   3.49   .323  -.002   2
  22 BA2421   1616 1997    382     13      0    .629    .15    .41   .065   .600   .311   2.09   .288   .006   2
  23 BA2441   1329 1997    669     24      0    .702    .41   1.11   .162   .666   .258   1.80   .245   .025   2
  24 BA2442   1405 1997    593     21      0    .686    .41   1.16   .177   .643   .298   1.88   .269   .010   1
  25 BA2622   1697 1996    300     10      0    .520    .12    .28   .049   .485   .334   1.88   .294   .007   0
  26 BAL091    987 1997   1011     38      0    .672    .21    .55   .088   .766   .239   1.82   .218  -.002   2
  27 BAL092   1295 1997    703     26      0    .673    .22    .73   .094   .704   .262   1.82   .245   .002   1
  28 BAL332   1500 1997    498     17      0    .683    .19    .54   .077   .730   .228   1.64   .215   .008   1
  29 BAL35A   1399 1997    599     21      0    .792    .29    .81   .134   .739   .270   1.82   .264   .002   2
  30 BAL35B   1627 1997    371     12      0    .822    .23    .54   .075   .526   .257   1.68   .249  -.005   3
  31 BAL37A   1445 1997    553     20      0    .770    .24   1.05   .140   .704   .352   2.29   .296   .001   3
  32 BAL38A   1209 1797    589     21      0    .661    .33   1.33   .213   .842   .311   1.95   .284   .001   1
  33 BAL391   1665 1997    333     11      0    .701    .19    .55   .085   .543   .377   2.23   .324   .007   1
  34 BAL39A   1390 1997    608     22      0    .751    .18    .66   .094   .690   .376   2.00   .332   .010   1
  35 BAL39B   1469 1997    529     19      0    .667    .14    .37   .063   .524   .375   2.09   .329  -.003   2
  36 BAL406   1449 1997    549     20      0    .605    .21    .48   .076   .579   .271   2.23   .253  -.004   1
  37 BAL41A   1663 1997    335     11      0    .587    .15    .39   .066   .507   .349   2.00   .304   .001   2
  38 BAL426   1435 1970    536     19      0    .692    .23    .64   .095   .448   .368   1.88   .320  -.005   1
  39 BAL42A   1511 1997    487     17      0    .692    .23    .57   .086   .399   .356   2.01   .306   .003   1
  40 BAL43B   1450 1721    272      8      0    .717    .25    .58   .105   .330   .402   1.96   .339  -.001   3
  41 BAL502   1662 1997    336     11      0    .732    .15    .40   .064   .538   .358   1.97   .297   .008   0
  42 BAL511   1537 1997    461     16      0    .670    .29    .68   .117   .707   .246   1.75   .243  -.003   1
  43 BAL531   1637 1997    361     12      0    .713    .37    .94   .165   .706   .284   1.74   .274  -.004   1
  44 BAL532   1654 1997    344     11      0    .733    .42   1.03   .177   .690   .265   1.85   .266   .004   1
  45 BAL672   1632 1997    366     12      0    .500    .19    .37   .065   .296   .335   2.03   .292  -.002   2
  46 BL301B   1443 1795    353     12      0    .708    .18    .43   .072   .576   .317   1.86   .290   .001   1
  47 BL512A   1527 1997    471     16      0    .651    .24    .84   .129   .835   .257   1.88   .244  -.001   3
  48 BL512B   1527 1997    471     16      0    .696    .25    .74   .118   .743   .292   1.77   .266  -.006   2
  49 BA2055    558 1198    641     23      2    .580    .14    .70   .077   .728   .305   2.56   .288  -.001   1
  50 BA2035    983 1222    240      7      0    .579    .14    .37   .062   .514   .361   2.22   .336  -.006   2
  51 BA2058    463 1309    847     32      0    .616    .17    .47   .074   .657   .281   1.81   .249   .000   1
  52 BA2040   1145 1394    250      8      0    .665    .23    .79   .129   .810   .246   1.66   .226  -.014   3
  53 BA2054    381  610    230      7      0    .529    .25    .54   .095   .755   .232   1.72   .208   .066   0
  54 BA2050    936 1271    336     11      0    .591    .19    .47   .074   .650   .271   1.78   .253  -.001   1
  55 BA2065    822 1135    314     11      0    .554    .18    .59   .102   .810   .257   1.70   .231   .072   0
  56 BA2030    500  899    400     14      0    .623    .23    .58   .095   .718   .244   1.89   .244   .019   2
  57 BA2038   1367 1666    300     10      1    .571    .21   1.08   .188   .835   .346   2.01   .316   .002   0
  58 BA2031   1143 1599    457     17      0    .591    .14    .35   .057   .615   .285   2.07   .276  -.001   1
  59 BA2033    777 1217    441     15      0    .597    .14    .39   .069   .782   .298   1.92   .259  -.009   0
  60 BA2062    317  640    324     11      2    .442    .12    .33   .050   .528   .321   2.20   .284  -.011   0
  61 BA259B     12  873    862     20      2    .479    .13    .68   .094   .907   .240   2.12   .222   .047   0
  62 BA2068    890 1290    401     14      1    .615    .15    .45   .083   .801   .297   1.78   .267   .002   2
  63 BA239A    383  556    174      5      2    .398    .17    .47   .076   .626   .327   1.76   .294   .075   0
  64 BA239B    600  958    359     13      0    .584    .17    .42   .073   .506   .362   1.93   .312   .026   0
  65 BA2036   1563 1872    310     10      0    .640    .14    .41   .069   .734   .316   1.98   .286  -.005   3
 --- -------- ---------  -----  -----  -----   ------ -----  -----  -----  -----  -----  -----  -----  -----  --
 Total or mean:          29301   1007     13    .646    .25   1.92   .113   .662   .296   3.49   .270   .006

 DATA CHECKS (rwl.check): mt115
-----------------------------------------------------------------------------------------------------------------------------------
 rwl.check: data_files/treering/measurements/northamerica/usa/mt115.rwl
 65 series, 29301 measurements, 12-1997, 0.01 mm precision
 0 error(s), 0 warning(s), 3 note(s)
 -------------
 Nothing to report at this severity.
 3 note(s) not shown; see rwl.check() or the 'check' element of this report.

 NOTES
-----------------------------------------------------------------------------------------------------------------------------------
 Report generated using dplR 1.8.1 (R 4.5.2) on 2026-10-01 16:51 PDT.
 Measurement file mt115.rwl, MD5 950db774f2cf33cde1c5ca38c211e0fe.
 Filtering: each series divided by a 32-year smoothing spline (caps()), then prewhitened with
   an AR model (order by AIC, at most 3).
 Master: biweight robust mean of the other series (leave-one-out).
 Correlation: Pearson, one-tailed, pcrit = 0.01; critical r = 0.3281 for 50-year segments.
 Segments: 50 years, lagged 25, first segment floored to 100. Lags searched: +/- 10 years.
 A segment is tested only where the series and the master cover all of it, at the dated
   position and at every lag. COFECHA also tests partial segments at the ends of a series, so
   series here may show fewer segments, and no flags can be raised at the ends of the record.
 Lags follow COFECHA: negative means rings are probably missing from the series, positive means
   false rings. A missing ring carries its lag into every segment before it, so look where the
   lag changes along a series. A B flag is a hypothesis to check on the wood; the gain says how
   seriously to take it.
 A B flag marked "weak at every lag" correlates under the critical value even at its best lag:
   the segment is weak wherever it is placed, and the shift is not evidence of a dating error.
   Treat it as a low correlation, like an A.
 Averages in the summary and the totals are weighted by the number of years in each series, as
   COFECHA's are.
 Unfiltered block and mean sensitivity: the measurements as read, and sens1().
 dplR filtered block: the series that was correlated, after filtering. COFECHA's filtered
   series is defined differently, so these three columns are not COFECHA's numbers.
 AR: order of the AR model used to prewhiten.
