
 COFECHA-style crossdating report: mt131
 Report generated using dplR 1.8.1 (R 4.5.2) on 2026-10-01 16:55 PDT
 Built with dplR's xdate.report(), not COFECHA; see the notes at the end.


      Measurement file name  : mt131.rwl
      MD5 of measurement file: 15d871d713e1c391830fc554e20eadfc
      Date checked           : 01OCT26
      Beginning year         : 1665
      Ending year            : 2008
      Principal investigators: Soulé, P.T.; Knapp, P.A.
      Site name              : Rock Creek East
      Species information    : PSME Pseudotsuga menziesii (Mirb.) Franco
      Latitude               : 46.6500 N
      Longitude              : 113.6333 W
      Elevation              : 1371 m

      Series intercorrelation: 0.723
      Avg mean sensitivity   : 0.310
      Avg standard deviation : 0.936
      Avg autocorrelation    : 0.729
      Number dated series    : 70
      Segment length tested  : 50

      Number problem segments: 0  (A 0, B 0)
      Pct problem segments   : 0.00


 CORRELATION OF SERIES BY SEGMENTS: mt131
-----------------------------------------------------------------------------------------------------------------------------------
 Correlations of  50-year dated segments, lagged  25 years
 Flags:  A = correlation under   .3281 but highest as dated;  B = correlation higher at other than dated position

 Seq Series  Time_span  1700 1725 1750 1775 1800 1825 1850 1875 1900 1925 1950 
                        1749 1774 1799 1824 1849 1874 1899 1924 1949 1974 1999 
 --- -------- ---------  ---- ---- ---- ---- ---- ---- ---- ---- ---- ---- ---- 
   1 RKD001A  1901 2008                                               .83  .81 
   2 RKD001B  1906 2008                                               .80  .83 
   3 RKD002A  1875 2008                                          .71  .77  .74 
   4 RKD002B  1873 2008                                     .47  .52  .68  .63 
   5 RKD003A  1820 2008                           .79  .67  .59  .64  .61  .70 
   6 RKD003C  1774 2008                 .74  .79  .78  .86  .82  .67  .65  .74 
   7 RKD004A  1903 2008                                               .67  .43 
   8 RKD004B  1911 2008                                               .73  .46 
   9 RKD005A  1902 2008                                               .67  .75 
  10 RKD005B  1908 2008                                               .66  .77 
  11 RKD006A  1716 2008       .80  .71  .81  .87  .75  .76  .79  .75  .68  .72 
  12 RKD006B  1685 2008  .82  .78  .65  .79  .87  .80  .83  .84  .79  .74  .76 
  13 RKD008A  1921 2008                                               .42  .52 
  14 RKD008B  1901 2008                                               .47  .60 
  15 RKD009A  1750 2008            .52  .79  .87  .85  .89  .89  .84  .79  .66 
  16 RKD009D  1750 2008            .56  .79  .84  .82  .89  .89  .82  .81  .80 
  17 RKD010A  1681 2008  .86  .68  .50  .70  .71  .60  .77  .84  .54  .38  .38 
  18 RKD010B  1672 2008  .87  .69  .52  .69  .74  .74  .80  .80  .50  .38  .44 
  19 RKD011A  1886 2008                                          .52  .39  .45 
  20 RKD011C  1877 2008                                          .57  .54  .68 
  21 RKD012A  1849 2008                                .73  .75  .76  .65  .61 
  22 RKD012B  1834 2008                                .75  .73  .56  .37  .59 
  23 RKD013A  1929 2008                                                    .74 
  24 RKD013B  1923 2008                                               .62  .61 
  25 RKD014A  1689 2008  .61  .55  .65  .83  .90  .88  .91  .82  .76  .81  .78 
  26 RKD014B  1716 2008       .60  .60  .74  .80  .82  .88  .75  .65  .74  .76 
  27 RKD015A  1836 2008                                .80  .79  .72  .77  .68 
  28 RKD015B  1830 2008                                .84  .86  .81  .74  .76 
  29 RKD016A  1840 2008                                .79  .82  .66  .48  .64 
  30 RKD016B  1785 2008                      .75  .80  .79  .80  .82  .70  .71 
  31 RKD017B  1888 2008                                          .77  .74  .78 
  32 RKD017C  1891 2008                                          .79  .70  .74 
  33 RKD018A  1828 2008                                .73  .68  .82  .84  .80 
  34 RKD018B  1834 2008                                .79  .62  .58  .73  .75 
  35 RKD019B  1826 2008                                .80  .83  .78  .69  .72 
  36 RKD019C  1791 2008                      .75  .76  .76  .76  .74  .63  .59 
  37 RKD020A  1898 2008                                               .72  .71 
  38 RKD020B  1901 2008                                               .66  .59 
  39 RKD021A  1878 2008                                          .75  .68  .70 
  40 RKD021B  1862 2008                                     .73  .67  .59  .73 
  41 RKD022A  1914 2008                                               .77  .65 
  42 RKD022B  1917 2008                                               .77  .63 
  43 RKD023A  1836 2008                                .90  .91  .86  .83  .83 
  44 RKD023B  1821 2008                           .79  .75  .68  .71  .75  .81 
  45 RKD024A  1861 2008                                     .83  .71  .63  .55 
  46 RKD024B  1869 2008                                     .71  .73  .74  .67 
  47 RKD025A  1720 2008       .86  .85  .89  .67  .65  .79  .67  .68  .68  .70 
  48 RKD025B  1707 2007       .85  .84  .88  .77  .73  .81  .76  .68  .63  .59 
  49 RKD026A  1847 2008                                .66  .60  .62  .52  .53 
  50 RKD026B  1876 2008                                          .71  .57  .44 
  51 RKD027A  1826 2008                                .85  .88  .77  .66  .69 
  52 RKD027B  1832 2008                                .89  .88  .78  .71  .66 
  53 RKD028A  1862 2008                                     .89  .83  .79  .81 
  54 RKD028B  1826 2008                                .81  .80  .71  .77  .82 
  55 RKD029A  1761 2008                 .79  .79  .79  .83  .85  .82  .71  .53 
  56 RKD029B  1762 2008                 .73  .79  .80  .85  .67  .53  .58  .50 
  57 RKD031A  1749 2008                 .58  .70  .68  .81  .87  .84  .73  .71 
  58 RKD031B  1759 2008                 .82  .80  .75  .81  .83  .83  .78  .71 
  59 RKD033A  1916 2008                                               .74  .74 
  60 RKD033B  1908 2008                                               .71  .73 
  61 RKD034A  1902 2008                                               .81  .79 
  62 RKD034B  1894 2008                                          .76  .73  .67 
  63 RKD036A  1899 2008                                          .62  .67  .75 
  64 RKD036B  1891 2008                                          .66  .73  .70 
  65 RKD038A  1809 2008                           .84  .84  .81  .79  .54  .41 
  66 RKD038B  1792 2008                      .79  .83  .80  .79  .70  .45  .47 
  67 RKD040A  1809 2008                           .82  .82  .83  .76  .71  .78 
  68 RKD040B  1810 2008                           .75  .80  .81  .78  .74  .66 
  69 RKD042B  1761 2008                 .83  .84  .82  .77  .75  .82  .84  .81 
  70 RKD042C  1665 2008  .74  .78  .71  .84  .84  .81  .81  .84  .86  .84  .83 
 Av segment correlation  .78  .73  .65  .78  .79  .78  .81  .78  .72  .68  .67 

 FLAGGED SEGMENTS: mt131
-----------------------------------------------------------------------------------------------------------------------------------
 None.

 DESCRIPTIVE STATISTICS: mt131
-----------------------------------------------------------------------------------------------------------------------------------

                                                Corr   //-------- Unfiltered --------\\  //-- dplR filtered --\\
                           No.    No.    No.    with   Mean   Max     Std   Auto   Mean   Max     Std   Auto  AR
 Seq Series   Interval   Years  Segmt  Flags   Master  msmt   msmt    dev   corr   sens  value    dev   corr  ()
 --- -------- ---------  -----  -----  -----   ------ -----  -----  -----  -----  -----  -----  -----  -----  --
   1 RKD001A  1901 2008    108      2      0    .847   2.53   7.81  1.606   .852   .309   1.66   .282   .007   1
   2 RKD001B  1906 2008    103      2      0    .834   2.59   7.16  1.509   .826   .328   1.87   .293   .114   0
   3 RKD002A  1875 2008    134      3      0    .688   2.78   8.29  2.348   .877   .331   1.92   .328  -.017   1
   4 RKD002B  1873 2008    136      4      0    .561   2.51   7.75  2.103   .878   .345   1.93   .347   .010   1
   5 RKD003A  1820 2008    189      6      0    .689   1.68   4.89   .903   .705   .278   2.06   .298  -.008   1
   6 RKD003C  1774 2008    235      8      0    .753   1.68   7.87   .948   .737   .255   1.80   .253   .013   1
   7 RKD004A  1903 2008    106      2      0    .590   3.50   9.28  2.074   .821   .308   1.67   .289  -.011   1
   8 RKD004B  1911 2008     98      2      0    .580   3.46   7.70  1.746   .787   .304   1.65   .280   .001   1
   9 RKD005A  1902 2008    107      2      0    .714   2.48   6.07  1.146   .690   .290   2.02   .282  -.003   1
  10 RKD005B  1908 2008    101      2      0    .717   2.52   6.64  1.263   .710   .311   1.89   .296  -.029   1
  11 RKD006A  1716 2008    293     10      0    .776    .75   2.49   .412   .671   .337   2.00   .315   .010   1
  12 RKD006B  1685 2008    324     11      0    .779    .84   3.01   .410   .568   .334   1.92   .302   .001   2
  13 RKD008A  1921 2008     88      2      0    .469   2.62   5.03   .823   .725   .182   1.53   .199   .056   1
  14 RKD008B  1901 2008    108      2      0    .581   2.59   4.83   .895   .771   .183   1.58   .173  -.013   3
  15 RKD009A  1750 2008    259      9      0    .776   1.33   8.09   .988   .717   .338   1.73   .302   .078   0
  16 RKD009D  1750 2008    259      9      0    .797   1.48   8.14  1.161   .755   .325   1.69   .291   .080   0
  17 RKD010A  1681 2008    328     11      0    .645    .91   2.49   .480   .726   .295   2.13   .296   .025   1
  18 RKD010B  1672 2008    337     11      0    .669    .94   2.69   .456   .645   .311   2.55   .315   .007   1
  19 RKD011A  1886 2008    123      3      0    .535   2.33   5.35  1.105   .589   .386   1.80   .289  -.012   1
  20 RKD011C  1877 2008    132      3      0    .655   2.50   6.92  1.185   .717   .294   1.82   .268   .063   0
  21 RKD012A  1849 2008    160      5      0    .719   2.11   7.18  1.634   .857   .243   1.67   .240  -.015   1
  22 RKD012B  1834 2008    175      5      0    .624   2.29   6.32  1.327   .831   .246   1.78   .240  -.023   1
  23 RKD013A  1929 2008     80      1      0    .666   3.37   6.49  1.243   .829   .162   1.41   .160   .022   1
  24 RKD013B  1923 2008     86      2      0    .607   4.03  10.07  1.574   .760   .190   1.40   .198  -.002   1
  25 RKD014A  1689 2008    320     11      0    .778   1.55   5.66   .931   .866   .234   1.53   .219   .002   1
  26 RKD014B  1716 2008    293     10      0    .740   1.36   3.72   .737   .825   .244   1.69   .228   .008   1
  27 RKD015A  1836 2008    173      5      0    .746   1.42   5.26  1.039   .692   .352   2.11   .331   .005   2
  28 RKD015B  1830 2008    179      5      0    .779   1.31   4.69   .808   .671   .348   2.36   .314   .007   2
  29 RKD016A  1840 2008    169      5      0    .657   1.58   5.14  1.256   .805   .379   2.52   .347   .008   2
  30 RKD016B  1785 2008    224      7      0    .731   1.32   4.16   .974   .768   .409   2.38   .381  -.021   1
  31 RKD017B  1888 2008    121      3      0    .726   1.32   4.85   .899   .805   .327   1.89   .318  -.024   1
  32 RKD017C  1891 2008    118      3      0    .735   1.32   3.65   .813   .850   .316   1.68   .294   .078   0
  33 RKD018A  1828 2008    181      5      0    .781   1.42   5.86  1.055   .859   .322   1.66   .293  -.005   3
  34 RKD018B  1834 2008    175      5      0    .712   1.62   6.41  1.118   .756   .364   2.39   .349  -.014   1
  35 RKD019B  1826 2008    183      5      0    .778    .84   2.35   .434   .628   .376   2.02   .353   .008   1
  36 RKD019C  1791 2008    218      7      0    .718    .73   1.86   .326   .599   .328   1.94   .304   .011   1
  37 RKD020A  1898 2008    111      2      0    .734   2.91   5.95  1.226   .728   .240   1.63   .232   .015   3
  38 RKD020B  1901 2008    108      2      0    .636   3.42   6.77  1.548   .663   .307   1.80   .302  -.012   1
  39 RKD021A  1878 2008    131      3      0    .700   1.00   2.26   .406   .316   .404   1.97   .345   .041   0
  40 RKD021B  1862 2008    147      4      0    .677    .90   5.20   .535   .451   .409   3.51   .412   .013   1
  41 RKD022A  1914 2008     95      2      0    .704   3.07   6.40  1.187   .563   .287   1.70   .274  -.006   2
  42 RKD022B  1917 2008     92      2      0    .689   2.28   5.04   .800   .415   .296   1.81   .260   .057   0
  43 RKD023A  1836 2008    173      5      0    .872   1.67   4.91   .901   .741   .274   1.77   .260   .091   0
  44 RKD023B  1821 2008    188      6      0    .753   2.23   8.37  1.621   .763   .364   1.94   .332  -.003   1
  45 RKD024A  1861 2008    148      4      0    .667   2.17   5.67  1.112   .530   .336   2.91   .373   .115   0
  46 RKD024B  1869 2008    140      4      0    .695   2.16   6.89  1.391   .815   .258   1.79   .251  -.031   1
  47 RKD025A  1720 2008    289     10      0    .719   1.26   3.20   .698   .738   .298   2.22   .295   .011   1
  48 RKD025B  1707 2007    301     10      0    .748   1.34   3.58   .785   .782   .304   2.08   .296  -.000   3
  49 RKD026A  1847 2008    162      5      0    .593   1.88   5.78  1.414   .836   .298   2.34   .292   .008   1
  50 RKD026B  1876 2008    133      3      0    .610   2.29   7.62  1.326   .788   .285   2.10   .289  -.009   1
  51 RKD027A  1826 2008    183      5      0    .753   1.82   5.34  1.093   .719   .353   2.28   .342  -.003   1
  52 RKD027B  1832 2008    177      5      0    .778   1.89   5.68  1.120   .758   .298   1.99   .302  -.007   1
  53 RKD028A  1862 2008    147      4      0    .832   1.67   5.16  1.045   .766   .361   1.84   .336   .095   0
  54 RKD028B  1826 2008    183      5      0    .784   1.84   4.83   .999   .743   .328   1.74   .285   .049   0
  55 RKD029A  1761 2008    248      8      0    .756    .90   3.31   .602   .786   .290   1.95   .277  -.003   1
  56 RKD029B  1762 2008    247      8      0    .672    .77   3.92   .594   .827   .298   2.12   .280  -.006   1
  57 RKD031A  1749 2008    260      8      0    .683   1.06   2.56   .404   .528   .280   1.90   .266  -.002   2
  58 RKD031B  1759 2008    250      8      0    .783    .92   1.99   .333   .484   .300   1.68   .253  -.003   2
  59 RKD033A  1916 2008     93      2      0    .772   2.48   5.95  1.031   .495   .327   1.74   .292   .094   0
  60 RKD033B  1908 2008    101      2      0    .718   2.79   5.71  1.086   .331   .378   1.90   .330   .071   0
  61 RKD034A  1902 2008    107      2      0    .816   1.92   4.81  1.080   .785   .322   1.86   .301   .003   3
  62 RKD034B  1894 2008    115      3      0    .712   2.23   6.32  1.354   .820   .328   1.83   .326   .001   2
  63 RKD036A  1899 2008    110      3      0    .683   2.32   7.35  1.385   .820   .302   1.92   .283   .016   1
  64 RKD036B  1891 2008    118      3      0    .665   2.50  10.17  2.066   .853   .328   1.64   .301   .021   1
  65 RKD038A  1809 2008    200      6      0    .731   1.21   5.12   .904   .843   .310   2.39   .296  -.012   3
  66 RKD038B  1792 2008    217      7      0    .681   1.02   3.18   .701   .838   .340   1.92   .310  -.001   1
  67 RKD040A  1809 2008    200      6      0    .783   1.25   3.18   .672   .778   .301   1.78   .267  -.011   3
  68 RKD040B  1810 2008    199      6      0    .728   1.41   4.07   .748   .748   .302   1.75   .281  -.005   1
  69 RKD042B  1761 2008    248      8      0    .804    .65   1.91   .368   .753   .310   1.79   .286   .004   1
  70 RKD042C  1665 2008    344     11      0    .785    .88   4.17   .657   .844   .311   2.04   .288  -.005   1
 --- -------- ---------  -----  -----  -----   ------ -----  -----  -----  -----  -----  -----  -----  -----  --
 Total or mean:          12388    360      0    .723   1.61  10.17   .936   .729   .310   3.51   .293   .012

 DATA CHECKS (rwl.check): mt131
-----------------------------------------------------------------------------------------------------------------------------------
 rwl.check: data_files/treering/measurements/northamerica/usa/mt131.rwl
 70 series, 12388 measurements, 1665-2008, 0.001 mm precision
 0 error(s), 1 warning(s), 1 note(s)
 -------------
 WARNING
   RWL_SERIES_OUTLIER (1)
     RKD008A: correlates with the rest of the collection at r = 0.356 where the collection median is 0.719 (4.2 MAD below it); it does not fit the collection it is in
 1 note(s) not shown; see rwl.check() or the 'check' element of this report.

 NOTES
-----------------------------------------------------------------------------------------------------------------------------------
 Report generated using dplR 1.8.1 (R 4.5.2) on 2026-10-01 16:55 PDT.
 Measurement file mt131.rwl, MD5 15d871d713e1c391830fc554e20eadfc.
 Filtering: each series divided by a 32-year smoothing spline (caps()), then prewhitened with
   an AR model (order by AIC, at most 3).
 Master: biweight robust mean of the other series (leave-one-out).
 Correlation: Pearson, one-tailed, pcrit = 0.01; critical r = 0.3281 for 50-year segments.
 Segments: 50 years, lagged 25, first segment floored to 100. Lags searched: +/- 10 years.
 A segment is tested only where the series and the master cover all of it, at the dated
   position and at every lag. COFECHA also tests partial segments at the ends of a series, so
   series here may show fewer segments, and no flags can be raised at the ends of the record.
 Lags follow COFECHA: negative means rings are probably missing from the series, positive means
   false rings. A missing ring carries its lag into every segment before it, so look where the
   lag changes along a series. A B flag is a hypothesis to check on the wood; the gain says how
   seriously to take it.
 A B flag marked "weak at every lag" correlates under the critical value even at its best lag:
   the segment is weak wherever it is placed, and the shift is not evidence of a dating error.
   Treat it as a low correlation, like an A.
 Averages in the summary and the totals are weighted by the number of years in each series, as
   COFECHA's are.
 Unfiltered block and mean sensitivity: the measurements as read, and sens1().
 dplR filtered block: the series that was correlated, after filtering. COFECHA's filtered
   series is defined differently, so these three columns are not COFECHA's numbers.
 AR: order of the AR model used to prewhiten.
