
 COFECHA-style crossdating report: mt143
 Report generated using dplR 1.8.1 (R 4.5.2) on 2026-10-01 16:56 PDT
 Built with dplR's xdate.report(), not COFECHA; see the notes at the end.


      Measurement file name  : mt143.rwl
      MD5 of measurement file: 566ef396d08c0795383f544e4191063c
      Date checked           : 01OCT26
      Beginning year         : 1580
      Ending year            : 2010
      Principal investigators: Sauchyn, D.J.; Kerr, S.; Beriault, A.; Axelson, J.
      Site name              : Boyce Ranch
      Species information    : PSME Pseudotsuga menziesii (Mirb.) Franco
      Latitude               : 48.1000 N
      Longitude              : 109.6000 W
      Elevation              : 1485 m

      Series intercorrelation: 0.748
      Avg mean sensitivity   : 0.414
      Avg standard deviation : 0.766
      Avg autocorrelation    : 0.603
      Number dated series    : 62
      Segment length tested  : 50

      Number problem segments: 0  (A 0, B 0)
      Pct problem segments   : 0.00


 CORRELATION OF SERIES BY SEGMENTS: mt143
-----------------------------------------------------------------------------------------------------------------------------------
 Correlations of  50-year dated segments, lagged  25 years
 Flags:  A = correlation under   .3281 but highest as dated;  B = correlation higher at other than dated position

 Seq Series  Time_span  1600 1625 1650 1675 1700 1725 1750 1775 1800 1825 1850 1875 1900 1925 1950 
                        1649 1674 1699 1724 1749 1774 1799 1824 1849 1874 1899 1924 1949 1974 1999 
 --- -------- ---------  ---- ---- ---- ---- ---- ---- ---- ---- ---- ---- ---- ---- ---- ---- ---- 
   1 BOY01A   1809 2002                                               .79  .78  .85  .86  .79  .82 
   2 BOY01B   1893 2002                                                              .89  .84  .84 
   3 BOY02A   1580 2002       .71  .78  .80  .84  .85  .80  .87  .90  .85  .72  .76  .78  .78  .78 
   4 BOY03A   1906 2002                                                                   .78  .81 
   5 BOY03B   1898 2002                                                              .70  .76  .81 
   6 BOY04A   1868 2002                                                         .61  .76  .91  .84 
   7 BOY04B   1916 2002                                                                   .90  .85 
   8 BOY05A   1868 2002                                                         .54  .69  .73  .77 
   9 BOY05B   1882 2002                                                              .65  .64  .77 
  10 BOY06A   1755 2002                                     .89  .85  .76  .80  .81  .64  .57  .78 
  11 BOY06B   1741 1989                                .78  .90  .84  .69  .77  .81  .56  .49      
  12 BOY07A   1939 2002                                                                        .81 
  13 BOY07B   1937 2002                                                                        .78 
  14 BOY08A   1710 2002                           .79  .79  .85  .89  .78  .77  .80  .87  .88  .85 
  15 BOY08B   1733 2002                                .83  .84  .88  .87  .85  .81  .81  .85  .89 
  16 BOY09A   1776 2002                                          .79  .70  .74  .83  .86  .84  .85 
  17 BOY09B   1756 2002                                     .77  .81  .73  .66  .73  .83  .79  .83 
  18 BOY10A   1881 2002                                                              .87  .82  .77 
  19 BOY10B   1885 2002                                                              .74  .89  .85 
  20 BOY11A   1926 2002                                                                        .85 
  21 BOY11B   1950 2002                                                                        .82 
  22 BOY12A   1816 2002                                               .68  .60  .79  .81  .78  .83 
  23 BOY12B   1799 2002                                               .59  .56  .72  .80  .84  .87 
  24 BOY13A   1795 2001                                          .58  .62  .60  .73  .78  .77  .77 
  25 BOY13B   1772 2002                                     .70  .72  .55  .45  .58  .72  .78  .81 
  26 BOY14A   1806 2002                                               .69  .73  .82  .86  .86  .86 
  27 BOY15A   1864 2002                                                         .80  .83  .84  .85 
  28 BOY15B   1821 2002                                               .75  .70  .82  .84  .82  .85 
  29 BOY16A   1772 2002                                     .93  .93  .75  .69  .84  .88  .89  .89 
  30 BOY16B   1774 2002                                     .90  .92  .57  .50  .76  .84  .83  .86 
  31 BOY17A   1667 2002                 .60  .77  .85  .88  .91  .91  .86  .75  .74  .59  .59  .85 
  32 BOY17B   1716 2002                           .81  .89  .94  .93  .87  .76  .76  .81  .82  .86 
  33 BOY18A   1852 1994                                                         .39  .48  .57      
  34 BOY19A   1804 2002                                               .79  .80  .78  .78  .82  .79 
  35 BOY19B   1824 2002                                               .73  .80  .83  .79  .78  .88 
  36 BOY20A   1769 2002                                     .93  .94  .74  .61  .81  .92  .85  .77 
  37 BOY21A   1811 2002                                               .68  .74  .88  .83  .79  .87 
  38 BOY21B   1821 2002                                               .72  .82  .89  .87  .79  .54 
  39 BOY22A   1887 2002                                                              .82  .85  .90 
  40 BOY22B   1827 2002                                                    .58  .69  .76  .86  .87 
  41 BOY23A   1731 2010                                .82  .86  .89  .78  .61  .58  .81  .83  .66 
  42 BOY23B   1811 2010                                               .66  .63  .69  .87  .85  .67 
  43 BOY24A   1735 2010                                .69  .71  .69  .68  .63  .56  .64  .73  .75 
  44 BOY24B   1742 2010                                .77  .81  .80  .81  .71  .60  .69  .77  .56 
  45 BOY25A   1784 2010                                          .82  .59  .64  .82  .75  .77  .79 
  46 BOY25B   1751 2010                                     .85  .85  .61  .57  .79  .83  .87  .84 
  47 BOY26A   1942 2010                                                                        .71 
  48 BOY26B   1950 2010                                                                        .71 
  49 BOY27A   1772 2010                                     .87  .87  .74  .69  .70  .77  .81  .75 
  50 BOY27B   1767 1989                                     .80  .84  .79  .75  .74  .81  .84      
  51 BOY28A   1621 2010       .81  .76  .69  .73  .76  .69  .76  .85  .70  .61  .64  .77  .75  .58 
  52 BOY28B   1650 2010                 .80  .69  .67  .76  .84  .74  .43  .57  .72  .74  .77  .77 
  53 BOY29A   1751 2010                                     .78  .86  .69  .66  .75  .79  .86  .83 
  54 BOY29B   1759 2005                                     .67  .81  .59  .58  .84  .87  .84  .77 
  55 BOY30A   1773 2010                                     .74  .77  .58  .62  .71  .76  .75  .53 
  56 BOY30B   1802 2010                                               .65  .58  .74  .78  .85  .78 
  57 BOY31A   1796 2006                                          .66  .62  .66  .57  .66  .84  .79 
  58 BOY31B   1771 2010                                     .70  .70  .64  .63  .59  .71  .88  .76 
  59 BOY32A   1781 2010                                          .61  .62  .64  .56  .72  .82  .68 
  60 BOY32B   1806 2010                                               .57  .62  .64  .72  .79  .79 
  61 BOY33A   1902 2010                                                                   .74  .69 
  62 BOY33B   1906 2010                                                                   .63  .63 
 Av segment correlation       .76  .77  .72  .76  .79  .79  .82  .81  .69  .67  .73  .77  .79  .78 

 FLAGGED SEGMENTS: mt143
-----------------------------------------------------------------------------------------------------------------------------------
 None.

 DESCRIPTIVE STATISTICS: mt143
-----------------------------------------------------------------------------------------------------------------------------------

                                                Corr   //-------- Unfiltered --------\\  //-- dplR filtered --\\
                           No.    No.    No.    with   Mean   Max     Std   Auto   Mean   Max     Std   Auto  AR
 Seq Series   Interval   Years  Segmt  Flags   Master  msmt   msmt    dev   corr   sens  value    dev   corr  ()
 --- -------- ---------  -----  -----  -----   ------ -----  -----  -----  -----  -----  -----  -----  -----  --
   1 BOY01A   1809 2002    194      6      0    .834   1.41   4.77   .870   .513   .488   2.29   .439  -.004   2
   2 BOY01B   1893 2002    110      3      0    .854   1.08   2.93   .592   .263   .528   2.40   .459   .006   3
   3 BOY02A   1580 2002    423     14      0    .776    .56   2.48   .372   .557   .472   2.49   .435  -.013   1
   4 BOY03A   1906 2002     97      2      0    .785   1.60   5.21   .880   .538   .391   2.07   .358   .001   2
   5 BOY03B   1898 2002    105      3      0    .753   1.84   4.21   .794   .494   .368   1.85   .330  -.006   2
   6 BOY04A   1868 2002    135      4      0    .723   1.54   7.02   .989   .496   .459   3.03   .433   .012   2
   7 BOY04B   1916 2002     87      2      0    .854   1.69   4.22   .718   .254   .430   2.08   .351  -.012   2
   8 BOY05A   1868 2002    135      4      0    .661   1.34   3.47   .759   .505   .451   2.33   .392   .005   2
   9 BOY05B   1882 2002    121      3      0    .681   1.09   2.68   .485   .404   .422   1.95   .365   .011   2
  10 BOY06A   1755 2002    248      8      0    .750    .95   7.08   .984   .755   .491   2.54   .470   .026   1
  11 BOY06B   1741 1989    249      8      0    .682   1.05   7.17  1.181   .828   .504   3.03   .475  -.000   1
  12 BOY07A   1939 2002     64      1      0    .774   2.80   4.75  1.062   .261   .416   1.84   .308  -.015   2
  13 BOY07B   1937 2002     66      1      0    .769   2.49   4.73   .889   .195   .405   1.67   .295  -.012   2
  14 BOY08A   1710 2002    293     10      0    .806    .91   3.28   .593   .488   .482   2.99   .464   .004   2
  15 BOY08B   1733 2002    270      9      0    .844   1.06   4.80   .777   .579   .484   3.07   .444  -.002   2
  16 BOY09A   1776 2002    227      7      0    .805   1.09   5.25   .772   .680   .404   2.59   .394  -.000   3
  17 BOY09B   1756 2002    247      8      0    .767   1.10   8.18  1.363   .827   .389   3.15   .382   .009   3
  18 BOY10A   1881 2002    122      3      0    .794   1.87   4.66   .774   .447   .348   1.69   .295   .032   2
  19 BOY10B   1885 2002    118      3      0    .804   2.27   5.02   .975   .475   .385   1.85   .311   .019   2
  20 BOY11A   1926 2002     77      1      0    .838   2.37   4.02   .742   .265   .333   1.60   .282   .082   0
  21 BOY11B   1950 2002     53      1      0    .823   2.85   4.93  1.055   .111   .426   1.55   .324  -.139   0
  22 BOY12A   1816 2002    187      6      0    .771   1.02   4.50   .638   .516   .445   2.41   .423   .024   2
  23 BOY12B   1799 2002    204      6      0    .751   1.22   6.00   .756   .560   .422   3.07   .417   .008   2
  24 BOY13A   1795 2001    207      7      0    .672   1.40   7.14  1.094   .671   .433   2.53   .414  -.003   1
  25 BOY13B   1772 2002    231      8      0    .656   1.23   4.66   .694   .590   .364   3.04   .361   .006   1
  26 BOY14A   1806 2002    197      6      0    .794   1.48   5.42   .812   .671   .338   2.28   .306   .020   2
  27 BOY15A   1864 2002    139      4      0    .813   1.11   2.94   .563   .444   .444   2.22   .373  -.022   2
  28 BOY15B   1821 2002    182      6      0    .811   1.40   4.50   .753   .435   .472   2.37   .394  -.008   2
  29 BOY16A   1772 2002    231      8      0    .858    .88   8.46   .998   .786   .499   2.35   .444   .013   2
  30 BOY16B   1774 2002    229      8      0    .787   1.24   5.02  1.086   .746   .466   2.52   .450   .025   1
  31 BOY17A   1667 2002    336     12      0    .739    .77   3.39   .625   .723   .407   2.34   .389   .011   1
  32 BOY17B   1716 2002    287     10      0    .841    .62   2.15   .393   .587   .453   2.40   .388   .012   3
  33 BOY18A   1852 1994    143      3      0    .430    .88   6.03   .832   .824   .411   2.20   .383   .036   1
  34 BOY19A   1804 2002    199      6      0    .814   1.30   4.96   .907   .484   .473   2.70   .446   .012   1
  35 BOY19B   1824 2002    179      6      0    .794    .94   3.89   .635   .594   .478   2.59   .427   .018   1
  36 BOY20A   1769 2002    234      8      0    .834   1.16   5.13   .949   .666   .515   2.36   .453   .010   2
  37 BOY21A   1811 2002    192      6      0    .808   1.46   6.11  1.243   .853   .428   2.29   .378   .008   2
  38 BOY21B   1821 2002    182      6      0    .710   1.51   7.14  1.429   .845   .445   2.49   .421   .008   2
  39 BOY22A   1887 2002    116      3      0    .827   1.17   4.14   .803   .512   .498   2.17   .423   .054   2
  40 BOY22B   1827 2002    176      5      0    .701    .58   2.28   .356   .484   .444   3.08   .446   .033   1
  41 BOY23A   1731 2010    280      9      0    .736    .80   7.65   .639   .627   .365   2.11   .339   .050   1
  42 BOY23B   1811 2010    200      6      0    .709   1.10   3.29   .502   .446   .359   3.20   .381   .028   1
  43 BOY24A   1735 2010    276      9      0    .663    .70   3.31   .517   .846   .330   1.99   .324   .036   1
  44 BOY24B   1742 2010    269      9      0    .699    .66   2.21   .488   .841   .355   2.17   .331   .000   1
  45 BOY25A   1784 2010    227      7      0    .733   1.04   2.76   .484   .546   .364   2.05   .342  -.027   1
  46 BOY25B   1751 2010    260      8      0    .779    .90   2.94   .523   .679   .361   1.87   .336   .001   1
  47 BOY26A   1942 2010     69      1      0    .638   1.52   3.76   .922   .528   .456   1.71   .378   .019   2
  48 BOY26B   1950 2010     61      1      0    .700   1.24   2.81   .600   .264   .450   2.25   .391   .016   0
  49 BOY27A   1772 2010    239      8      0    .770   1.16   3.40   .657   .657   .358   2.16   .349   .008   2
  50 BOY27B   1767 1989    223      7      0    .773   1.28   3.63   .624   .705   .265   1.89   .263   .010   1
  51 BOY28A   1621 2010    390     14      0    .722    .94   6.03   .849   .721   .425   2.25   .408  -.002   2
  52 BOY28B   1650 2010    361     12      0    .720    .92   4.64   .726   .813   .399   2.39   .373   .004   2
  53 BOY29A   1751 2010    260      8      0    .771   1.09   3.04   .590   .739   .322   1.96   .313   .035   1
  54 BOY29B   1759 2005    247      8      0    .743    .86   2.19   .348   .501   .345   2.24   .321   .019   1
  55 BOY30A   1773 2010    238      8      0    .680    .86   2.78   .466   .620   .388   2.26   .346   .010   1
  56 BOY30B   1802 2010    209      6      0    .742    .93   2.45   .442   .448   .410   2.03   .374   .007   2
  57 BOY31A   1796 2006    211      7      0    .672    .98  36.55  2.482  -.041   .402   3.14   .458   .083   3
  58 BOY31B   1771 2010    240      8      0    .700   1.15   4.16   .586   .508   .390   2.20   .356   .014   3
  59 BOY32A   1781 2010    230      7      0    .666   1.03   2.51   .503   .603   .372   2.10   .354   .019   1
  60 BOY32B   1806 2010    205      6      0    .696   1.52   4.22   .740   .518   .349   2.30   .344   .005   2
  61 BOY33A   1902 2010    109      2      0    .625   2.50   7.08  1.156   .515   .360   2.41   .342   .137   0
  62 BOY33B   1906 2010    105      2      0    .675   2.98   6.10  1.236   .586   .335   1.66   .311   .087   1
 --- -------- ---------  -----  -----  -----   ------ -----  -----  -----  -----  -----  -----  -----  -----  --
 Total or mean:          12201    378      0    .748   1.14  36.55   .766   .603   .414   3.20   .385   .013

 DATA CHECKS (rwl.check): mt143
-----------------------------------------------------------------------------------------------------------------------------------
 rwl.check: data_files/treering/measurements/northamerica/usa/mt143.rwl
 62 series, 12201 measurements, 1580-2010, 0.001 mm precision
 0 error(s), 0 warning(s), 2 note(s)
 -------------
 Nothing to report at this severity.
 2 note(s) not shown; see rwl.check() or the 'check' element of this report.

 NOTES
-----------------------------------------------------------------------------------------------------------------------------------
 Report generated using dplR 1.8.1 (R 4.5.2) on 2026-10-01 16:56 PDT.
 Measurement file mt143.rwl, MD5 566ef396d08c0795383f544e4191063c.
 Filtering: each series divided by a 32-year smoothing spline (caps()), then prewhitened with
   an AR model (order by AIC, at most 3).
 Master: biweight robust mean of the other series (leave-one-out).
 Correlation: Pearson, one-tailed, pcrit = 0.01; critical r = 0.3281 for 50-year segments.
 Segments: 50 years, lagged 25, first segment floored to 100. Lags searched: +/- 10 years.
 A segment is tested only where the series and the master cover all of it, at the dated
   position and at every lag. COFECHA also tests partial segments at the ends of a series, so
   series here may show fewer segments, and no flags can be raised at the ends of the record.
 Lags follow COFECHA: negative means rings are probably missing from the series, positive means
   false rings. A missing ring carries its lag into every segment before it, so look where the
   lag changes along a series. A B flag is a hypothesis to check on the wood; the gain says how
   seriously to take it.
 A B flag marked "weak at every lag" correlates under the critical value even at its best lag:
   the segment is weak wherever it is placed, and the shift is not evidence of a dating error.
   Treat it as a low correlation, like an A.
 Averages in the summary and the totals are weighted by the number of years in each series, as
   COFECHA's are.
 Unfiltered block and mean sensitivity: the measurements as read, and sens1().
 dplR filtered block: the series that was correlated, after filtering. COFECHA's filtered
   series is defined differently, so these three columns are not COFECHA's numbers.
 AR: order of the AR model used to prewhiten.
