
 COFECHA-style crossdating report: mt158
 Report generated using dplR 1.8.1 (R 4.5.2) on 2026-10-01 16:50 PDT
 Built with dplR's xdate.report(), not COFECHA; see the notes at the end.


      Measurement file name  : mt158.rwl
      MD5 of measurement file: 8d9f766b8ba1bfd710a507ff2ec87272
      Date checked           : 01OCT26
      Beginning year         : 775
      Ending year            : 1999
      Principal investigators: Graumlich, L.J.; King, J.C.; Waggoner, L.
      Site name              : Grass Mountain #1
      Species information    : PIAL Pinus albicaulis Engelm.
      Latitude               : 45.1667 N
      Longitude              : 109.5167 W
      Elevation              : 3200 m

      Series intercorrelation: 0.607
      Avg mean sensitivity   : 0.191
      Avg standard deviation : 0.244
      Avg autocorrelation    : 0.807
      Number dated series    : 71
      Segment length tested  : 50

      Number problem segments: 3  (A 2, B 1; 1 of the B weak at every lag)
      Pct problem segments   : 0.52


 CORRELATION OF SERIES BY SEGMENTS: mt158
-----------------------------------------------------------------------------------------------------------------------------------
 Correlations of  50-year dated segments, lagged  25 years
 Flags:  A = correlation under   .3281 but highest as dated;  B = correlation higher at other than dated position

 Seq Series  Time_span   800  825  850  875  900  925  950  975 1000 1025 1050 1075 1100 1125 1150 1175 1200 1225 1250 1275 
                         849  874  899  924  949  974  999 1024 1049 1074 1099 1124 1149 1174 1199 1224 1249 1274 1299 1324 
 --- -------- ---------  ---- ---- ---- ---- ---- ---- ---- ---- ---- ---- ---- ---- ---- ---- ---- ---- ---- ---- ---- ---- 
   2 GRM107   1084 1493                                                              .66  .77  .67  .63  .69  .77  .70  .59 
   5 GRM110   1181 1350                                                                                  .56  .50  .54  .53 
   8 GRM126   1125 1335                                                                        .44  .68  .71  .56  .53  .61 
  11 GRM130   1111 1393                                                                   .53  .38  .66  .77  .69  .54  .51 
  13 GRM134   1163 1533                                                                             .70  .76  .54  .54  .61 
  19 GRM209A  1242 1861                                                                                            .52  .64 
  24 GRM218   1077 1407                                                              .49  .64  .72  .81  .69  .61  .61  .56 
  34 GRM404C  1173 1494                                                                             .79  .64  .58  .73  .57 
  35 GRM409A  1263 1531                                                                                                 .61 
  37 GRM413A  1141 1305                                                                        .65  .66  .67  .64  .42      
  39 GRM417A  1027 1482                                                              .45  .57  .50  .63  .63  .58  .67  .63 
  40 GRM417B  1274 1491                                                                                                 .72 
  41 GRM417C  1096 1535                                                              .66  .58  .42  .63  .56  .35  .42  .47 
  42 GRM419A  1198 1422                                                                                  .67  .71  .57  .49 
  43 GRM419B  1152 1385                                                                             .52  .41  .49  .62  .68 
  44 GRM424A  1263 1419                                                                                                 .61 
  45 GRM424B  1262 1449                                                                                                 .62 
  47 GRM426B  1144 1361                                                                        .57  .65  .74  .64  .47  .37 
  48 GRM428A   798  974  .64  .75  .75  .54  .50  .57                                                                       
  49 GRM428B   775 1049  .64  .75  .75  .54  .50  .57                                                                       
  51 GRM432A  1096 1337                                                              .44  .63  .46  .64  .75  .72  .60  .59 
  52 GRM432B  1149 1413                                                                        .64  .65  .68  .60  .44  .51 
  54 GRM434B  1154 1394                                                                             .65  .72  .76  .64  .61 
  55 GRM434C  1216 1412                                                                                       .65  .54  .46 
 Av segment correlation  .64  .75  .75  .54  .50  .57                                .54  .62  .54  .66  .67  .61  .56  .57 

 CORRELATION OF SERIES BY SEGMENTS: mt158
-----------------------------------------------------------------------------------------------------------------------------------
 Correlations of  50-year dated segments, lagged  25 years
 Flags:  A = correlation under   .3281 but highest as dated;  B = correlation higher at other than dated position

 Seq Series  Time_span  1300 1325 1350 1375 1400 1425 1450 1475 1500 1525 1550 1575 1600 1625 1650 1675 1700 1725 1750 1775 
                        1349 1374 1399 1424 1449 1474 1499 1524 1549 1574 1599 1624 1649 1674 1699 1724 1749 1774 1799 1824 
 --- -------- ---------  ---- ---- ---- ---- ---- ---- ---- ---- ---- ---- ---- ---- ---- ---- ---- ---- ---- ---- ---- ---- 
   1 GRM101   1368 1523                 .29B .35  .49  .64                                                                  
   2 GRM107   1084 1493  .47  .43  .52  .60  .73  .60                                                                       
   3 GRM108   1730 1998                                                                                            .48  .56 
   4 GRM109   1738 1998                                                                                            .39  .63 
   5 GRM110   1181 1350  .61                                                                                                
   6 GRM120   1415 1858                           .48  .56  .63  .51  .39  .42  .64  .67  .67  .71  .67  .62  .67  .72  .57 
   7 GRM124   1429 1783                                .82  .77  .53  .56  .69  .73  .76  .80  .75  .60  .51  .68           
   9 GRM127   1612 1822                                                                   .63  .66  .67  .63  .62  .60      
  11 GRM130   1111 1393  .52  .52                                                                                           
  13 GRM134   1163 1533  .70  .73  .46  .50  .74  .76  .64  .59                                                             
  14 GRM135   1738 1998                                                                                            .47  .51 
  15 GRM136   1731 1998                                                                                            .42  .58 
  17 GRM144   1315 1713       .73  .61  .54  .55  .63  .66  .63  .64  .72  .73  .72  .80  .51  .48                          
  18 GRM200   1454 1655                                     .61  .40  .59  .68  .69  .70                                    
  19 GRM209A  1242 1861  .59  .53  .46  .62  .62  .63  .63  .63  .68  .74  .72  .65  .74  .65  .64  .81  .74  .73  .78  .76 
  20 GRM210   1678 1998                                                                                  .57  .41  .34  .53 
  21 GRM212   1655 1872                                                                             .54  .42  .55  .67  .57 
  22 GRM214A  1440 1848                                .53  .55  .60  .74  .76  .67  .70  .76  .64  .69  .69  .60  .65  .72 
  23 GRM214B  1488 1998                                          .60  .68  .62  .62  .67  .68  .60  .72  .57  .49  .64  .67 
  24 GRM218   1077 1407  .65  .64  .46                                                                                      
  25 GRM306A  1293 1859  .60  .53  .40  .56  .60  .62  .67  .52  .44  .53  .62  .61  .60  .57  .47  .63  .62  .37  .36  .54 
  26 GRM306B  1288 1733  .64  .57  .39  .59  .65  .70  .66  .51  .57  .69  .69  .63  .70  .65  .51  .68                     
  27 GRM309   1675 1998                                                                                  .49  .60  .68  .53 
  29 GRM315A  1518 1874                                               .61  .58  .54  .65  .62  .54  .74  .78  .69  .66  .62 
  30 GRM315E  1494 1998                                          .56  .62  .54  .65  .75  .64  .43  .67  .76  .71  .73  .66 
  31 GRM401F  1580 1675                                                              .82  .73                               
  32 GRM404A  1418 1509                           .62  .61                                                                  
  33 GRM404B  1419 1510                           .69  .71                                                                  
  34 GRM404C  1173 1494  .71  .74  .59  .64  .54  .57                                                                       
  35 GRM409A  1263 1531  .72  .70  .50  .42  .41  .50  .55  .58                                                             
  36 GRM409B  1397 1513                      .75  .69  .70                                                                  
  38 GRM415C  1617 1787                                                                   .63  .57  .57  .45  .48           
  39 GRM417A  1027 1482  .61  .58  .43  .53  .69  .62                                                                       
  40 GRM417B  1274 1491  .71  .69  .50  .49  .41  .45                                                                       
  41 GRM417C  1096 1535  .69  .69  .54  .60  .46  .49  .53  .53                                                             
  42 GRM419A  1198 1422  .70  .70  .53                                                                                      
  43 GRM419B  1152 1385  .81  .58                                                                                           
  44 GRM424A  1263 1419  .70  .73  .53                                                                                      
  45 GRM424B  1262 1449  .71  .66  .43  .33  .46                                                                            
  46 GRM426A  1300 1408       .70  .42                                                                                      
  47 GRM426B  1144 1361  .49                                                                                                
  50 GRM430C  1399 1598                      .46  .56  .52  .47  .55  .48                                                   
  52 GRM432B  1149 1413  .57  .50  .30A                                                                                     
  53 GRM434A  1300 1401       .83  .69                                                                                      
  54 GRM434B  1154 1394  .76  .72                                                                                           
  55 GRM434C  1216 1412  .57  .71  .59                                                                                      
  56 GRM436   1304 1380       .77                                                                                           
  57 GRM437B  1435 1607                                .58  .58  .69  .63  .56                                              
  59 GRM507   1688 1999                                                                                  .46  .48  .62  .65 
  60 GRM508   1643 1999                                                                        .39  .50  .45  .45  .51  .51 
  61 GRM509   1701 1999                                                                                       .56  .40  .32A
  64 GRM610   1730 1999                                                                                            .47  .47 
  68 GRM708   1735 1999                                                                                            .52  .68 
  69 GRM709   1669 1999                                                                             .34  .59  .65  .63  .68 
 Av segment correlation  .64  .65  .49  .52  .56  .59  .63  .58  .56  .61  .63  .65  .71  .66  .57  .63  .58  .57  .56  .59 

 CORRELATION OF SERIES BY SEGMENTS: mt158
-----------------------------------------------------------------------------------------------------------------------------------
 Correlations of  50-year dated segments, lagged  25 years
 Flags:  A = correlation under   .3281 but highest as dated;  B = correlation higher at other than dated position

 Seq Series  Time_span  1800 1825 1850 1875 1900 1925 1950 
                        1849 1874 1899 1924 1949 1974 1999 
 --- -------- ---------  ---- ---- ---- ---- ---- ---- ---- 
   3 GRM108   1730 1998  .55  .55  .85  .86  .56  .54      
   4 GRM109   1738 1998  .67  .67  .77  .77  .52  .75      
   6 GRM120   1415 1858  .70                               
  10 GRM128   1842 1998            .58  .65  .55  .68      
  12 GRM132   1780 1998  .68  .71  .53  .46  .52  .67      
  14 GRM135   1738 1998  .48  .54  .74  .72  .60  .74      
  15 GRM136   1731 1998  .88  .90  .85  .78  .54  .69      
  16 GRM139   1834 1998            .76  .76  .58  .59      
  19 GRM209A  1242 1861  .82                               
  20 GRM210   1678 1998  .68  .68  .84  .83  .58  .73      
  21 GRM212   1655 1872  .72                               
  23 GRM214B  1488 1998  .79  .81  .72  .65  .36  .52      
  25 GRM306A  1293 1859  .77                               
  27 GRM309   1675 1998  .61  .71  .74  .68  .61  .68      
  28 GRM313   1774 1998  .75  .70  .75  .75  .47  .58      
  29 GRM315A  1518 1874  .66  .53                          
  30 GRM315E  1494 1998  .68  .60  .70  .63  .45  .69      
  58 GRM506   1899 1999                      .42  .56  .59 
  59 GRM507   1688 1999  .67  .72  .80  .75  .55  .69  .79 
  60 GRM508   1643 1999  .69  .76  .79  .77  .56  .36  .40 
  61 GRM509   1701 1999  .43  .56  .77  .74  .60  .75  .76 
  62 GRM604   1774 1999  .75  .71  .70  .65  .40  .59  .65 
  63 GRM608   1887 1999                      .48  .51  .51 
  64 GRM610   1730 1999  .56  .58  .77  .70  .44  .61  .58 
  65 GRM702   1915 1999                           .62  .69 
  66 GRM705   1804 1999       .59  .72  .78  .64  .70  .73 
  67 GRM707   1780 1999  .71  .75  .70  .68  .63  .68  .74 
  68 GRM708   1735 1999  .87  .81  .79  .75  .58  .69  .70 
  69 GRM709   1669 1999  .80  .68  .64  .69  .63  .66  .72 
  70 GRM710   1868 1999                 .63  .55  .60  .61 
  71 GRM711   1865 1999                 .64  .56  .74  .78 
 Av segment correlation  .69  .68  .74  .71  .54  .64  .66 

 FLAGGED SEGMENTS: mt158
-----------------------------------------------------------------------------------------------------------------------------------
 Seq Series   Segment    Flag  r dated  Best lag  r at lag   Gain  Note
 --- -------- ---------  ----  -------  --------  --------  -----  -----------------
   1 GRM101   1375 1424     B     .287        -3      .301   .014  weak at every lag
  52 GRM432B  1350 1399     A     .299         0
  61 GRM509   1775 1824     A     .319         0

 DESCRIPTIVE STATISTICS: mt158
-----------------------------------------------------------------------------------------------------------------------------------

                                                Corr   //-------- Unfiltered --------\\  //-- dplR filtered --\\
                           No.    No.    No.    with   Mean   Max     Std   Auto   Mean   Max     Std   Auto  AR
 Seq Series   Interval   Years  Segmt  Flags   Master  msmt   msmt    dev   corr   sens  value    dev   corr  ()
 --- -------- ---------  -----  -----  -----   ------ -----  -----  -----  -----  -----  -----  -----  -----  --
   1 GRM101   1368 1523    156      4      1    .512    .87   1.86   .391   .933   .143   1.39   .149  -.004   1
   2 GRM107   1084 1493    410     14      0    .571    .47   1.68   .292   .871   .246   2.03   .230  -.009   3
   3 GRM108   1730 1998    269      8      0    .611    .84   1.61   .315   .828   .173   1.63   .192  -.020   1
   4 GRM109   1738 1998    261      8      0    .667   1.00   2.26   .427   .884   .166   1.48   .171  -.005   2
   5 GRM110   1181 1350    170      5      0    .565    .47    .94   .202   .866   .164   1.50   .178  -.002   2
   6 GRM120   1415 1858    444     16      0    .595    .50   1.03   .163   .714   .199   1.58   .186  -.005   2
   7 GRM124   1429 1783    355     12      0    .686    .42   1.02   .199   .849   .195   1.62   .187  -.011   1
   8 GRM126   1125 1335    211      6      0    .590    .56   1.53   .337   .912   .187   1.52   .177   .003   1
   9 GRM127   1612 1822    211      6      0    .654    .34    .70   .114   .679   .201   1.55   .196   .005   1
  10 GRM128   1842 1998    157      4      0    .588    .75   1.57   .334   .859   .201   2.05   .232   .011   1
  11 GRM130   1111 1393    283      9      0    .563    .51   1.62   .294   .875   .210   1.59   .200   .014   1
  12 GRM132   1780 1998    219      6      0    .594    .79   1.83   .388   .853   .195   1.71   .200  -.030   1
  13 GRM134   1163 1533    371     13      0    .601    .59   1.58   .387   .938   .190   1.56   .180   .011   1
  14 GRM135   1738 1998    261      8      0    .611   1.22   2.09   .398   .786   .177   1.48   .172  -.015   2
  15 GRM136   1731 1998    268      8      0    .701    .96   2.24   .397   .826   .172   1.56   .183   .002   2
  16 GRM139   1834 1998    165      4      0    .684   1.09   2.50   .420   .803   .183   1.83   .221   .001   1
  17 GRM144   1315 1713    399     14      0    .622    .30    .74   .123   .800   .204   2.46   .215   .005   1
  18 GRM200   1454 1655    202      6      0    .634    .41    .84   .138   .758   .196   1.67   .193   .006   1
  19 GRM209A  1242 1861    620     23      0    .668    .39    .82   .152   .838   .187   1.67   .183  -.006   1
  20 GRM210   1678 1998    321     10      0    .674    .83   2.35   .417   .890   .185   1.54   .194  -.019   1
  21 GRM212   1655 1872    218      6      0    .620    .95   1.71   .288   .794   .167   1.55   .169   .009   2
  22 GRM214A  1440 1848    409     14      0    .656    .31    .70   .100   .697   .208   1.87   .206   .004   1
  23 GRM214B  1488 1998    511     18      0    .629    .47   1.96   .211   .803   .195   2.21   .215  -.012   1
  24 GRM218   1077 1407    331     11      0    .571    .54   1.33   .263   .828   .225   1.69   .234   .003   1
  25 GRM306A  1293 1859    567     21      0    .567    .34    .89   .131   .713   .224   1.84   .216  -.004   3
  26 GRM306B  1288 1733    446     16      0    .626    .30    .67   .099   .747   .184   1.79   .181  -.009   1
  27 GRM309   1675 1998    324     10      0    .615    .69   1.41   .239   .834   .157   1.44   .157  -.012   1
  28 GRM313   1774 1998    225      6      0    .623    .50   1.80   .212   .818   .194   1.63   .194  -.006   2
  29 GRM315A  1518 1874    357     13      0    .613    .51   1.09   .178   .720   .201   1.73   .209  -.003   2
  30 GRM315E  1494 1998    505     18      0    .631    .62   2.80   .414   .921   .184   1.71   .187   .007   3
  31 GRM401F  1580 1675     96      2      0    .713    .61   1.07   .201   .749   .185   1.52   .190  -.030   1
  32 GRM404A  1418 1509     92      2      0    .675    .36    .64   .113   .556   .246   1.50   .219   .144   0
  33 GRM404B  1419 1510     92      2      0    .714    .39    .73   .120   .643   .231   1.44   .202  -.009   1
  34 GRM404C  1173 1494    322     11      0    .646    .68   1.75   .290   .797   .222   1.76   .232   .013   1
  35 GRM409A  1263 1531    269      9      0    .574    .41   1.01   .193   .922   .151   1.38   .150  -.002   1
  36 GRM409B  1397 1513    117      3      0    .671    .41    .63   .094   .567   .171   1.34   .168  -.015   1
  37 GRM413A  1141 1305    165      5      0    .589    .53   1.14   .240   .836   .195   1.40   .176   .039   0
  38 GRM415C  1617 1787    171      5      0    .554    .42   1.13   .185   .818   .209   1.79   .225   .041   1
  39 GRM417A  1027 1482    456     14      0    .494    .36   1.44   .164   .852   .175   1.91   .182  -.016   1
  40 GRM417B  1274 1491    218      7      0    .583    .50    .88   .121   .624   .168   1.41   .159  -.013   1
  41 GRM417C  1096 1535    440     16      0    .523    .30    .95   .132   .759   .233   1.88   .234   .004   1
  42 GRM419A  1198 1422    225      7      0    .634    .32    .56   .119   .845   .169   1.47   .164   .015   1
  43 GRM419B  1152 1385    234      7      0    .524    .45   1.01   .157   .767   .177   1.65   .191  -.011   1
  44 GRM424A  1263 1419    157      4      0    .573   1.09   2.06   .360   .777   .172   1.51   .179  -.025   1
  45 GRM424B  1262 1449    188      6      0    .537   1.00   2.43   .428   .863   .168   1.55   .173  -.034   1
  46 GRM426A  1300 1408    109      2      0    .573    .80   1.65   .305   .806   .187   1.61   .203   .007   1
  47 GRM426B  1144 1361    218      7      0    .554    .39    .99   .201   .916   .168   1.40   .178  -.004   2
  48 GRM428A   798  974    177      6      0    .638    .50    .79   .114   .792   .114   1.28   .113   .008   2
  49 GRM428B   775 1049    275      6      0    .431    .44    .74   .130   .841   .137   1.39   .135  -.015   3
  50 GRM430C  1399 1598    200      6      0    .474    .43    .94   .166   .857   .159   1.46   .161   .001   1
  51 GRM432A  1096 1337    242      8      0    .614    .45   1.06   .148   .740   .189   1.55   .187  -.015   1
  52 GRM432B  1149 1413    265      9      1    .557    .46   1.55   .248   .848   .228   1.76   .227  -.000   1
  53 GRM434A  1300 1401    102      2      0    .752    .80   1.53   .261   .747   .198   1.67   .198   .001   1
  54 GRM434B  1154 1394    241      7      0    .656    .86   3.06   .591   .942   .182   1.59   .192   .028   1
  55 GRM434C  1216 1412    197      6      0    .586    .75   1.89   .365   .860   .205   1.78   .229   .008   2
  56 GRM436   1304 1380     77      1      0    .758    .62   1.24   .237   .811   .193   1.45   .194  -.027   1
  57 GRM437B  1435 1607    173      5      0    .595    .45   1.45   .237   .910   .168   1.45   .184   .021   1
  58 GRM506   1899 1999    101      3      0    .511   1.06   2.20   .410   .842   .173   1.43   .183   .009   1
  59 GRM507   1688 1999    312     11      0    .641    .60   1.84   .196   .705   .186   1.79   .186  -.012   1
  60 GRM508   1643 1999    357     13      0    .574    .43    .96   .148   .757   .196   1.69   .204   .020   1
  61 GRM509   1701 1999    299     10      1    .568    .66   1.57   .249   .755   .210   1.50   .203  -.022   1
  62 GRM604   1774 1999    226      7      0    .632    .73   1.39   .239   .774   .178   1.55   .181   .013   2
  63 GRM608   1887 1999    113      3      0    .488    .46    .91   .156   .807   .168   1.39   .172   .004   1
  64 GRM610   1730 1999    270      9      0    .579    .69   2.04   .376   .823   .214   1.68   .229   .009   1
  65 GRM702   1915 1999     85      2      0    .591   1.30   2.60   .391   .763   .159   1.45   .167   .029   1
  66 GRM705   1804 1999    196      6      0    .702    .69   1.83   .278   .865   .170   1.45   .175  -.016   1
  67 GRM707   1780 1999    220      7      0    .680    .83   1.83   .272   .624   .212   1.76   .217  -.009   1
  68 GRM708   1735 1999    265      9      0    .702    .85   1.94   .323   .808   .174   1.49   .177  -.019   1
  69 GRM709   1669 1999    331     12      0    .615    .51   1.56   .263   .850   .211   1.60   .199  -.008   1
  70 GRM710   1868 1999    132      4      0    .597   1.07   2.40   .427   .765   .207   1.61   .212   .019   1
  71 GRM711   1865 1999    135      4      0    .676   1.22   2.06   .373   .711   .185   1.46   .175  -.010   2
 --- -------- ---------  -----  -----  -----   ------ -----  -----  -----  -----  -----  -----  -----  -----  --
 Total or mean:          18206    582      3    .607    .58   3.06   .244   .807   .191   2.46   .193  -.002

 DATA CHECKS (rwl.check): mt158
-----------------------------------------------------------------------------------------------------------------------------------
 rwl.check: data_files/treering/measurements/northamerica/usa/mt158.rwl
 71 series, 18206 measurements, 775-1999, 0.002 mm precision
 0 error(s), 0 warning(s), 3 note(s)
 -------------
 Nothing to report at this severity.
 3 note(s) not shown; see rwl.check() or the 'check' element of this report.

 NOTES
-----------------------------------------------------------------------------------------------------------------------------------
 Report generated using dplR 1.8.1 (R 4.5.2) on 2026-10-01 16:50 PDT.
 Measurement file mt158.rwl, MD5 8d9f766b8ba1bfd710a507ff2ec87272.
 Filtering: each series divided by a 32-year smoothing spline (caps()), then prewhitened with
   an AR model (order by AIC, at most 3).
 Master: biweight robust mean of the other series (leave-one-out).
 Correlation: Pearson, one-tailed, pcrit = 0.01; critical r = 0.3281 for 50-year segments.
 Segments: 50 years, lagged 25, first segment floored to 100. Lags searched: +/- 10 years.
 A segment is tested only where the series and the master cover all of it, at the dated
   position and at every lag. COFECHA also tests partial segments at the ends of a series, so
   series here may show fewer segments, and no flags can be raised at the ends of the record.
 Lags follow COFECHA: negative means rings are probably missing from the series, positive means
   false rings. A missing ring carries its lag into every segment before it, so look where the
   lag changes along a series. A B flag is a hypothesis to check on the wood; the gain says how
   seriously to take it.
 A B flag marked "weak at every lag" correlates under the critical value even at its best lag:
   the segment is weak wherever it is placed, and the shift is not evidence of a dating error.
   Treat it as a low correlation, like an A.
 Averages in the summary and the totals are weighted by the number of years in each series, as
   COFECHA's are.
 Unfiltered block and mean sensitivity: the measurements as read, and sens1().
 dplR filtered block: the series that was correlated, after filtering. COFECHA's filtered
   series is defined differently, so these three columns are not COFECHA's numbers.
 AR: order of the AR model used to prewhiten.
