
 COFECHA-style crossdating report: nm031
 Report generated using dplR 1.8.1 (R 4.5.2) on 2026-10-01 16:53 PDT
 Built with dplR's xdate.report(), not COFECHA; see the notes at the end.


      Measurement file name  : nm031.rwl
      MD5 of measurement file: 7d58188840b4baceac803ab4a547c297
      Date checked           : 01OCT26
      Beginning year         : 1477
      Ending year            : 1972
      Principal investigators: Robinson, W.J.; Burns, B.T.; Dean, J.S.; Woolfenden, W.B.
      Site name              : Fort Wingate
      Species information    : PIED Pinus edulis Engelm.
      Latitude               : 35.4300 N
      Longitude              : 108.5300 W
      Elevation              : 2268 m

      Series intercorrelation: 0.843
      Avg mean sensitivity   : 0.544
      Avg standard deviation : 0.279
      Avg autocorrelation    : 0.607
      Number dated series    : 48
      Series crossdated      : 47
      Segment length tested  : 50

      Number problem segments: 0  (A 0, B 0)
      Pct problem segments   : 0.00


 CORRELATION OF SERIES BY SEGMENTS: nm031
-----------------------------------------------------------------------------------------------------------------------------------
 Correlations of  50-year dated segments, lagged  25 years
 Flags:  A = correlation under   .3281 but highest as dated;  B = correlation higher at other than dated position

 Seq Series  Time_span  1500 1525 1550 1575 1600 1625 1650 1675 1700 1725 1750 1775 1800 1825 1850 1875 1900 
                        1549 1574 1599 1624 1649 1674 1699 1724 1749 1774 1799 1824 1849 1874 1899 1924 1949 
 --- -------- ---------  ---- ---- ---- ---- ---- ---- ---- ---- ---- ---- ---- ---- ---- ---- ---- ---- ---- 
   1 283011   1720 1970                                               .76  .76  .90  .88  .82  .84  .80  .81 
   2 283012   1728 1970                                                    .83  .90  .91  .87  .83  .84  .85 
   3 283021   1517 1970       .73  .89  .93  .92  .83  .82  .90  .91  .95  .95  .94  .93  .87  .85  .85  .88 
   4 283022   1519 1970       .52  .74  .82  .91  .82  .83  .87  .88  .92  .93  .88  .87  .87  .91  .91  .87 
   5 283031   1646 1970                                .84  .85  .86  .87  .87  .92  .93  .85  .80  .81  .74 
   6 283032   1625 1970                                .87  .90  .92  .92  .89  .90  .91  .88  .87  .86  .82 
   7 283041   1599 1970                      .78  .86  .87  .82  .91  .94  .93  .92  .92  .96  .94  .92  .91 
   8 283042   1589 1970                      .81  .92  .92  .91  .93  .92  .88  .91  .92  .91  .93  .91  .83 
   9 283051   1789 1970                                                              .81  .77  .84  .84  .83 
  10 283052   1833 1970                                                                        .82  .82  .79 
  11 283061   1751 1972                                                         .92  .92  .87  .92  .92  .90 
  12 283062   1703 1972                                               .79  .75  .83  .89  .92  .93  .91  .89 
  13 283071   1508 1972       .69  .88  .91  .86  .77  .72  .77  .90  .90  .88  .90  .89  .86  .91  .93  .87 
  14 283072   1512 1972       .68  .88  .88  .78  .74  .81  .86  .88  .88  .89  .90  .89  .88  .89  .90  .85 
  15 283081   1539 1972            .88  .92  .85  .84  .87  .88  .86  .85  .88  .94  .89  .85  .83  .80  .80 
  16 283082   1485 1972  .65  .77  .86  .91  .82  .82  .84  .86  .91  .87  .84  .92  .92  .89  .89  .87  .85 
  17 283091   1505 1972       .66  .71  .58  .50  .85  .84  .87  .89  .88  .89  .94  .91  .89  .93  .91  .85 
  18 283092   1769 1972                                                         .92  .89  .86  .90  .85  .73 
  19 283101   1750 1972                                                         .90  .88  .80  .82  .87  .84 
  20 283102   1759 1972                                                         .93  .94  .90  .90  .88  .79 
  21 283111   1747 1972                                                    .75  .83  .82  .84  .88  .89  .88 
  22 283112   1762 1972                                                         .80  .83  .88  .91  .88  .78 
  23 283121   1760 1972                                                         .86  .83  .85  .90  .88  .86 
  24 283122   1744 1972                                                    .75  .87  .82  .82  .89  .86  .83 
  25 283131   1498 1972       .85  .88  .89  .86  .88  .84  .80  .85  .84  .85  .91  .92  .93  .90  .89  .87 
  26 283132   1495 1972  .81  .79  .86  .90  .90  .86  .84  .84  .87  .88  .84  .87  .91  .91  .87  .83  .76 
  28 283142   1477 1972  .70  .85  .92  .92  .89  .87  .86  .88  .91  .90  .89  .91  .89  .80  .77  .80  .81 
  29 283151   1791 1972                                                              .87  .90  .89  .85  .86 
  30 283152   1684 1972                                          .85  .88  .87  .89  .92  .90  .88  .88  .80 
  31 283161   1498 1972       .81  .89  .86  .78  .81  .79  .76  .83  .82  .84  .90  .89  .81  .81  .82  .86 
  32 283162   1478 1972  .75  .78  .89  .88  .76  .81  .82  .80  .86  .86  .88  .92  .87  .78  .79  .78  .81 
  33 283171   1663 1972                                     .75  .85  .87  .83  .83  .85  .71  .73  .85  .87 
  34 283172   1707 1972                                               .70  .83  .87  .87  .87  .85  .85  .81 
  35 283181   1571 1972                 .85  .84  .84  .85  .83  .85  .81  .83  .89  .85  .86  .90  .87  .76 
  36 283182   1512 1972       .72  .78  .80  .79  .84  .85  .85  .90  .83  .80  .89  .90  .91  .88  .86  .81 
  37 283191   1623 1972                           .87  .92  .91  .87  .83  .82  .88  .90  .89  .87  .76  .71 
  38 283192   1623 1972                           .83  .91  .89  .86  .89  .91  .90  .92  .93  .92  .88  .79 
  39 283201   1607 1972                           .76  .76  .84  .90  .91  .88  .92  .92  .81  .85  .88  .82 
  40 283202   1598 1972                      .79  .76  .78  .83  .88  .90  .90  .91  .91  .88  .88  .85  .80 
  41 283211   1600 1972                           .86  .86  .89  .90  .91  .95  .92  .90  .90  .94  .93  .85 
  42 283212   1587 1972                      .91  .93  .92  .90  .91  .91  .83  .87  .89  .82  .89  .94  .92 
  43 283221   1640 1972                                .81  .77  .77  .78  .78  .86  .87  .87  .88  .78  .62 
  44 283222   1630 1972                                .83  .85  .84  .84  .85  .92  .91  .87  .93  .93  .83 
  45 283231   1610 1972                           .81  .81  .82  .76  .79  .79  .77  .77  .84  .89  .84  .70 
  46 283232   1615 1972                           .87  .84  .77  .62  .68  .81  .85  .85  .87  .83  .71  .65 
  47 283241   1790 1972                                                              .70  .80  .85  .83  .71 
  48 283242   1767 1972                                                         .77  .85  .86  .87  .87  .80 
 Av segment correlation  .73  .74  .85  .86  .82  .84  .84  .84  .86  .86  .85  .89  .88  .86  .87  .86  .81 

 FLAGGED SEGMENTS: nm031
-----------------------------------------------------------------------------------------------------------------------------------
 None.

 DESCRIPTIVE STATISTICS: nm031
-----------------------------------------------------------------------------------------------------------------------------------

                                                Corr   //-------- Unfiltered --------\\  //-- dplR filtered --\\
                           No.    No.    No.    with   Mean   Max     Std   Auto   Mean   Max     Std   Auto  AR
 Seq Series   Interval   Years  Segmt  Flags   Master  msmt   msmt    dev   corr   sens  value    dev   corr  ()
 --- -------- ---------  -----  -----  -----   ------ -----  -----  -----  -----  -----  -----  -----  -----  --
   1 283011   1720 1970    251      8      0    .818    .56   2.11   .372   .621   .510   2.55   .425  -.067   0
   2 283012   1728 1970    243      7      0    .832    .61   1.83   .384   .646   .501   2.06   .407   .084   0
   3 283021   1517 1970    454     16      0    .873    .40   1.28   .261   .507   .673   2.67   .527  -.011   3
   4 283022   1519 1970    452     16      0    .849    .33   1.03   .211   .404   .729   2.95   .559  -.008   3
   5 283031   1646 1970    325     11      0    .846    .45   1.08   .218   .560   .445   2.20   .380   .003   1
   6 283032   1625 1970    346     11      0    .879    .50   1.47   .251   .548   .452   2.08   .385  -.002   1
   7 283041   1599 1970    372     13      0    .892    .52   2.35   .370   .787   .454   2.03   .372   .004   1
   8 283042   1589 1970    382     13      0    .881    .51   2.20   .354   .777   .456   2.08   .384   .002   1
   9 283051   1789 1970    182      5      0    .830    .90   1.95   .424   .538   .386   2.14   .354   .008   1
  10 283052   1833 1970    138      3      0    .801   1.20   3.52   .637   .619   .379   1.95   .348   .028   1
  11 283061   1751 1972    222      6      0    .903    .42   1.22   .256   .522   .546   2.65   .482   .008   1
  12 283062   1703 1972    270      8      0    .852    .47   1.45   .295   .603   .591   2.43   .482   .006   1
  13 283071   1508 1972    465     16      0    .839    .43   1.53   .235   .504   .454   2.27   .412   .003   1
  14 283072   1512 1972    461     16      0    .843    .43   1.01   .193   .465   .404   1.99   .361  -.004   2
  15 283081   1539 1972    434     15      0    .851    .33   1.41   .221   .534   .678   2.66   .512   .004   2
  16 283082   1485 1972    488     17      0    .850    .28    .81   .159   .435   .626   2.51   .497   .004   1
  17 283091   1505 1972    468     16      0    .804    .34   1.30   .191   .450   .575   2.79   .456  -.001   2
  18 283092   1769 1972    204      6      0    .861    .46   1.17   .244   .554   .511   2.31   .419  -.002   1
  19 283101   1750 1972    223      6      0    .835    .73   2.01   .411   .738   .330   2.03   .317   .089   1
  20 283102   1759 1972    214      6      0    .878    .79   2.60   .456   .760   .344   2.00   .339   .025   1
  21 283111   1747 1972    226      7      0    .829    .58   1.81   .376   .663   .531   2.32   .444   .019   3
  22 283112   1762 1972    211      6      0    .817    .47   1.92   .353   .763   .483   2.61   .443  -.017   1
  23 283121   1760 1972    213      6      0    .830    .52   1.81   .417   .768   .691   2.72   .551   .002   1
  24 283122   1744 1972    229      7      0    .815    .43   1.78   .395   .767   .804   2.76   .618  -.000   1
  25 283131   1498 1972    475     16      0    .854    .32   1.10   .184   .370   .679   2.57   .512  -.004   3
  26 283132   1495 1972    478     17      0    .851    .34   1.07   .165   .359   .540   2.61   .426  -.004   3
  27 283141   1488 1972    484                          .30   1.77   .264   .660   .837                         
  28 283142   1477 1972    496     17      0    .853    .27   1.33   .199   .500   .827   2.92   .600  -.008   2
  29 283151   1791 1972    182      5      0    .862    .37   1.01   .214   .444   .564   2.74   .474   .013   1
  30 283152   1684 1972    289      9      0    .867    .32    .83   .195   .368   .714   2.28   .528   .035   0
  31 283161   1498 1972    475     16      0    .819    .34   2.33   .315   .847   .639   2.76   .494  -.000   3
  32 283162   1478 1972    495     17      0    .812    .39   1.58   .280   .781   .514   2.25   .406   .001   3
  33 283171   1663 1972    310     10      0    .815    .41   1.60   .254   .716   .440   2.21   .366   .013   1
  34 283172   1707 1972    266      8      0    .820    .50   2.15   .371   .803   .422   1.85   .363  -.009   1
  35 283181   1571 1972    402     14      0    .845    .34   1.81   .245   .718   .444   2.20   .390  -.012   3
  36 283182   1512 1972    461     16      0    .832    .42   2.00   .308   .677   .484   2.56   .432   .011   1
  37 283191   1623 1972    350     12      0    .851    .47   1.91   .239   .607   .404   2.28   .367  -.000   1
  38 283192   1623 1972    350     12      0    .880    .50   1.44   .253   .577   .470   2.36   .394  -.022   1
  39 283201   1607 1972    366     12      0    .866    .34   1.25   .245   .689   .593   2.43   .466   .044   0
  40 283202   1598 1972    375     13      0    .863    .39   1.66   .275   .708   .610   2.39   .462   .013   0
  41 283211   1600 1972    373     12      0    .894    .50   1.92   .348   .771   .513   2.16   .412   .004   1
  42 283212   1587 1972    386     13      0    .861    .48   2.17   .345   .764   .468   2.15   .384  -.002   1
  43 283221   1640 1972    333     11      0    .805    .47   1.36   .269   .508   .591   2.74   .479   .001   1
  44 283222   1630 1972    343     11      0    .844    .56   1.84   .360   .525   .659   3.04   .515   .028   1
  45 283231   1610 1972    363     12      0    .787    .62   1.52   .259   .621   .314   1.86   .283   .006   1
  46 283232   1615 1972    358     12      0    .771    .56   1.50   .309   .711   .380   2.35   .341   .006   1
  47 283241   1790 1972    183      5      0    .753    .71   2.07   .379   .739   .337   1.98   .319   .040   1
  48 283242   1767 1972    206      6      0    .811    .65   1.67   .307   .621   .343   1.85   .330   .021   1
 --- -------- ---------  -----  -----  -----   ------ -----  -----  -----  -----  -----  -----  -----  -----  --
 Total or mean:          16272    517      0    .843    .45   3.52   .279   .607   .544   3.04   .436   .005

 DATA CHECKS (rwl.check): nm031
-----------------------------------------------------------------------------------------------------------------------------------
 rwl.check: data_files/treering/measurements/northamerica/usa/nm031.rwl
 48 series, 16272 measurements, 1477-1972, 0.01 mm precision
 0 error(s), 1 warning(s), 2 note(s)
 -------------
 WARNING
   RWL_INTERNAL_NA (1)
     283141: no measurement for 1759, inside the measured span of the series. The file records nothing for that year, which is not a fault, but detrend(), chron(), strip.rwl(), rwi.stats() and sss() fail on interior gaps and this series cannot be crossdated. Use fill.internal.NA() to close them deliberately
 2 note(s) not shown; see rwl.check() or the 'check' element of this report.

 NOTES
-----------------------------------------------------------------------------------------------------------------------------------
 Report generated using dplR 1.8.1 (R 4.5.2) on 2026-10-01 16:53 PDT.
 Measurement file nm031.rwl, MD5 7d58188840b4baceac803ab4a547c297.
 Filtering: each series divided by a 32-year smoothing spline (caps()), then prewhitened with
   an AR model (order by AIC, at most 3).
 Master: biweight robust mean of the other series (leave-one-out).
 Correlation: Pearson, one-tailed, pcrit = 0.01; critical r = 0.3281 for 50-year segments.
 Segments: 50 years, lagged 25, first segment floored to 100. Lags searched: +/- 10 years.
 A segment is tested only where the series and the master cover all of it, at the dated
   position and at every lag. COFECHA also tests partial segments at the ends of a series, so
   series here may show fewer segments, and no flags can be raised at the ends of the record.
 Lags follow COFECHA: negative means rings are probably missing from the series, positive means
   false rings. A missing ring carries its lag into every segment before it, so look where the
   lag changes along a series. A B flag is a hypothesis to check on the wood; the gain says how
   seriously to take it.
 A B flag marked "weak at every lag" correlates under the critical value even at its best lag:
   the segment is weak wherever it is placed, and the shift is not evidence of a dating error.
   Treat it as a low correlation, like an A.
 Averages in the summary and the totals are weighted by the number of years in each series, as
   COFECHA's are.
 Unfiltered block and mean sensitivity: the measurements as read, and sens1().
 dplR filtered block: the series that was correlated, after filtering. COFECHA's filtered
   series is defined differently, so these three columns are not COFECHA's numbers.
 AR: order of the AR model used to prewhiten.
 Left out of the crossdating: series 283141 has internal NA values, and the 'nyrs' spline needs
   an unbroken series. Fill them with fill.internal.NA(), remove the series, or use 'n' instead
   of 'nyrs'
