
 COFECHA-style crossdating report: nm595
 Report generated using dplR 1.8.1 (R 4.5.2) on 2026-10-01 16:57 PDT
 Built with dplR's xdate.report(), not COFECHA; see the notes at the end.


      Measurement file name  : nm595.rwl
      MD5 of measurement file: e3bede8df352eb88b4d5ca23de9e1eab
      Date checked           : 01OCT26
      Beginning year         : 1306
      Ending year            : 2008
      Principal investigators: Woodhouse, C.A.; Losleben, M.V.
      Site name              : Filmore Canyon
      Species information    : PIPO Pinus ponderosa Douglas ex C. Lawson
      Latitude               : 32.3340 N
      Longitude              : 106.5620 W
      Elevation              : 2133 m

      Series intercorrelation: 0.767
      Avg mean sensitivity   : 0.583
      Avg standard deviation : 0.826
      Avg autocorrelation    : 0.570
      Number dated series    : 86
      Segment length tested  : 50

      Number problem segments: 2  (A 1, B 1; 1 of the B weak at every lag)
      Pct problem segments   : 0.46


 CORRELATION OF SERIES BY SEGMENTS: nm595
-----------------------------------------------------------------------------------------------------------------------------------
 Correlations of  50-year dated segments, lagged  25 years
 Flags:  A = correlation under   .3281 but highest as dated;  B = correlation higher at other than dated position

 Seq Series  Time_span  1400 1425 1450 1475 1500 1525 1550 1575 1600 1625 1650 1675 1700 1725 1750 1775 1800 1825 1850 1875 
                        1449 1474 1499 1524 1549 1574 1599 1624 1649 1674 1699 1724 1749 1774 1799 1824 1849 1874 1899 1924 
 --- -------- ---------  ---- ---- ---- ---- ---- ---- ---- ---- ---- ---- ---- ---- ---- ---- ---- ---- ---- ---- ---- ---- 
   1 FCU01A   1860 2008                                                                                                 .89 
   2 FCU01B   1840 2008                                                                                            .77  .85 
   3 FCU02A   1858 1995                                                                                                 .82 
   4 FCU02B   1837 2008                                                                                            .58  .81 
  16 FCU08B   1869 2000                                                                                                 .82 
  24 FCU13B   1870 2008                                                                                                 .85 
  28 FCM01A   1812 1956                                                                                       .77  .81  .80 
  29 FCM01B   1783 1950                                                                                  .81  .75  .79  .79 
  30 FCM02A   1791 1964                                                                                  .62  .81  .88  .89 
  31 FCM03A   1787 1950                                                                                  .86  .74  .75  .75 
  32 FCM03B   1754 1951                                                                             .83  .79  .72  .75  .72 
  33 FCP03A   1859 1991                                                                                                 .88 
  34 FCP03B   1855 1991                                                                                                 .82 
  37 FCP20B   1792 1946                                                                                  .58  .39  .40  .53 
  38 FCP21C   1695 1977                                                              .71  .83  .75  .74  .76  .58  .61  .87 
  39 FCP22A   1724 1910                                                                   .80  .75  .68  .74  .80  .75      
  40 FCP22B   1782 1940                                                                                  .80  .78  .78  .84 
  42 FIL01B   1846 1991                                                                                            .79  .85 
  43 OPB01A   1731 1930                                                                        .91  .92  .90  .86  .85  .62 
  44 OPB01B   1732 1890                                                                        .92  .90  .86  .88           
  45 OPB03A   1631 1950                                                    .77  .83  .80  .81  .87  .87  .81  .79  .79  .80 
  46 OPB03B   1633 1860                                                    .78  .57  .56  .73  .85  .88  .80                
  47 OPB05A   1695 1950                                                              .83  .76  .80  .91  .87  .79  .78  .67 
  48 OPB05B   1694 1900                                                              .86  .83  .84  .89  .83  .74  .67      
  49 OPB07A   1693 1991                                                              .84  .90  .87  .88  .86  .82  .78  .79 
  50 OPB07B   1687 1991                                                              .81  .84  .89  .93  .89  .82  .75  .77 
  51 OPB08A   1729 1950                                                                        .86  .88  .85  .78  .82  .82 
  52 OPB08B   1683 1950                                                              .84  .88  .89  .91  .86  .81  .84  .80 
  53 OPB09A   1772 1991                                                                             .88  .84  .83  .83  .82 
  54 OPB09B   1723 1991                                                                   .68  .90  .91  .88  .85  .84  .89 
  55 OPB09D   1843 1951                                                                                            .78  .76 
  56 OPB14A   1681 1991                                                              .87  .87  .91  .94  .92  .86  .87  .83 
  57 OPB14B   1673 1991                                                         .82  .86  .90  .89  .91  .91  .83  .82  .84 
  58 OPB17A   1748 1950                                                                        .77  .83  .78  .78  .82  .80 
  59 OPB17B   1762 1991                                                                             .86  .88  .85  .85  .83 
  60 RAB02    1470 1650                 .72  .63  .53  .52  .61  .72                                                        
  61 RAB03    1613 1742                                               .78  .82  .85                                         
  62 RAB06    1434 1800            .32A .44  .68  .72  .75  .79  .76  .73  .66  .69  .79  .72  .69                          
  63 RAB07A   1564 1868                                     .82  .81  .86  .89  .82  .79  .82  .83  .85  .83                
  64 RAB07B   1406 1853       .70  .75  .85  .84  .82  .77  .77  .80  .84  .84  .82  .74  .72  .79  .83  .79                
  65 RAB09    1383 1550  .73  .83  .86  .83  .80                                                                            
  66 RAB10    1352 1460  .80                                                                                                
  67 RAB11A   1402 1550       .77  .81  .81  .79                                                                            
  68 RAB13    1596 1814                                          .68  .78  .87  .85  .87  .80  .71                          
  69 RAB14    1605 1720                                               .46  .56                                              
  70 RAB15    1306 1698  .83  .75  .73  .66  .43  .48  .44  .45  .74  .88                                                   
  71 RAB17A   1381 1480  .79  .76                                                                                           
  72 RAB17B   1381 1508  .86  .78  .79                                                                                      
  73 RAB18    1499 1659                      .80  .78  .71  .76  .84                                                        
  74 RAB19    1653 1792                                                         .84  .83  .78                               
  75 RAB20    1599 1750                                          .83  .80  .72  .71  .76                                    
  76 RAB20A   1665 1940                                                         .82  .80  .88  .88  .86  .86  .68  .63  .71 
  77 RAB20B   1665 1940                                                         .63  .67  .76  .90  .88  .69  .43  .53  .67 
  78 RAB21A   1608 1767                                               .65  .78  .72  .67                                    
  79 RAB21B   1608 1710                                               .56  .67                                              
  80 RAB23    1535 1795                                .80  .85  .81  .81  .77  .62  .68  .73                               
  81 RAB24    1564 1750                                     .77  .85  .92  .79  .72  .54                                    
  82 RAB25    1375 1494  .56  .48                                                                                           
  83 RAB26    1374 1681  .85  .56  .16B .44  .76  .62  .55  .64  .75  .54                                                   
  84 RAB27    1376 1570  .82  .73  .79  .82  .83                                                                            
  85 RAB50A   1803 1993                                                                                       .69  .64  .57 
  86 RAB50B   1805 1993                                                                                       .60  .59  .60 
 Av segment correlation  .78  .71  .65  .70  .73  .66  .65  .72  .78  .74  .76  .76  .77  .80  .84  .87  .82  .75  .75  .78 

 CORRELATION OF SERIES BY SEGMENTS: nm595
-----------------------------------------------------------------------------------------------------------------------------------
 Correlations of  50-year dated segments, lagged  25 years
 Flags:  A = correlation under   .3281 but highest as dated;  B = correlation higher at other than dated position

 Seq Series  Time_span  1900 1925 1950 
                        1949 1974 1999 
 --- -------- ---------  ---- ---- ---- 
   1 FCU01A   1860 2008  .94  .91  .83 
   2 FCU01B   1840 2008  .89  .87  .87 
   3 FCU02A   1858 1995  .91  .93      
   4 FCU02B   1837 2008  .90  .82  .69 
   5 FCU03A   1875 2008  .78  .87  .85 
   6 FCU03B   1877 1950  .94           
   7 FCU04A   1888 2006  .89  .90  .90 
   8 FCU04B   1899 2008  .91  .95  .92 
   9 FCU05A   1878 2008  .91  .89  .86 
  10 FCU05B   1876 2008  .83  .85  .80 
  11 FCU06A   1893 2008  .88  .90  .90 
  12 FCU06B   1894 2008  .86  .92  .92 
  13 FCU07A   1894 2008  .86  .80  .73 
  14 FCU07B   1884 2008  .84  .86  .90 
  15 FCU08A   1895 2008  .88  .92  .94 
  16 FCU08B   1869 2000  .90  .93  .93 
  17 FCU09A   1884 2008  .87  .91  .91 
  18 FCU09B   1887 2008  .89  .90  .88 
  19 FCU11A   1925 2008            .88 
  20 FCU11B   1927 2008            .89 
  21 FCU12A   1941 2008            .88 
  22 FCU12B   1941 2008            .84 
  23 FCU13A   1883 2008  .94  .94  .92 
  24 FCU13B   1870 2008  .88  .90  .76 
  25 FCU14A   1880 2008  .88  .91  .92 
  26 FCU14B   1883 1989  .88  .91      
  27 FCU15A   1882 2008  .90  .91  .86 
  28 FCM01A   1812 1956  .83           
  29 FCM01B   1783 1950  .85           
  30 FCM02A   1791 1964  .91           
  31 FCM03A   1787 1950  .73           
  32 FCM03B   1754 1951  .74           
  33 FCP03A   1859 1991  .89  .84      
  34 FCP03B   1855 1991  .79  .82      
  35 FCP04A   1893 1989  .91  .87      
  36 FCP04B   1893 1989  .91  .89      
  38 FCP21C   1695 1977  .89  .84      
  41 FIL01A   1877 1991  .88  .92      
  42 FIL01B   1846 1991  .82  .88      
  45 OPB03A   1631 1950  .81           
  47 OPB05A   1695 1950  .61           
  49 OPB07A   1693 1991  .83  .52      
  50 OPB07B   1687 1991  .87  .62      
  51 OPB08A   1729 1950  .84           
  52 OPB08B   1683 1950  .79           
  53 OPB09A   1772 1991  .84  .70      
  54 OPB09B   1723 1991  .91  .84      
  55 OPB09D   1843 1951  .78           
  56 OPB14A   1681 1991  .81  .67      
  57 OPB14B   1673 1991  .83  .63      
  58 OPB17A   1748 1950  .83           
  59 OPB17B   1762 1991  .88  .82      
  85 RAB50A   1803 1993  .59  .57      
  86 RAB50B   1805 1993  .58  .48      
 Av segment correlation  .85  .83  .87 

 FLAGGED SEGMENTS: nm595
-----------------------------------------------------------------------------------------------------------------------------------
 Seq Series   Segment    Flag  r dated  Best lag  r at lag   Gain  Note
 --- -------- ---------  ----  -------  --------  --------  -----  -----------------
  62 RAB06    1450 1499     A     .322         0
  83 RAB26    1450 1499     B     .157        -1      .226   .069  weak at every lag

 DESCRIPTIVE STATISTICS: nm595
-----------------------------------------------------------------------------------------------------------------------------------

                                                Corr   //-------- Unfiltered --------\\  //-- dplR filtered --\\
                           No.    No.    No.    with   Mean   Max     Std   Auto   Mean   Max     Std   Auto  AR
 Seq Series   Interval   Years  Segmt  Flags   Master  msmt   msmt    dev   corr   sens  value    dev   corr  ()
 --- -------- ---------  -----  -----  -----   ------ -----  -----  -----  -----  -----  -----  -----  -----  --
   1 FCU01A   1860 2008    149      4      0    .853   1.92   6.10  1.444   .671   .608   2.93   .500   .032   0
   2 FCU01B   1840 2008    169      5      0    .826   1.37   6.02  1.054   .687   .621   2.14   .494   .037   0
   3 FCU02A   1858 1995    138      3      0    .876   1.69   5.47  1.205   .652   .620   2.11   .467  -.004   0
   4 FCU02B   1837 2008    172      5      0    .734   1.29   4.50   .936   .616   .640   2.94   .516  -.002   0
   5 FCU03A   1875 2008    134      3      0    .826   1.56   6.19  1.426   .788   .700   2.45   .529  -.008   1
   6 FCU03B   1877 1950     74      1      0    .896   3.27   7.03  1.841   .553   .543   2.05   .443   .016   0
   7 FCU04A   1888 2006    119      3      0    .832   1.48   4.77  1.107   .569   .679   2.93   .522  -.005   0
   8 FCU04B   1899 2008    110      3      0    .919   1.80  11.17  1.933   .741   .678   2.29   .526   .011   0
   9 FCU05A   1878 2008    131      3      0    .836   1.76   6.06  1.390   .685   .552   3.10   .484  -.004   1
  10 FCU05B   1876 2008    133      3      0    .688   2.11   6.29  1.327   .520   .571   6.82   .706   .087   0
  11 FCU06A   1893 2008    116      3      0    .885   2.60   8.53  1.817   .529   .593   2.24   .479  -.015   3
  12 FCU06B   1894 2008    115      3      0    .786   1.90   7.00  1.696   .728   .649   2.60   .514   .011   0
  13 FCU07A   1894 2008    115      3      0    .803   1.48   7.41  1.419   .527   .825   3.19   .654  -.037   0
  14 FCU07B   1884 2008    125      3      0    .874   1.17   4.30   .944   .538   .707   2.75   .590   .112   0
  15 FCU08A   1895 2008    114      3      0    .910   2.53   8.84  1.701   .346   .629   2.21   .518   .026   0
  16 FCU08B   1869 2000    132      4      0    .881   1.85   4.84  1.093   .290   .630   2.34   .519   .088   0
  17 FCU09A   1884 2008    125      3      0    .874   1.31   4.53  1.027   .641   .645   2.39   .511  -.027   0
  18 FCU09B   1887 2008    122      3      0    .865   1.70   5.56  1.164   .557   .611   2.53   .491   .006   0
  19 FCU11A   1925 2008     84      1      0    .883   1.38   4.80   .965   .616   .528   2.26   .463  -.026   1
  20 FCU11B   1927 2008     82      1      0    .883   1.46   4.16   .887   .471   .564   2.07   .474   .026   2
  21 FCU12A   1941 2008     68      1      0    .856   1.24   3.00   .740   .379   .628   2.13   .497  -.014   1
  22 FCU12B   1941 2008     68      1      0    .859   1.73   3.90   .910   .301   .611   2.06   .489   .004   1
  23 FCU13A   1883 2008    126      3      0    .918   1.48   4.58   .941   .627   .503   2.36   .423   .083   0
  24 FCU13B   1870 2008    139      4      0    .825   1.99   6.04  1.197   .657   .431   2.03   .383   .112   0
  25 FCU14A   1880 2008    129      3      0    .879   1.08   3.53   .788   .612   .634   2.11   .500   .003   0
  26 FCU14B   1883 1989    107      2      0    .888   1.82   5.30  1.113   .565   .586   2.02   .431  -.059   0
  27 FCU15A   1882 2008    127      3      0    .853   1.67   5.27  1.081   .639   .487   2.13   .401  -.037   0
  28 FCM01A   1812 1956    145      4      0    .721   1.36   4.51   .977   .668   .536   2.27   .461   .007   1
  29 FCM01B   1783 1950    168      5      0    .782   1.12   4.53   .935   .704   .612   2.96   .546  -.024   3
  30 FCM02A   1791 1964    174      5      0    .728   1.48   6.25  1.316   .827   .491   2.25   .413   .097   0
  31 FCM03A   1787 1950    164      5      0    .753   1.40   4.96  1.059   .801   .448   2.00   .414  -.025   3
  32 FCM03B   1754 1951    198      6      0    .744   1.16   3.96   .816   .683   .508   2.18   .434  -.002   1
  33 FCP03A   1859 1991    133      3      0    .843   1.11   4.51   .963   .555   .734   2.71   .629   .033   0
  34 FCP03B   1855 1991    137      3      0    .804   1.62   6.95  1.311   .402   .716   3.99   .659  -.005   3
  35 FCP04A   1893 1989     97      2      0    .879   1.40   4.04   .958   .301   .684   2.23   .534   .015   2
  36 FCP04B   1893 1989     97      2      0    .880   1.39   4.14   .962   .292   .733   2.42   .563  -.001   0
  37 FCP20B   1792 1946    155      4      0    .588   1.90   6.85  1.224   .679   .453   1.91   .392   .112   0
  38 FCP21C   1695 1977    283     10      0    .739   1.13   4.26   .977   .798   .543   2.40   .427   .007   3
  39 FCP22A   1724 1910    187      6      0    .749   1.09   3.39   .731   .515   .617   2.63   .476   .013   1
  40 FCP22B   1782 1940    159      4      0    .762    .97   2.98   .626   .631   .553   2.75   .463   .106   0
  41 FIL01A   1877 1991    115      2      0    .869   2.49  10.78  1.785   .436   .614   2.38   .490   .075   0
  42 FIL01B   1846 1991    146      4      0    .820   1.74   4.95  1.034   .374   .586   2.21   .463   .035   0
  43 OPB01A   1731 1930    200      6      0    .806   1.13   4.11   .821   .637   .553   2.62   .459   .098   0
  44 OPB01B   1732 1890    159      4      0    .859   1.04   2.53   .527   .302   .507   2.45   .431  -.016   1
  45 OPB03A   1631 1950    320     11      0    .777    .84   3.04   .559   .544   .590   2.67   .506  -.004   1
  46 OPB03B   1633 1860    228      7      0    .701    .98   3.38   .668   .443   .584   2.79   .519   .064   0
  47 OPB05A   1695 1950    256      9      0    .756    .96   3.83   .830   .707   .570   2.77   .490  -.005   1
  48 OPB05B   1694 1900    207      7      0    .786   1.05   3.25   .800   .623   .597   2.60   .494   .009   1
  49 OPB07A   1693 1991    299     10      0    .738    .86   3.16   .653   .542   .663   2.30   .513  -.001   1
  50 OPB07B   1687 1991    305     10      0    .772   1.18   6.24   .991   .552   .625   2.61   .511  -.003   1
  51 OPB08A   1729 1950    222      7      0    .841   1.22   4.54   .954   .624   .634   2.56   .497   .026   1
  52 OPB08B   1683 1950    268      9      0    .835    .67   2.44   .463   .361   .695   2.65   .537  -.002   1
  53 OPB09A   1772 1991    220      7      0    .784   1.39   5.77  1.190   .708   .515   2.22   .419   .006   1
  54 OPB09B   1723 1991    269      9      0    .824    .97   3.88   .642   .618   .534   2.60   .429  -.006   1
  55 OPB09D   1843 1951    109      3      0    .776    .75   4.16   .608   .628   .600   2.45   .501  -.003   1
  56 OPB14A   1681 1991    311     10      0    .827    .81   3.35   .608   .460   .628   2.81   .510   .006   1
  57 OPB14B   1673 1991    319     11      0    .799    .73   4.65   .610   .472   .639   3.06   .535   .002   1
  58 OPB17A   1748 1950    203      7      0    .783   1.52   4.77  1.004   .721   .444   2.27   .399   .044   0
  59 OPB17B   1762 1991    230      7      0    .808   1.54   5.28  1.156   .771   .475   2.89   .439   .004   2
  60 RAB02    1470 1650    181      6      0    .636    .85   2.90   .560   .585   .505   2.70   .426  -.041   3
  61 RAB03    1613 1742    130      3      0    .742   1.23   3.03   .669   .245   .565   2.28   .483   .108   0
  62 RAB06    1434 1800    367     13      1    .657    .52   2.59   .400   .407   .755   3.07   .599   .004   1
  63 RAB07A   1564 1868    305     10      0    .820    .59   1.86   .333   .452   .533   2.19   .428   .006   1
  64 RAB07B   1406 1853    448     16      0    .793    .86   3.43   .590   .604   .502   2.55   .410  -.001   3
  65 RAB09    1383 1550    168      5      0    .777    .87   2.92   .600   .612   .532   2.61   .435   .008   3
  66 RAB10    1352 1460    109      1      0    .572   1.29   3.01   .733   .689   .461   2.00   .374  -.052   0
  67 RAB11A   1402 1550    149      4      0    .809    .70   2.25   .467   .590   .530   2.06   .424  -.010   3
  68 RAB13    1596 1814    219      7      0    .772    .91   3.20   .630   .656   .556   2.74   .498  -.002   1
  69 RAB14    1605 1720    116      2      0    .529    .80   2.61   .512   .434   .660   2.47   .539  -.065   3
  70 RAB15    1306 1698    393     10      0    .629    .47   1.92   .322   .523   .627   2.59   .508   .000   1
  71 RAB17A   1381 1480    100      2      0    .749   1.67   4.32  1.056   .681   .448   1.92   .403  -.017   3
  72 RAB17B   1381 1508    128      3      0    .777   1.30   4.76  1.005   .768   .486   2.01   .426   .107   0
  73 RAB18    1499 1659    161      5      0    .761    .73   1.81   .390   .302   .607   2.04   .484   .073   0
  74 RAB19    1653 1792    140      3      0    .693    .92   3.10   .573   .604   .475   2.60   .435   .029   1
  75 RAB20    1599 1750    152      5      0    .761    .92   4.13   .918   .737   .684   2.60   .570  -.000   1
  76 RAB20A   1665 1940    276      9      0    .796    .71   2.70   .484   .490   .620   2.56   .509  -.005   1
  77 RAB20B   1665 1940    276      9      0    .702    .73   3.85   .572   .535   .638   3.21   .547   .010   1
  78 RAB21A   1608 1767    160      4      0    .704   1.23   4.11   .735   .630   .445   1.89   .372  -.005   2
  79 RAB21B   1608 1710    103      2      0    .647   1.52   4.61   .950   .677   .417   1.79   .340   .017   2
  80 RAB23    1535 1795    261      8      0    .734    .88   2.62   .497   .461   .580   2.37   .461   .005   1
  81 RAB24    1564 1750    187      6      0    .723    .70   1.86   .400   .384   .599   2.39   .482   .093   0
  82 RAB25    1375 1494    120      2      0    .417    .80   2.52   .556   .539   .521   2.32   .517  -.011   3
  83 RAB26    1374 1681    308     10      1    .583    .58   2.44   .387   .448   .651   2.68   .529  -.011   2
  84 RAB27    1376 1570    195      5      0    .822    .68   2.57   .465   .463   .648   2.22   .493  -.012   3
  85 RAB50A   1803 1993    191      5      0    .563   1.00   3.24   .701   .792   .394   2.06   .362   .005   1
  86 RAB50B   1805 1993    189      5      0    .539   1.06   3.83   .848   .841   .439   2.22   .398   .101   0
 --- -------- ---------  -----  -----  -----   ------ -----  -----  -----  -----  -----  -----  -----  -----  --
 Total or mean:          15238    436      2    .767   1.15  11.17   .826   .570   .583   6.82   .483   .015

 DATA CHECKS (rwl.check): nm595
-----------------------------------------------------------------------------------------------------------------------------------
 rwl.check: data_files/treering/measurements/northamerica/usa/nm595.rwl
 86 series, 15238 measurements, 1306-2008, 0.001 mm precision
 0 error(s), 1 warning(s), 53 note(s)
 -------------
 WARNING
   RWL_SERIES_OUTLIER (1)
     RAB25: correlates with the rest of the collection at r = 0.428 where the collection median is 0.794 (5 MAD below it); it does not fit the collection it is in
 53 note(s) not shown; see rwl.check() or the 'check' element of this report.

 NOTES
-----------------------------------------------------------------------------------------------------------------------------------
 Report generated using dplR 1.8.1 (R 4.5.2) on 2026-10-01 16:57 PDT.
 Measurement file nm595.rwl, MD5 e3bede8df352eb88b4d5ca23de9e1eab.
 Filtering: each series divided by a 32-year smoothing spline (caps()), then prewhitened with
   an AR model (order by AIC, at most 3).
 Master: biweight robust mean of the other series (leave-one-out).
 Correlation: Pearson, one-tailed, pcrit = 0.01; critical r = 0.3281 for 50-year segments.
 Segments: 50 years, lagged 25, first segment floored to 100. Lags searched: +/- 10 years.
 A segment is tested only where the series and the master cover all of it, at the dated
   position and at every lag. COFECHA also tests partial segments at the ends of a series, so
   series here may show fewer segments, and no flags can be raised at the ends of the record.
 Lags follow COFECHA: negative means rings are probably missing from the series, positive means
   false rings. A missing ring carries its lag into every segment before it, so look where the
   lag changes along a series. A B flag is a hypothesis to check on the wood; the gain says how
   seriously to take it.
 A B flag marked "weak at every lag" correlates under the critical value even at its best lag:
   the segment is weak wherever it is placed, and the shift is not evidence of a dating error.
   Treat it as a low correlation, like an A.
 Averages in the summary and the totals are weighted by the number of years in each series, as
   COFECHA's are.
 Unfiltered block and mean sensitivity: the measurements as read, and sens1().
 dplR filtered block: the series that was correlated, after filtering. COFECHA's filtered
   series is defined differently, so these three columns are not COFECHA's numbers.
 AR: order of the AR model used to prewhiten.
