
 COFECHA-style crossdating report: nm606
 Report generated using dplR 1.8.1 (R 4.5.2) on 2026-10-01 16:48 PDT
 Built with dplR's xdate.report(), not COFECHA; see the notes at the end.


      Measurement file name  : nm606.rwl
      MD5 of measurement file: cbd0bb7573ba5591715abebb3a7931a5
      Date checked           : 01OCT26
      Beginning year         : 785
      Ending year            : 1995
      Principal investigators: Baisan, C.H.; Grissino-Mayer, H.D.
      Site name              : Sandia Mountain
      Species information    : PSME Pseudotsuga menziesii (Mirb.) Franco
      Latitude               : 35.2500 N
      Longitude              : 107.5000 W
      Elevation              : 2657 m

      Series intercorrelation: 0.758
      Avg mean sensitivity   : 0.411
      Avg standard deviation : 0.245
      Avg autocorrelation    : 0.650
      Number dated series    : 83
      Segment length tested  : 50

      Number problem segments: 10  (A 0, B 10; 3 of the B weak at every lag)
      Pct problem segments   : 0.86


 CORRELATION OF SERIES BY SEGMENTS: nm606
-----------------------------------------------------------------------------------------------------------------------------------
 Correlations of  50-year dated segments, lagged  25 years
 Flags:  A = correlation under   .3281 but highest as dated;  B = correlation higher at other than dated position

 Seq Series  Time_span   800  825  850  875  900  925  950  975 1000 1025 1050 1075 1100 1125 1150 1175 1200 1225 1250 1275 
                         849  874  899  924  949  974  999 1024 1049 1074 1099 1124 1149 1174 1199 1224 1249 1274 1299 1324 
 --- -------- ---------  ---- ---- ---- ---- ---- ---- ---- ---- ---- ---- ---- ---- ---- ---- ---- ---- ---- ---- ---- ---- 
   2 SAN507   1159 1704                                                                             .59  .69  .74  .81  .73 
   3 SAN508A   925 1499                                .89  .89  .74  .72  .78  .76  .77  .83  .81  .84  .86  .85  .82  .78 
   4 SAN508B   925 1400                                .85  .89  .63  .64  .83  .82  .87  .86  .80  .83  .87  .85  .80  .76 
  30 SCC12A    998 1282                                          .51  .67  .77  .68  .63  .79  .74  .80  .82  .72           
  31 SCC12B    997 1330                                          .45  .69  .77  .67  .61  .81  .84  .84  .84  .75  .52  .54 
  57 SCN03A   1117 1487                                                                   .71  .72  .49  .44  .69  .77  .70 
  58 SCN03B   1101 1558                                                                   .71  .74  .44  .28B .25B .47  .64 
  63 SWC02C    981 1321                                          .80  .82  .80  .78  .86  .86  .77  .84  .89  .87  .84      
  64 SWC02D   1093 1673                                                              .87  .92  .86  .83  .87  .86  .82  .82 
  77 SWC18A   1230 1405                                                                                            .79  .77 
  78 SWC18B   1036 1301                                                    .59  .62  .69  .80  .59  .56  .76  .75  .75      
  80 SCN551b   785 1020       .89  .89  .91  .84  .75  .88                                                                  
  81 SCN551A   800 1025       .89  .89  .91  .85  .70  .84  .90                                                             
 Av segment correlation       .89  .89  .91  .85  .72  .86  .89  .63  .71  .76  .72  .76  .81  .76  .70  .73  .73  .74  .72 

 CORRELATION OF SERIES BY SEGMENTS: nm606
-----------------------------------------------------------------------------------------------------------------------------------
 Correlations of  50-year dated segments, lagged  25 years
 Flags:  A = correlation under   .3281 but highest as dated;  B = correlation higher at other than dated position

 Seq Series  Time_span  1300 1325 1350 1375 1400 1425 1450 1475 1500 1525 1550 1575 1600 1625 1650 1675 1700 1725 1750 1775 
                        1349 1374 1399 1424 1449 1474 1499 1524 1549 1574 1599 1624 1649 1674 1699 1724 1749 1774 1799 1824 
 --- -------- ---------  ---- ---- ---- ---- ---- ---- ---- ---- ---- ---- ---- ---- ---- ---- ---- ---- ---- ---- ---- ---- 
   1 SAN104   1611 1944                                                                   .66  .77  .82  .84  .84  .83  .86 
   2 SAN507   1159 1704  .74  .66  .71  .80  .82  .80  .69  .71  .74  .53  .69  .84  .82  .76  .80                          
   3 SAN508A   925 1499  .77  .74  .76  .72  .69  .75  .71                                                                  
   4 SAN508B   925 1400  .72  .68  .76                                                                                      
   5 SCC01A   1699 1992                                                                                  .93  .92  .91  .89 
   6 SCC01B   1641 1992                                                                        .84  .87  .89  .88  .88  .86 
   7 SCC02A   1531 1992                                                    .85  .81  .80  .76  .73  .83  .89  .86  .78  .84 
   8 SCC02B   1548 1992                                                    .71  .76  .75  .72  .75  .83  .88  .86  .84  .82 
   9 SCC02C   1518 1992                                               .78  .80  .75  .75  .73  .73  .79  .87  .85  .84  .86 
  10 SCC03B   1683 1992                                                                                  .82  .84  .84  .85 
  11 SCC07A   1329 1650            .84  .87  .87  .86  .73  .66  .71  .76  .72  .67  .68                                    
  12 SCC07B   1329 1992            .82  .90  .88  .85  .83  .84  .77  .79  .89  .85  .78  .68  .72  .80  .85  .80  .65  .72 
  13 SCC102A  1630 1993                                                                        .71  .65  .51  .55  .60  .19B
  14 SCC102B  1563 1993                                                         .52  .58  .64  .63  .64  .57  .60  .57  .65 
  15 SCC104A  1650 1993                                                                             .54  .50  .40  .42  .15B
  16 SCC104B  1643 1993                                                                        .42  .35  .48  .54  .47  .23B
  17 SCC109B  1491 1947                                          .68  .65  .63  .66  .79  .70  .62  .75  .76  .69  .56  .54 
  18 SCC10A   1414 1992                           .83  .88  .89  .88  .86  .89  .81  .75  .73  .76  .81  .72  .70  .75  .78 
  19 SCC10B   1407 1992                           .75  .88  .89  .84  .81  .86  .83  .78  .72  .71  .87  .64  .59  .76  .75 
  20 SCC114A  1419 1818                           .82  .74  .68  .74  .84  .79  .78  .80  .76  .85  .83  .70  .71  .79      
  21 SCC118B  1297 1498  .53  .60  .66  .77  .73  .75                                                                       
  22 SCC118C  1305 1670       .62  .71  .78  .71  .64  .64  .64  .68  .78  .80  .83  .85                                    
  23 SCC124   1425 1673                                .66  .78  .69  .71  .76  .73  .77                                    
  24 SCC126A  1436 1993                                .64  .71  .78  .72  .80  .84  .84  .73  .68  .80  .81  .80  .78  .79 
  25 SCC126B  1412 1993                           .70  .65  .81  .87  .86  .59  .41B .65  .81  .82  .81  .83  .67  .58  .74 
  26 SCC127A  1418 1944                           .79  .78  .78  .82  .90  .86  .85  .86  .82  .80  .84  .89  .88  .83  .83 
  27 SCC127B  1405 1992                           .65  .74  .81  .79  .80  .79  .79  .79  .78  .88  .89  .88  .82  .69  .77 
  28 SCC129A  1455 1993                                     .60  .50  .51  .70  .69  .66  .67  .62  .65  .64  .77  .77  .70 
  29 SCC129B  1475 1993                                          .63  .61  .71  .64  .60  .72  .79  .81  .77  .80  .75  .73 
  32 SCC130A  1596 1780                                                              .76  .77  .71  .84  .83  .83           
  33 SCC131   1749 1993                                                                                                 .64 
  34 SCC134A  1427 1993                                .81  .82  .78  .83  .82  .73  .79  .83  .80  .79  .78  .79  .77  .71 
  35 SCC13A   1578 1992                                                              .83  .54  .57  .85  .87  .84  .80  .84 
  36 SCC140   1625 1993                                                                        .80  .83  .82  .76  .69  .78 
  37 SCC15A   1303 1992       .86  .84  .86  .85  .79  .79  .80  .78  .81  .80  .79  .72  .65  .75  .84  .85  .76  .42  .63 
  38 SCC15B   1303 1473       .81  .86  .87  .86                                                                            
  39 SCC17A   1417 1992                           .88  .89  .90  .83  .85  .92  .89  .87  .86  .81  .85  .84  .84  .89  .89 
  40 SCC17B   1394 1992                      .86  .87  .88  .91  .84  .82  .87  .80  .80  .86  .83  .88  .85  .84  .85  .86 
  41 SCC19B   1408 1992                           .82  .77  .81  .84  .83  .88  .90  .88  .82  .77  .87  .89  .90  .86  .87 
  42 SCC19C   1344 1992            .86  .90  .86  .83  .84  .85  .82  .79  .82  .84  .83  .79  .80  .88  .90  .91  .87  .88 
  43 SCC20A   1563 1992                                                         .40  .49  .64  .46  .71  .81  .71  .70  .88 
  44 SCC20B   1549 1992                                                         .46  .64  .61  .51  .76  .73  .68  .75  .82 
  45 SCC21A   1466 1992                                     .82  .82  .79  .82  .82  .75  .56  .62  .83  .83  .77  .78  .85 
  46 SCC21B   1445 1992                                .68  .78  .81  .82  .86  .85  .70  .69  .78  .78  .84  .81  .76  .87 
  47 SCC22A   1490 1992                                          .73  .82  .83  .71  .71  .78  .52  .63  .78  .80  .84  .84 
  48 SCC22B   1495 1992                                          .67  .83  .79  .75  .82  .74  .62  .81  .85  .82  .83  .83 
  49 SCC23A   1574 1992                                                              .57  .57  .56  .71  .82  .85  .78  .78 
  50 SCC23B   1638 1992                                                                        .55  .80  .80  .79  .82  .89 
  51 SCC26A   1522 1992                                               .68  .65  .62  .59  .55  .67  .74  .79  .80  .76  .76 
  52 SCC27A   1633 1992                                                                        .54  .76  .81  .82  .83  .86 
  53 SCC27B   1611 1992                                                                   .38  .53  .75  .80  .76  .68  .73 
  54 SCN01A   1489 1993                                          .72  .57  .68  .76  .61  .63  .79  .85  .91  .90  .82  .87 
  55 SCN01B   1486 1993                                          .75  .79  .86  .74  .70  .83  .83  .84  .89  .90  .88  .91 
  56 SCN02A   1596 1993                                                              .42  .34  .78  .83  .89  .90  .85  .86 
  57 SCN03A   1117 1487  .73  .80  .76  .68  .74  .79                                                                       
  58 SCN03B   1101 1558  .60  .77  .77  .74  .78  .78  .76  .79  .71                                                        
  59 SCN04A   1541 1986                                                    .58  .69  .67  .74  .80  .85  .91  .87  .79  .89 
  60 SCN04B   1615 1993                                                                   .81  .77  .78  .84  .79  .74  .86 
  61 SCN50A   1688 1993                                                                                  .73  .72  .53  .69 
  62 SCN50D   1747 1993                                                                                            .66  .80 
  64 SWC02D   1093 1673  .82  .83  .87  .84  .86  .88  .88  .90  .88  .89  .77  .78  .89                                    
  65 SWC07A   1647 1860                                                                        .47  .52  .61  .63  .50  .62 
  66 SWC07B   1425 1760                                .46  .48  .51  .79  .73  .62  .68  .59  .56  .65  .66                
  67 SWC08A   1455 1995                                     .89  .85  .89  .91  .81  .80  .84  .82  .83  .85  .88  .84  .84 
  68 SWC08B   1536 1995                                                    .87  .82  .79  .71  .69  .80  .85  .82  .77  .82 
  69 SWC09A   1678 1995                                                                                  .82  .79  .74  .74 
  70 SWC10B   1321 1569       .91  .93  .90  .80  .82  .84  .81  .79                                                        
  71 SWC10F   1293 1703  .80  .84  .84  .82  .80  .83  .83  .79  .71  .76  .84  .76  .76  .81  .82                          
  72 SWC116   1434 1817                                .86  .84  .82  .92  .93  .87  .77  .78  .80  .86  .92  .92  .89      
  73 SWC11A   1457 1850                                     .85  .87  .87  .88  .89  .87  .87  .86  .80  .86  .92  .92  .78 
  74 SWC14B   1280 1520  .70  .83  .93  .87  .81  .74  .68                                                                  
  75 SWC14C   1280 1528  .74  .80  .89  .83  .77  .70  .65  .77                                                             
  77 SWC18A   1230 1405  .67  .69  .78                                                                                      
  79 SWC21B   1627 1995                                                                        .88  .87  .88  .83  .79  .88 
  82 SCN557   1415 1568                           .87  .88  .84  .75                                                        
  83 SCN558   1280 1520  .59  .55  .62  .82  .74  .74  .84                                                                  
 Av segment correlation  .70  .75  .80  .82  .80  .79  .76  .79  .76  .78  .79  .75  .74  .71  .71  .78  .80  .79  .75  .77 

 CORRELATION OF SERIES BY SEGMENTS: nm606
-----------------------------------------------------------------------------------------------------------------------------------
 Correlations of  50-year dated segments, lagged  25 years
 Flags:  A = correlation under   .3281 but highest as dated;  B = correlation higher at other than dated position

 Seq Series  Time_span  1800 1825 1850 1875 1900 1925 
                        1849 1874 1899 1924 1949 1974 
 --- -------- ---------  ---- ---- ---- ---- ---- ---- 
   1 SAN104   1611 1944  .86  .82  .83  .88           
   5 SCC01A   1699 1992  .82  .80  .92  .89  .82  .86 
   6 SCC01B   1641 1992  .86  .90  .91  .88  .87  .90 
   7 SCC02A   1531 1992  .83  .75  .80  .83  .78  .74 
   8 SCC02B   1548 1992  .80  .81  .82  .84  .84  .81 
   9 SCC02C   1518 1992  .86  .80  .82  .86  .83  .80 
  10 SCC03B   1683 1992  .86  .84  .89  .86  .82  .84 
  12 SCC07B   1329 1992  .78  .69  .78  .82  .78  .87 
  13 SCC102A  1630 1993  .23B .65  .62  .65  .73  .80 
  14 SCC102B  1563 1993  .76  .60  .43  .64  .80  .84 
  15 SCC104A  1650 1993  .14B .48  .52  .65  .68  .77 
  16 SCC104B  1643 1993  .27B .48  .43  .60  .69  .70 
  17 SCC109B  1491 1947  .65  .75  .66  .69           
  18 SCC10A   1414 1992  .76  .78  .86  .85  .80  .86 
  19 SCC10B   1407 1992  .73  .71  .81  .86  .87  .87 
  24 SCC126A  1436 1993  .79  .85  .87  .76  .73  .91 
  25 SCC126B  1412 1993  .77  .79  .83  .88  .88  .77 
  26 SCC127A  1418 1944  .87  .86  .88  .89           
  27 SCC127B  1405 1992  .88  .89  .77  .77  .86  .65 
  28 SCC129A  1455 1993  .72  .67  .70  .72  .72  .74 
  29 SCC129B  1475 1993  .78  .74  .74  .70  .70  .75 
  33 SCC131   1749 1993  .64  .49  .42  .64  .73  .39 
  34 SCC134A  1427 1993  .64  .63  .63  .63  .70  .81 
  35 SCC13A   1578 1992  .73  .71  .81  .76  .81  .72 
  36 SCC140   1625 1993  .80  .67  .55  .59  .53  .52 
  37 SCC15A   1303 1992  .82  .81  .84  .83  .81  .74 
  39 SCC17A   1417 1992  .86  .80  .88  .91  .90  .90 
  40 SCC17B   1394 1992  .86  .80  .84  .87  .88  .89 
  41 SCC19B   1408 1992  .87  .79  .86  .89  .88  .92 
  42 SCC19C   1344 1992  .78  .62  .83  .89  .87  .90 
  43 SCC20A   1563 1992  .88  .82  .81  .85  .84  .81 
  44 SCC20B   1549 1992  .83  .78  .83  .86  .83  .78 
  45 SCC21A   1466 1992  .84  .78  .85  .86  .79  .73 
  46 SCC21B   1445 1992  .88  .82  .86  .89  .81  .79 
  47 SCC22A   1490 1992  .85  .79  .84  .85  .76  .72 
  48 SCC22B   1495 1992  .77  .73  .84  .84  .73  .65 
  49 SCC23A   1574 1992  .77  .70  .83  .83  .77  .71 
  50 SCC23B   1638 1992  .75  .68  .83  .84  .84  .75 
  51 SCC26A   1522 1992  .79  .72  .68  .73  .77  .80 
  52 SCC27A   1633 1992  .78  .71  .82  .79  .80  .84 
  53 SCC27B   1611 1992  .62  .55  .76  .70  .66  .69 
  54 SCN01A   1489 1993  .85  .80  .81  .85  .90  .84 
  55 SCN01B   1486 1993  .89  .84  .91  .91  .88  .91 
  56 SCN02A   1596 1993  .88  .84  .77  .78  .80  .87 
  59 SCN04A   1541 1986  .87  .76  .70  .81  .90  .90 
  60 SCN04B   1615 1993  .83  .73  .79  .77  .74  .83 
  61 SCN50A   1688 1993  .81  .63  .64  .77  .77  .81 
  62 SCN50D   1747 1993  .85  .59  .58  .63  .67  .80 
  65 SWC07A   1647 1860  .66                          
  67 SWC08A   1455 1995  .88  .87  .88  .90  .87  .89 
  68 SWC08B   1536 1995  .79  .74  .83  .88  .89  .90 
  69 SWC09A   1678 1995  .75  .66  .58  .62  .73  .89 
  73 SWC11A   1457 1850  .53                          
  76 SWC15A   1785 1987  .57  .45  .38B .45  .58  .63 
  79 SWC21B   1627 1995  .79  .71  .78  .79  .77  .74 
 Av segment correlation  .76  .73  .76  .79  .79  .79 

 FLAGGED SEGMENTS: nm606
-----------------------------------------------------------------------------------------------------------------------------------
 Seq Series   Segment    Flag  r dated  Best lag  r at lag   Gain  Note
 --- -------- ---------  ----  -------  --------  --------  -----  -----------------
  13 SCC102A  1775 1824     B     .191         3      .285   .094  weak at every lag
  13 SCC102A  1800 1849     B     .230         3      .295   .064  weak at every lag
  15 SCC104A  1775 1824     B     .148         6      .333   .184
  15 SCC104A  1800 1849     B     .143         6      .462   .319
  16 SCC104B  1775 1824     B     .230         8      .503   .273
  16 SCC104B  1800 1849     B     .272         6      .425   .153
  25 SCC126B  1575 1624     B     .409         1      .429   .021
  58 SCN03B   1200 1249     B     .284        -3      .302   .018  weak at every lag
  58 SCN03B   1225 1274     B     .252         5      .337   .085
  76 SWC15A   1850 1899     B     .380        -9      .388   .008

 DESCRIPTIVE STATISTICS: nm606
-----------------------------------------------------------------------------------------------------------------------------------

                                                Corr   //-------- Unfiltered --------\\  //-- dplR filtered --\\
                           No.    No.    No.    with   Mean   Max     Std   Auto   Mean   Max     Std   Auto  AR
 Seq Series   Interval   Years  Segmt  Flags   Master  msmt   msmt    dev   corr   sens  value    dev   corr  ()
 --- -------- ---------  -----  -----  -----   ------ -----  -----  -----  -----  -----  -----  -----  -----  --
   1 SAN104   1611 1944    334     11      0    .806    .58   2.24   .423   .839   .363   1.95   .328  -.010   1
   2 SAN507   1159 1704    546     20      0    .705    .21   1.40   .141   .658   .417   2.83   .366  -.006   1
   3 SAN508A   925 1499    575     21      0    .774    .20   1.46   .233   .856   .491   2.38   .384  -.005   3
   4 SAN508B   925 1400    476     17      0    .777    .21   1.44   .238   .888   .487   2.29   .392  -.003   1
   5 SCC01A   1699 1992    294     10      0    .877    .41   1.01   .194   .386   .438   2.02   .384   .006   1
   6 SCC01B   1641 1992    352     12      0    .880    .42   1.24   .237   .557   .411   2.01   .358  -.000   3
   7 SCC02A   1531 1992    462     16      0    .799    .30   1.65   .227   .735   .493   2.33   .402   .004   1
   8 SCC02B   1548 1992    445     16      0    .802    .34   1.23   .193   .541   .473   2.43   .408   .065   0
   9 SCC02C   1518 1992    475     17      0    .804    .36   1.20   .203   .537   .477   3.01   .412   .003   1
  10 SCC03B   1683 1992    310     10      0    .834    .51   1.70   .338   .463   .592   2.41   .457  -.074   0
  11 SCC07A   1329 1650    322     11      0    .750    .37   1.29   .229   .433   .500   2.93   .442  -.004   1
  12 SCC07B   1329 1992    664     24      0    .795    .25   1.06   .156   .448   .548   2.23   .434  -.006   3
  13 SCC102A  1630 1993    364     12      2    .529    .55   3.39   .307   .495   .326   4.62   .371  -.000   2
  14 SCC102B  1563 1993    431     15      0    .655    .45   1.62   .213   .673   .292   1.95   .293   .003   1
  15 SCC104A  1650 1993    344     11      2    .507    .56   1.62   .229   .759   .223   1.99   .225   .010   2
  16 SCC104B  1643 1993    351     12      2    .493    .53   1.87   .240   .778   .233   1.77   .233   .003   2
  17 SCC109B  1491 1947    457     16      0    .674    .29   1.32   .183   .731   .398   2.15   .361  -.010   1
  18 SCC10A   1414 1992    579     21      0    .811    .51   2.50   .304   .611   .350   2.25   .327   .005   1
  19 SCC10B   1407 1992    586     21      0    .788    .52   2.69   .292   .572   .371   2.22   .341   .003   1
  20 SCC114A  1419 1818    400     14      0    .754    .38   1.91   .301   .806   .360   2.11   .340   .001   1
  21 SCC118B  1297 1498    202      6      0    .678    .43   1.32   .252   .730   .344   1.92   .294  -.099   0
  22 SCC118C  1305 1670    366     12      0    .702    .28   1.45   .247   .834   .404   2.15   .354   .015   0
  23 SCC124   1425 1673    249      7      0    .718    .62   2.80   .418   .664   .415   2.78   .407   .028   1
  24 SCC126A  1436 1993    558     20      0    .787    .44   2.61   .297   .729   .455   2.38   .397  -.002   1
  25 SCC126B  1412 1993    582     21      1    .740    .36   1.39   .213   .608   .442   2.50   .391   .002   2
  26 SCC127A  1418 1944    527     19      0    .831    .38   1.16   .218   .692   .362   1.95   .335   .002   1
  27 SCC127B  1405 1992    588     21      0    .747    .39   1.52   .266   .755   .375   2.43   .357  -.002   1
  28 SCC129A  1455 1993    539     19      0    .655    .62   3.06   .470   .823   .326   2.21   .320  -.012   1
  29 SCC129B  1475 1993    519     18      0    .701    .62   2.64   .392   .773   .302   2.26   .312  -.002   1
  30 SCC12A    998 1282    285     10      0    .686    .40   1.55   .259   .604   .434   2.55   .452  -.024   1
  31 SCC12B    997 1330    334     12      0    .685    .36   1.55   .267   .635   .520   2.72   .478  -.019   1
  32 SCC130A  1596 1780    185      6      0    .754    .37   1.43   .211   .580   .430   2.14   .380   .013   1
  33 SCC131   1749 1993    245      7      0    .552    .28    .82   .125   .705   .257   2.37   .268   .012   3
  34 SCC134A  1427 1993    567     20      0    .761    .33   1.56   .230   .686   .393   2.26   .356   .006   3
  35 SCC13A   1578 1992    415     14      0    .751    .43   1.22   .242   .621   .403   2.21   .373  -.007   1
  36 SCC140   1625 1993    369     12      0    .671    .28   1.00   .133   .695   .295   1.59   .264  -.002   2
  37 SCC15A   1303 1992    690     25      0    .777    .16    .56   .097   .366   .588   2.39   .489   .003   0
  38 SCC15B   1303 1473    171      4      0    .835    .17    .60   .122   .397   .749   2.43   .559  -.003   1
  39 SCC17A   1417 1992    576     21      0    .876    .31   1.72   .211   .565   .520   2.26   .437  -.003   1
  40 SCC17B   1394 1992    599     22      0    .850    .32   2.04   .274   .646   .557   2.27   .465   .003   3
  41 SCC19B   1408 1992    585     21      0    .862    .27   1.43   .159   .395   .533   2.80   .414   .004   3
  42 SCC19C   1344 1992    649     24      0    .844    .31   1.10   .186   .475   .529   2.06   .421   .011   0
  43 SCC20A   1563 1992    430     15      0    .688    .41   1.68   .224   .637   .374   2.08   .346   .004   2
  44 SCC20B   1549 1992    444     15      0    .692    .39   3.08   .261   .629   .402   3.97   .383  -.005   3
  45 SCC21A   1466 1992    527     19      0    .783    .28   1.15   .153   .626   .387   1.98   .344  -.001   3
  46 SCC21B   1445 1992    548     20      0    .792    .31   1.80   .243   .823   .384   2.02   .334  -.011   1
  47 SCC22A   1490 1992    503     18      0    .768    .40   1.43   .253   .747   .373   2.22   .337   .002   3
  48 SCC22B   1495 1992    498     18      0    .771    .41   1.65   .264   .763   .356   2.04   .320  -.003   3
  49 SCC23A   1574 1992    419     14      0    .737    .47   2.12   .331   .812   .339   2.14   .317   .003   2
  50 SCC23B   1638 1992    355     12      0    .763    .44   1.78   .316   .804   .335   1.99   .319   .009   2
  51 SCC26A   1522 1992    471     17      0    .717    .31   1.84   .315   .777   .469   2.43   .414  -.001   1
  52 SCC27A   1633 1992    360     12      0    .767    .48   2.19   .287   .520   .435   2.41   .388   .069   0
  53 SCC27B   1611 1992    382     13      0    .666    .48   2.40   .342   .599   .423   2.45   .383   .013   0
  54 SCN01A   1489 1993    505     18      0    .784    .46   1.82   .306   .816   .360   2.87   .331  -.003   2
  55 SCN01B   1486 1993    508     18      0    .840    .45   3.21   .318   .781   .380   2.01   .337   .005   1
  56 SCN02A   1596 1993    398     14      0    .788    .47   2.03   .302   .705   .388   2.06   .351  -.014   1
  57 SCN03A   1117 1487    371     13      0    .690    .61   2.09   .438   .847   .301   1.71   .260   .028   0
  58 SCN03B   1101 1558    458     16      2    .641    .56   1.83   .332   .828   .278   1.75   .247   .003   1
  59 SCN04A   1541 1986    446     16      0    .782    .72   2.17   .321   .723   .274   1.75   .260  -.005   1
  60 SCN04B   1615 1993    379     13      0    .782    .52   1.59   .255   .770   .272   1.87   .264  -.010   1
  61 SCN50A   1688 1993    306     10      0    .731    .33    .80   .136   .586   .337   1.84   .306  -.017   1
  62 SCN50D   1747 1993    247      8      0    .730    .41   1.35   .194   .697   .326   1.80   .303   .072   2
  63 SWC02C    981 1321    341     11      0    .816    .41   1.11   .205   .496   .434   2.17   .366   .066   0
  64 SWC02D   1093 1673    581     21      0    .836    .25    .90   .151   .634   .470   2.23   .385   .002   0
  65 SWC07A   1647 1860    214      7      0    .578    .41   1.55   .281   .875   .334   1.89   .302   .021   1
  66 SWC07B   1425 1760    336     11      0    .594    .29   1.55   .190   .805   .333   2.17   .320  -.023   1
  67 SWC08A   1455 1995    541     19      0    .855    .41   1.10   .174   .496   .375   1.94   .324   .001   1
  68 SWC08B   1536 1995    460     16      0    .828    .44   1.30   .201   .595   .354   1.95   .311   .002   1
  69 SWC09A   1678 1995    318     10      0    .760    .36   1.44   .182   .593   .364   2.30   .337   .006   2
  70 SWC10B   1321 1569    249      8      0    .831    .32   1.03   .219   .542   .538   2.36   .452   .056   0
  71 SWC10F   1293 1703    411     15      0    .799    .39   1.85   .298   .718   .488   2.23   .396   .030   0
  72 SWC116   1434 1817    384     13      0    .851    .32   1.03   .162   .454   .464   2.31   .402  -.016   1
  73 SWC11A   1457 1850    394     14      0    .815    .30    .97   .166   .510   .491   2.70   .408   .007   2
  74 SWC14B   1280 1520    241      7      0    .792    .47   1.63   .290   .536   .487   2.35   .422   .074   0
  75 SWC14C   1280 1528    249      8      0    .777    .45   1.50   .269   .577   .449   2.13   .383   .038   0
  76 SWC15A   1785 1987    203      6      1    .518    .72   1.49   .234   .689   .210   1.62   .218  -.013   1
  77 SWC18A   1230 1405    176      5      0    .695    .37   2.33   .301   .771   .395   2.08   .348   .026   0
  78 SWC18B   1036 1301    266      9      0    .656    .46   1.62   .215   .377   .440   2.61   .366   .071   0
  79 SWC21B   1627 1995    369     12      0    .796    .28   1.50   .183   .637   .438   1.89   .371   .019   0
  80 SCN551b   785 1020    236      6      0    .880    .47   1.00   .216   .513   .393   2.09   .357   .015   2
  81 SCN551A   800 1025    226      7      0    .865    .40   1.09   .191   .544   .396   2.21   .357   .009   2
  82 SCN557   1415 1568    154      4      0    .822    .73   2.45   .538   .690   .432   2.67   .402   .012   1
  83 SCN558   1280 1520    241      7      0    .695    .30    .76   .143   .477   .396   2.09   .359   .003   1
 --- -------- ---------  -----  -----  -----   ------ -----  -----  -----  -----  -----  -----  -----  -----  --
 Total or mean:          33712   1163     10    .758    .39   3.39   .245   .650   .411   4.62   .362   .004

 DATA CHECKS (rwl.check): nm606
-----------------------------------------------------------------------------------------------------------------------------------
 rwl.check: data_files/treering/measurements/northamerica/usa/nm606.rwl
 83 series, 33712 measurements, 785-1995, 0.01 mm precision
 0 error(s), 0 warning(s), 33 note(s)
 -------------
 Nothing to report at this severity.
 33 note(s) not shown; see rwl.check() or the 'check' element of this report.

 NOTES
-----------------------------------------------------------------------------------------------------------------------------------
 Report generated using dplR 1.8.1 (R 4.5.2) on 2026-10-01 16:48 PDT.
 Measurement file nm606.rwl, MD5 cbd0bb7573ba5591715abebb3a7931a5.
 Filtering: each series divided by a 32-year smoothing spline (caps()), then prewhitened with
   an AR model (order by AIC, at most 3).
 Master: biweight robust mean of the other series (leave-one-out).
 Correlation: Pearson, one-tailed, pcrit = 0.01; critical r = 0.3281 for 50-year segments.
 Segments: 50 years, lagged 25, first segment floored to 100. Lags searched: +/- 10 years.
 A segment is tested only where the series and the master cover all of it, at the dated
   position and at every lag. COFECHA also tests partial segments at the ends of a series, so
   series here may show fewer segments, and no flags can be raised at the ends of the record.
 Lags follow COFECHA: negative means rings are probably missing from the series, positive means
   false rings. A missing ring carries its lag into every segment before it, so look where the
   lag changes along a series. A B flag is a hypothesis to check on the wood; the gain says how
   seriously to take it.
 A B flag marked "weak at every lag" correlates under the critical value even at its best lag:
   the segment is weak wherever it is placed, and the shift is not evidence of a dating error.
   Treat it as a low correlation, like an A.
 Averages in the summary and the totals are weighted by the number of years in each series, as
   COFECHA's are.
 Unfiltered block and mean sensitivity: the measurements as read, and sens1().
 dplR filtered block: the series that was correlated, after filtering. COFECHA's filtered
   series is defined differently, so these three columns are not COFECHA's numbers.
 AR: order of the AR model used to prewhiten.
