
 COFECHA-style crossdating report: nv060
 Report generated using dplR 1.8.1 (R 4.5.2) on 2026-10-01 16:50 PDT
 Built with dplR's xdate.report(), not COFECHA; see the notes at the end.


      Measurement file name  : nv060.rwl
      MD5 of measurement file: ed908b1795077c6a2702864a9db00cbf
      Date checked           : 01OCT26
      Beginning year         : 1267
      Ending year            : 1984
      Principal investigators: Fritts, H.C.
      Site name              : Jackson Mountains
      Species information    : JUOC Juniperus occidentalis Hook.
      Latitude               : 41.3000 N
      Longitude              : 118.4300 W
      Elevation              : 2097 m

      Series intercorrelation: 0.664
      Avg mean sensitivity   : 0.383
      Avg standard deviation : 0.246
      Avg autocorrelation    : 0.589
      Number dated series    : 72
      Segment length tested  : 50

      Number problem segments: 16  (A 7, B 9; 3 of the B weak at every lag)
      Pct problem segments   : 2.03


 CORRELATION OF SERIES BY SEGMENTS: nv060
-----------------------------------------------------------------------------------------------------------------------------------
 Correlations of  50-year dated segments, lagged  25 years
 Flags:  A = correlation under   .3281 but highest as dated;  B = correlation higher at other than dated position

 Seq Series  Time_span  1300 1325 1350 1375 1400 1425 1450 1475 1500 1525 1550 1575 1600 1625 1650 1675 1700 1725 1750 1775 
                        1349 1374 1399 1424 1449 1474 1499 1524 1549 1574 1599 1624 1649 1674 1699 1724 1749 1774 1799 1824 
 --- -------- ---------  ---- ---- ---- ---- ---- ---- ---- ---- ---- ---- ---- ---- ---- ---- ---- ---- ---- ---- ---- ---- 
   1 JAC01A   1522 1984                                               .61  .75  .73  .73  .77  .75  .74  .81  .82  .72  .71 
   2 JAC01B   1641 1984                                                                        .80  .76  .85  .80  .64  .62 
   3 JAC01C   1311 1984       .38  .35  .41  .54  .65  .64  .58  .51  .61  .74  .73  .76  .78  .75  .74  .82  .83  .66  .59 
   4 JAC02A   1487 1984                                          .81  .77  .78  .84  .89  .85  .79  .71  .65  .63  .65  .70 
   5 JAC03A   1486 1984                                          .86  .83  .80  .78  .83  .87  .83  .70  .79  .86  .81  .57 
   6 JAC03B   1421 1984                           .88  .85  .88  .88  .82  .82  .84  .86  .84  .82  .78  .83  .85  .77  .75 
   7 JAC03C   1747 1964                                                                                            .71  .74 
   8 JAC03V   1332 1500            .61  .73  .87  .83  .70                                                                  
   9 JAC03W   1336 1521            .51  .56  .86  .91  .86                                                                  
  10 JAC03X   1487 1728                                          .85  .83  .67  .69  .80  .84  .86  .71                     
  11 JAC03Y   1422 1883                           .83  .78  .85  .83  .78  .81  .87  .87  .88  .86  .77  .80  .83  .77  .72 
  12 JAC03Z   1538 1733                                                    .76  .84  .80  .84  .90  .80                     
  13 JAC04A   1720 1984                                                                                       .73  .72  .79 
  14 JAC04B   1609 1984                                                                   .80  .78  .66  .78  .77  .70  .78 
  15 JAC05B   1285 1984  .76  .72  .65  .66  .80  .83  .85  .82  .70  .65  .77  .84  .82  .73  .38  .32A .75  .71  .64  .69 
  16 JAC05C   1385 1984                      .76  .77  .82  .78  .68  .67  .76  .82  .81  .75  .65  .63  .78  .75  .69  .69 
  17 JAC05D   1267 1984  .74  .64  .56  .45  .69  .77  .73  .76  .71  .66  .77  .81  .78  .83  .76  .73  .84  .77  .65  .66 
  18 JAC06A   1673 1984                                                                                  .67  .66  .42  .30B
  19 JAC06B   1675 1930                                                                                  .66  .62  .49  .50 
  20 JAC08B   1566 1984                                                         .69  .81  .88  .86  .65  .74  .84  .76  .75 
  22 JAC09A   1592 1984                                                              .66  .69  .82  .82  .85  .85  .79  .74 
  23 JAC09C   1734 1984                                                                                            .74  .60 
  24 JAC09Z   1559 1732                                                         .51  .49  .55  .74  .82                     
  25 JAC10B   1597 1984                                                              .65  .73  .76  .61  .67  .79  .72  .44 
  27 JAC10D   1683 1984                                                                                  .61  .69  .67  .56 
  28 JAC10V   1603 1759                                                                   .57  .67  .68  .77                
  29 JAC10X   1592 1855                                                              .62  .60  .60  .51  .77  .83  .67  .56 
  30 JAC10Z   1597 1759                                                              .65  .53  .60  .57  .73                
  31 JAC11A   1698 1984                                                                                       .47  .39  .59 
  32 JAC11B   1600 1930                                                                   .39  .55  .62  .62  .55  .44  .54 
  34 JAC13B   1723 1984                                                                                            .43  .55 
  35 JAC15A   1643 1984                                                                        .68  .64  .77  .77  .56  .55 
  36 JAC20A   1312 1984       .47  .16B .29A .43  .52  .50  .54  .62  .56  .51  .60  .69  .70  .73  .71  .76  .53  .32B .71 
  37 JAC20B   1535 1754                                                    .61  .53  .74  .79  .73  .71  .64                
  38 JAC20C   1270 1401  .60  .50  .25B                                                                                     
  39 JAC20Z   1408 1582                           .60  .53  .30A .46  .73                                                   
  40 JAC21A   1754 1984                                                                                                 .57 
  41 JAC23A   1694 1984                                                                                  .73  .69  .55  .58 
  42 JAC24B   1727 1984                                                                                            .66  .64 
  43 JAC24C   1580 1862                                                              .61  .70  .75  .63  .71  .81  .66  .54 
  44 JAC24W   1677 1832                                                                                  .61  .71  .75  .69 
  45 JAC26A   1438 1945                                .74  .70  .65  .67  .67  .65  .46  .48  .69  .79  .89  .87  .79  .78 
  46 JAC26B   1525 1842                                                    .81  .68  .44  .49  .71  .78  .84  .79  .65  .64 
  47 JAC26C   1432 1984                                .73  .71  .68  .70  .71  .67  .48  .47  .62  .67  .79  .84  .83  .76 
  48 JAC26D   1418 1984                           .71  .85  .77  .79  .87  .86  .70  .59  .66  .75  .77  .87  .84  .73  .81 
  49 JAC26Z   1432 1581                                .75  .76  .78  .69                                                   
  50 JAC27B   1331 1436            .20B .22B                                                                                
  51 JAC27C   1488 1960                                          .50  .63  .59  .36  .35  .45  .61  .64  .68  .68  .60  .52 
  52 JAC27Y   1446 1917                                .40  .28A .43  .59  .52  .52  .55  .62  .75  .55  .59  .58  .51  .57 
  53 JAC29Y   1421 1564                           .41  .42  .58  .64                                                        
  55 JAC30X   1440 1921                                .41  .37  .38  .38  .34  .34  .45  .47  .56  .70  .70  .47  .40  .62 
  56 JAC31A   1756 1984                                                                                                 .54 
  58 JAC33A   1651 1984                                                                             .67  .78  .74  .64  .53 
  59 JAC33B   1743 1984                                                                                            .49  .52 
  60 JAC33C   1659 1981                                                                             .58  .72  .75  .67  .49 
  61 JAC34A   1770 1984                                                                                                 .65 
  62 JAC34B   1730 1984                                                                                            .52  .55 
  63 JAC35A   1495 1984                                          .51  .66  .71  .72  .80  .78  .86  .89  .85  .81  .70  .75 
  64 JAC35B   1571 1984                                                         .52  .66  .71  .82  .88  .83  .79  .78  .77 
  65 JAC36B   1547 1839                                                    .33  .58  .49  .48  .61  .70  .83  .81  .65  .41 
  66 JAC38A   1665 1830                                                                             .68  .64  .59  .55  .63 
  67 JAC38C   1756 1984                                                                                                 .69 
  68 JAC40A   1576 1984                                                              .69  .72  .81  .74  .80  .79  .69  .69 
  69 JAC40B   1667 1984                                                                             .71  .85  .83  .72  .70 
  70 JAC40X   1587 1836                                                              .61  .69  .74  .71  .80  .79  .65  .63 
  71 JAC43C   1720 1984                                                                                       .73  .56  .62 
  72 JAC43X   1645 1792                                                                        .64  .72  .74  .70           
 Av segment correlation  .70  .54  .41  .47  .71  .73  .68  .64  .66  .69  .68  .67  .67  .68  .73  .70  .75  .74  .64  .63 

 CORRELATION OF SERIES BY SEGMENTS: nv060
-----------------------------------------------------------------------------------------------------------------------------------
 Correlations of  50-year dated segments, lagged  25 years
 Flags:  A = correlation under   .3281 but highest as dated;  B = correlation higher at other than dated position

 Seq Series  Time_span  1800 1825 1850 1875 1900 1925 
                        1849 1874 1899 1924 1949 1974 
 --- -------- ---------  ---- ---- ---- ---- ---- ---- 
   1 JAC01A   1522 1984  .72  .70  .64  .66  .77  .74 
   2 JAC01B   1641 1984  .58  .63  .69  .72  .75  .76 
   3 JAC01C   1311 1984  .56  .65  .75  .75  .76  .78 
   4 JAC02A   1487 1984  .71  .78  .83  .84  .83  .50 
   5 JAC03A   1486 1984  .55  .64  .70  .82  .82  .73 
   6 JAC03B   1421 1984  .70  .65  .74  .84  .84  .85 
   7 JAC03C   1747 1964  .73  .76  .85  .85  .82      
  11 JAC03Y   1422 1883  .74  .76                     
  13 JAC04A   1720 1984  .78  .73  .76  .81  .74  .75 
  14 JAC04B   1609 1984  .76  .68  .77  .88  .82  .78 
  15 JAC05B   1285 1984  .71  .75  .73  .68  .71  .71 
  16 JAC05C   1385 1984  .75  .84  .82  .76  .68  .59 
  17 JAC05D   1267 1984  .73  .74  .69  .72  .71  .59 
  18 JAC06A   1673 1984  .21B .29B .60  .66  .54  .56 
  19 JAC06B   1675 1930  .67  .59  .45  .47           
  20 JAC08B   1566 1984  .80  .72  .70  .76  .66  .65 
  21 JAC08C   1780 1984  .71  .68  .68  .68  .51  .53 
  22 JAC09A   1592 1984  .71  .71  .76  .79  .70  .66 
  23 JAC09C   1734 1984  .59  .66  .80  .80  .63  .48 
  25 JAC10B   1597 1984  .48  .68  .73  .79  .86  .83 
  26 JAC10C   1779 1984  .48  .65  .74  .80  .72  .68 
  27 JAC10D   1683 1984  .60  .69  .74  .78  .70  .61 
  29 JAC10X   1592 1855  .64                          
  31 JAC11A   1698 1984  .57  .56  .64  .74  .50  .29A
  32 JAC11B   1600 1930  .64  .68  .62  .65           
  33 JAC13A   1791 1984  .49  .32A .49  .64  .61  .55 
  34 JAC13B   1723 1984  .52  .54  .65  .66  .66  .65 
  35 JAC15A   1643 1984  .33  .41  .72  .68  .73  .78 
  36 JAC20A   1312 1984  .39  .21B .55  .74  .74  .61 
  40 JAC21A   1754 1984  .53  .57  .63  .64  .66  .56 
  41 JAC23A   1694 1984  .56  .45  .42  .68  .52  .38 
  42 JAC24B   1727 1984  .68  .38  .48  .67  .68  .72 
  43 JAC24C   1580 1862  .56                          
  45 JAC26A   1438 1945  .59  .45  .53  .59           
  47 JAC26C   1432 1984  .68  .64  .70  .77  .81  .85 
  48 JAC26D   1418 1984  .79  .63  .68  .82  .87  .83 
  51 JAC27C   1488 1960  .29A .34  .43  .56  .60      
  52 JAC27Y   1446 1917  .45  .43  .46                
  54 JAC29Z   1807 1984       .61  .70  .79  .70  .62 
  55 JAC30X   1440 1921  .48  .46  .60                
  56 JAC31A   1756 1984  .44  .48  .57  .55  .57  .52 
  57 JAC32B   1785 1984  .54  .56  .71  .75  .82  .72 
  58 JAC33A   1651 1984  .57  .69  .70  .76  .78  .82 
  59 JAC33B   1743 1984  .71  .63  .68  .73  .79  .68 
  60 JAC33C   1659 1981  .54  .62  .66  .76  .77  .82 
  61 JAC34A   1770 1984  .69  .70  .77  .82  .84  .84 
  62 JAC34B   1730 1984  .72  .66  .76  .84  .81  .83 
  63 JAC35A   1495 1984  .86  .85  .74  .66  .75  .86 
  64 JAC35B   1571 1984  .75  .75  .76  .80  .82  .78 
  67 JAC38C   1756 1984  .57  .53  .64  .77  .70  .61 
  68 JAC40A   1576 1984  .74  .79  .83  .75  .75  .83 
  69 JAC40B   1667 1984  .65  .69  .80  .78  .71  .74 
  71 JAC43C   1720 1984  .65  .58  .60  .66  .67  .61 
 Av segment correlation  .61  .61  .67  .73  .72  .68 

 FLAGGED SEGMENTS: nv060
-----------------------------------------------------------------------------------------------------------------------------------
 Seq Series   Segment    Flag  r dated  Best lag  r at lag   Gain  Note
 --- -------- ---------  ----  -------  --------  --------  -----  -----------------
  15 JAC05B   1675 1724     A     .318         0
  18 JAC06A   1775 1824     B     .305         4      .333   .029
  18 JAC06A   1800 1849     B     .213         4      .324   .111  weak at every lag
  18 JAC06A   1825 1874     B     .287        -2      .331   .044
  31 JAC11A   1925 1974     A     .290         0
  33 JAC13A   1825 1874     A     .320         0
  36 JAC20A   1350 1399     B     .159         1      .429   .270
  36 JAC20A   1375 1424     A     .294         0
  36 JAC20A   1750 1799     B     .315         1      .504   .188
  36 JAC20A   1825 1874     B     .213        -2      .515   .302
  38 JAC20C   1350 1399     B     .247         9      .289   .041  weak at every lag
  39 JAC20Z   1475 1524     A     .305         0
  50 JAC27B   1350 1399     B     .202         8      .338   .136
  50 JAC27B   1375 1424     B     .219         8      .249   .030  weak at every lag
  51 JAC27C   1800 1849     A     .290         0
  52 JAC27Y   1475 1524     A     .280         0

 DESCRIPTIVE STATISTICS: nv060
-----------------------------------------------------------------------------------------------------------------------------------

                                                Corr   //-------- Unfiltered --------\\  //-- dplR filtered --\\
                           No.    No.    No.    with   Mean   Max     Std   Auto   Mean   Max     Std   Auto  AR
 Seq Series   Interval   Years  Segmt  Flags   Master  msmt   msmt    dev   corr   sens  value    dev   corr  ()
 --- -------- ---------  -----  -----  -----   ------ -----  -----  -----  -----  -----  -----  -----  -----  --
   1 JAC01A   1522 1984    463     17      0    .715    .31    .91   .126   .448   .350   1.98   .303  -.003   0
   2 JAC01B   1641 1984    344     12      0    .712    .39    .92   .159   .338   .370   2.05   .338   .004   1
   3 JAC01C   1311 1984    674     25      0    .674    .38    .99   .168   .610   .322   1.92   .289  -.003   1
   4 JAC02A   1487 1984    498     18      0    .711    .49   1.58   .290   .707   .436   2.45   .381  -.010   1
   5 JAC03A   1486 1984    499     18      0    .770    .33   1.11   .183   .496   .517   2.34   .422  -.009   3
   6 JAC03B   1421 1984    564     21      0    .813    .47   1.25   .241   .446   .508   2.19   .418  -.012   3
   7 JAC03C   1747 1964    218      7      0    .787    .18    .47   .106   .335   .697   2.35   .528  -.000   3
   8 JAC03V   1332 1500    169      5      0    .730    .54   1.23   .316   .777   .329   1.79   .306   .009   1
   9 JAC03W   1336 1521    186      5      0    .791    .48   1.35   .216   .474   .415   1.81   .364   .077   0
  10 JAC03X   1487 1728    242      8      0    .761    .34    .98   .201   .552   .564   2.07   .448  -.026   3
  11 JAC03Y   1422 1883    462     17      0    .805    .24    .84   .153   .414   .637   2.90   .507  -.006   3
  12 JAC03Z   1538 1733    196      6      0    .798    .25    .66   .148   .287   .677   2.24   .530  -.011   3
  13 JAC04A   1720 1984    265      9      0    .746    .40    .91   .185   .439   .460   2.24   .394   .011   1
  14 JAC04B   1609 1984    376     13      0    .767    .26    .79   .148   .483   .535   2.36   .454  -.004   1
  15 JAC05B   1285 1984    700     26      1    .691    .55   2.20   .384   .722   .446   2.37   .399   .014   1
  16 JAC05C   1385 1984    600     22      0    .725    .56   1.68   .337   .588   .417   2.22   .362  -.002   2
  17 JAC05D   1267 1984    718     26      0    .694    .58   2.13   .336   .663   .400   2.12   .359   .011   1
  18 JAC06A   1673 1984    312     10      3    .492    .64   2.89   .477   .736   .451   2.27   .415  -.002   3
  19 JAC06B   1675 1930    256      8      0    .547   1.08   2.98   .618   .700   .369   2.17   .342   .002   2
  20 JAC08B   1566 1984    419     15      0    .733    .53   1.43   .270   .524   .411   2.30   .359  -.005   2
  21 JAC08C   1780 1984    205      6      0    .605    .83   2.00   .382   .645   .346   2.14   .319  -.009   3
  22 JAC09A   1592 1984    393     14      0    .738    .47   1.30   .188   .484   .338   2.42   .317  -.001   1
  23 JAC09C   1734 1984    251      8      0    .674    .46   1.35   .195   .525   .336   2.07   .309  -.017   1
  24 JAC09Z   1559 1732    174      5      0    .643    .36    .87   .157   .442   .424   2.24   .372   .005   1
  25 JAC10B   1597 1984    388     14      0    .693    .46   1.74   .233   .633   .364   2.28   .339  -.008   1
  26 JAC10C   1779 1984    206      6      0    .649    .45   1.10   .202   .594   .329   2.13   .325   .029   1
  27 JAC10D   1683 1984    302     10      0    .648    .44    .94   .171   .405   .336   2.47   .335  -.001   1
  28 JAC10V   1603 1759    157      4      0    .685    .62   1.84   .295   .673   .306   2.15   .291  -.002   2
  29 JAC10X   1592 1855    264      9      0    .641    .64   2.25   .407   .782   .320   2.13   .307  -.003   1
  30 JAC10Z   1597 1759    163      5      0    .573    .48   1.29   .258   .671   .393   2.94   .371   .011   1
  31 JAC11A   1698 1984    287      9      1    .503    .33   1.24   .239   .902   .315   1.86   .287   .003   3
  32 JAC11B   1600 1930    331     11      0    .531    .43   1.19   .182   .641   .272   1.87   .254   .021   1
  33 JAC13A   1791 1984    194      6      1    .521   1.07   2.08   .349   .658   .220   1.65   .201   .046   0
  34 JAC13B   1723 1984    262      8      0    .586   1.07   1.89   .268   .378   .235   1.56   .212  -.019   3
  35 JAC15A   1643 1984    342     12      0    .659    .48   1.33   .219   .648   .320   1.91   .301   .004   2
  36 JAC20A   1312 1984    673     25      4    .563    .18    .60   .104   .470   .534   3.39   .482  -.004   1
  37 JAC20B   1535 1754    220      7      0    .668    .19    .64   .092   .131   .555   2.46   .438  -.004   3
  38 JAC20C   1270 1401    132      3      1    .445    .37   1.14   .241   .709   .398   2.26   .372  -.019   1
  39 JAC20Z   1408 1582    175      5      1    .549    .24    .60   .106   .467   .345   2.09   .343   .009   1
  40 JAC21A   1754 1984    231      7      0    .578    .31    .81   .143   .442   .387   2.08   .339   .005   0
  41 JAC23A   1694 1984    291     10      0    .560    .52   1.46   .236   .672   .288   2.15   .293  -.012   1
  42 JAC24B   1727 1984    258      8      0    .622    .53   1.33   .219   .585   .299   1.95   .282   .035   3
  43 JAC24C   1580 1862    283      9      0    .611    .79   2.45   .373   .676   .275   1.97   .263   .009   1
  44 JAC24W   1677 1832    156      4      0    .667    .60   1.65   .214   .551   .265   1.90   .255  -.004   1
  45 JAC26A   1438 1945    508     18      0    .642    .40   1.21   .207   .784   .259   1.91   .260  -.004   1
  46 JAC26B   1525 1842    318     10      0    .681    .43   1.14   .220   .780   .282   1.74   .257  -.000   3
  47 JAC26C   1432 1984    553     20      0    .700    .41   1.33   .189   .738   .266   2.04   .259  -.012   1
  48 JAC26D   1418 1984    567     21      0    .754    .40   1.20   .188   .774   .267   1.82   .254  -.004   1
  49 JAC26Z   1432 1581    150      4      0    .683    .46    .90   .174   .691   .280   1.56   .266   .043   1
  50 JAC27B   1331 1436    106      2      2    .314    .51   1.20   .187   .643   .262   1.78   .254   .037   1
  51 JAC27C   1488 1960    473     17      1    .499    .41   1.20   .178   .781   .234   1.75   .223   .002   2
  52 JAC27Y   1446 1917    472     17      1    .532    .28    .57   .106   .723   .250   1.87   .243   .019   1
  53 JAC29Y   1421 1564    144      4      0    .563    .77   1.69   .230   .575   .216   1.55   .215   .021   1
  54 JAC29Z   1807 1984    178      5      0    .643    .67   1.34   .207   .613   .217   1.64   .199   .016   0
  55 JAC30X   1440 1921    482     17      0    .481    .42   1.87   .244   .735   .344   2.02   .325   .003   3
  56 JAC31A   1756 1984    229      7      0    .529    .60   1.39   .215   .630   .264   1.71   .240  -.008   1
  57 JAC32B   1785 1984    200      6      0    .658   1.10   2.03   .290   .505   .211   1.65   .207  -.008   2
  58 JAC33A   1651 1984    334     11      0    .710    .59   1.69   .296   .478   .475   2.04   .386   .006   1
  59 JAC33B   1743 1984    242      8      0    .620    .65   2.65   .353   .547   .434   2.50   .399   .005   1
  60 JAC33C   1659 1981    323     11      0    .676    .48   1.28   .236   .341   .511   2.13   .423  -.008   1
  61 JAC34A   1770 1984    215      7      0    .732    .82   2.24   .439   .639   .400   1.95   .362  -.024   1
  62 JAC34B   1730 1984    255      8      0    .707    .69   2.19   .395   .599   .472   2.23   .406   .022   3
  63 JAC35A   1495 1984    490     18      0    .756    .65   1.84   .333   .533   .429   2.05   .373  -.006   2
  64 JAC35B   1571 1984    414     15      0    .741    .47   1.63   .283   .551   .508   2.61   .439  -.012   2
  65 JAC36B   1547 1839    293     10      0    .554    .67   1.77   .299   .678   .304   2.47   .309   .026   1
  66 JAC38A   1665 1830    166      5      0    .605    .80   1.93   .282   .534   .255   2.20   .254   .002   2
  67 JAC38C   1756 1984    229      7      0    .649    .66   1.37   .225   .582   .255   1.83   .246  -.004   1
  68 JAC40A   1576 1984    409     14      0    .750    .66   1.79   .326   .516   .433   2.21   .377   .003   1
  69 JAC40B   1667 1984    318     11      0    .736    .60   1.77   .331   .616   .421   1.82   .352   .002   1
  70 JAC40X   1587 1836    250      8      0    .697    .63   2.21   .366   .608   .444   2.00   .394   .001   1
  71 JAC43C   1720 1984    265      9      0    .622    .52   1.11   .241   .621   .363   1.67   .315  -.027   3
  72 JAC43X   1645 1792    148      4      0    .651    .68   1.66   .294   .467   .374   1.76   .325   .094   0
 --- -------- ---------  -----  -----  -----   ------ -----  -----  -----  -----  -----  -----  -----  -----  --
 Total or mean:          23230    787     16    .664    .50   2.98   .246   .589   .383   3.39   .341   .002

 DATA CHECKS (rwl.check): nv060
-----------------------------------------------------------------------------------------------------------------------------------
 rwl.check: data_files/treering/measurements/northamerica/usa/nv060.rwl
 72 series, 23230 measurements, 1267-1984, 0.01 mm precision
 0 error(s), 0 warning(s), 7 note(s)
 -------------
 Nothing to report at this severity.
 7 note(s) not shown; see rwl.check() or the 'check' element of this report.

 NOTES
-----------------------------------------------------------------------------------------------------------------------------------
 Report generated using dplR 1.8.1 (R 4.5.2) on 2026-10-01 16:50 PDT.
 Measurement file nv060.rwl, MD5 ed908b1795077c6a2702864a9db00cbf.
 Filtering: each series divided by a 32-year smoothing spline (caps()), then prewhitened with
   an AR model (order by AIC, at most 3).
 Master: biweight robust mean of the other series (leave-one-out).
 Correlation: Pearson, one-tailed, pcrit = 0.01; critical r = 0.3281 for 50-year segments.
 Segments: 50 years, lagged 25, first segment floored to 100. Lags searched: +/- 10 years.
 A segment is tested only where the series and the master cover all of it, at the dated
   position and at every lag. COFECHA also tests partial segments at the ends of a series, so
   series here may show fewer segments, and no flags can be raised at the ends of the record.
 Lags follow COFECHA: negative means rings are probably missing from the series, positive means
   false rings. A missing ring carries its lag into every segment before it, so look where the
   lag changes along a series. A B flag is a hypothesis to check on the wood; the gain says how
   seriously to take it.
 A B flag marked "weak at every lag" correlates under the critical value even at its best lag:
   the segment is weak wherever it is placed, and the shift is not evidence of a dating error.
   Treat it as a low correlation, like an A.
 Averages in the summary and the totals are weighted by the number of years in each series, as
   COFECHA's are.
 Unfiltered block and mean sensitivity: the measurements as read, and sens1().
 dplR filtered block: the series that was correlated, after filtering. COFECHA's filtered
   series is defined differently, so these three columns are not COFECHA's numbers.
 AR: order of the AR model used to prewhiten.
