
 COFECHA-style crossdating report: nv516
 Report generated using dplR 1.8.1 (R 4.5.2) on 2026-10-01 16:50 PDT
 Built with dplR's xdate.report(), not COFECHA; see the notes at the end.


      Measurement file name  : nv516.rwl
      MD5 of measurement file: 383c23b31f95a7c7fac5c9dcbc0b3e9b
      Date checked           : 01OCT26
      Beginning year         : 0
      Ending year            : 1984
      Principal investigators: Graybill, D.A.
      Site name              : Hill 10842 Recollection
      Species information    : PILO Pinus longaeva D.K. Bailey = Pinus aristata var. longaeva
      Latitude               : 38.9300 N
      Longitude              : 114.2300 W
      Elevation              : 3050 m

      Series intercorrelation: 0.749
      Avg mean sensitivity   : 0.441
      Avg standard deviation : 0.125
      Avg autocorrelation    : 0.534
      Number dated series    : 45
      Segment length tested  : 50

      Number problem segments: 1  (A 1, B 0)
      Pct problem segments   : 0.06


 CORRELATION OF SERIES BY SEGMENTS: nv516
-----------------------------------------------------------------------------------------------------------------------------------
 Correlations of  50-year dated segments, lagged  25 years
 Flags:  A = correlation under   .3281 but highest as dated;  B = correlation higher at other than dated position

 Seq Series  Time_span     0   25   50   75  100  125  150  175  200  225  250  275  300  325  350  375  400  425  450  475 
                          49   74   99  124  149  174  199  224  249  274  299  324  349  374  399  424  449  474  499  524 
 --- -------- ---------  ---- ---- ---- ---- ---- ---- ---- ---- ---- ---- ---- ---- ---- ---- ---- ---- ---- ---- ---- ---- 
   8 HIL061    303 1984                                                                   .82  .80  .73  .62  .70  .80  .82 
  10 HIL071      0  670       .74  .74  .62  .66  .53  .52  .66  .74  .75  .71  .55  .48  .63  .61  .65  .65  .54  .53  .64 
  14 HIL101     26 1000            .68  .60  .67  .71  .70  .71  .77  .81  .76  .72  .80  .82  .79  .81  .79  .72  .68  .67 
  18 HIL131    288  604                                                              .82  .82  .84  .79  .74  .72  .79  .80 
  20 HIL141    368 1984                                                                             .75  .80  .73  .74  .75 
  23 HIL161    337 1984                                                                        .63  .65  .62  .45  .50  .72 
  27 HIL182    323 1600                                                                        .74  .57  .55  .66  .73  .73 
  32 HIL231    220 1984                                               .75  .66  .70  .74  .77  .75  .74  .68  .71  .75  .59 
  39 HIL272    100  600                           .79  .75  .71  .71  .55  .46  .62  .68  .65  .71  .81  .75  .82  .83  .71 
  41 HIL311    360 1966                                                                             .82  .77  .73  .72  .51 
  42 HIL312    169  599                                     .75  .67  .74  .75  .57  .57  .70  .79  .78  .72  .64  .68  .64 
  43 HIL582      0 1964       .71  .64  .55  .60  .72  .80  .81  .78  .75  .75  .78  .81  .84  .83  .84  .89  .90  .83  .68 
  44 HIL592      0  415       .77  .75  .72  .73  .69  .73  .67  .67  .80  .79  .73  .81  .82  .82                          
  45 HIL593    200  599                                               .84  .82  .83  .84  .84  .82  .74  .70  .77  .75  .72 
 Av segment correlation       .74  .70  .62  .66  .69  .70  .72  .73  .75  .71  .69  .73  .77  .76  .74  .71  .70  .72  .69 

 CORRELATION OF SERIES BY SEGMENTS: nv516
-----------------------------------------------------------------------------------------------------------------------------------
 Correlations of  50-year dated segments, lagged  25 years
 Flags:  A = correlation under   .3281 but highest as dated;  B = correlation higher at other than dated position

 Seq Series  Time_span   500  525  550  575  600  625  650  675  700  725  750  775  800  825  850  875  900  925  950  975 
                         549  574  599  624  649  674  699  724  749  774  799  824  849  874  899  924  949  974  999 1024 
 --- -------- ---------  ---- ---- ---- ---- ---- ---- ---- ---- ---- ---- ---- ---- ---- ---- ---- ---- ---- ---- ---- ---- 
   2 HIL021    653 1775                                     .69  .74  .78  .84  .85  .88  .87  .85  .88  .83  .77  .80  .84 
   6 HIL051    785 1984                                                              .65  .71  .83  .81  .78  .72  .78  .79 
   7 HIL052    633 1984                                .63  .75  .69  .70  .80  .75  .69  .82  .88  .83  .76  .73  .78  .77 
   8 HIL061    303 1984  .81  .79  .82  .77  .63  .62  .67  .70  .71  .72  .68  .70  .78  .82  .82  .74  .54  .54  .72  .83 
   9 HIL062    487 1984  .81  .78  .81  .85  .80  .70  .72  .74  .67  .77  .89  .87  .81  .84  .83  .76  .79  .82  .84  .80 
  10 HIL071      0  670  .54  .55  .78  .71  .60                                                                            
  13 HIL091    973 1975                                                                                                 .79 
  14 HIL101     26 1000  .51  .48  .74  .71  .61  .70  .72  .69  .64  .70  .75  .58  .57  .75  .77  .70  .59  .57  .66      
  16 HIL111    924 1984                                                                                            .81  .75 
  18 HIL131    288  604  .42  .44  .76                                                                                      
  20 HIL141    368 1984  .73  .81  .86  .81  .79  .73  .78  .84  .82  .82  .88  .92  .87  .87  .91  .91  .89  .86  .89  .91 
  21 HIL142    718 1984                                               .88  .91  .87  .85  .89  .87  .86  .86  .85  .88  .88 
  22 HIL151    928 1984                                                                                            .81  .91 
  23 HIL161    337 1984  .72  .73  .77  .78  .77  .57  .59  .56  .52  .68  .84  .74  .66  .80  .86  .83  .80  .76  .81  .78 
  24 HIL162    724 1984                                                    .80  .86  .81  .79  .82  .83  .83  .77  .79  .76 
  25 HIL171    554 1984                 .78  .78  .81  .74  .75  .79  .81  .81  .80  .81  .69  .71  .79  .72  .81  .87  .74 
  26 HIL181    494 1984  .57  .62  .67  .70  .66  .40  .51  .68  .53  .60  .77  .84  .76  .66  .50  .50  .60  .67  .81  .87 
  27 HIL182    323 1600  .62  .75  .83  .79  .79  .65  .68  .82  .73  .73  .76  .69  .70  .76  .74  .81  .79  .76  .85  .87 
  29 HIL192    633 1984                                .80  .72  .70  .73  .79  .88  .81  .75  .85  .92  .85  .72  .80  .85 
  30 HIL201    769 1984                                                         .79  .78  .82  .85  .86  .74  .59  .74  .81 
  31 HIL221    548 1975                 .81  .72  .70  .73  .71  .73  .68  .73  .83  .80  .79  .76  .80  .83  .81  .76  .73 
  32 HIL231    220 1984  .71  .83  .85  .74  .67  .82  .70  .67  .66  .69  .77  .76  .78  .80  .81  .82  .76  .61  .73  .78 
  33 HIL232    494 1984  .79  .75  .78  .61  .41  .69  .57  .49  .46  .52  .70  .74  .67  .67  .71  .73  .68  .49  .65  .78 
  36 HIL242    755 1984                                                         .83  .85  .89  .87  .88  .89  .88  .91  .93 
  37 HIL251    507 1984       .83  .84  .86  .80  .76  .73  .61  .69  .74  .76  .79  .79  .88  .87  .85  .86  .87  .89  .91 
  38 HIL261    886 1984                                                                                  .82  .81  .86  .91 
  39 HIL272    100  600  .64  .72  .87                                                                                      
  40 HIL273    700 1984                                               .71  .84  .66  .64  .83  .82  .80  .78  .85  .71  .60 
  41 HIL311    360 1966  .56  .67  .67  .61  .43  .59  .70  .61  .56  .64  .75  .82  .72  .61  .68  .77  .70  .54  .70  .83 
  42 HIL312    169  599  .76  .79  .76                                                                                      
  43 HIL582      0 1964  .82  .90  .77  .64  .59  .69  .67  .70  .77  .77  .76  .82  .88  .88  .71  .68  .78  .62  .66  .69 
  45 HIL593    200  599  .84  .80  .41                                                                                      
 Av segment correlation  .68  .72  .76  .74  .67  .67  .68  .69  .67  .72  .79  .79  .76  .79  .80  .80  .77  .73  .79  .81 

 CORRELATION OF SERIES BY SEGMENTS: nv516
-----------------------------------------------------------------------------------------------------------------------------------
 Correlations of  50-year dated segments, lagged  25 years
 Flags:  A = correlation under   .3281 but highest as dated;  B = correlation higher at other than dated position

 Seq Series  Time_span  1000 1025 1050 1075 1100 1125 1150 1175 1200 1225 1250 1275 1300 1325 1350 1375 1400 1425 1450 1475 
                        1049 1074 1099 1124 1149 1174 1199 1224 1249 1274 1299 1324 1349 1374 1399 1424 1449 1474 1499 1524 
 --- -------- ---------  ---- ---- ---- ---- ---- ---- ---- ---- ---- ---- ---- ---- ---- ---- ---- ---- ---- ---- ---- ---- 
   1 HIL011   1267 1984                                                         .73  .69  .79  .82  .64  .57  .66  .77  .84 
   2 HIL021    653 1775  .85  .80  .76  .81  .83  .82  .77  .73  .77  .80  .78  .74  .69  .74  .79  .77  .77  .70  .73  .77 
   3 HIL031   1074 1630                      .78  .76  .73  .76  .82  .70  .71  .75  .58  .77  .81  .79  .70  .64  .62  .74 
   6 HIL051    785 1984  .80  .79  .59  .61  .72  .73  .69  .65  .85  .81  .75  .78  .71  .71  .74  .69  .65  .57  .58  .70 
   7 HIL052    633 1984  .77  .78  .75  .74  .72  .71  .67  .51  .75  .85  .86  .82  .55  .37  .51  .62  .61  .63  .74  .79 
   8 HIL061    303 1984  .88  .80  .72  .72  .73  .56  .56  .73  .76  .84  .82  .78  .81  .74  .70  .59  .61  .78  .77  .81 
   9 HIL062    487 1984  .75  .76  .54  .57  .75  .80  .73  .48  .61  .75  .78  .75  .71  .72  .74  .78  .88  .82  .82  .85 
  11 HIL081   1224 1984                                                    .80  .71  .61  .79  .86  .86  .83  .71  .71  .85 
  12 HIL082   1140 1984                                .79  .63  .67  .78  .79  .76  .75  .75  .84  .86  .83  .70  .74  .85 
  13 HIL091    973 1975  .75  .83  .74  .70  .74  .66  .61  .65  .76  .72  .72  .68  .44  .49  .66  .73  .73  .58  .69  .82 
  15 HIL102   1249 1984                                                         .67  .69  .64  .68  .76  .70  .65  .77  .81 
  16 HIL111    924 1984  .58  .58  .56  .60  .69  .69  .69  .66  .76  .78  .67  .58  .51  .70  .80  .80  .67  .50  .64  .80 
  19 HIL132   1200 1984                                               .75  .73  .75  .67  .67  .74  .81  .79  .71  .80  .86 
  20 HIL141    368 1984  .91  .85  .80  .87  .86  .87  .86  .76  .87  .84  .70  .69  .70  .76  .86  .82  .79  .83  .87  .90 
  21 HIL142    718 1984  .87  .79  .76  .88  .89  .86  .83  .79  .90  .89  .85  .80  .71  .83  .91  .86  .73  .74  .81  .87 
  22 HIL151    928 1984  .86  .79  .67  .76  .80  .81  .86  .76  .82  .89  .86  .81  .62  .74  .86  .76  .61  .63  .66  .74 
  23 HIL161    337 1984  .69  .73  .76  .52  .56  .73  .69  .63  .82  .85  .78  .77  .72  .73  .79  .66  .62  .82  .82  .79 
  24 HIL162    724 1984  .76  .85  .79  .62  .70  .77  .70  .71  .87  .87  .80  .76  .66  .63  .68  .63  .69  .81  .84  .83 
  25 HIL171    554 1984  .72  .76  .63  .66  .69  .80  .89  .87  .91  .90  .83  .80  .79  .76  .78  .65  .63  .72  .75  .80 
  26 HIL181    494 1984  .84  .70  .64  .69  .42  .31A .56  .63  .74  .81  .76  .73  .76  .67  .56  .49  .50  .65  .84  .85 
  27 HIL182    323 1600  .85  .81  .72  .81  .82  .71  .65  .57  .72  .77  .76  .70  .52  .58  .57  .56  .62  .64  .78  .79 
  28 HIL191   1208 1984                                               .91  .86  .78  .69  .69  .81  .85  .83  .84  .88  .81 
  29 HIL192    633 1984  .78  .71  .71  .80  .84  .81  .80  .81  .87  .89  .90  .89  .85  .75  .81  .84  .82  .86  .89  .87 
  30 HIL201    769 1984  .79  .69  .68  .76  .79  .73  .72  .79  .85  .89  .87  .80  .77  .73  .82  .86  .80  .77  .82  .86 
  31 HIL221    548 1975  .70  .66  .62  .70  .78  .80  .83  .77  .89  .90  .86  .84  .73  .76  .83  .82  .83  .79  .86  .88 
  32 HIL231    220 1984  .67  .68  .75  .76  .76  .71  .75  .75  .75  .68  .69  .67  .57  .67  .75  .80  .75  .68  .74  .74 
  33 HIL232    494 1984  .70  .65  .72  .77  .77  .77  .83  .81  .68  .71  .73  .66  .60  .73  .72  .74  .81  .75  .83  .79 
  34 HIL240    992 1300  .83  .79  .71  .80  .83  .81  .74  .69  .86  .84  .87                                              
  35 HIL241   1360 1984                                                                             .83  .77  .75  .85  .85 
  36 HIL242    755 1984  .90  .88  .86  .93  .93  .86  .84  .83  .88  .90  .90  .91  .87  .85  .87  .86  .81  .78  .83  .88 
  37 HIL251    507 1984  .89  .77  .77  .86  .84  .87  .88  .79  .91  .88  .83  .81  .64  .73  .81  .78  .65  .61  .78  .85 
  38 HIL261    886 1984  .86  .74  .73  .85  .87  .82  .74  .72  .82  .86  .85  .83  .79  .69  .74  .78  .81  .79  .71  .69 
  40 HIL273    700 1984  .75  .79  .79  .90  .92  .84  .72  .74  .85  .86  .90  .85  .67  .83  .89  .86  .78  .72  .86  .95 
  41 HIL311    360 1966  .75  .62  .54  .63  .74  .76  .71  .69  .69  .78  .80  .64  .43  .64  .68  .69  .72  .71  .72  .78 
  43 HIL582      0 1964  .63  .70  .71  .70  .68  .66  .68  .71  .66  .73  .79  .70  .66  .72  .77  .75  .67  .67  .74  .67 
 Av segment correlation  .78  .75  .70  .74  .77  .75  .74  .71  .80  .82  .80  .76  .67  .71  .76  .75  .72  .71  .77  .81 

 CORRELATION OF SERIES BY SEGMENTS: nv516
-----------------------------------------------------------------------------------------------------------------------------------
 Correlations of  50-year dated segments, lagged  25 years
 Flags:  A = correlation under   .3281 but highest as dated;  B = correlation higher at other than dated position

 Seq Series  Time_span  1500 1525 1550 1575 1600 1625 1650 1675 1700 1725 1750 1775 1800 1825 1850 1875 1900 1925 
                        1549 1574 1599 1624 1649 1674 1699 1724 1749 1774 1799 1824 1849 1874 1899 1924 1949 1974 
 --- -------- ---------  ---- ---- ---- ---- ---- ---- ---- ---- ---- ---- ---- ---- ---- ---- ---- ---- ---- ---- 
   1 HIL011   1267 1984  .80  .79  .75  .77  .84  .79  .84  .83  .79  .71  .71  .77  .68  .72  .76  .68  .64  .68 
   2 HIL021    653 1775  .72  .81  .79  .71  .78  .74  .66  .77  .81  .75                                         
   3 HIL031   1074 1630  .72  .61  .78  .85                                                                       
   4 HIL032   1650 1799                                     .73  .82  .86  .77                                    
   5 HIL041   1510 1984       .69  .56  .55  .69  .65  .63  .78  .79  .72  .76  .74  .75  .72  .53  .43  .58  .62 
   6 HIL051    785 1984  .66  .50  .70  .78  .67  .58  .51  .60  .73  .73  .72  .70  .69  .71  .75  .70  .58  .66 
   7 HIL052    633 1984  .71  .56  .70  .82  .83  .73  .63  .67  .69  .67  .70  .73  .75  .81  .78  .78  .66  .70 
   8 HIL061    303 1984  .79  .75  .85  .85  .87  .83  .84  .84  .81  .83  .85  .84  .79  .78  .80  .75  .67  .70 
   9 HIL062    487 1984  .83  .84  .79  .74  .79  .80  .73  .74  .76  .76  .64  .64  .80  .79  .77  .72  .72  .80 
  11 HIL081   1224 1984  .85  .73  .83  .86  .83  .80  .80  .79  .81  .83  .83  .83  .86  .86  .85  .81  .75  .70 
  12 HIL082   1140 1984  .83  .71  .75  .77  .73  .64  .63  .77  .79  .80  .81  .71  .70  .69  .68  .70  .57  .54 
  13 HIL091    973 1975  .77  .73  .68  .69  .82  .84  .78  .78  .81  .74  .61  .67  .78  .79  .73  .61  .49  .46 
  15 HIL102   1249 1984  .73  .68  .60  .51  .66  .75  .59  .72  .81  .79  .69  .58  .65  .73  .75  .67  .69  .65 
  16 HIL111    924 1984  .79  .74  .78  .80  .74  .72  .72  .77  .81  .84  .81  .77  .78  .71  .68  .69  .71  .60 
  17 HIL121   1504 1984       .79  .89  .92  .88  .85  .76  .84  .83  .81  .86  .85  .92  .89  .85  .77  .68  .58 
  19 HIL132   1200 1984  .82  .80  .85  .88  .89  .74  .72  .84  .84  .85  .75  .75  .84  .85  .75  .66  .77  .78 
  20 HIL141    368 1984  .85  .79  .79  .83  .87  .83  .82  .85  .88  .89  .88  .87  .88  .91  .88  .78  .70  .73 
  21 HIL142    718 1984  .83  .74  .80  .85  .81  .78  .79  .82  .87  .85  .78  .80  .83  .76  .68  .56  .59  .68 
  22 HIL151    928 1984  .67  .42  .76  .79  .77  .76  .73  .85  .82  .82  .72  .67  .72  .72  .72  .69  .76  .69 
  23 HIL161    337 1984  .78  .70  .71  .78  .83  .78  .73  .81  .87  .89  .81  .80  .82  .81  .61  .51  .59  .58 
  24 HIL162    724 1984  .75  .69  .81  .85  .83  .77  .76  .81  .84  .84  .61  .67  .79  .79  .61  .48  .72  .75 
  25 HIL171    554 1984  .80  .78  .74  .76  .80  .78  .73  .77  .77  .81  .80  .80  .80  .79  .80  .78  .74  .76 
  26 HIL181    494 1984  .80  .70  .83  .86  .80  .73  .60  .63  .68  .73  .65  .70  .80  .77  .79  .72  .69  .75 
  27 HIL182    323 1600  .77  .74  .69                                                                            
  28 HIL191   1208 1984  .77  .73  .82  .83  .74  .61  .60  .79  .83  .84  .80  .78  .66  .59  .71  .74  .76  .76 
  29 HIL192    633 1984  .79  .76  .81  .81  .81  .75  .77  .83  .83  .78  .78  .84  .82  .83  .81  .73  .65  .65 
  30 HIL201    769 1984  .83  .77  .82  .86  .91  .86  .83  .79  .72  .74  .65  .65  .83  .80  .75  .67  .73  .80 
  31 HIL221    548 1975  .77  .69  .84  .88  .85  .73  .61  .77  .80  .75  .80  .85  .87  .83  .84  .84  .80  .80 
  32 HIL231    220 1984  .64  .68  .59  .56  .79  .83  .81  .83  .81  .76  .73  .70  .70  .76  .81  .80  .71  .69 
  33 HIL232    494 1984  .68  .74  .70  .68  .85  .84  .81  .85  .85  .74  .68  .80  .81  .81  .82  .78  .72  .75 
  35 HIL241   1360 1984  .83  .85  .91  .91  .89  .87  .73  .79  .87  .90  .89  .88  .90  .83  .77  .79  .81  .76 
  36 HIL242    755 1984  .88  .81  .90  .90  .84  .78  .73  .87  .89  .88  .82  .83  .88  .85  .83  .81  .80  .87 
  37 HIL251    507 1984  .81  .73  .72  .79  .84  .79  .71  .76  .89  .91  .86  .77  .80  .85  .85  .78  .75  .81 
  38 HIL261    886 1984  .66  .72  .58  .59  .83  .79  .62  .77  .84  .86  .75  .68  .73  .74  .76  .77  .66  .69 
  40 HIL273    700 1984  .88  .83  .91  .90  .92  .89  .79  .85  .87  .90  .88  .82  .87  .89  .83  .78  .83  .79 
  41 HIL311    360 1966  .81  .75  .65  .71  .76  .70  .70  .81  .72  .68  .69  .69  .77  .79  .75  .61  .64      
  43 HIL582      0 1964  .66  .73  .69  .63  .77  .82  .72  .63  .70  .77  .60  .63  .81  .80  .71  .65  .71      
 Av segment correlation  .77  .72  .76  .78  .81  .77  .72  .78  .81  .80  .75  .75  .79  .79  .76  .70  .69  .70 

 FLAGGED SEGMENTS: nv516
-----------------------------------------------------------------------------------------------------------------------------------
 Seq Series   Segment    Flag  r dated  Best lag  r at lag   Gain  Note
 --- -------- ---------  ----  -------  --------  --------  -----  -----------------
  26 HIL181   1125 1174     A     .312         0

 DESCRIPTIVE STATISTICS: nv516
-----------------------------------------------------------------------------------------------------------------------------------

                                                Corr   //-------- Unfiltered --------\\  //-- dplR filtered --\\
                           No.    No.    No.    with   Mean   Max     Std   Auto   Mean   Max     Std   Auto  AR
 Seq Series   Interval   Years  Segmt  Flags   Master  msmt   msmt    dev   corr   sens  value    dev   corr  ()
 --- -------- ---------  -----  -----  -----   ------ -----  -----  -----  -----  -----  -----  -----  -----  --
   1 HIL011   1267 1984    718     27      0    .742    .27    .85   .148   .218   .610   2.81   .485  -.014   3
   2 HIL021    653 1775   1123     43      0    .765    .26    .84   .153   .410   .599   2.78   .487  -.003   3
   3 HIL031   1074 1630    557     20      0    .732    .36   1.37   .245   .734   .427   2.46   .370  -.005   2
   4 HIL032   1650 1799    150      4      0    .741    .23    .53   .100   .225   .482   2.00   .388  -.017   3
   5 HIL041   1510 1984    475     17      0    .671    .22    .94   .114   .443   .439   2.15   .387  -.006   3
   6 HIL051    785 1984   1200     46      0    .701    .30   1.22   .155   .462   .492   2.39   .380  -.014   3
   7 HIL052    633 1984   1352     52      0    .722    .28    .91   .146   .545   .449   2.06   .357  -.004   3
   8 HIL061    303 1984   1682     65      0    .749    .20    .74   .106   .383   .536   2.40   .424  -.005   3
   9 HIL062    487 1984   1498     58      0    .759    .23    .82   .119   .628   .395   2.30   .331  -.002   2
  10 HIL071      0  670    671     24      0    .633    .36    .80   .111   .449   .260   1.85   .241   .005   1
  11 HIL081   1224 1984    761     28      0    .803    .25    .68   .116   .503   .412   2.26   .351  -.003   2
  12 HIL082   1140 1984    845     32      0    .724    .22    .79   .127   .642   .441   2.31   .381  -.003   3
  13 HIL091    973 1975   1003     39      0    .704    .38   1.01   .151   .269   .408   2.41   .346   .008   0
  14 HIL101     26 1000    975     37      0    .686    .18   1.41   .152   .800   .448   2.31   .377  -.008   3
  15 HIL102   1249 1984    736     27      0    .685    .17    .51   .090   .589   .461   2.27   .373  -.010   3
  16 HIL111    924 1984   1061     40      0    .715    .33    .96   .158   .652   .336   2.19   .321   .001   2
  17 HIL121   1504 1984    481     17      0    .822    .32    .90   .145   .583   .362   1.84   .303  -.002   3
  18 HIL131    288  604    317     11      0    .694    .22    .78   .142   .719   .454   2.46   .397   .065   0
  19 HIL132   1200 1984    785     29      0    .785    .19    .60   .097   .497   .459   2.26   .377  -.004   3
  20 HIL141    368 1984   1617     63      0    .830    .17    .61   .094   .531   .516   2.54   .417  -.010   3
  21 HIL142    718 1984   1267     49      0    .818    .18    .62   .098   .502   .499   2.24   .405  -.008   3
  22 HIL151    928 1984   1057     40      0    .754    .21    .90   .129   .760   .411   2.33   .365  -.012   3
  23 HIL161    337 1984   1648     64      0    .731    .24    .81   .115   .431   .481   2.31   .374  -.005   3
  24 HIL162    724 1984   1261     48      0    .763    .30    .78   .132   .399   .462   2.19   .373  -.004   3
  25 HIL171    554 1984   1431     55      0    .771    .20    .60   .097   .344   .526   2.42   .405  -.007   3
  26 HIL181    494 1984   1491     58      1    .680    .19    .50   .086   .625   .365   2.17   .313  -.009   3
  27 HIL182    323 1600   1278     49      0    .726    .22    .85   .155   .848   .370   2.12   .313  -.011   3
  28 HIL191   1208 1984    777     29      0    .765    .23    .58   .107   .345   .478   2.28   .376  -.012   3
  29 HIL192    633 1984   1352     52      0    .798    .21    .94   .107   .513   .436   2.15   .358  -.028   0
  30 HIL201    769 1984   1216     47      0    .779    .22   1.13   .154   .737   .442   2.95   .387   .000   1
  31 HIL221    548 1975   1428     55      0    .785    .29    .78   .135   .611   .391   2.07   .330  -.004   3
  32 HIL231    220 1984   1765     69      0    .714    .20    .71   .111   .430   .493   2.58   .427  -.003   3
  33 HIL232    494 1984   1491     58      0    .709    .26    .80   .130   .434   .465   2.71   .395  -.004   3
  34 HIL240    992 1300    309     11      0    .816    .30    .63   .115   .300   .394   1.84   .336   .030   0
  35 HIL241   1360 1984    625     23      0    .841    .32    .96   .149   .534   .406   2.09   .335  -.005   3
  36 HIL242    755 1984   1230     47      0    .860    .33    .97   .165   .539   .458   2.27   .371  -.004   3
  37 HIL251    507 1984   1478     57      0    .802    .25    .83   .144   .584   .476   2.16   .402  -.005   3
  38 HIL261    886 1984   1099     42      0    .755    .25    .80   .122   .536   .422   2.14   .345  -.014   0
  39 HIL272    100  600    501     18      0    .705    .14    .46   .068   .285   .528   2.73   .415  -.003   2
  40 HIL273    700 1984   1285     49      0    .808    .22    .72   .119   .611   .483   2.11   .375  -.006   3
  41 HIL311    360 1966   1607     62      0    .691    .23    .57   .104   .678   .313   2.01   .273  -.005   3
  42 HIL312    169  599    431     16      0    .709    .31    .99   .140   .618   .301   2.00   .267   .054   0
  43 HIL582      0 1964   1965     76      0    .709    .26    .71   .115   .591   .359   2.01   .305  -.002   2
  44 HIL592      0  415    416     14      0    .751    .25    .73   .100   .518   .324   2.48   .302   .009   1
  45 HIL593    200  599    400     14      0    .732    .22    .52   .089   .538   .320   1.90   .288   .004   1
 --- -------- ---------  -----  -----  -----   ------ -----  -----  -----  -----  -----  -----  -----  -----  --
 Total or mean:          46815   1781      1    .749    .24   1.41   .125   .534   .441   2.95   .366  -.005

 DATA CHECKS (rwl.check): nv516
-----------------------------------------------------------------------------------------------------------------------------------
 rwl.check: data_files/treering/measurements/northamerica/usa/nv516.rwl
 45 series, 46815 measurements, 0-1984, 0.01 mm precision
 0 error(s), 0 warning(s), 14 note(s)
 -------------
 Nothing to report at this severity.
 14 note(s) not shown; see rwl.check() or the 'check' element of this report.

 NOTES
-----------------------------------------------------------------------------------------------------------------------------------
 Report generated using dplR 1.8.1 (R 4.5.2) on 2026-10-01 16:50 PDT.
 Measurement file nv516.rwl, MD5 383c23b31f95a7c7fac5c9dcbc0b3e9b.
 Filtering: each series divided by a 32-year smoothing spline (caps()), then prewhitened with
   an AR model (order by AIC, at most 3).
 Master: biweight robust mean of the other series (leave-one-out).
 Correlation: Pearson, one-tailed, pcrit = 0.01; critical r = 0.3281 for 50-year segments.
 Segments: 50 years, lagged 25, first segment floored to 100. Lags searched: +/- 10 years.
 A segment is tested only where the series and the master cover all of it, at the dated
   position and at every lag. COFECHA also tests partial segments at the ends of a series, so
   series here may show fewer segments, and no flags can be raised at the ends of the record.
 Lags follow COFECHA: negative means rings are probably missing from the series, positive means
   false rings. A missing ring carries its lag into every segment before it, so look where the
   lag changes along a series. A B flag is a hypothesis to check on the wood; the gain says how
   seriously to take it.
 A B flag marked "weak at every lag" correlates under the critical value even at its best lag:
   the segment is weak wherever it is placed, and the shift is not evidence of a dating error.
   Treat it as a low correlation, like an A.
 Averages in the summary and the totals are weighted by the number of years in each series, as
   COFECHA's are.
 Unfiltered block and mean sensitivity: the measurements as read, and sens1().
 dplR filtered block: the series that was correlated, after filtering. COFECHA's filtered
   series is defined differently, so these three columns are not COFECHA's numbers.
 AR: order of the AR model used to prewhiten.
