
 COFECHA-style crossdating report: nv510
 Report generated using dplR 1.8.1 (R 4.5.2) on 2026-10-01 16:50 PDT
 Built with dplR's xdate.report(), not COFECHA; see the notes at the end.


      Measurement file name  : nv510.rwl
      MD5 of measurement file: a326a7553710d84bdef2eeb502fa99c7
      Date checked           : 01OCT26
      Beginning year         : 800
      Ending year            : 1984
      Principal investigators: Graybill, D.A.
      Site name              : Charleston Peak
      Species information    : PILO Pinus longaeva D.K. Bailey = Pinus aristata var. longaeva
      Latitude               : 36.2700 N
      Longitude              : 115.7000 W
      Elevation              : 3425 m

      Series intercorrelation: 0.630
      Avg mean sensitivity   : 0.313
      Avg standard deviation : 0.222
      Avg autocorrelation    : 0.668
      Number dated series    : 53
      Segment length tested  : 50

      Number problem segments: 20  (A 4, B 16; 8 of the B weak at every lag)
      Pct problem segments   : 1.63


 CORRELATION OF SERIES BY SEGMENTS: nv510
-----------------------------------------------------------------------------------------------------------------------------------
 Correlations of  50-year dated segments, lagged  25 years
 Flags:  A = correlation under   .3281 but highest as dated;  B = correlation higher at other than dated position

 Seq Series  Time_span   800  825  850  875  900  925  950  975 1000 1025 1050 1075 1100 1125 1150 1175 1200 1225 1250 1275 
                         849  874  899  924  949  974  999 1024 1049 1074 1099 1124 1149 1174 1199 1224 1249 1274 1299 1324 
 --- -------- ---------  ---- ---- ---- ---- ---- ---- ---- ---- ---- ---- ---- ---- ---- ---- ---- ---- ---- ---- ---- ---- 
   4 CHP041   1090 1930                                                              .67  .64  .46  .38  .48  .45  .53  .70 
   6 CHP043    800 1930       .47  .46  .56  .66  .59  .60  .67  .73  .71  .69  .67  .58  .54  .59  .53  .53  .47  .54  .69 
   8 CHP061   1186 1984                                                                                  .79  .70  .57  .66 
   9 CHP071   1168 1983                                                                             .56  .71  .74  .61  .66 
  10 CHP072    851 1983                 .65  .58  .56  .70  .64  .60  .65  .51  .61  .64  .56  .51  .60  .70  .64  .59  .66 
  13 CHP101   1077 1787                                                              .51  .49  .48  .46  .55  .57  .32A .46 
  15 CHP121   1248 1983                                                                                            .81  .80 
  16 CHP131   1217 1984                                                                                       .61  .52  .69 
  18 CHP142   1230 1406                                                                                            .63  .70 
  20 CHP151   1040 1983                                                    .51  .73  .63  .73  .73  .58  .70  .66  .63  .74 
  21 CHP161   1057 1575                                                         .45  .52  .63  .60  .48  .65  .73  .59  .62 
  30 CHP211   1257 1984                                                                                                 .66 
  31 CHP212   1019 1984                                               .69  .66  .64  .65  .58  .56  .58  .62  .49  .59  .65 
  32 CHP221   1236 1983                                                                                            .59  .68 
  33 CHP231    800 1983       .40  .51  .62  .60  .48  .45  .44  .43  .42  .48  .65  .64  .34  .36  .62  .69  .69  .54  .53 
  35 CHP234    960 1187                                     .56  .55  .57  .48  .67  .67  .54                               
  36 CHP241   1070 1580                                                         .53  .54  .26B .14B .36  .61  .56  .38B .44 
  38 CHP251   1239 1972                                                                                            .75  .79 
  39 CHP261   1120 1983                                                                   .80  .73  .68  .76  .70  .60  .64 
  42 CHP291   1025 1983                                                    .61  .66  .60  .64  .64  .59  .76  .72  .74  .83 
  44 CHP311    814 1984       .40  .48  .56  .35  .22B .50  .56  .59  .51  .54  .65  .57  .63  .73  .65  .70  .67  .64  .70 
  45 CHP321   1161 1983                                                                             .58  .77  .78  .71  .74 
  46 CHP331    942 1245                                .48  .47  .55  .54  .37  .51  .50  .51  .57  .58                     
  47 CHP332   1263 1984                                                                                                 .62 
  48 CHP341   1174 1984                                                                             .73  .78  .69  .56  .73 
  50 CHP351    800 1983       .64  .76  .56  .46  .50  .55  .76  .61  .48  .52  .46  .38  .51  .67  .58  .63  .63  .56  .68 
 Av segment correlation       .48  .55  .59  .53  .47  .55  .58  .58  .57  .54  .60  .58  .56  .55  .56  .67  .64  .59  .67 

 CORRELATION OF SERIES BY SEGMENTS: nv510
-----------------------------------------------------------------------------------------------------------------------------------
 Correlations of  50-year dated segments, lagged  25 years
 Flags:  A = correlation under   .3281 but highest as dated;  B = correlation higher at other than dated position

 Seq Series  Time_span  1300 1325 1350 1375 1400 1425 1450 1475 1500 1525 1550 1575 1600 1625 1650 1675 1700 1725 1750 1775 
                        1349 1374 1399 1424 1449 1474 1499 1524 1549 1574 1599 1624 1649 1674 1699 1724 1749 1774 1799 1824 
 --- -------- ---------  ---- ---- ---- ---- ---- ---- ---- ---- ---- ---- ---- ---- ---- ---- ---- ---- ---- ---- ---- ---- 
   1 CHP011   1400 1983                      .46  .68  .50  .26B .52  .60  .66  .74  .82  .80  .82  .84  .81  .79  .72  .75 
   2 CHP012   1450 1983                                     .41  .59  .79  .72  .72  .74  .65  .69  .83  .87  .74  .61  .70 
   3 CHP021   1730 1984                                                                                            .49  .50 
   4 CHP041   1090 1930  .79  .72  .54  .60  .66  .62  .60  .74  .63  .39  .52  .64  .64  .61  .68  .82  .69  .62  .71  .70 
   5 CHP042   1482 1878                                          .70  .44  .52  .72  .75  .71  .57  .57  .67  .71  .57  .52 
   6 CHP043    800 1930  .78  .68  .47  .63  .72  .62  .55  .65  .68  .50  .49  .55  .58  .59  .62  .71  .62  .60  .58  .60 
   7 CHP051   1370 1983                 .36  .56  .71  .62  .49  .48  .47  .64  .63  .62  .62  .61  .74  .67  .48  .56  .54 
   8 CHP061   1186 1984  .81  .79  .75  .79  .78  .78  .78  .76  .78  .68  .67  .78  .81  .79  .76  .81  .78  .76  .74  .75 
   9 CHP071   1168 1983  .79  .75  .76  .78  .67  .56  .57  .69  .76  .69  .62  .64  .58  .52  .67  .77  .73  .65  .47  .36 
  10 CHP072    851 1983  .79  .69  .61  .65  .61  .69  .72  .70  .73  .61  .64  .67  .52  .47  .58  .61  .57  .60  .56  .61 
  11 CHP081   1340 1782            .53  .58  .60  .67  .70  .62  .70  .77  .71  .58  .63  .71  .63  .67  .69  .72           
  12 CHP091   1400 1984                           .60  .61  .57  .70  .70  .56  .57  .54  .41  .56  .71  .56  .53  .60  .42 
  13 CHP101   1077 1787  .66  .56  .48  .66  .45  .44  .58  .41  .32A .46  .58  .58  .67  .61  .50  .53  .60  .44           
  15 CHP121   1248 1983  .78  .81  .76  .59  .48  .70  .75  .64  .61  .74  .75  .71  .77  .78  .78  .88  .91  .87  .79  .75 
  16 CHP131   1217 1984  .74  .71  .61  .57  .53  .52  .60  .54  .47  .55  .62  .60  .61  .61  .59  .67  .69  .73  .62  .56 
  17 CHP141   1291 1983  .85  .87  .85  .84  .79  .72  .74  .80  .81  .81  .82  .72  .71  .78  .77  .76  .72  .58  .57  .65 
  18 CHP142   1230 1406  .81  .81  .82                                                                                      
  19 CHP143   1427 1868                                .79  .81  .74  .77  .76  .69  .78  .82  .67  .71  .80  .56  .50  .74 
  20 CHP151   1040 1983  .76  .78  .70  .62  .68  .73  .69  .68  .69  .64  .66  .68  .59  .55  .64  .67  .69  .70  .65  .59 
  21 CHP161   1057 1575  .57  .58  .68  .65  .43  .58  .71  .53  .52  .58                                                   
  22 CHP162   1537 1984                                                    .70  .68  .74  .68  .67  .67  .58  .70  .76  .56 
  23 CHP163   1656 1983                                                                             .66  .50  .52  .66  .63 
  24 CHP171   1461 1982                                     .52  .55  .70  .71  .78  .83  .76  .72  .74  .65  .63  .64  .65 
  25 CHP172   1415 1983                           .52  .57  .54  .48  .57  .75  .77  .69  .61  .65  .76  .73  .74  .72  .71 
  26 CHP181   1600 1983                                                              .68  .72  .73  .70  .64  .64  .67  .65 
  27 CHP191   1683 1972                                                                                  .81  .76  .74  .60 
  28 CHP201   1606 1983                                                                   .59  .65  .61  .61  .59  .48  .53 
  29 CHP202   1606 1983                                                                   .60  .69  .63  .59  .59  .52  .54 
  30 CHP211   1257 1984  .74  .76  .72  .68  .61  .62  .56  .59  .77  .74  .70  .60  .61  .69  .75  .84  .77  .74  .75  .52 
  31 CHP212   1019 1984  .68  .71  .74  .69  .53  .62  .66  .70  .67  .60  .65  .71  .70  .60  .68  .84  .81  .74  .70  .57 
  32 CHP221   1236 1983  .72  .68  .60  .66  .53  .58  .69  .78  .79  .68  .71  .76  .67  .64  .68  .76  .80  .79  .75  .63 
  33 CHP231    800 1983  .66  .73  .79  .74  .67  .65  .49  .46B .60  .66  .64  .69  .77  .55  .52  .74  .64  .54  .70  .55 
  34 CHP232   1328 1984            .83  .77  .60  .46  .49  .59  .66  .76  .69  .64  .62  .51  .55  .73  .72  .58  .56  .54 
  36 CHP241   1070 1580  .68  .69  .53  .55  .49  .55  .64  .60  .65  .58                                                   
  37 CHP242   1600 1983                                                                   .56  .68  .67  .73  .76  .66  .51 
  38 CHP251   1239 1972  .78  .72  .64  .72  .61  .59  .64  .68  .74  .70  .78  .79  .80  .81  .79  .85  .87  .85  .79  .72 
  39 CHP261   1120 1983  .75  .76  .70  .60  .39  .18B .27A .47  .55  .68  .64  .61  .72  .66  .64  .81  .80  .77  .64  .53 
  40 CHP262   1520 1984                                               .51  .64  .63  .75  .66  .60  .79  .76  .70  .57  .57 
  41 CHP281   1600 1984                                                                   .63  .69  .55  .61  .70  .67  .68 
  42 CHP291   1025 1983  .84  .83  .79  .76  .77  .42  .51  .79  .70  .73  .77  .79  .72  .71  .80  .75  .76  .79  .69  .65 
  43 CHP301   1323 1983            .76  .82  .76  .74  .74  .68  .74  .84  .83  .74  .71  .72  .79  .79  .70  .69  .68  .59 
  44 CHP311    814 1984  .41  .49  .62  .55  .58  .62  .67  .64  .75  .74  .69  .65  .72  .82  .76  .74  .77  .71  .69  .65 
  45 CHP321   1161 1983  .58  .50  .67  .80  .78  .64  .61  .65  .68  .76  .76  .65  .60  .67  .72  .73  .77  .82  .70  .56 
  47 CHP332   1263 1984  .63  .64  .65  .64  .53  .60  .73  .82  .78  .69  .64  .62  .61  .53  .52  .70  .78  .75  .72  .65 
  48 CHP341   1174 1984  .73  .56  .55  .68  .52  .62  .76  .77  .72  .74  .79  .82  .79  .76  .76  .82  .82  .82  .78  .81 
  49 CHP342   1528 1984                                                    .69  .66  .74  .79  .79  .79  .78  .75  .69  .74 
  50 CHP351    800 1983  .71  .73  .69  .47  .34  .35B .26A .39B .47  .35B .42  .38  .37  .44  .54  .68  .64  .44  .21B .44 
  51 CHP361   1507 1984                                               .64  .72  .66  .66  .68  .70  .73  .74  .63  .53  .68 
  52 CHP371   1445 1983                                .70  .64  .66  .66  .67  .64  .70  .78  .64  .69  .79  .78  .77  .64 
  53 CHP381   1340 1984            .71  .76  .61  .54  .57  .62  .59  .60  .67  .67  .76  .83  .69  .67  .74  .65  .61  .66 
 Av segment correlation  .72  .70  .67  .66  .59  .59  .62  .62  .65  .64  .67  .67  .68  .66  .67  .73  .72  .68  .64  .61 

 CORRELATION OF SERIES BY SEGMENTS: nv510
-----------------------------------------------------------------------------------------------------------------------------------
 Correlations of  50-year dated segments, lagged  25 years
 Flags:  A = correlation under   .3281 but highest as dated;  B = correlation higher at other than dated position

 Seq Series  Time_span  1800 1825 1850 1875 1900 1925 
                        1849 1874 1899 1924 1949 1974 
 --- -------- ---------  ---- ---- ---- ---- ---- ---- 
   1 CHP011   1400 1983  .68  .58  .61  .72  .80  .63 
   2 CHP012   1450 1983  .73  .66  .63  .60  .62  .68 
   3 CHP021   1730 1984  .61  .54  .59  .65  .62  .52 
   4 CHP041   1090 1930  .67  .62  .61  .61           
   5 CHP042   1482 1878  .52  .56                     
   6 CHP043    800 1930  .70  .52  .50  .56           
   7 CHP051   1370 1983  .45  .51  .49  .50  .71  .65 
   8 CHP061   1186 1984  .77  .76  .82  .73  .66  .71 
   9 CHP071   1168 1983  .39  .44  .51  .73  .63  .54 
  10 CHP072    851 1983  .63  .60  .60  .67  .71  .71 
  12 CHP091   1400 1984  .42  .57  .55  .53  .52  .37 
  14 CHP102   1791 1984  .59  .53  .47  .56  .53  .42 
  15 CHP121   1248 1983  .74  .63  .66  .70  .69  .68 
  16 CHP131   1217 1984  .57  .58  .48  .52  .58  .53 
  17 CHP141   1291 1983  .45  .53  .69  .67  .72  .67 
  19 CHP143   1427 1868  .65                          
  20 CHP151   1040 1983  .50  .54  .66  .71  .73  .51 
  22 CHP162   1537 1984  .45  .56  .70  .59  .53  .62 
  23 CHP163   1656 1983  .77  .79  .66  .67  .64  .41 
  24 CHP171   1461 1982  .65  .65  .54  .52  .67  .60 
  25 CHP172   1415 1983  .73  .67  .58  .60  .62  .50 
  26 CHP181   1600 1983  .65  .61  .66  .80  .78  .75 
  27 CHP191   1683 1972  .63  .77  .68  .61  .67      
  28 CHP201   1606 1983  .57  .39  .37  .56  .34  .24B
  29 CHP202   1606 1983  .67  .68  .55  .57  .41  .36B
  30 CHP211   1257 1984  .48  .57  .55  .71  .62  .55 
  31 CHP212   1019 1984  .57  .61  .52  .54  .58  .57 
  32 CHP221   1236 1983  .52  .53  .61  .60  .64  .53 
  33 CHP231    800 1983  .47  .59  .42  .26B .19B .22B
  34 CHP232   1328 1984  .54  .50  .52  .57  .49  .38 
  37 CHP242   1600 1983  .58  .63  .43  .41  .60  .44 
  38 CHP251   1239 1972  .70  .62  .58  .52  .67      
  39 CHP261   1120 1983  .65  .57  .41  .55  .62  .57 
  40 CHP262   1520 1984  .61  .52  .49  .36  .42  .52 
  41 CHP281   1600 1984  .72  .66  .68  .80  .64  .53 
  42 CHP291   1025 1983  .71  .69  .72  .71  .70  .69 
  43 CHP301   1323 1983  .61  .73  .72  .69  .67  .67 
  44 CHP311    814 1984  .68  .78  .76  .75  .77  .71 
  45 CHP321   1161 1983  .62  .78  .63  .39  .49  .66 
  47 CHP332   1263 1984  .61  .68  .70  .67  .78  .69 
  48 CHP341   1174 1984  .83  .74  .74  .78  .78  .77 
  49 CHP342   1528 1984  .75  .75  .77  .75  .76  .81 
  50 CHP351    800 1983  .55  .61  .63  .60  .55  .44 
  51 CHP361   1507 1984  .63  .64  .71  .57  .51  .55 
  52 CHP371   1445 1983  .72  .75  .65  .74  .71  .59 
  53 CHP381   1340 1984  .66  .60  .55  .65  .72  .55 
 Av segment correlation  .62  .62  .60  .61  .62  .56 

 FLAGGED SEGMENTS: nv510
-----------------------------------------------------------------------------------------------------------------------------------
 Seq Series   Segment    Flag  r dated  Best lag  r at lag   Gain  Note
 --- -------- ---------  ----  -------  --------  --------  -----  -----------------
   1 CHP011   1475 1524     B     .256        -2      .262   .006  weak at every lag
  13 CHP101   1250 1299     A     .321         0
  13 CHP101   1500 1549     A     .317         0
  28 CHP201   1925 1974     B     .245        -5      .246   .001  weak at every lag
  29 CHP202   1925 1974     B     .360        -8      .486   .126
  33 CHP231   1475 1524     B     .463        -7      .479   .017
  33 CHP231   1875 1924     B     .261         5      .261   .000  weak at every lag
  33 CHP231   1900 1949     B     .186       -10      .200   .013  weak at every lag
  33 CHP231   1925 1974     B     .222         8      .302   .081  weak at every lag
  36 CHP241   1125 1174     B     .261         2      .338   .077
  36 CHP241   1150 1199     B     .138         2      .357   .219
  36 CHP241   1250 1299     B     .377         8      .447   .070
  39 CHP261   1425 1474     B     .178         2      .240   .063  weak at every lag
  39 CHP261   1450 1499     A     .270         0
  44 CHP311    925  974     B     .221        -4      .227   .007  weak at every lag
  50 CHP351   1425 1474     B     .346        -4      .423   .077
  50 CHP351   1450 1499     A     .260         0
  50 CHP351   1475 1524     B     .391         7      .480   .089
  50 CHP351   1525 1574     B     .350        -1      .469   .119
  50 CHP351   1750 1799     B     .208        -6      .241   .033  weak at every lag

 DESCRIPTIVE STATISTICS: nv510
-----------------------------------------------------------------------------------------------------------------------------------

                                                Corr   //-------- Unfiltered --------\\  //-- dplR filtered --\\
                           No.    No.    No.    with   Mean   Max     Std   Auto   Mean   Max     Std   Auto  AR
 Seq Series   Interval   Years  Segmt  Flags   Master  msmt   msmt    dev   corr   sens  value    dev   corr  ()
 --- -------- ---------  -----  -----  -----   ------ -----  -----  -----  -----  -----  -----  -----  -----  --
   1 CHP011   1400 1983    584     22      1    .662    .39   1.05   .195   .644   .410   2.15   .347   .054   0
   2 CHP012   1450 1983    534     19      0    .675    .70   1.99   .330   .807   .248   1.88   .240  -.003   2
   3 CHP021   1730 1984    255      8      0    .521    .55   1.26   .222   .843   .191   1.69   .187   .021   1
   4 CHP041   1090 1930    841     32      0    .617    .56   1.26   .190   .711   .217   1.65   .218  -.009   1
   5 CHP042   1482 1878    397     14      0    .615    .51   1.34   .249   .749   .293   2.00   .276   .009   1
   6 CHP043    800 1930   1131     43      0    .591    .53   1.72   .220   .659   .282   2.22   .274  -.003   3
   7 CHP051   1370 1983    614     23      0    .569    .44   1.38   .198   .710   .292   2.00   .286   .004   2
   8 CHP061   1186 1984    799     30      0    .753    .57   1.24   .216   .675   .268   1.86   .242  -.003   1
   9 CHP071   1168 1983    816     31      0    .630    .50   1.33   .237   .697   .327   2.05   .292  -.001   2
  10 CHP072    851 1983   1133     43      0    .606    .54   1.72   .241   .712   .290   1.96   .271  -.006   3
  11 CHP081   1340 1782    443     16      0    .651    .61   1.39   .207   .507   .271   1.87   .248   .000   1
  12 CHP091   1400 1984    585     21      0    .556    .41   1.52   .283   .781   .455   2.32   .377  -.005   3
  13 CHP101   1077 1787    711     26      2    .499    .48    .94   .164   .536   .284   1.89   .241   .013   0
  14 CHP102   1791 1984    194      6      0    .514    .53   1.26   .167   .548   .245   1.70   .230   .016   1
  15 CHP121   1248 1983    736     28      0    .732    .49   1.07   .177   .736   .222   1.72   .220   .002   2
  16 CHP131   1217 1984    768     29      0    .597    .57   1.38   .215   .810   .192   1.81   .188  -.005   1
  17 CHP141   1291 1983    693     26      0    .730    .46   1.29   .242   .704   .368   2.05   .314   .001   1
  18 CHP142   1230 1406    177      5      0    .769    .41    .91   .174   .367   .425   2.00   .355   .075   0
  19 CHP143   1427 1868    442     15      0    .708    .44   1.19   .255   .703   .418   2.28   .368   .007   1
  20 CHP151   1040 1983    944     36      0    .639    .25    .75   .126   .597   .404   2.26   .346  -.004   3
  21 CHP161   1057 1575    519     19      0    .575    .30    .76   .120   .495   .344   1.96   .299   .045   0
  22 CHP162   1537 1984    448     16      0    .648    .98   1.98   .260   .505   .218   1.70   .211  -.008   3
  23 CHP163   1656 1983    328     11      0    .626    .53   1.25   .218   .658   .294   1.97   .277  -.010   1
  24 CHP171   1461 1982    522     19      0    .655    .68   1.40   .278   .547   .347   2.03   .309  -.007   1
  25 CHP172   1415 1983    569     21      0    .639    .74   1.94   .339   .513   .408   2.35   .349   .039   0
  26 CHP181   1600 1983    384     14      0    .688    .43   1.26   .232   .719   .372   2.27   .325   .069   0
  27 CHP191   1683 1972    290      9      0    .703   1.25   2.64   .404   .607   .230   1.57   .216  -.026   1
  28 CHP201   1606 1983    378     13      1    .536    .38    .93   .157   .566   .345   1.75   .294  -.014   0
  29 CHP202   1606 1983    378     13      1    .564    .37   1.02   .152   .556   .344   1.78   .307   .067   0
  30 CHP211   1257 1984    728     27      0    .660    .58   1.86   .303   .797   .297   1.96   .288  -.001   3
  31 CHP212   1019 1984    966     37      0    .648    .60   1.81   .307   .776   .300   2.31   .292   .007   1
  32 CHP221   1236 1983    748     28      0    .653    .40   1.13   .192   .753   .307   2.06   .278  -.005   1
  33 CHP231    800 1983   1184     45      4    .550    .45   1.05   .192   .739   .252   2.07   .241  -.001   2
  34 CHP232   1328 1984    657     24      0    .607    .43   1.11   .217   .736   .313   2.11   .288   .003   3
  35 CHP234    960 1187    228      7      0    .555    .38    .85   .138   .632   .250   1.79   .240  -.009   1
  36 CHP241   1070 1580    511     19      3    .520    .42   1.50   .174   .584   .306   2.25   .284  -.008   1
  37 CHP242   1600 1983    384     13      0    .573    .32    .93   .177   .588   .450   2.36   .385  -.004   1
  38 CHP251   1239 1972    734     27      0    .699    .49   1.33   .237   .773   .287   1.89   .272   .002   1
  39 CHP261   1120 1983    864     33      2    .626    .37   1.21   .212   .820   .306   1.97   .285  -.000   1
  40 CHP262   1520 1984    465     17      0    .581    .59   1.32   .215   .638   .259   2.08   .252  -.002   1
  41 CHP281   1600 1984    385     13      0    .627    .58   1.57   .322   .752   .373   2.24   .340  -.001   1
  42 CHP291   1025 1983    959     36      0    .699    .42   1.21   .196   .615   .362   2.48   .320  -.003   2
  43 CHP301   1323 1983    661     24      0    .693    .44   1.14   .215   .416   .468   2.16   .397  -.002   3
  44 CHP311    814 1984   1171     45      1    .617    .50   1.45   .221   .594   .340   2.12   .295   .009   0
  45 CHP321   1161 1983    823     31      0    .661    .49   1.37   .201   .644   .301   2.12   .266  -.001   3
  46 CHP331    942 1245    304     10      0    .515    .66   1.30   .215   .631   .250   1.71   .228  -.006   1
  47 CHP332   1263 1984    722     27      0    .654    .62   1.60   .260   .739   .267   1.89   .253   .004   2
  48 CHP341   1174 1984    811     31      0    .711    .77   1.84   .296   .649   .292   1.72   .256   .001   1
  49 CHP342   1528 1984    457     16      0    .741    .88   1.94   .346   .677   .271   1.80   .245   .005   2
  50 CHP351    800 1983   1184     45      5    .523    .28   1.03   .159   .664   .380   2.21   .329   .023   0
  51 CHP361   1507 1984    478     17      0    .629    .84   1.71   .313   .657   .263   1.87   .252  -.004   2
  52 CHP371   1445 1983    539     20      0    .686    .34   1.10   .155   .614   .344   2.09   .322  -.002   2
  53 CHP381   1340 1984    645     24      0    .649    .33   1.09   .139   .601   .331   2.02   .301   .001   2
 --- -------- ---------  -----  -----  -----   ------ -----  -----  -----  -----  -----  -----  -----  -----  --
 Total or mean:          33221   1224     20    .630    .51   2.64   .222   .668   .313   2.48   .284   .004

 DATA CHECKS (rwl.check): nv510
-----------------------------------------------------------------------------------------------------------------------------------
 rwl.check: data_files/treering/measurements/northamerica/usa/nv510.rwl
 53 series, 33221 measurements, 800-1984, 0.01 mm precision
 0 error(s), 0 warning(s), 2 note(s)
 -------------
 Nothing to report at this severity.
 2 note(s) not shown; see rwl.check() or the 'check' element of this report.

 NOTES
-----------------------------------------------------------------------------------------------------------------------------------
 Report generated using dplR 1.8.1 (R 4.5.2) on 2026-10-01 16:50 PDT.
 Measurement file nv510.rwl, MD5 a326a7553710d84bdef2eeb502fa99c7.
 Filtering: each series divided by a 32-year smoothing spline (caps()), then prewhitened with
   an AR model (order by AIC, at most 3).
 Master: biweight robust mean of the other series (leave-one-out).
 Correlation: Pearson, one-tailed, pcrit = 0.01; critical r = 0.3281 for 50-year segments.
 Segments: 50 years, lagged 25, first segment floored to 100. Lags searched: +/- 10 years.
 A segment is tested only where the series and the master cover all of it, at the dated
   position and at every lag. COFECHA also tests partial segments at the ends of a series, so
   series here may show fewer segments, and no flags can be raised at the ends of the record.
 Lags follow COFECHA: negative means rings are probably missing from the series, positive means
   false rings. A missing ring carries its lag into every segment before it, so look where the
   lag changes along a series. A B flag is a hypothesis to check on the wood; the gain says how
   seriously to take it.
 A B flag marked "weak at every lag" correlates under the critical value even at its best lag:
   the segment is weak wherever it is placed, and the shift is not evidence of a dating error.
   Treat it as a low correlation, like an A.
 Averages in the summary and the totals are weighted by the number of years in each series, as
   COFECHA's are.
 Unfiltered block and mean sensitivity: the measurements as read, and sens1().
 dplR filtered block: the series that was correlated, after filtering. COFECHA's filtered
   series is defined differently, so these three columns are not COFECHA's numbers.
 AR: order of the AR model used to prewhiten.
