
 COFECHA-style crossdating report: nv518
 Report generated using dplR 1.8.1 (R 4.5.2) on 2026-10-01 16:53 PDT
 Built with dplR's xdate.report(), not COFECHA; see the notes at the end.


      Measurement file name  : nv518.rwl
      MD5 of measurement file: b3472077fdbb79e2bfb65905c0307493
      Date checked           : 01OCT26
      Beginning year         : 975
      Ending year            : 1998
      Principal investigators: Meko, D.M.; Baisan, C.H.; Funkhouser, G.
      Site name              : Jackson Mountains Oct98 Re-collection
      Species information    : JUOC Juniperus occidentalis Hook.
      Latitude               : 41.3000 N
      Longitude              : 118.4300 W
      Elevation              : 2097 m

      Series intercorrelation: 0.692
      Avg mean sensitivity   : 0.422
      Avg standard deviation : 0.253
      Avg autocorrelation    : 0.580
      Number dated series    : 62
      Segment length tested  : 50

      Number problem segments: 18  (A 6, B 12; 4 of the B weak at every lag)
      Pct problem segments   : 1.95


 CORRELATION OF SERIES BY SEGMENTS: nv518
-----------------------------------------------------------------------------------------------------------------------------------
 Correlations of  50-year dated segments, lagged  25 years
 Flags:  A = correlation under   .3281 but highest as dated;  B = correlation higher at other than dated position

 Seq Series  Time_span  1000 1025 1050 1075 1100 1125 1150 1175 1200 1225 1250 1275 1300 1325 1350 1375 1400 1425 1450 1475 
                        1049 1074 1099 1124 1149 1174 1199 1224 1249 1274 1299 1324 1349 1374 1399 1424 1449 1474 1499 1524 
 --- -------- ---------  ---- ---- ---- ---- ---- ---- ---- ---- ---- ---- ---- ---- ---- ---- ---- ---- ---- ---- ---- ---- 
   3 JAC01C   1311 1984                                                                   .56  .43  .44  .57  .63  .56  .55 
   5 JAC03B   1421 1984                                                                                       .89  .86  .86 
   6 JAC03Y   1422 1883                                                                                       .85  .80  .86 
   7 JAC05B   1285 1984                                                              .74  .70  .65  .62  .78  .85  .89  .82 
   8 JAC05C   1385 1984                                                                                  .76  .81  .84  .77 
   9 JAC05D   1267 1984                                                         .77  .70  .63  .57  .45  .72  .81  .79  .78 
  17 JAC20C   1270 1401                                                         .62  .66  .60  .49                          
  18 JAC26C   1432 1984                                                                                            .62  .62 
  19 JAC26D   1418 1984                                                                                       .71  .81  .72 
  21 JAC27Y   1446 1917                                                                                            .47  .34 
  22 JAC30X   1440 1921                                                                                            .36  .37 
  31 JAC51A    982 1949  .39  .44  .57  .67  .82  .29B .26B .74  .81  .76  .82  .85  .81  .75  .70  .19B .19B .31B .38  .55 
  32 JAC51B    981 1161  .47  .61  .63  .64  .69                                                                            
  33 JAC51C1  1210 1473                                               .77  .81  .83  .81  .75  .71  .46  .53                
  34 JAC51E   1170 1385                                     .80  .78  .77  .80  .78  .72  .59                               
  35 JAC52A   1013 1748       .58  .68  .55  .69  .77  .81  .88  .84  .74  .76  .54  .46B .77  .73  .65  .58  .66  .85  .86 
  36 JAC52B   1216 1689                                               .69  .85  .87  .75  .68  .67  .61  .81  .82  .68  .74 
  37 JAC53A    979 1260  .49  .75  .79  .81  .81  .79  .75  .81  .78                                                        
  38 JAC53B    975 1539  .62  .65  .63  .62  .66  .66  .66  .77  .73  .43  .47  .61  .64  .58  .55  .67  .49  .35  .40  .62 
  39 JAC53C   1340 1925                                                                        .53  .68  .69  .60  .61  .70 
  40 JAC53E   1037 1884            .70  .75  .69  .63  .75  .81  .59  .38  .62  .66  .62  .62  .48  .60  .70  .65  .58  .62 
  41 JAC54A   1344 1998                                                                        .75  .75  .89  .89  .88  .89 
  43 JAC54C   1344 1698                                                                        .59  .70  .88  .88  .86  .83 
  44 JAC55A1  1256 1433                                                         .80  .71  .62  .56  .69                     
  45 JAC55B1  1235 1427                                                    .73  .80  .65  .56  .51  .49                     
  48 JAC57A    978 1653  .46  .67  .78  .74  .79  .66  .56  .69  .61  .54  .75  .82  .67  .59  .70  .74  .82  .78  .60  .59 
  49 JAC58B   1456 1998                                                                                                 .66 
  50 JAC59A   1356 1848                                                                             .60  .75  .76  .48  .49 
  51 JAC60A   1242 1559                                                    .64  .69  .60  .59  .64  .63  .71  .75  .56  .55 
  52 JAC61A   1403 1765                                                                                       .84  .85  .84 
 Av segment correlation  .48  .62  .68  .68  .74  .63  .63  .79  .73  .64  .72  .74  .68  .64  .60  .59  .68  .73  .67  .68 

 CORRELATION OF SERIES BY SEGMENTS: nv518
-----------------------------------------------------------------------------------------------------------------------------------
 Correlations of  50-year dated segments, lagged  25 years
 Flags:  A = correlation under   .3281 but highest as dated;  B = correlation higher at other than dated position

 Seq Series  Time_span  1500 1525 1550 1575 1600 1625 1650 1675 1700 1725 1750 1775 1800 1825 1850 1875 1900 1925 
                        1549 1574 1599 1624 1649 1674 1699 1724 1749 1774 1799 1824 1849 1874 1899 1924 1949 1974 
 --- -------- ---------  ---- ---- ---- ---- ---- ---- ---- ---- ---- ---- ---- ---- ---- ---- ---- ---- ---- ---- 
   1 JAC01A   1522 1984       .63  .72  .75  .74  .77  .77  .74  .80  .83  .74  .70  .71  .72  .66  .67  .77  .72 
   2 JAC01B   1641 1984                                .81  .75  .82  .79  .61  .58  .57  .64  .70  .74  .73  .73 
   3 JAC01C   1311 1984  .56  .63  .71  .74  .77  .78  .74  .71  .79  .83  .68  .59  .55  .66  .78  .77  .77  .77 
   4 JAC03A   1486 1984  .86  .86  .85  .79  .84  .88  .83  .75  .83  .88  .83  .59  .58  .63  .67  .82  .85  .75 
   5 JAC03B   1421 1984  .86  .80  .82  .86  .87  .85  .81  .83  .87  .87  .78  .75  .71  .62  .71  .83  .86  .87 
   6 JAC03Y   1422 1883  .83  .80  .83  .86  .87  .88  .85  .81  .84  .85  .77  .74  .78  .78                     
   7 JAC05B   1285 1984  .69  .68  .79  .83  .83  .74  .40  .37  .77  .71  .64  .72  .73  .70  .71  .67  .70  .71 
   8 JAC05C   1385 1984  .69  .70  .78  .81  .81  .76  .64  .65  .79  .76  .71  .71  .79  .83  .81  .76  .69  .60 
   9 JAC05D   1267 1984  .70  .68  .78  .81  .79  .82  .75  .75  .85  .78  .67  .68  .74  .73  .68  .73  .68  .58 
  10 JAC08B   1566 1984                 .72  .82  .86  .86  .65  .75  .85  .79  .77  .82  .79  .74  .78  .71  .71 
  11 JAC09A   1592 1984                      .66  .70  .83  .80  .83  .83  .78  .75  .72  .72  .78  .82  .76  .70 
  12 JAC09C   1734 1984                                                    .73  .65  .60  .65  .82  .83  .68  .52 
  13 JAC10B   1597 1984                      .65  .71  .73  .54  .67  .79  .72  .35  .37B .65  .73  .78  .84  .81 
  14 JAC10D   1683 1984                                          .58  .67  .64  .46  .50  .65  .72  .76  .67  .58 
  15 JAC15A   1643 1984                                .68  .62  .75  .76  .57  .54  .29B .37  .71  .68  .70  .74 
  16 JAC20A   1500 1984       .57  .54  .63  .69  .70  .73  .68  .73  .53  .33B .72  .37  .19B .54  .74  .73  .60 
  18 JAC26C   1432 1984  .63  .63  .65  .63  .45  .46  .60  .60  .78  .85  .81  .73  .65  .60  .67  .77  .80  .83 
  19 JAC26D   1418 1984  .75  .82  .83  .68  .56  .65  .74  .71  .85  .83  .72  .80  .79  .64  .69  .83  .86  .82 
  20 JAC27C   1488 1960  .51  .64  .58  .35  .30A .42  .61  .64  .69  .67  .55  .45  .19B .26A .39  .52  .57      
  21 JAC27Y   1446 1917  .44  .61  .52  .51  .53  .60  .75  .53  .59  .54  .47  .52  .32A .38  .46                
  22 JAC30X   1440 1921  .43  .36  .32A .35  .45  .47  .55  .65  .66  .45  .35B .57  .37  .40  .59                
  23 JAC33A   1651 1984                                     .66  .78  .75  .61  .56  .65  .69  .69  .73  .75  .79 
  24 JAC33C   1659 1981                                     .58  .71  .75  .66  .54  .62  .63  .64  .74  .74  .79 
  25 JAC34B   1730 1984                                                    .54  .57  .74  .66  .75  .83  .82  .82 
  26 JAC35A   1495 1984  .56  .72  .75  .76  .81  .78  .86  .90  .84  .79  .68  .75  .87  .84  .72  .65  .74  .86 
  27 JAC35B   1571 1984                 .52  .69  .74  .84  .88  .83  .80  .78  .80  .79  .78  .76  .80  .79  .75 
  28 JAC38C   1756 1984                                                         .67  .55  .51  .61  .77  .66  .56 
  29 JAC40A   1576 1984                      .69  .70  .79  .74  .80  .80  .71  .68  .76  .81  .83  .74  .72  .82 
  30 JAC40B   1667 1984                                     .70  .85  .84  .69  .66  .67  .72  .80  .77  .70  .74 
  31 JAC51A    982 1949  .51  .59  .74  .73  .71  .78  .84  .79  .83  .71  .54  .59  .59  .50  .29A .37  .54      
  35 JAC52A   1013 1748  .72  .74  .78  .69  .50  .55  .67  .61                                                   
  36 JAC52B   1216 1689  .75  .72  .67  .66  .71  .74                                                             
  39 JAC53C   1340 1925  .65  .70  .75  .72  .77  .77  .74  .75  .84  .84  .81  .66  .42  .52  .69  .69           
  40 JAC53E   1037 1884  .56  .54  .71  .63  .71  .77  .71  .63  .69  .74  .75  .57  .49  .64                     
  41 JAC54A   1344 1998  .86  .80  .83  .85  .84  .89  .91  .87  .82  .77  .64  .64  .71  .71  .81  .84  .83  .81 
  42 JAC54B   1699 1998                                          .81  .83  .77  .51  .58  .68  .70  .83  .85  .77 
  43 JAC54C   1344 1698  .83  .88  .87  .84  .88  .90                                                             
  46 JAC55B3  1731 1998                                                    .75  .73  .69  .73  .78  .82  .82  .82 
  47 JAC56A2  1659 1998                                     .79  .87  .88  .84  .79  .73  .79  .89  .91  .81  .73 
  48 JAC57A    978 1653  .76  .86  .89  .80  .75                                                                  
  49 JAC58B   1456 1998  .68  .65  .72  .79  .78  .75  .64  .49  .58  .70  .70  .56  .50  .26A .37  .58  .68  .74 
  50 JAC59A   1356 1848  .66  .71  .80  .77  .74  .67  .63  .65  .77  .73  .61  .57                               
  51 JAC60A   1242 1559  .72                                                                                      
  52 JAC61A   1403 1765  .83  .88  .90  .87  .86  .87  .81  .65  .82                                              
  53 JAC61B   1601 1998                           .87  .83  .74  .86  .79  .66  .52  .58  .67  .64  .80  .83  .72 
  54 JAC61C   1567 1998                 .85  .87  .89  .88  .82  .89  .89  .74  .58  .65  .69  .61  .75  .82  .65 
  55 JAC62A   1640 1998                                .74  .65  .83  .84  .71  .62  .63  .70  .68  .75  .89  .74 
  56 JAC62B   1652 1998                                     .81  .83  .83  .76  .67  .67  .62  .62  .68  .79  .68 
  57 JAC62C   1647 1998                                .78  .53  .69  .85  .76  .67  .70  .63  .58  .74  .86  .67 
  58 JAC63A   1642 1998                                .88  .83  .88  .89  .80  .71  .53  .42  .65  .85  .81  .75 
  59 JAC63B   1573 1998                 .59  .46  .59  .86  .81  .85  .90  .85  .81  .68  .63  .80  .85  .78  .66 
  60 JAC63C   1643 1998                                .84  .67  .76  .86  .72  .70  .68  .69  .83  .75  .70  .72 
  61 JAC65A   1829 1998                                                                        .69  .70  .64  .62 
  62 JAC65B   1744 1998                                                    .74  .67  .76  .79  .75  .75  .66  .69 
 Av segment correlation  .68  .70  .74  .71  .71  .74  .75  .70  .78  .78  .69  .64  .62  .63  .68  .75  .75  .72 

 FLAGGED SEGMENTS: nv518
-----------------------------------------------------------------------------------------------------------------------------------
 Seq Series   Segment    Flag  r dated  Best lag  r at lag   Gain  Note
 --- -------- ---------  ----  -------  --------  --------  -----  -----------------
  13 JAC10B   1800 1849     B     .374        -9      .378   .005
  15 JAC15A   1800 1849     B     .287        -4      .310   .023  weak at every lag
  16 JAC20A   1750 1799     B     .328         1      .504   .176
  16 JAC20A   1825 1874     B     .193        -2      .514   .321
  20 JAC27C   1600 1649     A     .300         0
  20 JAC27C   1800 1849     B     .194         4      .279   .085  weak at every lag
  20 JAC27C   1825 1874     A     .263         0
  21 JAC27Y   1800 1849     A     .318         0
  22 JAC30X   1550 1599     A     .317         0
  22 JAC30X   1750 1799     B     .349         1      .365   .017
  31 JAC51A   1125 1174     B     .292         9      .338   .047
  31 JAC51A   1150 1199     B     .263        -4      .375   .111
  31 JAC51A   1375 1424     B     .191        10      .322   .131  weak at every lag
  31 JAC51A   1400 1449     B     .185         7      .359   .174
  31 JAC51A   1425 1474     B     .312        -6      .325   .013  weak at every lag
  31 JAC51A   1850 1899     A     .290         0
  35 JAC52A   1300 1349     B     .462         2      .559   .097
  49 JAC58B   1825 1874     A     .265         0

 DESCRIPTIVE STATISTICS: nv518
-----------------------------------------------------------------------------------------------------------------------------------

                                                Corr   //-------- Unfiltered --------\\  //-- dplR filtered --\\
                           No.    No.    No.    with   Mean   Max     Std   Auto   Mean   Max     Std   Auto  AR
 Seq Series   Interval   Years  Segmt  Flags   Master  msmt   msmt    dev   corr   sens  value    dev   corr  ()
 --- -------- ---------  -----  -----  -----   ------ -----  -----  -----  -----  -----  -----  -----  -----  --
   1 JAC01A   1522 1984    463     17      0    .720    .31    .91   .126   .448   .350   1.98   .303  -.003   0
   2 JAC01B   1641 1984    344     12      0    .704    .39    .92   .159   .338   .370   2.05   .338   .004   1
   3 JAC01C   1311 1984    674     25      0    .687    .38    .99   .168   .610   .322   1.92   .289  -.003   1
   4 JAC03A   1486 1984    499     18      0    .786    .33   1.11   .183   .496   .517   2.34   .422  -.009   3
   5 JAC03B   1421 1984    564     21      0    .816    .47   1.25   .241   .446   .508   2.19   .418  -.012   3
   6 JAC03Y   1422 1883    462     17      0    .818    .24    .84   .153   .414   .637   2.90   .507  -.006   3
   7 JAC05B   1285 1984    700     26      0    .700    .55   2.20   .384   .722   .446   2.37   .399   .014   1
   8 JAC05C   1385 1984    600     22      0    .735    .56   1.68   .337   .588   .417   2.22   .362  -.002   2
   9 JAC05D   1267 1984    718     27      0    .723    .58   2.13   .336   .663   .400   2.12   .359   .011   1
  10 JAC08B   1566 1984    419     15      0    .754    .53   1.43   .270   .524   .411   2.30   .359  -.005   2
  11 JAC09A   1592 1984    393     14      0    .746    .47   1.30   .188   .484   .338   2.42   .317  -.001   1
  12 JAC09C   1734 1984    251      8      0    .692    .46   1.35   .195   .525   .336   2.07   .309  -.017   1
  13 JAC10B   1597 1984    388     14      1    .673    .46   1.74   .233   .633   .364   2.28   .339  -.008   1
  14 JAC10D   1683 1984    302     10      0    .618    .44    .94   .171   .405   .336   2.47   .335  -.001   1
  15 JAC15A   1643 1984    342     12      1    .644    .48   1.33   .219   .648   .320   1.91   .301   .004   2
  16 JAC20A   1500 1984    485     17      2    .593    .17    .51   .101   .414   .560   3.38   .502  -.003   1
  17 JAC20C   1270 1401    132      4      0    .596    .37   1.14   .241   .709   .398   2.26   .372  -.019   1
  18 JAC26C   1432 1984    553     20      0    .664    .41   1.33   .189   .738   .266   2.04   .259  -.012   1
  19 JAC26D   1418 1984    567     21      0    .737    .40   1.20   .188   .774   .267   1.82   .254  -.004   1
  20 JAC27C   1488 1960    473     17      3    .474    .41   1.20   .178   .781   .234   1.75   .223   .002   2
  21 JAC27Y   1446 1917    472     17      1    .519    .28    .57   .106   .723   .250   1.87   .243   .019   1
  22 JAC30X   1440 1921    482     17      2    .456    .42   1.87   .244   .735   .344   2.02   .325   .003   3
  23 JAC33A   1651 1984    334     11      0    .706    .59   1.69   .296   .478   .475   2.04   .386   .006   1
  24 JAC33C   1659 1981    323     11      0    .671    .48   1.28   .236   .341   .511   2.13   .423  -.008   1
  25 JAC34B   1730 1984    255      8      0    .708    .69   2.19   .395   .599   .472   2.23   .406   .022   3
  26 JAC35A   1495 1984    490     18      0    .762    .65   1.84   .333   .533   .429   2.05   .373  -.006   2
  27 JAC35B   1571 1984    414     15      0    .742    .47   1.63   .283   .551   .508   2.61   .439  -.012   2
  28 JAC38C   1756 1984    229      7      0    .631    .66   1.37   .225   .582   .255   1.83   .246  -.004   1
  29 JAC40A   1576 1984    409     14      0    .746    .66   1.79   .326   .516   .433   2.21   .377   .003   1
  30 JAC40B   1667 1984    318     11      0    .732    .60   1.77   .331   .616   .421   1.82   .352   .002   1
  31 JAC51A    982 1949    968     37      6    .580    .36   1.51   .211   .666   .411   2.46   .368  -.001   2
  32 JAC51B    981 1161    181      5      0    .580    .67   1.47   .268   .526   .311   2.01   .299   .017   1
  33 JAC51C1  1210 1473    264      8      0    .692    .20    .54   .098   .511   .420   2.13   .375   .002   1
  34 JAC51E   1170 1385    216      7      0    .709    .42   1.09   .193   .618   .353   1.85   .304   .001   1
  35 JAC52A   1013 1748    736     27      1    .642    .87   3.92   .735   .858   .418   2.50   .373   .001   2
  36 JAC52B   1216 1689    474     17      0    .703    .86   2.44   .486   .715   .394   2.33   .343  -.003   3
  37 JAC53A    979 1260    282      9      0    .692    .71   1.56   .262   .543   .291   1.67   .265   .007   1
  38 JAC53B    975 1539    565     20      0    .567    .51   1.58   .293   .756   .352   2.09   .318  -.009   3
  39 JAC53C   1340 1925    586     22      0    .695    .44   1.15   .174   .442   .373   2.03   .326  -.010   3
  40 JAC53E   1037 1884    848     32      0    .635    .22    .95   .160   .748   .478   2.25   .386  -.006   3
  41 JAC54A   1344 1998    655     24      0    .804    .28   1.16   .207   .612   .669   2.55   .531  -.007   3
  42 JAC54B   1699 1998    300     10      0    .736    .27    .61   .130   .335   .548   2.21   .427   .003   1
  43 JAC54C   1344 1698    355     12      0    .845    .45   1.13   .220   .319   .523   2.49   .445   .010   1
  44 JAC55A1  1256 1433    178      5      0    .716    .30    .82   .151   .624   .393   1.79   .365  -.000   1
  45 JAC55B1  1235 1427    193      6      0    .616    .52   1.43   .342   .773   .346   1.84   .314  -.014   1
  46 JAC55B3  1731 1998    268      8      0    .751    .27    .75   .135   .387   .538   2.01   .415  -.000   1
  47 JAC56A2  1659 1998    340     11      0    .801    .27    .85   .143   .358   .504   2.51   .434  -.006   1
  48 JAC57A    978 1653    676     25      0    .700    .54   1.79   .344   .776   .412   2.46   .364   .002   1
  49 JAC58B   1456 1998    543     19      1    .635    .47   1.98   .317   .378   .648   3.31   .528   .003   2
  50 JAC59A   1356 1848    493     17      0    .646    .45   1.38   .264   .529   .525   2.41   .462   .009   1
  51 JAC60A   1242 1559    318     11      0    .626    .68   1.86   .372   .647   .450   2.04   .396   .016   2
  52 JAC61A   1403 1765    363     12      0    .842    .74   1.67   .322   .505   .382   2.17   .328  -.002   3
  53 JAC61B   1601 1998    398     13      0    .732    .39   1.43   .240   .687   .429   2.40   .361   .051   0
  54 JAC61C   1567 1998    432     15      0    .745    .41   1.22   .222   .595   .431   2.99   .375   .000   1
  55 JAC62A   1640 1998    359     12      0    .736    .42   1.35   .200   .383   .433   2.26   .365   .027   0
  56 JAC62B   1652 1998    347     11      0    .727    .30   1.28   .204   .506   .570   2.87   .470  -.028   0
  57 JAC62C   1647 1998    352     12      0    .714    .43   1.42   .214   .413   .435   2.04   .371   .001   2
  58 JAC63A   1642 1998    357     12      0    .755    .42   1.18   .171   .389   .364   2.20   .325   .006   1
  59 JAC63B   1573 1998    426     15      0    .724    .40   1.10   .202   .545   .397   2.31   .340   .052   0
  60 JAC63C   1643 1998    356     12      0    .749    .56   1.47   .225   .472   .346   2.33   .315  -.003   1
  61 JAC65A   1829 1998    170      4      0    .672    .65   1.84   .331   .520   .437   2.16   .397   .007   2
  62 JAC65B   1744 1998    255      8      0    .737    .79   2.47   .410   .641   .398   2.16   .370   .022   1
 --- -------- ---------  -----  -----  -----   ------ -----  -----  -----  -----  -----  -----  -----  -----  --
 Total or mean:          26309    924     18    .692    .46   3.92   .253   .580   .422   3.38   .367   .001

 DATA CHECKS (rwl.check): nv518
-----------------------------------------------------------------------------------------------------------------------------------
 rwl.check: data_files/treering/measurements/northamerica/usa/nv518.rwl
 62 series, 26309 measurements, 975-1998, 0.01 mm precision
 0 error(s), 1 warning(s), 10 note(s)
 -------------
 WARNING
   RWL_MIXED_EOL (1)
     line endings are not consistent: 4035 carriage return(s) against 2686 line feed(s); mixed endings can defeat a reader
 10 note(s) not shown; see rwl.check() or the 'check' element of this report.

 NOTES
-----------------------------------------------------------------------------------------------------------------------------------
 Report generated using dplR 1.8.1 (R 4.5.2) on 2026-10-01 16:53 PDT.
 Measurement file nv518.rwl, MD5 b3472077fdbb79e2bfb65905c0307493.
 Filtering: each series divided by a 32-year smoothing spline (caps()), then prewhitened with
   an AR model (order by AIC, at most 3).
 Master: biweight robust mean of the other series (leave-one-out).
 Correlation: Pearson, one-tailed, pcrit = 0.01; critical r = 0.3281 for 50-year segments.
 Segments: 50 years, lagged 25, first segment floored to 100. Lags searched: +/- 10 years.
 A segment is tested only where the series and the master cover all of it, at the dated
   position and at every lag. COFECHA also tests partial segments at the ends of a series, so
   series here may show fewer segments, and no flags can be raised at the ends of the record.
 Lags follow COFECHA: negative means rings are probably missing from the series, positive means
   false rings. A missing ring carries its lag into every segment before it, so look where the
   lag changes along a series. A B flag is a hypothesis to check on the wood; the gain says how
   seriously to take it.
 A B flag marked "weak at every lag" correlates under the critical value even at its best lag:
   the segment is weak wherever it is placed, and the shift is not evidence of a dating error.
   Treat it as a low correlation, like an A.
 Averages in the summary and the totals are weighted by the number of years in each series, as
   COFECHA's are.
 Unfiltered block and mean sensitivity: the measurements as read, and sens1().
 dplR filtered block: the series that was correlated, after filtering. COFECHA's filtered
   series is defined differently, so these three columns are not COFECHA's numbers.
 AR: order of the AR model used to prewhiten.
