
 COFECHA-style crossdating report: nv521
 Report generated using dplR 1.8.1 (R 4.5.2) on 2026-10-01 16:54 PDT
 Built with dplR's xdate.report(), not COFECHA; see the notes at the end.


      Measurement file name  : nv521.rwl
      MD5 of measurement file: 8063c5d9096f8fd61b78e13d7b6ccfa5
      Date checked           : 01OCT26
      Beginning year         : -2649
      Ending year            : 2002
      Principal investigators: Salzer, M.W.
      Site name              : Pearl Peak Update
      Species information    : PILO Pinus longaeva D.K. Bailey = Pinus aristata var. longaeva
      Latitude               : 40.2300 N
      Longitude              : 115.5300 W
      Elevation              : 3200 m

      Series intercorrelation: 0.605
      Avg mean sensitivity   : 0.268
      Avg standard deviation : 0.141
      Avg autocorrelation    : 0.653
      Number dated series    : 147
      Series crossdated      : 143
      Segment length tested  : 50

      Number problem segments: 56  (A 30, B 26; 9 of the B weak at every lag)
      Pct problem segments   : 1.91


 CORRELATION OF SERIES BY SEGMENTS: nv521
-----------------------------------------------------------------------------------------------------------------------------------
 Correlations of  50-year dated segments, lagged  25 years
 Flags:  A = correlation under   .3281 but highest as dated;  B = correlation higher at other than dated position

 Seq Series  Time_span  -2600 -2575 -2550 -2525 -2500 -2475 -2450 -2425 -2400 -2375 -2350 -2325 -2300 -2275 -2250 -2225 -2200 -2175 -2150 -2125 
                        -2551 -2526 -2501 -2476 -2451 -2426 -2401 -2376 -2351 -2326 -2301 -2276 -2251 -2226 -2201 -2176 -2151 -2126 -2101 -2076 
 --- -------- ---------  ---- ---- ---- ---- ---- ---- ---- ---- ---- ---- ---- ---- ---- ---- ---- ---- ---- ---- ---- ---- 
   1 PP343b   -2649 -2245       .53  .45  .34B .50  .45  .26A .38  .62  .41  .34  .24A .22A                                   
   2 PP343a   -2576 -2295       .53  .45  .34  .50  .45  .26A .38  .62  .41  .32A                                             
   3 PP363x   -2320 -1399                                                              .25A                                   
 Av segment correlation       .53  .45  .34  .50  .45  .26  .38  .62  .41  .33  .24  .23                                    

 CORRELATION OF SERIES BY SEGMENTS: nv521
-----------------------------------------------------------------------------------------------------------------------------------
 Correlations of  50-year dated segments, lagged  25 years
 Flags:  A = correlation under   .3281 but highest as dated;  B = correlation higher at other than dated position

 Seq Series  Time_span  -2100 -2075 -2050 -2025 -2000 -1975 -1950 -1925 -1900 -1875 -1850 -1825 -1800 -1775 -1750 -1725 -1700 -1675 -1650 -1625 
                        -2051 -2026 -2001 -1976 -1951 -1926 -1901 -1876 -1851 -1826 -1801 -1776 -1751 -1726 -1701 -1676 -1651 -1626 -1601 -1576 
 --- -------- ---------  ---- ---- ---- ---- ---- ---- ---- ---- ---- ---- ---- ---- ---- ---- ---- ---- ---- ---- ---- ---- 
 Av segment correlation                                                                                                     

 CORRELATION OF SERIES BY SEGMENTS: nv521
-----------------------------------------------------------------------------------------------------------------------------------
 Correlations of  50-year dated segments, lagged  25 years
 Flags:  A = correlation under   .3281 but highest as dated;  B = correlation higher at other than dated position

 Seq Series  Time_span  -1600 -1575 -1550 -1525 -1500 -1475 -1450 -1425 -1400 -1375 -1350 -1325 -1300 -1275 -1250 -1225 -1200 -1175 -1150 -1125 
                        -1551 -1526 -1501 -1476 -1451 -1426 -1401 -1376 -1351 -1326 -1301 -1276 -1251 -1226 -1201 -1176 -1151 -1126 -1101 -1076 
 --- -------- ---------  ---- ---- ---- ---- ---- ---- ---- ---- ---- ---- ---- ---- ---- ---- ---- ---- ---- ---- ---- ---- 
   3 PP363x   -2320 -1399                                .47                                                                  
   4 PP101c   -1462 -1053                                .76  .77  .70  .67  .74  .74  .83  .85  .70  .64  .63  .62  .56  .66 
   5 PP101a   -1450 -1033                                     .74  .71  .67  .74  .74  .83  .83  .73  .65  .55  .51  .51  .69 
   6 PP101X   -1242  -64                                                                             .60  .61  .66  .46  .61 
   7 PP104A   -1236 -940                                                                             .40  .21B .26B .30A .57 
   8 PP104C   -1236 -1076                                                                             .39B .35  .52  .48  .47 
   9 PP104B   -1205 -768                                                                                  .43  .31A .30A .62 
 Av segment correlation                                .61  .75  .71  .67  .74  .74  .83  .84  .71  .54  .46  .48  .43  .60 

 CORRELATION OF SERIES BY SEGMENTS: nv521
-----------------------------------------------------------------------------------------------------------------------------------
 Correlations of  50-year dated segments, lagged  25 years
 Flags:  A = correlation under   .3281 but highest as dated;  B = correlation higher at other than dated position

 Seq Series  Time_span  -1100 -1075 -1050 -1025 -1000 -975 -950 -925 -900 -875 -850 -825 -800 -775 -750 -725 -700 -675 -650 -625 
                        -1051 -1026 -1001 -976 -951 -926 -901 -876 -851 -826 -801 -776 -751 -726 -701 -676 -651 -626 -601 -576 
 --- -------- ---------  ---- ---- ---- ---- ---- ---- ---- ---- ---- ---- ---- ---- ---- ---- ---- ---- ---- ---- ---- ---- 
   5 PP101a   -1450 -1033  .81                                                                                                
   6 PP101X   -1242  -64  .69  .64  .63  .69  .67  .51  .58  .74  .75  .73  .69  .60  .63  .71  .56  .38B .47  .57  .60  .68 
   7 PP104A   -1236 -940  .54  .52  .62  .70  .67                                                                            
   9 PP104B   -1205 -768  .64  .63  .68  .70  .66  .61  .63  .65  .67  .29B .33  .62                                         
  10 PP356a   -1125 -541  .30B .36  .50  .45  .39  .40  .54  .64  .64  .75  .81  .77  .76  .77  .83  .81  .72  .73  .67  .80 
  11 PP102B   -1120 -901  .61  .61  .64  .67  .50  .49  .51                                                                  
  12 PP356x   -1100 -370       .62  .58  .52  .43  .46  .57  .65  .67  .72  .76  .78  .77  .74  .80  .76  .71  .80  .73  .77 
  13 PP367a   -1096 -586       .61  .57  .51  .53  .50  .34  .61  .63  .49  .54  .52  .51  .61  .48  .35  .60  .69  .57      
  14 PP137X   -1091 -282       .56  .54  .49  .41  .51  .52  .41  .64  .68  .54  .43  .48  .53  .52  .43  .46  .52  .52  .72 
  15 PP359c   -1064  -45            .67  .59  .43  .48  .64  .66  .75  .74  .69  .76  .74  .69  .68  .58  .64  .57  .42  .63 
  16 PP104D   -1024 -755                      .57  .58  .47  .30A .58  .67  .47  .38                                         
  17 PP368b   -977 -478                                .48  .64  .67  .68  .60  .52  .60  .49  .47  .43  .35  .44  .60  .67 
  18 PP127C   -695  -44                                                                                       .39  .53  .63 
  19 PP376a   -654  -55                                                                                            .48  .54 
  20 PP115X   -652  -92                                                                                            .35  .53 
 Av segment correlation  .60  .57  .60  .59  .53  .50  .53  .59  .67  .64  .60  .60  .64  .65  .62  .53  .56  .59  .55  .66 

 CORRELATION OF SERIES BY SEGMENTS: nv521
-----------------------------------------------------------------------------------------------------------------------------------
 Correlations of  50-year dated segments, lagged  25 years
 Flags:  A = correlation under   .3281 but highest as dated;  B = correlation higher at other than dated position

 Seq Series  Time_span  -600 -575 -550 -525 -500 -475 -450 -425 -400 -375 -350 -325 -300 -275 -250 -225 -200 -175 -150 -125 
                        -551 -526 -501 -476 -451 -426 -401 -376 -351 -326 -301 -276 -251 -226 -201 -176 -151 -126 -101  -76 
 --- -------- ---------  ---- ---- ---- ---- ---- ---- ---- ---- ---- ---- ---- ---- ---- ---- ---- ---- ---- ---- ---- ---- 
   6 PP101X   -1242  -64  .71  .72  .66  .59  .64  .58  .63  .76  .77  .68  .62  .65  .62  .57  .62  .70  .70  .51  .67  .75 
  10 PP356a   -1125 -541  .76                                                                                                
  12 PP356x   -1100 -370  .75  .65  .55  .56  .65  .62  .45  .40                                                             
  14 PP137X   -1091 -282  .63  .37  .43  .61  .66  .51  .55  .63  .54  .44  .38                                              
  15 PP359c   -1064  -45  .67  .66  .58  .67  .70  .64  .64  .74  .72  .64  .61  .63  .69  .65  .61  .70  .70  .48  .64  .69 
  17 PP368b   -977 -478  .70  .64  .59                                                                                      
  18 PP127C   -695  -44  .57  .41  .44  .48  .43  .43  .52  .53  .50  .32B .22B .53  .28A .52  .76  .61  .31A .00B .39  .56 
  19 PP376a   -654  -55  .51  .49  .28A .34  .44  .44B .50  .42  .33A .32B .35  .40  .51  .64  .71  .73  .58  .25B .46  .53 
  20 PP115X   -652  -92  .61  .54  .60  .59  .56  .50  .61  .63  .65  .60  .53  .48  .58  .76  .75  .69  .61  .62  .69      
  21 PP359a   -620 -168  .67  .61  .67  .48  .52  .67  .66  .70  .71  .59  .58  .67  .63  .67  .71  .61                     
  22 PP360x   -618  338  .72  .79  .71  .63  .60  .60  .68  .72  .74  .65  .58  .67  .57  .66  .70  .57  .43  .43  .68  .79 
  23 PP362x   -440  -17                                     .56  .46  .18B .26B .48  .45  .54  .53  .67  .80  .61  .52  .58 
  24 PP355x   -434 -105                                     .66  .52  .34  .23B .47  .60  .73  .71  .52  .41  .59           
  25 PP362a   -429   78                                     .50  .58  .70  .58  .54  .64  .70  .66  .62  .61  .62  .75  .70 
  26 PP362b   -403  130                                          .72  .64  .53  .55  .49  .62  .71  .68  .65  .43  .53  .64 
  28 PP359d   -318  150                                                              .69  .66  .58  .63  .61  .53  .66  .76 
  29 PP121A   -279  473                                                                   .63  .48  .50  .45  .40  .58  .65 
  30 PP114A   -226  284                                                                             .54  .42  .40  .58  .58 
 Av segment correlation  .66  .59  .55  .55  .58  .55  .58  .60  .60  .51  .46  .55  .56  .64  .66  .63  .56  .45  .60  .66 

 CORRELATION OF SERIES BY SEGMENTS: nv521
-----------------------------------------------------------------------------------------------------------------------------------
 Correlations of  50-year dated segments, lagged  25 years
 Flags:  A = correlation under   .3281 but highest as dated;  B = correlation higher at other than dated position

 Seq Series  Time_span  -100  -75  -50  -25    0   25   50   75  100  125  150  175  200  225  250  275  300  325  350  375 
                         -51  -26   -1   24   49   74   99  124  149  174  199  224  249  274  299  324  349  374  399  424 
 --- -------- ---------  ---- ---- ---- ---- ---- ---- ---- ---- ---- ---- ---- ---- ---- ---- ---- ---- ---- ---- ---- ---- 
  15 PP359c   -1064  -45  .65                                                                                                
  18 PP127C   -695  -44  .49                                                                                                
  22 PP360x   -618  338  .79  .67  .54  .53  .55  .46  .57  .50  .50  .47  .52  .57  .45  .43  .66  .68                     
  23 PP362x   -440  -17  .67  .71                                                                                           
  25 PP362a   -429   78  .68  .72  .61  .53  .63  .65                                                                       
  26 PP362b   -403  130  .67  .74  .73  .65  .71  .62  .61  .66                                                             
  28 PP359d   -318  150  .76  .81  .74  .57  .54  .51  .47  .38  .50                                                        
  29 PP121A   -279  473  .60  .66  .68  .62  .58  .54  .48  .41  .57  .69  .69  .61  .55  .53  .53  .62  .70  .60  .57  .61 
  30 PP114A   -226  284  .54  .64  .54  .43  .56  .57  .64  .64  .63  .69  .69  .59  .45  .56                               
  31 PP375a   -100  526       .65  .76  .71  .74  .68  .55  .52  .50  .66  .70  .69  .63  .47  .55  .66  .71  .68  .58  .67 
  32 PP347c    -88   70       .48  .46  .59  .73                                                                            
  33 PP117B    -41  555                 .62  .67  .58  .49  .60  .60  .58  .63  .63  .63  .63  .54  .58  .63  .53  .48  .49 
  35 PP376b    -29  584                 .62  .51  .42  .68  .61  .62  .75  .73  .53  .33  .46  .51  .51  .48  .56  .60  .60 
  36 PP113B     -3  236                      .51  .46  .53  .58  .70  .72  .74  .69                                         
  37 PP113D     -3  146                      .81  .73  .59  .70                                                             
  38 PP114B      4  177                           .59  .63  .62  .64  .76                                                   
  39 PP373a     15 1113                           .52  .63  .55  .61  .65  .75  .71  .59  .66  .59  .51  .53  .50  .56  .49 
  40 PP358x     67  324                                     .46  .57  .69  .70  .54  .40  .38  .47  .59                     
  41 PP113A     95  391                                          .63  .68  .71  .71  .51  .55  .74  .63  .52  .66           
  42 PP112A    100  345                                               .44  .54  .52  .63  .73  .83  .80                     
  43 PP359x    107 1420                                               .33B .43  .53  .33  .37  .54  .41  .20B .46  .50  .25A
  44 PP127B    123  702                                                    .42  .37B .31A .34  .47  .63  .51  .44  .40  .28B
  45 PP352a    129 1132                                                    .61  .53  .43  .46  .78  .72  .67  .69  .56  .57 
  46 PP113C    152  454                                                         .59  .59  .55  .58  .53  .53  .60  .58  .49 
  47 PP125X    185  572                                                              .41  .62  .68  .61  .54  .67  .55  .47 
  48 PP001A    195  656                                                              .51  .71  .66  .57  .60  .60  .65  .51 
  49 PP390a    200  445                                                                   .53  .42  .38  .54  .54  .49  .45 
  50 PP383a    209  547                                                                   .53  .55  .49  .48  .52  .55  .54 
  51 PP384b    219  541                                                                   .68  .70  .59  .38  .36  .29A .29A
  52 PP140X    225  453                                                                        .61  .62  .55  .73  .71  .59 
  53 PP378b    226  623                                                                        .46  .34  .34  .58  .58  .59 
  54 PP110A    242  900                                                                        .42  .37  .56  .59  .47  .60 
  55 PP110B    242  900                                                                        .50  .46  .68  .58  .30B .30A
  56 PP375b    248  516                                                                        .50  .68  .77  .68  .50  .47 
  57 PP375c    248  390                                                                        .50  .56  .69  .72           
  58 PP349a    256 1077                                                                             .50  .52  .50  .40  .51 
  59 PRL332    320  539                                                                                       .69  .57  .59 
 Av segment correlation  .65  .68  .63  .59  .63  .57  .57  .56  .59  .63  .63  .59  .48  .54  .57  .56  .55  .59  .52  .49 

 CORRELATION OF SERIES BY SEGMENTS: nv521
-----------------------------------------------------------------------------------------------------------------------------------
 Correlations of  50-year dated segments, lagged  25 years
 Flags:  A = correlation under   .3281 but highest as dated;  B = correlation higher at other than dated position

 Seq Series  Time_span   400  425  450  475  500  525  550  575  600  625  650  675  700  725  750  775  800  825  850  875 
                         449  474  499  524  549  574  599  624  649  674  699  724  749  774  799  824  849  874  899  924 
 --- -------- ---------  ---- ---- ---- ---- ---- ---- ---- ---- ---- ---- ---- ---- ---- ---- ---- ---- ---- ---- ---- ---- 
  29 PP121A   -279  473  .62                                                                                                
  31 PP375a   -100  526  .75  .71  .66  .74                                                                                 
  33 PP117B    -41  555  .72  .74  .56  .49  .59                                                                            
  35 PP376b    -29  584  .49  .47  .66  .74  .62  .62                                                                       
  39 PP373a     15 1113  .34  .42  .50  .51  .64  .42  .43  .41  .51  .75  .38  .40  .51  .63  .55  .58  .61  .73  .77  .73 
  43 PP359x    107 1420  .47  .51  .68  .59  .54  .56  .54  .62  .78  .81  .54  .51  .59  .68  .57  .40  .45  .47  .52  .53 
  44 PP127B    123  702  .42  .61  .44  .42  .46  .38  .42  .46  .56  .59  .53                                              
  45 PP352a    129 1132  .65  .48  .61  .70  .69  .72  .67  .74  .81  .83  .83  .88  .83  .72  .66  .61  .67  .76  .76  .74 
  46 PP113C    152  454  .43                                                                                                
  47 PP125X    185  572  .67  .65  .71  .68  .57                                                                            
  48 PP001A    195  656  .63  .69  .66  .70  .62  .52  .46  .76  .82                                                        
  50 PP383a    209  547  .52  .52  .49  .57                                                                                 
  51 PP384b    219  541  .42  .47  .50  .46                                                                                 
  52 PP140X    225  453  .73                                                                                                
  53 PP378b    226  623  .61  .61  .48  .49  .64  .67  .66                                                                  
  54 PP110A    242  900  .54  .36  .48  .68  .70  .67  .58  .64  .70  .66  .67  .76  .70  .57  .53  .51  .55  .55  .56      
  55 PP110B    242  900  .65  .72  .82  .78  .61  .58  .69  .74  .85  .84  .81  .84  .78  .64  .61  .67  .75  .73  .72      
  56 PP375b    248  516  .60  .66  .74                                                                                      
  58 PP349a    256 1077  .67  .67  .38  .41  .69  .64  .61  .57  .68  .71  .77  .73  .59  .51  .48  .63  .67  .51  .65  .67 
  59 PRL332    320  539  .69  .64  .61  .67                                                                                 
  60 PP374a    400 1029  .64  .67  .72  .68  .65  .60  .55  .66  .80  .81  .68  .69  .62  .61  .67  .55  .61  .77  .82  .68 
  61 PP378a    400 1253       .52  .60  .69  .56  .48  .43  .52  .68  .61  .62  .70  .56  .51  .48  .47  .52  .28A .52  .60 
  62 PP103B    412 1340       .72  .72  .74  .82  .69  .48  .68  .68  .64  .60  .61  .62  .65  .65  .65  .73  .70  .71  .67 
  63 PP119X    440 1101            .45  .57  .75  .69  .48  .68  .72  .65  .74  .71  .54  .50  .54  .51  .41  .56  .62  .52 
  64 PP124X    459  674                 .53  .56  .46  .34  .56  .67  .64                                                   
  65 PP350b    474 1200                      .68  .67  .57  .61  .79  .82  .73  .70  .58  .57  .53  .57  .60  .66  .71  .61 
  66 PP108A    480 1347                      .59  .61  .61  .61  .75  .65  .41  .50  .47  .43  .44  .61  .48  .30A .47  .55 
  67 PP107A    496 1407                      .63  .58  .56  .61  .73  .69  .68  .72  .53  .40  .56  .63  .45  .49  .59  .30A
  68 PP117A    508 1190                           .68  .64  .76  .76  .77  .79  .80  .62  .57  .63  .47  .54  .63  .72  .61 
  69 PP346a    544  749                                .36  .72  .77  .77  .62  .69  .43                                    
  70 PP109A    622 1077                                               .54  .48  .49  .47  .68  .58  .43  .43  .64  .59  .52 
  72 PP350a    641 1030                                                    .66  .73  .67  .60  .67  .67  .55  .58  .74  .69 
  73 PP345a    648  765                                                    .73  .74  .72                                    
  74 PP344b    650  883                                                    .60  .71  .73  .58  .60  .42  .62  .76           
  75 PP345b    655 1074                                                         .41  .44  .59  .47  .42  .50  .57  .70  .65 
  76 PP357x    687 1044                                                              .71  .53  .54  .48  .46  .56  .44  .40 
  77 PRL041    700 1985                                                                   .60  .47  .48  .58  .64  .70  .67 
  78 PRL052    700 1630                                                                   .67  .50  .49  .59  .70  .60  .49 
  79 PRL063    700 1985                                                                   .72  .60  .51  .59  .73  .77  .66 
  80 PRL131    700 1299                                                                   .59  .40  .43  .54  .55  .60  .59 
  82 PRL231    700 1727                                                              .75  .68  .56  .53  .52  .58  .70  .68 
  83 PRL271    700 1929                                                                   .56  .52  .52  .58  .64  .82  .79 
  84 PRL291    700 1985                                                                   .58  .54  .47  .50  .64  .73  .73 
  85 PRL331    700 1985                                                                   .52  .48  .45  .48  .58  .66  .61 
  86 PP118B    700 1118                                                                   .41  .41  .36  .49  .65  .60  .50 
  87 PP358a    714 1014                                                                   .58  .65  .66  .66  .49  .58  .62 
  88 PRL051    721 1736                                                                   .66  .57  .60  .72  .78  .69  .71 
  89 PP354x    722  932                                                                   .51  .54  .34  .56  .75  .73  .67 
  90 PRL071    746 1985                                                                        .46  .57  .57  .57  .72  .65 
  91 PRL251    750 1374                                                                             .48  .59  .63  .69  .70 
  92 PP373b    763  952                                                                             .63  .64  .71  .63  .53 
  93 PP126X    775 1219                                                                                  .56  .57  .50  .58 
  94 PRL042    796 1572                                                                                  .55  .65  .71  .68 
  95 PP353x    815 1077                                                                                       .60  .52  .54 
  96 PP345c    817 1001                                                                                       .73  .71  .67 
  97 PRL241    822 1750                                                                                       .73  .65  .65 
  98 PRL031    825 1869                                                                                            .73  .77 
  99 PRL311    826 1985                                                                                            .58  .63 
 101 PRL151    868 1985                                                                                                 .63 
 102 PRL203    870 1985                                                                                                 .77 
 Av segment correlation  .58  .59  .59  .61  .63  .59  .53  .63  .72  .71  .64  .67  .61  .58  .55  .52  .56  .62  .66  .63 

 CORRELATION OF SERIES BY SEGMENTS: nv521
-----------------------------------------------------------------------------------------------------------------------------------
 Correlations of  50-year dated segments, lagged  25 years
 Flags:  A = correlation under   .3281 but highest as dated;  B = correlation higher at other than dated position

 Seq Series  Time_span   900  925  950  975 1000 1025 1050 1075 1100 1125 1150 1175 1200 1225 1250 1275 1300 1325 1350 1375 
                         949  974  999 1024 1049 1074 1099 1124 1149 1174 1199 1224 1249 1274 1299 1324 1349 1374 1399 1424 
 --- -------- ---------  ---- ---- ---- ---- ---- ---- ---- ---- ---- ---- ---- ---- ---- ---- ---- ---- ---- ---- ---- ---- 
  39 PP373a     15 1113  .59  .65  .69  .61  .63  .68  .52                                                                  
  43 PP359x    107 1420  .61  .71  .62  .66  .60  .52  .51  .47  .54  .60  .49  .44  .53  .44  .51  .57  .39  .47  .60      
  45 PP352a    129 1132  .79  .79  .85  .84  .78  .74  .66  .69                                                             
  58 PP349a    256 1077  .66  .70  .64  .52  .37  .51                                                                       
  60 PP374a    400 1029  .55  .69  .69  .72                                                                                 
  61 PP378a    400 1253  .50  .41  .41  .63  .53  .46  .46  .44  .40  .31A .31A .31A .44                                    
  62 PP103B    412 1340  .68  .86  .72  .75  .60  .46  .67  .63  .66  .77  .72  .68  .71  .75  .84  .85                     
  63 PP119X    440 1101  .43  .66  .74  .72  .68  .65  .58                                                                  
  65 PP350b    474 1200  .65  .61  .49  .57  .53  .43  .43  .45  .54  .67  .54                                              
  66 PP108A    480 1347  .45  .57  .62  .72  .72  .54  .44  .82  .77  .58  .49  .67  .76  .72  .80  .80                     
  67 PP107A    496 1407  .37  .72  .63  .65  .69  .56  .27A .50  .63  .64  .56  .51  .57  .44  .60  .67  .49  .51  .46      
  68 PP117A    508 1190  .54  .73  .71  .76  .79  .77  .63  .51  .61  .70                                                   
  70 PP109A    622 1077  .58  .47  .58  .71  .69  .54                                                                       
  72 PP350a    641 1030  .58  .62  .69  .56                                                                                 
  75 PP345b    655 1074  .61  .69  .63  .70  .76  .71                                                                       
  76 PP357x    687 1044  .53  .51  .54  .61                                                                                 
  77 PRL041    700 1985  .56  .47  .57  .71  .69  .76  .71  .74  .70  .61  .66  .72  .82  .75  .76  .78  .81  .81  .73  .66 
  78 PRL052    700 1630  .59  .70  .69  .67  .66  .63  .63  .66  .51  .41  .61  .72  .73  .71  .79  .78  .74  .62  .36  .37 
  79 PRL063    700 1985  .52  .68  .82  .79  .67  .56  .53  .62  .62  .57  .66  .62  .57  .47  .65  .73  .57  .62  .68  .53 
  80 PRL131    700 1299  .55  .58  .74  .68  .63  .74  .64  .64  .75  .75  .67  .76  .75  .70  .77                          
  82 PRL231    700 1727  .60  .66  .80  .64  .55  .75  .72  .74  .75  .66  .75  .84  .86  .82  .71  .71  .57  .58  .65  .58 
  83 PRL271    700 1929  .67  .66  .73  .60  .51  .72  .61  .58  .61  .50  .53  .52  .51  .62  .82  .80  .77  .75  .57  .52 
  84 PRL291    700 1985  .61  .50  .73  .71  .67  .73  .60  .61  .56  .62  .75  .71  .75  .70  .73  .80  .67  .70  .78  .66 
  85 PRL331    700 1985  .54  .64  .73  .71  .63  .58  .57  .57  .58  .75  .69  .72  .81  .67  .79  .79  .79  .75  .55  .50 
  86 PP118B    700 1118  .52  .59  .47  .60  .60  .40  .43                                                                  
  87 PP358a    714 1014  .67  .74  .60                                                                                      
  88 PRL051    721 1736  .85  .77  .80  .84  .75  .57  .50  .73  .75  .74  .79  .84  .89  .75  .69  .72  .80  .79  .71  .66 
  90 PRL071    746 1985  .56  .65  .76  .66  .63  .65  .58  .62  .65  .79  .71  .66  .71  .67  .70  .71  .73  .80  .80  .65 
  91 PRL251    750 1374  .54  .53  .67  .62  .57  .64  .57  .68  .71  .63  .63  .68  .75  .64  .46  .51  .76  .73           
  92 PP373b    763  952  .56                                                                                                
  93 PP126X    775 1219  .68  .45  .56  .68  .70  .65  .36  .45  .65  .61  .46                                              
  94 PRL042    796 1572  .66  .59  .64  .73  .80  .89  .81  .81  .81  .61  .50  .69  .74  .61  .74  .79  .70  .72  .71  .65 
  95 PP353x    815 1077  .60  .54  .58  .69  .63  .53                                                                       
  96 PP345c    817 1001  .72  .80  .69                                                                                      
  97 PRL241    822 1750  .54  .50  .66  .66  .70  .69  .60  .59  .59  .67  .72  .63  .62  .68  .66  .65  .62  .70  .77  .68 
  98 PRL031    825 1869  .66  .53  .66  .64  .50  .59  .59  .69  .72  .63  .55  .63  .69  .59  .79  .75  .63  .70  .68  .65 
  99 PRL311    826 1985  .65  .60  .83  .78  .72  .70  .30A .42  .62  .73  .64  .59  .70  .70  .77  .79  .73  .78  .68  .68 
 101 PRL151    868 1985  .53  .45  .53  .60  .62  .51  .51  .59  .64  .56  .57  .68  .73  .65  .37  .37  .70  .70  .61  .51 
 102 PRL203    870 1985  .66  .61  .72  .70  .61  .74  .70  .71  .75  .67  .67  .55  .62  .73  .84  .75  .69  .68  .60  .69 
 103 PRL091    899 1985  .53  .47  .52  .56  .55  .54  .50  .55  .59  .62  .59  .65  .73  .68  .77  .71  .72  .68  .57  .71 
 104 PRL363    900 1985       .51  .61  .64  .57  .50  .56  .64  .62  .64  .68  .74  .71  .59  .69  .65  .77  .86  .81  .71 
 105 PP136C    900 1299       .46  .54  .58  .43  .44  .48  .54  .66  .54  .52  .61  .41  .40  .30A                         
 106 PP389a    906 1368       .54  .47  .50  .48  .55  .58  .62  .63  .55  .68  .76  .72  .54  .56  .52  .38                
 107 PP346b    938 1379            .69  .70  .55  .42  .42  .61  .62  .48  .43  .55  .65  .64  .82  .79  .43B .50           
 108 PRL211    950 1722            .64  .63  .67  .66  .68  .75  .80  .70  .68  .64  .65  .74  .79  .76  .71  .68  .66  .65 
 109 PP348a    959 1190                 .65  .72  .71  .55  .59  .62  .53                                                   
 110 PRL192    973 1700                 .42  .56  .56  .60  .74  .74  .66  .65  .65  .75  .75  .80  .73  .69  .75  .69  .70 
 111 PP351A    984 1102                      .76  .77  .77                                                                  
 112 PP111B   1002 1301                           .73  .50  .56  .55  .53  .68  .65  .67  .76  .74                          
 113 PP134A   1024 2002                           .51  .47  .49  .59  .50  .40  .49  .60  .57  .45  .44  .74  .74  .61  .55 
 114 PRL121   1052 1985                                     .75  .80  .69  .63  .63  .70  .65  .71  .79  .61  .63  .64  .61 
 115 PRL223   1058 1831                                     .70  .68  .54  .65  .68  .77  .79  .68  .63  .70  .78  .79  .54 
 116 PRL081   1065 1985                                     .72  .63  .54  .57  .67  .67  .55  .64  .58  .58  .63  .55  .39 
 117 PRL322   1075 1799                                          .63  .58  .60  .60  .71  .63  .70  .71  .65  .67  .58  .36 
 118 PRL011   1091 1985                                          .66  .54  .56  .70  .73  .64  .78  .79  .75  .79  .64  .45 
 119 PP389b   1116 1399                                               .63  .49  .52  .68  .46  .63  .69  .53  .65  .55      
 120 PRL173   1121 1985                                               .59  .58  .70  .74  .62  .54  .61  .80  .74  .65  .73 
 121 PP130B   1182 2002                                                              .52  .51  .57  .60  .63  .64  .48  .46 
 122 PRL181   1210 1985                                                                   .64  .64  .59  .66  .64  .50  .54 
 123 PP105A   1245 1405                                                                        .70  .57  .50  .59  .37      
 124 PRL161   1260 1985                                                                             .74  .58  .64  .63  .57 
 125 PP131C   1265 2002                                                                             .63  .46  .42  .36  .39 
 126 PRL074   1284 1985                                                                                  .65  .74  .66  .60 
 127 PRL141   1287 1985                                                                                  .77  .71  .35  .37 
 128 PRL301   1288 1985                                                                                  .77  .82  .67  .57 
 129 PRL281   1329 1985                                                                                            .59  .55 
 130 PRL111   1341 1985                                                                                            .58  .34 
 131 PRL371   1356 1985                                                                                                 .52 
 132 PRL021   1369 1985                                                                                                 .44 
 Av segment correlation  .59  .61  .65  .66  .63  .61  .56  .62  .65  .61  .60  .64  .68  .64  .68  .69  .66  .69  .61  .56 

 CORRELATION OF SERIES BY SEGMENTS: nv521
-----------------------------------------------------------------------------------------------------------------------------------
 Correlations of  50-year dated segments, lagged  25 years
 Flags:  A = correlation under   .3281 but highest as dated;  B = correlation higher at other than dated position

 Seq Series  Time_span  1400 1425 1450 1475 1500 1525 1550 1575 1600 1625 1650 1675 1700 1725 1750 1775 1800 1825 1850 1875 
                        1449 1474 1499 1524 1549 1574 1599 1624 1649 1674 1699 1724 1749 1774 1799 1824 1849 1874 1899 1924 
 --- -------- ---------  ---- ---- ---- ---- ---- ---- ---- ---- ---- ---- ---- ---- ---- ---- ---- ---- ---- ---- ---- ---- 
  77 PRL041    700 1985  .62  .59  .59  .53  .49  .75  .52  .41  .64  .71  .65  .69  .67  .62  .65  .70  .72  .70  .65  .60 
  78 PRL052    700 1630  .39  .51  .63  .69  .66  .70  .64  .55                                                             
  79 PRL063    700 1985  .45  .57  .62  .59  .62  .72  .61  .58  .67  .70  .68  .65  .61  .45  .42  .47  .40  .43  .64  .51 
  82 PRL231    700 1727  .59  .42B .65  .77  .72  .78  .80  .74  .54  .49  .69  .69                                         
  83 PRL271    700 1929  .56  .63  .74  .70  .62  .79  .82  .79  .77  .72  .71  .79  .75  .67  .74  .75  .77  .69  .59  .61 
  84 PRL291    700 1985  .68  .76  .77  .78  .67  .72  .85  .83  .75  .75  .75  .73  .72  .70  .62  .37B .55  .65  .61  .64 
  85 PRL331    700 1985  .46  .44  .53  .58  .56  .69  .64  .59  .70  .82  .84  .80  .68  .60  .52  .53  .75  .81  .77  .72 
  88 PRL051    721 1736  .67  .70  .79  .80  .66  .72  .75  .63  .66  .79  .71  .64                                         
  90 PRL071    746 1985  .63  .53  .64  .72  .63  .77  .80  .67  .66  .69  .71  .73  .64  .72  .84  .74  .74  .72  .49  .56 
  94 PRL042    796 1572  .64  .70  .65  .62  .71                                                                            
  97 PRL241    822 1750  .72  .75  .77  .71  .69  .81  .75  .84  .75  .63  .73  .78  .69                                    
  98 PRL031    825 1869  .51  .45  .58  .58  .55  .67  .67  .60  .66  .73  .79  .75  .57  .56  .58  .42  .55                
  99 PRL311    826 1985  .75  .70  .65  .51  .49  .70  .69  .77  .86  .80  .74  .82  .72  .63  .68  .67  .70  .68  .70  .72 
 101 PRL151    868 1985  .55  .44  .53  .65  .51  .63  .70  .39  .34B .46  .59  .59  .53  .53  .45  .56  .67  .69  .60  .54 
 102 PRL203    870 1985  .63  .71  .77  .75  .71  .67  .64  .64  .60  .66  .72  .71  .69  .74  .70  .72  .51  .36  .51  .53 
 103 PRL091    899 1985  .64  .57  .62  .66  .64  .86  .78  .67  .63  .52  .61  .60  .51  .61  .66  .55  .67  .63  .51  .51 
 104 PRL363    900 1985  .64  .75  .74  .69  .79  .71  .72  .78  .78  .60  .53  .60  .57  .51  .57  .69  .79  .84  .79  .62 
 108 PRL211    950 1722  .61  .53  .57  .67  .69  .53  .55  .63  .67  .61  .54                                              
 110 PRL192    973 1700  .68  .72  .65  .64  .69  .49  .59  .72  .55  .54  .75                                              
 113 PP134A   1024 2002  .51  .71  .78  .72  .54  .58  .66  .63  .58  .62  .59  .64  .67  .79  .71  .46  .52  .51  .49  .44 
 114 PRL121   1052 1985  .60  .75  .72  .68  .69  .70  .74  .58  .50  .63  .64  .71  .72  .66  .54  .37  .54  .60  .68  .60 
 115 PRL223   1058 1831  .39  .56  .81  .84  .70  .76  .92  .85  .69  .68  .87  .81  .64  .55  .75  .52                     
 116 PRL081   1065 1985  .45  .56  .76  .78  .56  .74  .77  .66  .66  .67  .63  .67  .58  .46  .51  .45  .64  .72  .61  .58 
 117 PRL322   1075 1799  .40  .49  .60  .69  .58  .65  .46  .51  .71  .70  .67  .64  .50  .66  .66                          
 118 PRL011   1091 1985  .59  .77  .76  .68  .58  .82  .84  .83  .87  .84  .71  .79  .77  .65  .72  .74  .79  .80  .75  .69 
 120 PRL173   1121 1985  .57  .64  .74  .77  .76  .79  .78  .82  .72  .61  .70  .70  .48  .55  .75  .71  .60  .60  .62  .55 
 121 PP130B   1182 2002  .48  .42  .54  .60  .50  .59  .55  .53  .50  .51  .53  .56  .55  .52  .36  .31A .61  .62  .58  .60 
 122 PRL181   1210 1985  .48  .59  .65  .54  .49  .56  .63  .77  .77  .68  .66  .69  .67  .78  .82  .67  .77  .78  .71  .78 
 124 PRL161   1260 1985  .45  .63  .60  .53  .54  .57  .49  .52  .68  .71  .65  .64  .65  .62  .57  .55  .67  .64  .52  .58 
 125 PP131C   1265 2002  .48  .50  .53  .53  .40  .34  .44  .66  .68  .60  .56  .60  .57  .47  .48  .57  .60  .54  .42  .55 
 126 PRL074   1284 1985  .57  .54  .74  .82  .79  .80  .67  .61  .67  .67  .70  .75  .68  .60  .65  .57  .62  .63  .46  .53 
 127 PRL141   1287 1985  .74  .51  .56  .65  .68  .77  .68  .65  .75  .73  .66  .60  .44  .58  .63  .47  .56  .47  .52  .58 
 128 PRL301   1288 1985  .70  .82  .83  .71  .65  .78  .79  .87  .81  .62  .74  .89  .81  .67  .74  .76  .71  .65  .70  .69 
 129 PRL281   1329 1985  .54  .61  .63  .58  .59  .66  .71  .76  .70  .63  .66  .62  .45  .46  .49  .48  .61  .64  .65  .71 
 130 PRL111   1341 1985  .40  .67  .81  .84  .66  .73  .54  .52  .72  .73  .69  .67  .58  .57  .59  .61  .75  .75  .63  .63 
 131 PRL371   1356 1985  .47  .68  .74  .73  .69  .76  .78  .85  .86  .69  .68  .76  .68  .62  .62  .60  .59  .48  .49  .58 
 132 PRL021   1369 1985  .61  .72  .80  .75  .53  .74  .79  .79  .85  .85  .67  .74  .75  .65  .77  .67  .77  .78  .72  .58 
 133 PRL132   1390 1985  .52  .65  .77  .78  .65  .72  .73  .71  .73  .77  .82  .87  .69  .53  .69  .69  .65  .62  .66  .74 
 134 PRL351   1474 1985                 .55  .52  .70  .68  .55  .63  .53  .58  .77  .72  .64  .64  .68  .80  .86  .72  .53 
 135 PP116B   1547 2002                                .65  .70  .77  .71  .75  .67  .50  .52  .56  .65  .66  .65  .66  .71 
 136 PP116A   1557 2002                                     .72  .80  .76  .76  .80  .75  .65  .66  .71  .83  .80  .71  .71 
 137 PP127A   1650 2002                                                         .70  .61  .61  .65  .70  .82  .76  .46  .60 
 138 PP127D   1650 2002                                                         .69  .69  .64  .67  .64  .76  .73  .53  .67 
 139 PP132B   1746 2002                                                                        .60  .60  .58  .53  .41  .39 
 140 PP135B   1747 2002                                                                        .42  .48  .70  .61  .34  .40 
 141 PP133a   1826 2002                                                                                            .58  .67 
 142 PP106B   1850 2002                                                                                                 .38 
 Av segment correlation  .56  .61  .68  .68  .62  .70  .69  .67  .69  .67  .68  .71  .64  .61  .62  .59  .67  .66  .60  .59 

 CORRELATION OF SERIES BY SEGMENTS: nv521
-----------------------------------------------------------------------------------------------------------------------------------
 Correlations of  50-year dated segments, lagged  25 years
 Flags:  A = correlation under   .3281 but highest as dated;  B = correlation higher at other than dated position

 Seq Series  Time_span  1900 1925 1950 
                        1949 1974 1999 
 --- -------- ---------  ---- ---- ---- 
  77 PRL041    700 1985  .49  .55      
  79 PRL063    700 1985  .37  .48      
  84 PRL291    700 1985  .61  .55      
  85 PRL331    700 1985  .69  .51      
  90 PRL071    746 1985  .79  .74      
  99 PRL311    826 1985  .57  .58      
 101 PRL151    868 1985  .59  .60      
 102 PRL203    870 1985  .50  .53      
 103 PRL091    899 1985  .44  .50      
 104 PRL363    900 1985  .63  .79      
 113 PP134A   1024 2002  .33A .45  .51 
 114 PRL121   1052 1985  .40  .54      
 116 PRL081   1065 1985  .65  .69      
 118 PRL011   1091 1985  .61  .54      
 120 PRL173   1121 1985  .47  .47      
 121 PP130B   1182 2002  .48  .54  .65 
 122 PRL181   1210 1985  .71  .66      
 124 PRL161   1260 1985  .55  .56      
 125 PP131C   1265 2002  .68  .50  .62 
 126 PRL074   1284 1985  .75  .69      
 127 PRL141   1287 1985  .37  .44      
 128 PRL301   1288 1985  .62  .72      
 129 PRL281   1329 1985  .57  .62      
 130 PRL111   1341 1985  .62  .63      
 131 PRL371   1356 1985  .67  .70      
 132 PRL021   1369 1985  .57  .73      
 133 PRL132   1390 1985  .77  .70      
 134 PRL351   1474 1985  .52  .72      
 135 PP116B   1547 2002  .71  .67  .77 
 136 PP116A   1557 2002  .63  .53  .53 
 137 PP127A   1650 2002  .74  .72  .78 
 138 PP127D   1650 2002  .71  .71  .75 
 139 PP132B   1746 2002  .48  .47  .61 
 140 PP135B   1747 2002  .44  .38  .22B
 141 PP133a   1826 2002  .53  .53  .68 
 142 PP106B   1850 2002  .46  .41  .62 
 143 PP106A   1875 2002  .66  .53  .44 
 144 PP129A   1900 2002       .50  .38 
 145 PP134B   1946 2002            .36 
 146 PP130A   1949 2002            .42 
 Av segment correlation  .58  .58  .56 

 FLAGGED SEGMENTS: nv521
-----------------------------------------------------------------------------------------------------------------------------------
 Seq Series   Segment    Flag  r dated  Best lag  r at lag   Gain  Note
 --- -------- ---------  ----  -------  --------  --------  -----  -----------------
   1 PP343b   -2525 -2476     B     .341        -2      .350   .009
   1 PP343b   -2450 -2401     A     .265         0
   1 PP343b   -2325 -2276     A     .240         0
   1 PP343b   -2300 -2251     A     .216         0
   2 PP343a   -2450 -2401     A     .265         0
   2 PP343a   -2350 -2301     A     .322         0
   3 PP363x   -2300 -2251     A     .254         0
   6 PP101X   -725 -676     B     .383        -8      .384   .000
   7 PP104A   -1200 -1151     B     .211         3      .293   .082  weak at every lag
   7 PP104A   -1175 -1126     B     .257        -3      .273   .017  weak at every lag
   7 PP104A   -1150 -1101     A     .302         0
   8 PP104C   -1225 -1176     B     .391        -8      .408   .017
   9 PP104B   -1175 -1126     A     .312         0
   9 PP104B   -1150 -1101     A     .297         0
   9 PP104B   -875 -826     B     .287         1      .293   .005  weak at every lag
  10 PP356a   -1100 -1051     B     .300         3      .358   .058
  16 PP104D   -925 -876     A     .299         0
  18 PP127C   -375 -326     B     .317        -8      .357   .039
  18 PP127C   -350 -301     B     .217        -4      .330   .113
  18 PP127C   -300 -251     A     .284         0
  18 PP127C   -200 -151     A     .309         0
  18 PP127C   -175 -126     B     .004        -9      .332   .329
  19 PP376a   -550 -501     A     .283         0
  19 PP376a   -475 -426     B     .441        -3      .452   .011
  19 PP376a   -400 -351     A     .327         0
  19 PP376a   -375 -326     B     .318         8      .344   .025
  19 PP376a   -175 -126     B     .249        -1      .252   .003  weak at every lag
  23 PP362x   -375 -326     B     .179       -10      .187   .009  weak at every lag
  23 PP362x   -350 -301     B     .261        -6      .266   .005  weak at every lag
  24 PP355x   -350 -301     B     .233         4      .271   .038  weak at every lag
  43 PP359x    125  174     B     .333        -5      .341   .008
  43 PP359x    300  349     B     .201         7      .221   .020  weak at every lag
  43 PP359x    375  424     A     .246         0
  44 PP127B    175  224     B     .366         3      .372   .005
  44 PP127B    200  249     A     .311         0
  44 PP127B    375  424     B     .281        -4      .390   .110
  51 PP384b    350  399     A     .294         0
  51 PP384b    375  424     A     .289         0
  55 PP110B    350  399     B     .300        -5      .346   .046
  55 PP110B    375  424     A     .299         0
  61 PP378a    825  874     A     .276         0
  61 PP378a   1125 1174     A     .309         0
  61 PP378a   1150 1199     A     .307         0
  61 PP378a   1175 1224     A     .315         0
  66 PP108A    825  874     A     .301         0
  67 PP107A    875  924     A     .301         0
  67 PP107A   1050 1099     A     .271         0
  82 PRL231   1425 1474     B     .423         3      .452   .029
  84 PRL291   1775 1824     B     .367        -6      .370   .003
  99 PRL311   1050 1099     A     .300         0
 101 PRL151   1600 1649     B     .344        -5      .346   .002
 105 PP136C   1250 1299     A     .305         0
 107 PP346b   1300 1349     B     .431        -6      .472   .041
 113 PP134A   1900 1949     A     .326         0
 121 PP130B   1775 1824     A     .313         0
 140 PP135B   1950 1999     B     .222        -6      .237   .015  weak at every lag

 DESCRIPTIVE STATISTICS: nv521
-----------------------------------------------------------------------------------------------------------------------------------

                                                Corr   //-------- Unfiltered --------\\  //-- dplR filtered --\\
                           No.    No.    No.    with   Mean   Max     Std   Auto   Mean   Max     Std   Auto  AR
 Seq Series   Interval   Years  Segmt  Flags   Master  msmt   msmt    dev   corr   sens  value    dev   corr  ()
 --- -------- ---------  -----  -----  -----   ------ -----  -----  -----  -----  -----  -----  -----  -----  --
   1 PP343b   -2649 -2245    405     12      4    .388    .53    .99   .142   .517   .223   1.48   .194   .002   1
   2 PP343a   -2576 -2295    282     10      2    .412    .34    .75   .099   .610   .202   1.50   .176  -.004   0
   3 PP363x   -2320 -1399    922      2      1    .389    .23    .46   .061   .424   .242   1.68   .216  -.006   3
   4 PP101c   -1462 -1053    410     14      0    .674    .64   1.63   .263   .846   .178   1.65   .185   .012   1
   5 PP101a   -1450 -1033    418     14      0    .686    .68   1.68   .269   .852   .165   1.68   .170  -.005   1
   6 PP101X   -1242  -64   1179     45      1    .629    .45   1.27   .170   .728   .217   1.86   .214  -.002   1
   7 PP104A   -1236 -940    297     10      3    .479    .44   1.28   .219   .847   .218   1.76   .205  -.010   1
   8 PP104C   -1236 -1076    161      5      1    .440    .62   2.14   .324   .874   .185   1.73   .183   .003   1
   9 PP104B   -1205 -768    438     16      3    .519    .44    .88   .155   .731   .224   1.68   .206   .056   0
  10 PP356a   -1125 -541    585     21      1    .633    .30    .65   .088   .519   .240   1.63   .214   .012   3
  11 PP102B   -1120 -901    220      7      0    .514    .49   1.06   .194   .663   .286   1.57   .253   .031   3
  12 PP356x   -1100 -370    731     27      0    .627    .27    .58   .078   .447   .262   1.63   .224   .007   3
  13 PP367a   -1096 -586    511     18      0    .531    .43   1.61   .269   .832   .330   2.00   .303   .006   3
  14 PP137X   -1091 -282    810     30      0    .516    .33    .84   .117   .829   .170   1.54   .161  -.004   1
  15 PP359c   -1064  -45   1020     39      0    .642    .26    .72   .075   .609   .216   1.76   .199   .002   2
  16 PP104D   -1024 -755    270      8      1    .466    .27    .52   .103   .542   .335   1.82   .294   .080   0
  17 PP368b   -977 -478    500     17      0    .552    .46   1.35   .247   .802   .331   1.92   .295  -.002   3
  18 PP127C   -695  -44    652     24      5    .455    .36    .91   .133   .662   .249   1.80   .227   .045   0
  19 PP376a   -654  -55    600     22      5    .473    .35    .68   .103   .583   .228   1.66   .208  -.002   1
  20 PP115X   -652  -92    561     21      0    .581    .45   1.28   .222   .826   .232   1.89   .225   .006   2
  21 PP359a   -620 -168    453     16      0    .611    .24    .54   .081   .594   .264   1.78   .232   .050   0
  22 PP360x   -618  338    957     36      0    .599    .32    .77   .116   .725   .222   1.54   .195   .003   3
  23 PP362x   -440  -17    424     15      2    .531    .38   1.08   .188   .740   .331   2.15   .298  -.006   2
  24 PP355x   -434 -105    330     11      1    .536    .65   1.23   .170   .340   .244   1.99   .215   .051   0
  25 PP362a   -429   78    508     19      0    .625    .35    .93   .148   .852   .193   1.69   .184   .009   3
  26 PP362b   -403  130    534     20      0    .641    .32    .82   .128   .837   .186   1.58   .180   .017   3
  27 PP365b   -343 1028   1179                          .30    .74   .117   .730   .255                         
  28 PP359d   -318  150    469     17      0    .611    .23    .52   .066   .570   .207   1.57   .201  -.003   1
  29 PP121A   -279  473    753     28      0    .567    .46   1.36   .204   .762   .277   1.79   .252  -.002   1
  30 PP114A   -226  284    511     19      0    .559    .34    .92   .144   .708   .259   2.44   .252   .008   1
  31 PP375a   -100  526    627     23      0    .628    .37   1.11   .135   .684   .248   1.89   .239  -.002   1
  32 PP347c    -88   70    159      4      0    .525    .59   1.60   .280   .772   .256   1.74   .260  -.015   1
  33 PP117B    -41  555    597     22      0    .587    .40    .85   .128   .654   .223   1.59   .203   .009   2
  34 PP102A   -442  254    695                          .24    .67   .094   .473   .365                         
  35 PP376b    -29  584    614     23      0    .562    .41    .84   .134   .709   .207   1.71   .197   .004   1
  36 PP113B     -3  236    240      8      0    .604    .27    .50   .074   .450   .246   1.71   .206   .015   2
  37 PP113D     -3  146    150      4      0    .710    .41    .71   .099   .277   .236   1.94   .214   .022   0
  38 PP114B      4  177    174      5      0    .621    .29    .70   .108   .714   .227   1.63   .234   .012   1
  39 PP373a     15 1113   1099     42      0    .535    .25    .55   .083   .542   .280   1.96   .253  -.003   2
  40 PP358x     67  324    258      9      0    .523    .40    .97   .154   .731   .237   1.61   .223   .008   3
  41 PP113A     95  391    297     10      0    .624    .24    .73   .081   .509   .273   2.43   .259  -.001   1
  42 PP112A    100  345    246      7      0    .578    .57   1.77   .222   .700   .242   2.10   .240  -.005   1
  43 PP359x    107 1420   1314     50      3    .514    .33    .96   .134   .760   .219   1.99   .212   .002   2
  44 PP127B    123  702    580     21      3    .445    .34    .65   .097   .388   .265   1.68   .229  -.001   3
  45 PP352a    129 1132   1004     38      0    .696    .37   1.13   .149   .743   .227   1.93   .211   .001   1
  46 PP113C    152  454    303     10      0    .536    .60   1.57   .232   .762   .206   1.65   .199  -.002   1
  47 PP125X    185  572    388     13      0    .594    .64   1.72   .260   .584   .328   1.87   .296   .008   2
  48 PP001A    195  656    462     17      0    .616    .22    .53   .079   .582   .276   1.81   .244   .062   0
  49 PP390a    200  445    246      7      0    .469    .46    .94   .145   .678   .204   1.71   .190   .009   3
  50 PP383a    209  547    339     11      0    .526    .34    .71   .128   .534   .283   1.92   .272  -.003   2
  51 PP384b    219  541    323     11      2    .472    .33   1.04   .156   .728   .288   2.38   .273  -.010   3
  52 PP140X    225  453    229      7      0    .595    .55   1.65   .327   .875   .222   1.57   .205  -.007   2
  53 PP378b    226  623    398     13      0    .535    .54   1.06   .159   .658   .198   1.59   .191   .005   2
  54 PP110A    242  900    659     25      0    .586    .31   1.35   .189   .834   .302   1.85   .275   .014   3
  55 PP110B    242  900    659     25      2    .670    .34   1.51   .184   .783   .268   2.04   .249  -.004   1
  56 PP375b    248  516    269      9      0    .608    .28    .55   .086   .543   .257   1.51   .220  -.056   0
  57 PP375c    248  390    143      4      0    .589    .44    .95   .177   .828   .211   1.48   .200   .023   2
  58 PP349a    256 1077    822     31      0    .586    .38   1.37   .196   .803   .268   1.82   .236   .023   0
  59 PRL332    320  539    220      7      0    .677    .40    .67   .100   .585   .188   1.52   .178   .008   1
  60 PP374a    400 1029    630     24      0    .669    .32    .69   .098   .595   .233   1.61   .200  -.033   0
  61 PP378a    400 1253    854     32      4    .490    .21    .45   .074   .601   .271   1.93   .253   .007   3
  62 PP103B    412 1340    929     35      0    .667    .45   1.23   .178   .668   .292   1.76   .253   .005   1
  63 PP119X    440 1101    662     25      0    .604    .39   1.08   .147   .729   .226   1.67   .231   .011   1
  64 PP124X    459  674    216      7      0    .526    .54   1.30   .245   .849   .186   1.60   .191  -.008   1
  65 PP350b    474 1200    727     27      0    .605    .37   1.45   .207   .823   .267   2.10   .246  -.005   2
  66 PP108A    480 1347    868     32      1    .568    .32    .73   .112   .592   .280   1.73   .254  -.007   1
  67 PP107A    496 1407    912     35      2    .556    .36   1.12   .162   .726   .289   2.54   .273   .004   3
  68 PP117A    508 1190    683     25      0    .669    .32    .97   .135   .771   .229   1.82   .211  -.004   1
  69 PP346a    544  749    206      7      0    .577    .42   1.04   .195   .703   .298   1.66   .259   .100   0
  70 PP109A    622 1077    456     17      0    .548    .28    .52   .092   .623   .256   1.87   .231   .002   3
  71 PP101A    451  838    330                          .28    .77   .112   .422   .363                         
  72 PP350a    641 1030    390     14      0    .637    .26    .60   .112   .710   .298   1.69   .275  -.019   1
  73 PP345a    648  765    118      3      0    .676    .83   1.55   .333   .701   .262   1.70   .257   .019   1
  74 PP344b    650  883    234      8      0    .635    .39   1.40   .176   .547   .305   2.40   .282   .037   0
  75 PP345b    655 1074    420     15      0    .577    .56   1.39   .211   .741   .220   1.74   .216  -.001   2
  76 PP357x    687 1044    358     12      0    .523    .32    .74   .128   .637   .303   1.66   .272  -.001   1
  77 PRL041    700 1985   1286     49      0    .639    .28    .67   .099   .515   .304   1.89   .267  -.000   2
  78 PRL052    700 1630    931     35      0    .610    .18    .43   .066   .476   .322   1.74   .274  -.002   3
  79 PRL063    700 1985   1286     49      0    .597    .21    .62   .096   .788   .259   1.73   .230  -.002   2
  80 PRL131    700 1299    600     22      0    .660    .21    .46   .074   .535   .294   1.67   .251   .003   2
  81 PRL202    700  770     71      0      0    .641    .12    .22   .044   .402   .399   1.82   .324  -.024   2
  82 PRL231    700 1727   1028     40      1    .662    .29    .63   .110   .321   .405   2.08   .321  -.031   0
  83 PRL271    700 1929   1230     47      0    .670    .25    .71   .103   .639   .303   1.87   .281   .001   2
  84 PRL291    700 1985   1286     49      1    .669    .28    .60   .090   .544   .252   1.78   .220  -.004   3
  85 PRL331    700 1985   1286     49      0    .629    .25    .80   .108   .723   .283   2.00   .252  -.000   2
  86 PP118B    700 1118    419     14      0    .485    .45   1.00   .155   .798   .165   1.61   .172   .020   1
  87 PP358a    714 1014    301     10      0    .612    .31    .65   .107   .549   .290   1.78   .254   .074   0
  88 PRL051    721 1736   1016     39      0    .717    .24    .63   .092   .743   .247   1.99   .227   .002   1
  89 PP354x    722  932    211      7      0    .597    .87   1.47   .214   .612   .180   1.40   .177   .014   1
  90 PRL071    746 1985   1240     48      0    .671    .28    .89   .152   .658   .482   2.13   .364  -.003   0
  91 PRL251    750 1374    625     23      0    .638    .27    .59   .095   .307   .358   1.83   .285  -.003   3
  92 PP373b    763  952    190      6      0    .617    .34    .69   .096   .549   .223   1.60   .210   .013   1
  93 PP126X    775 1219    445     15      0    .562    .90   2.04   .304   .691   .220   1.74   .224   .005   1
  94 PRL042    796 1572    777     29      0    .677    .21    .50   .088   .574   .362   1.95   .300   .037   0
  95 PP353x    815 1077    263      9      0    .569    .34    .76   .146   .754   .263   1.93   .248   .005   1
  96 PP345c    817 1001    185      6      0    .708    .46    .99   .155   .481   .294   1.75   .263   .025   1
  97 PRL241    822 1750    929     36      0    .668    .30    .67   .106   .641   .256   1.77   .230   .005   1
  98 PRL031    825 1869   1045     39      0    .628    .23    .73   .099   .639   .318   2.67   .300  -.004   1
  99 PRL311    826 1985   1160     44      1    .672    .41    .99   .133   .582   .248   1.96   .231  -.001   2
 100 PP105B    835 1391    534                          .49   1.06   .158   .405   .301                         
 101 PRL151    868 1985   1118     43      1    .548    .26    .65   .118   .774   .287   2.24   .268  -.000   2
 102 PRL203    870 1985   1116     43      0    .664    .26    .88   .095   .704   .253   1.79   .232   .004   1
 103 PRL091    899 1985   1087     42      0    .611    .37    .93   .139   .736   .235   1.70   .217   .004   1
 104 PRL363    900 1985   1086     41      0    .666    .25    .70   .098   .455   .344   1.91   .289   .000   2
 105 PP136C    900 1299    400     14      1    .445    .26    .64   .102   .799   .212   1.81   .212  -.013   1
 106 PP389a    906 1368    463     16      0    .543    .72   2.31   .338   .842   .174   1.56   .164   .005   2
 107 PP346b    938 1379    442     16      1    .580    .34    .72   .118   .598   .281   1.83   .250  -.002   2
 108 PRL211    950 1722    773     29      0    .641    .26    .66   .112   .563   .394   1.83   .313   .028   0
 109 PP348a    959 1190    232      7      0    .585    .59   1.57   .337   .786   .309   1.77   .269   .038   0
 110 PRL192    973 1700    728     28      0    .645    .44    .95   .182   .406   .433   1.85   .344  -.002   2
 111 PP351A    984 1102    119      3      0    .731    .55    .89   .154   .329   .268   1.58   .244   .123   0
 112 PP111B   1002 1301    300     10      0    .660    .65   1.26   .234   .728   .218   1.70   .206   .018   2
 113 PP134A   1024 2002    979     38      1    .584    .37    .99   .143   .775   .227   1.74   .205  -.001   1
 114 PRL121   1052 1985    934     35      0    .642    .41    .85   .109   .608   .192   1.60   .185  -.005   1
 115 PRL223   1058 1831    774     29      0    .692    .31    .75   .105   .384   .345   1.84   .285   .011   0
 116 PRL081   1065 1985    921     35      0    .617    .45   1.34   .200   .660   .319   2.13   .289   .004   1
 117 PRL322   1075 1799    725     27      0    .612    .41    .89   .130   .743   .187   1.76   .184  -.003   1
 118 PRL011   1091 1985    895     34      0    .710    .35    .88   .142   .792   .215   1.75   .213  -.001   1
 119 PP389b   1116 1399    284     10      0    .586    .37    .95   .139   .785   .202   1.47   .186   .004   1
 120 PRL173   1121 1985    865     33      0    .663    .52   1.82   .227   .704   .284   1.82   .250   .023   0
 121 PP130B   1182 2002    821     31      1    .535    .34    .76   .114   .751   .190   1.57   .179  -.003   2
 122 PRL181   1210 1985    776     29      0    .634    .36    .83   .128   .487   .300   2.08   .265   .003   1
 123 PP105A   1245 1405    161      5      0    .532    .55    .88   .139   .395   .230   1.54   .208   .052   0
 124 PRL161   1260 1985    726     27      0    .601    .42   1.29   .208   .779   .282   1.95   .275   .006   2
 125 PP131C   1265 2002    738     28      0    .531    .49   1.00   .159   .784   .171   1.49   .166   .001   2
 126 PRL074   1284 1985    702     26      0    .660    .32   1.03   .153   .529   .462   2.72   .380  -.001   1
 127 PRL141   1287 1985    699     26      0    .599    .57   1.54   .253   .725   .282   1.88   .263  -.009   3
 128 PRL301   1288 1985    698     26      0    .736    .55   1.34   .162   .522   .235   1.63   .210  -.003   2
 129 PRL281   1329 1985    657     24      0    .587    .64   1.03   .131   .589   .154   1.38   .147   .007   1
 130 PRL111   1341 1985    645     24      0    .654    .65   1.52   .228   .720   .226   1.90   .214  -.001   1
 131 PRL371   1356 1985    630     23      0    .648    .37    .89   .175   .767   .301   1.70   .257   .030   0
 132 PRL021   1369 1985    617     23      0    .708    .32    .68   .100   .657   .225   1.63   .215  -.004   1
 133 PRL132   1390 1985    596     22      0    .705    .41   1.08   .163   .781   .215   1.80   .196   .004   2
 134 PRL351   1474 1985    512     19      0    .637    .33    .80   .155   .493   .475   1.96   .367  -.005   0
 135 PP116B   1547 2002    456     17      0    .667    .44   1.42   .270   .818   .325   1.66   .269  -.018   0
 136 PP116A   1557 2002    446     16      0    .718    .49   1.31   .199   .738   .259   1.60   .227  -.002   2
 137 PP127A   1650 2002    353     12      0    .665    .28    .74   .129   .677   .328   1.71   .280   .000   2
 138 PP127D   1650 2002    353     12      0    .652    .32    .72   .137   .682   .309   1.66   .269   .002   2
 139 PP132B   1746 2002    257      9      0    .541    .43    .80   .114   .464   .213   1.54   .200  -.007   2
 140 PP135B   1747 2002    256      9      1    .451    .56   1.05   .156   .645   .195   1.67   .188  -.009   1
 141 PP133a   1826 2002    177      5      0    .649    .46    .84   .155   .678   .226   1.48   .206  -.008   1
 142 PP106B   1850 2002    153      4      0    .506    .66   2.10   .357   .800   .233   1.89   .234  -.010   1
 143 PP106A   1875 2002    128      3      0    .479   1.01   2.61   .397   .679   .231   1.63   .216  -.007   3
 144 PP129A   1900 2002    103      2      0    .357    .28    .51   .093   .595   .222   1.65   .212   .013   2
 145 PP134B   1946 2002     57      1      0    .248    .28    .46   .064   .252   .204   1.55   .206   .108   0
 146 PP130A   1949 2002     54      1      0    .434    .28    .45   .087   .693   .186   1.29   .155  -.192   0
 147 PP131B   1977 2002     26      0      0    .597    .28    .42   .067   .703   .149   1.21   .142   .229   0
 --- -------- ---------  -----  -----  -----   ------ -----  -----  -----  -----  -----  -----  -----  -----  --
 Total or mean:          83979   2939     56    .605    .36   2.61   .141   .653   .268   2.72   .240   .004

 DATA CHECKS (rwl.check): nv521
-----------------------------------------------------------------------------------------------------------------------------------
 rwl.check: data_files/treering/measurements/northamerica/usa/nv521.rwl
 147 series, 83979 measurements, -2649-2002, 0.01 mm precision
 0 error(s), 5 warning(s), 59 note(s)
 -------------
 WARNING
   RWL_INTERNAL_NA (4)
     PP101A: no measurement for 573-630, inside the measured span of the series. The file records nothing for those years, which is not a fault, but detrend(), chron(), strip.rwl(), rwi.stats() and sss() fail on interior gaps and this series cannot be crossdated. Use fill.internal.NA() to close them deliberately
     PP102A: no measurement for -41--40, inside the measured span of the series. The file records nothing for those years, which is not a fault, but detrend(), chron(), strip.rwl(), rwi.stats() and sss() fail on interior gaps and this series cannot be crossdated. Use fill.internal.NA() to close them deliberately
     PP105B: no measurement for 1181-1203, inside the measured span of the series. The file records nothing for those years, which is not a fault, but detrend(), chron(), strip.rwl(), rwi.stats() and sss() fail on interior gaps and this series cannot be crossdated. Use fill.internal.NA() to close them deliberately
     PP365b: no measurement for 12-204, inside the measured span of the series. The file records nothing for those years, which is not a fault, but detrend(), chron(), strip.rwl(), rwi.stats() and sss() fail on interior gaps and this series cannot be crossdated. Use fill.internal.NA() to close them deliberately
   RWL_SERIES_OUTLIER (1)
     PP134B: correlates with the rest of the collection at r = 0.227 where the collection median is 0.588 (4.3 MAD below it); it does not fit the collection it is in
 59 note(s) not shown; see rwl.check() or the 'check' element of this report.

 NOTES
-----------------------------------------------------------------------------------------------------------------------------------
 Report generated using dplR 1.8.1 (R 4.5.2) on 2026-10-01 16:54 PDT.
 Measurement file nv521.rwl, MD5 8063c5d9096f8fd61b78e13d7b6ccfa5.
 Filtering: each series divided by a 32-year smoothing spline (caps()), then prewhitened with
   an AR model (order by AIC, at most 3).
 Master: biweight robust mean of the other series (leave-one-out).
 Correlation: Pearson, one-tailed, pcrit = 0.01; critical r = 0.3281 for 50-year segments.
 Segments: 50 years, lagged 25, first segment floored to 100. Lags searched: +/- 10 years.
 A segment is tested only where the series and the master cover all of it, at the dated
   position and at every lag. COFECHA also tests partial segments at the ends of a series, so
   series here may show fewer segments, and no flags can be raised at the ends of the record.
 Lags follow COFECHA: negative means rings are probably missing from the series, positive means
   false rings. A missing ring carries its lag into every segment before it, so look where the
   lag changes along a series. A B flag is a hypothesis to check on the wood; the gain says how
   seriously to take it.
 A B flag marked "weak at every lag" correlates under the critical value even at its best lag:
   the segment is weak wherever it is placed, and the shift is not evidence of a dating error.
   Treat it as a low correlation, like an A.
 Averages in the summary and the totals are weighted by the number of years in each series, as
   COFECHA's are.
 Unfiltered block and mean sensitivity: the measurements as read, and sens1().
 dplR filtered block: the series that was correlated, after filtering. COFECHA's filtered
   series is defined differently, so these three columns are not COFECHA's numbers.
 AR: order of the AR model used to prewhiten.
 Left out of the crossdating: series PP365b has internal NA values, and the 'nyrs' spline needs
   an unbroken series. Fill them with fill.internal.NA(), remove the series, or use 'n' instead
   of 'nyrs'
 Left out of the crossdating: series PP102A has internal NA values, and the 'nyrs' spline needs
   an unbroken series. Fill them with fill.internal.NA(), remove the series, or use 'n' instead
   of 'nyrs'
 Left out of the crossdating: series PP101A has internal NA values, and the 'nyrs' spline needs
   an unbroken series. Fill them with fill.internal.NA(), remove the series, or use 'n' instead
   of 'nyrs'
 Left out of the crossdating: series PP105B has internal NA values, and the 'nyrs' spline needs
   an unbroken series. Fill them with fill.internal.NA(), remove the series, or use 'n' instead
   of 'nyrs'
