
 COFECHA-style crossdating report: ok007
 Report generated using dplR 1.8.1 (R 4.5.2) on 2026-10-01 16:55 PDT
 Built with dplR's xdate.report(), not COFECHA; see the notes at the end.


      Measurement file name  : ok007.rwl
      MD5 of measurement file: 590c59376d273d167f6d24601c40789f
      Date checked           : 01OCT26
      Beginning year         : 1611
      Ending year            : 1995
      Principal investigators: Stahle, D.W.
      Site name              : Keystone Lake
      Species information    : QUST Quercus stellata Wangenh.
      Latitude               : 36.2000 N
      Longitude              : 96.2200 W
      Elevation              : 275 m

      Series intercorrelation: 0.626
      Avg mean sensitivity   : 0.210
      Avg standard deviation : 0.278
      Avg autocorrelation    : 0.654
      Number dated series    : 86
      Segment length tested  : 50

      Number problem segments: 6  (A 3, B 3; 1 of the B weak at every lag)
      Pct problem segments   : 1.46


 CORRELATION OF SERIES BY SEGMENTS: ok007
-----------------------------------------------------------------------------------------------------------------------------------
 Correlations of  50-year dated segments, lagged  25 years
 Flags:  A = correlation under   .3281 but highest as dated;  B = correlation higher at other than dated position

 Seq Series  Time_span  1700 1725 1750 1775 1800 1825 1850 1875 1900 1925 
                        1749 1774 1799 1824 1849 1874 1899 1924 1949 1974 
 --- -------- ---------  ---- ---- ---- ---- ---- ---- ---- ---- ---- ---- 
   1 KEY01A   1762 1982                 .70  .69  .70  .61  .63  .70  .61 
   2 KEY01B   1777 1908                      .70  .53  .35                
   3 KEY02B   1767 1982                 .74  .76  .67  .60  .48  .49  .58 
   4 KEY02C   1765 1982                 .60  .71  .66  .30B .44  .57  .41 
   5 KEY04A   1783 1982                      .63  .64  .67  .68  .68  .58 
   6 KEY04B   1802 1982                           .60  .62  .65  .68  .75 
   7 KEY06A   1827 1982                                .67  .67  .67  .64 
   8 KEY06B   1818 1982                           .55  .74  .57  .60  .67 
   9 KEY07A   1772 1982                 .62  .73  .81  .58  .51  .57  .42 
  10 KEY07C   1747 1982            .62  .54  .68  .74  .68  .64  .61  .40 
  11 KEY08B   1746 1982            .56  .61  .80  .72  .63  .64  .66  .57 
  12 KEY08C   1838 1982                                .68  .59  .55  .37 
  13 KEY09A   1764 1982                 .55  .65  .71  .57  .71  .77  .56 
  14 KEY09B   1766 1982                 .59  .62  .69  .72  .74  .76  .69 
  15 KEY10A   1813 1982                           .61  .65  .66  .67  .66 
  16 KEY11A   1801 1982                           .67  .58  .68  .72  .66 
  17 KEY12A   1768 1982                 .64  .75  .72  .73  .82  .71  .57 
  18 KEY12B   1750 1982                 .74  .77  .70  .74  .82  .74  .44 
  19 KEY13A   1611 1982  .59  .57  .49  .50  .78  .75  .47  .63  .61  .55 
  20 KEY13C   1625 1982  .62  .63  .54  .62  .79  .74  .63  .60  .62  .52 
  21 KEY13D   1644 1982  .57  .66  .63  .63  .82  .84  .70  .78  .60  .29B
  22 KEY13B   1724 1982       .51  .61  .67  .78  .73  .52  .68  .63  .44 
  23 KEY15A   1788 1982                      .64  .70  .69  .69  .75  .72 
  24 KEY16A   1746 1982            .68  .68  .78  .79  .74  .64  .61  .48 
  25 KEY16C   1768 1982                 .64  .68  .70  .64  .66  .53  .60 
  26 KEY17A   1782 1982                      .69  .70  .74  .68  .73  .59 
  27 KEY19A   1820 1982                           .75  .67  .74  .74  .76 
  28 KEY20A   1800 1982                           .86  .75  .60  .63  .67 
  29 KEY22A   1776 1982                      .57  .77  .74  .73  .76  .55 
  30 KEY23A   1797 1982                      .65  .62  .65  .72  .70  .65 
  31 KEY23B   1750 1982                 .64  .57  .62  .70  .68  .68  .66 
  32 KEY24A   1814 1982                           .60  .53  .69  .70  .66 
  33 KEY24B   1764 1982                 .58  .50  .45  .43  .59  .70  .63 
  34 KEY25A   1768 1982                 .45  .43  .48  .49  .57  .65  .40 
  35 KEY25B   1800 1982                           .28B .46  .58  .53  .38 
  36 KEY26A   1796 1982                      .73  .77  .65  .58  .78  .71 
  37 KEY27A   1767 1982                 .52  .47  .56  .59  .54  .69  .63 
  38 KEY29A   1750 1982                 .34  .56  .69  .74  .76  .79  .78 
  39 KEY29B   1790 1982                      .73  .82  .73  .75  .81  .63 
  40 KEY30A   1763 1982                 .48  .64  .76  .63  .69  .71  .56 
  41 KEY31A   1780 1982                      .58  .63  .61  .38  .44  .56 
  42 KEY32A   1735 1982            .47  .15A .54  .71  .54  .54  .52  .32A
  43 KEY34A   1650 1982  .45  .40  .52  .62  .75  .72  .70  .78  .77  .72 
  44 KEY34B   1637 1982  .62  .59  .68  .60  .68  .68  .51  .52  .59  .65 
  45 KEY35A   1771 1982                 .42  .63  .69  .50  .74  .81  .61 
  46 KEY35B   1748 1982            .47  .29A .72  .72  .43  .57  .69  .57 
  47 KEY36A   1746 1982            .66  .62  .61  .51  .51  .61  .71  .71 
  48 KEY36B   1760 1982                 .53  .64  .70  .64  .73  .78  .62 
  49 KEY81A   1763 1995                 .77  .74  .69  .64  .69  .68  .56 
  50 KEY81B   1760 1970                 .66  .68  .71  .65  .45  .58      
  51 KEY81C   1760 1995                 .71  .76  .76  .61  .51  .54  .50 
  54 KEY83A   1845 1995                                .68  .79  .80  .84 
  55 KEY83B   1838 1995                                .68  .82  .68  .55 
  62 KEY87A   1772 1995                 .65  .67  .65  .67  .80  .81  .72 
  63 KEY87B   1775 1995                      .67  .75  .70  .72  .65  .66 
  64 KEY88A   1778 1995                      .51  .36  .45  .69  .65  .54 
  65 KEY88B   1800 1995                           .73  .62  .61  .63  .68 
  66 KEY89A   1902 1995                                               .65 
  67 KEY89B   1916 1995                                               .66 
  68 KEY90A   1830 1995                                .59  .74  .75  .63 
  69 KEY90B   1820 1995                           .56  .58  .75  .70  .56 
  72 KEY92A   1870 1995                                     .59  .63  .66 
  73 KEY92B   1820 1995                           .42  .46  .65  .64  .51 
  74 KEY93A   1860 1995                                     .52  .53  .68 
  75 KEY93B   1850 1995                                     .42  .44  .70 
  80 KEY96A   1848 1995                                .54  .62  .74  .68 
  82 KEY97B   1860 1995                                     .66  .68  .56 
  83 KEY98A   1905 1995                                               .71 
  84 KEY98B   1910 1995                                               .70 
  85 KEY99A   1921 1995                                               .65 
 Av segment correlation  .57  .56  .58  .58  .67  .67  .61  .65  .67  .60 

 FLAGGED SEGMENTS: ok007
-----------------------------------------------------------------------------------------------------------------------------------
 Seq Series   Segment    Flag  r dated  Best lag  r at lag   Gain  Note
 --- -------- ---------  ----  -------  --------  --------  -----  -----------------
   4 KEY02C   1850 1899     B     .303         8      .315   .011  weak at every lag
  21 KEY13D   1925 1974     B     .287        -8      .361   .074
  35 KEY25B   1825 1874     B     .276        -8      .332   .055
  42 KEY32A   1775 1824     A     .149         0
  42 KEY32A   1925 1974     A     .316         0
  46 KEY35B   1775 1824     A     .291         0

 DESCRIPTIVE STATISTICS: ok007
-----------------------------------------------------------------------------------------------------------------------------------

                                                Corr   //-------- Unfiltered --------\\  //-- dplR filtered --\\
                           No.    No.    No.    with   Mean   Max     Std   Auto   Mean   Max     Std   Auto  AR
 Seq Series   Interval   Years  Segmt  Flags   Master  msmt   msmt    dev   corr   sens  value    dev   corr  ()
 --- -------- ---------  -----  -----  -----   ------ -----  -----  -----  -----  -----  -----  -----  -----  --
   1 KEY01A   1762 1982    221      7      0    .629    .56   1.48   .204   .613   .235   1.85   .240   .028   3
   2 KEY01B   1777 1908    132      3      0    .600    .77   1.86   .326   .589   .263   2.33   .291   .042   1
   3 KEY02B   1767 1982    216      7      0    .626    .68   1.89   .276   .799   .169   1.71   .168  -.011   2
   4 KEY02C   1765 1982    218      7      1    .553    .67   1.57   .280   .832   .164   1.47   .156  -.002   3
   5 KEY04A   1783 1982    200      6      0    .595    .53   1.38   .188   .623   .235   2.12   .247  -.012   1
   6 KEY04B   1802 1982    181      5      0    .621    .47   1.40   .173   .568   .248   1.53   .233   .027   2
   7 KEY06A   1827 1982    156      4      0    .654    .75   2.36   .300   .657   .206   2.39   .231  -.029   3
   8 KEY06B   1818 1982    165      5      0    .601    .79   2.24   .331   .678   .215   1.77   .223   .017   3
   9 KEY07A   1772 1982    211      7      0    .628    .53   1.33   .184   .676   .201   1.70   .203   .006   3
  10 KEY07C   1747 1982    236      8      0    .626    .58   1.52   .205   .739   .180   1.88   .181  -.013   1
  11 KEY08B   1746 1982    237      8      0    .661    .86   1.68   .211   .548   .189   1.55   .177  -.004   3
  12 KEY08C   1838 1982    145      4      0    .566    .81   1.31   .172   .676   .145   1.38   .137   .002   1
  13 KEY09A   1764 1982    219      7      0    .661    .81   2.05   .305   .749   .191   1.81   .207  -.029   1
  14 KEY09B   1766 1982    217      7      0    .686    .87   2.77   .366   .759   .201   1.77   .209   .015   1
  15 KEY10A   1813 1982    170      5      0    .633    .78   1.82   .307   .757   .209   1.74   .204   .063   1
  16 KEY11A   1801 1982    182      5      0    .679    .73   1.62   .207   .576   .181   1.79   .190  -.031   3
  17 KEY12A   1768 1982    215      7      0    .691    .99   2.65   .366   .693   .192   1.71   .189   .009   3
  18 KEY12B   1750 1982    233      7      0    .686    .88   2.40   .365   .734   .196   1.71   .200  -.004   2
  19 KEY13A   1611 1982    372     10      0    .591    .48   1.33   .137   .664   .161   2.00   .169  -.003   1
  20 KEY13C   1625 1982    358     10      0    .626    .51   1.09   .123   .601   .164   1.71   .158   .008   1
  21 KEY13D   1644 1982    339     10      1    .648    .43   1.20   .120   .702   .158   1.82   .154   .005   1
  22 KEY13B   1724 1982    259      9      0    .602    .52   1.57   .147   .631   .171   2.03   .163   .030   0
  23 KEY15A   1788 1982    195      6      0    .689    .74   1.56   .240   .498   .242   1.86   .254   .074   2
  24 KEY16A   1746 1982    237      8      0    .648    .59   1.12   .143   .552   .176   1.71   .182  -.032   1
  25 KEY16C   1768 1982    215      7      0    .643    .79   1.67   .204   .650   .165   1.64   .163  -.006   3
  26 KEY17A   1782 1982    201      6      0    .676    .57   1.64   .265   .740   .232   1.74   .239  -.026   1
  27 KEY19A   1820 1982    163      5      0    .750    .84   1.93   .294   .684   .202   1.82   .200   .011   2
  28 KEY20A   1800 1982    183      5      0    .732    .88   1.80   .265   .734   .163   1.62   .177  -.018   1
  29 KEY22A   1776 1982    207      6      0    .604    .80   2.18   .331   .706   .225   1.91   .223  -.010   3
  30 KEY23A   1797 1982    186      6      0    .665   1.09   2.16   .363   .641   .208   1.68   .201   .004   3
  31 KEY23B   1750 1982    233      7      0    .578    .85   1.74   .342   .749   .233   2.10   .247   .037   2
  32 KEY24A   1814 1982    169      5      0    .606   1.09   3.24   .447   .581   .239   2.29   .274   .010   1
  33 KEY24B   1764 1982    219      7      0    .546    .85   2.19   .389   .715   .255   1.94   .261  -.024   3
  34 KEY25A   1768 1982    215      7      0    .469   1.01   2.63   .392   .752   .191   1.62   .195   .013   1
  35 KEY25B   1800 1982    183      5      1    .455   1.09   2.27   .345   .686   .182   1.55   .174   .008   1
  36 KEY26A   1796 1982    187      6      0    .687    .76   1.77   .196   .418   .212   1.74   .199   .001   1
  37 KEY27A   1767 1982    216      7      0    .521    .70   2.20   .348   .796   .224   1.58   .193  -.001   0
  38 KEY29A   1750 1982    233      7      0    .594    .74   2.54   .357   .702   .259   2.10   .252  -.033   3
  39 KEY29B   1790 1982    193      6      0    .690    .73   1.89   .280   .689   .218   1.78   .217  -.015   3
  40 KEY30A   1763 1982    220      7      0    .611    .69   1.42   .214   .670   .201   1.72   .190   .015   3
  41 KEY31A   1780 1982    203      6      0    .583    .55   1.31   .194   .798   .165   1.54   .169   .011   1
  42 KEY32A   1735 1982    248      8      2    .508    .54   1.42   .183   .822   .131   1.45   .134   .035   1
  43 KEY34A   1650 1982    333     10      0    .622    .59   1.63   .161   .515   .196   1.80   .201  -.022   3
  44 KEY34B   1637 1982    346     10      0    .585    .57   1.31   .152   .424   .198   1.76   .201   .000   3
  45 KEY35A   1771 1982    212      7      0    .615    .72   2.33   .265   .753   .154   1.76   .159   .013   3
  46 KEY35B   1748 1982    235      8      1    .539    .80   1.77   .246   .779   .137   1.68   .144   .002   2
  47 KEY36A   1746 1982    237      8      0    .619    .73   1.98   .269   .749   .182   1.51   .183   .009   1
  48 KEY36B   1760 1982    223      7      0    .668    .63   1.63   .195   .615   .186   1.62   .183   .006   1
  49 KEY81A   1763 1995    233      7      0    .667    .68   1.89   .248   .551   .217   1.98   .236   .012   3
  50 KEY81B   1760 1970    211      6      0    .615    .64   1.72   .239   .639   .213   2.22   .264  -.026   1
  51 KEY81C   1760 1995    236      7      0    .635    .67   2.61   .319   .685   .223   2.24   .250  -.021   1
  52 KEY82A   1930 1995     66      0      0    .580   1.24   2.77   .472   .669   .224   1.54   .240   .072   1
  53 KEY82B   1933 1995     63      0      0    .692   1.26   2.82   .570   .738   .228   1.64   .246  -.008   1
  54 KEY83A   1845 1995    151      4      0    .736    .79   1.83   .327   .556   .276   1.68   .265  -.035   3
  55 KEY83B   1838 1995    158      4      0    .677    .87   2.33   .356   .554   .273   1.86   .267   .009   1
  56 KEY84A   1951 1995     45      0      0    .625   1.99   4.93   .956   .549   .407   2.21   .383   .132   1
  57 KEY84B   1950 1995     46      0      0    .690   1.94   4.36   .831   .479   .440   2.09   .363   .044   1
  58 KEY85A   1952 1995     44      0      0    .554   1.65   3.48   .587   .564   .287   1.68   .264   .042   1
  59 KEY85B   1937 1995     59      0      0    .369   1.40   6.06   .817   .391   .309   3.82   .482   .058   1
  60 KEY86A   1943 1995     53      0      0    .733   1.37   2.73   .449   .595   .245   1.54   .239  -.068   3
  61 KEY86B   1942 1995     54      0      0    .669   1.16   2.64   .456   .710   .231   1.54   .225  -.111   3
  62 KEY87A   1772 1995    224      7      0    .705    .51   1.14   .184   .598   .247   1.80   .256  -.001   1
  63 KEY87B   1775 1995    221      6      0    .699    .51   1.05   .177   .629   .244   1.78   .245  -.022   3
  64 KEY88A   1778 1995    218      6      0    .521    .46   1.11   .172   .677   .235   2.01   .237  -.019   3
  65 KEY88B   1800 1995    196      5      0    .669    .50   2.10   .214   .579   .271   2.42   .278  -.002   1
  66 KEY89A   1902 1995     94      1      0    .648   1.39   5.01   .829   .680   .235   1.91   .226  -.108   3
  67 KEY89B   1916 1995     80      1      0    .613   1.36   4.13   .674   .734   .209   1.59   .220   .024   1
  68 KEY90A   1830 1995    166      4      0    .665    .91   2.76   .361   .613   .210   1.67   .200   .050   3
  69 KEY90B   1820 1995    176      5      0    .606    .92   2.63   .405   .644   .223   1.89   .224   .024   3
  70 KEY91A   1936 1995     60      0      0    .734   1.71   3.78   .633   .455   .311   1.81   .316  -.031   2
  71 KEY91B   1934 1995     62      0      0    .737   1.84   4.58   .737   .583   .300   1.81   .289  -.013   3
  72 KEY92A   1870 1995    126      3      0    .619    .53   1.41   .211   .617   .251   1.72   .268  -.021   3
  73 KEY92B   1820 1995    176      5      0    .518    .48   1.27   .220   .602   .271   2.04   .306   .035   1
  74 KEY93A   1860 1995    136      3      0    .517    .55   1.51   .266   .642   .299   2.08   .322  -.015   3
  75 KEY93B   1850 1995    146      3      0    .524    .64   2.08   .331   .621   .283   2.22   .354  -.003   3
  76 KEY94A   1929 1995     67      0      0    .715   1.41   3.06   .644   .504   .360   1.85   .358   .004   2
  77 KEY94B   1930 1995     66      0      0    .687   1.34   3.36   .688   .569   .435   1.85   .401   .032   2
  78 KEY95A   1927 1995     69      0      0    .721   1.11   2.87   .441   .678   .266   1.56   .255   .082   1
  79 KEY95B   1934 1995     62      0      0    .818   1.31   2.97   .498   .672   .255   1.67   .265   .064   1
  80 KEY96A   1848 1995    148      4      0    .649   1.09   2.75   .419   .755   .197   2.07   .225  -.010   2
  81 KEY96B   1930 1995     66      0      0    .731   1.22   2.68   .369   .653   .189   1.54   .210  -.014   3
  82 KEY97B   1860 1995    136      3      0    .634    .68   1.40   .192   .637   .171   1.73   .180   .013   3
  83 KEY98A   1905 1995     91      1      0    .711    .70   1.69   .237   .564   .217   2.20   .246  -.031   3
  84 KEY98B   1910 1995     86      1      0    .697    .67   1.24   .211   .530   .229   1.95   .238  -.040   3
  85 KEY99A   1921 1995     75      1      0    .707    .72   1.54   .236   .691   .188   1.77   .205  -.031   3
  86 KEY99B   1935 1995     61      0      0    .740    .73   1.30   .222   .635   .209   1.60   .217   .039   1
 --- -------- ---------  -----  -----  -----   ------ -----  -----  -----  -----  -----  -----  -----  -----  --
 Total or mean:          15001    412      6    .626    .75   6.06   .278   .654   .210   3.82   .215   .002

 DATA CHECKS (rwl.check): ok007
-----------------------------------------------------------------------------------------------------------------------------------
 rwl.check: data_files/treering/measurements/northamerica/usa/ok007.rwl
 86 series, 15001 measurements, 1611-1995, 0.01 mm precision
 0 error(s), 1 warning(s), 4 note(s)
 -------------
 WARNING
   RWL_MIXED_EOL (1)
     line endings are not consistent: 1579 carriage return(s) against 1582 line feed(s); mixed endings can defeat a reader
 4 note(s) not shown; see rwl.check() or the 'check' element of this report.

 NOTES
-----------------------------------------------------------------------------------------------------------------------------------
 Report generated using dplR 1.8.1 (R 4.5.2) on 2026-10-01 16:55 PDT.
 Measurement file ok007.rwl, MD5 590c59376d273d167f6d24601c40789f.
 Filtering: each series divided by a 32-year smoothing spline (caps()), then prewhitened with
   an AR model (order by AIC, at most 3).
 Master: biweight robust mean of the other series (leave-one-out).
 Correlation: Pearson, one-tailed, pcrit = 0.01; critical r = 0.3281 for 50-year segments.
 Segments: 50 years, lagged 25, first segment floored to 100. Lags searched: +/- 10 years.
 A segment is tested only where the series and the master cover all of it, at the dated
   position and at every lag. COFECHA also tests partial segments at the ends of a series, so
   series here may show fewer segments, and no flags can be raised at the ends of the record.
 Lags follow COFECHA: negative means rings are probably missing from the series, positive means
   false rings. A missing ring carries its lag into every segment before it, so look where the
   lag changes along a series. A B flag is a hypothesis to check on the wood; the gain says how
   seriously to take it.
 A B flag marked "weak at every lag" correlates under the critical value even at its best lag:
   the segment is weak wherever it is placed, and the shift is not evidence of a dating error.
   Treat it as a low correlation, like an A.
 Averages in the summary and the totals are weighted by the number of years in each series, as
   COFECHA's are.
 Unfiltered block and mean sensitivity: the measurements as read, and sens1().
 dplR filtered block: the series that was correlated, after filtering. COFECHA's filtered
   series is defined differently, so these three columns are not COFECHA's numbers.
 AR: order of the AR model used to prewhiten.
