
 COFECHA-style crossdating report: ok022
 Report generated using dplR 1.8.1 (R 4.5.2) on 2026-10-01 16:55 PDT
 Built with dplR's xdate.report(), not COFECHA; see the notes at the end.


      Measurement file name  : ok022.rwl
      MD5 of measurement file: 7ede1b8e4a5b2ec6292874eab95087fa
      Date checked           : 01OCT26
      Beginning year         : 1698
      Ending year            : 1995
      Principal investigators: Stahle, D.W.
      Site name              : Lake Arbuckle
      Species information    : QUST Quercus stellata Wangenh.
      Latitude               : 32.4200 N
      Longitude              : 96.9800 W
      Elevation              : 280 m

      Series intercorrelation: 0.711
      Avg mean sensitivity   : 0.261
      Avg standard deviation : 0.308
      Avg autocorrelation    : 0.619
      Number dated series    : 83
      Segment length tested  : 50

      Number problem segments: 2  (A 1, B 1)
      Pct problem segments   : 0.48


 CORRELATION OF SERIES BY SEGMENTS: ok022
-----------------------------------------------------------------------------------------------------------------------------------
 Correlations of  50-year dated segments, lagged  25 years
 Flags:  A = correlation under   .3281 but highest as dated;  B = correlation higher at other than dated position

 Seq Series  Time_span  1700 1725 1750 1775 1800 1825 1850 1875 1900 1925 
                        1749 1774 1799 1824 1849 1874 1899 1924 1949 1974 
 --- -------- ---------  ---- ---- ---- ---- ---- ---- ---- ---- ---- ---- 
   1 LAO02A   1800 1980                           .86  .72  .67  .76  .79 
   2 LAO04A   1809 1980                           .82  .85  .83  .83  .87 
   3 LAO04B   1818 1980                           .82  .83  .88  .89  .91 
   4 LAO09A   1805 1980                           .79  .80  .87  .85  .70 
   5 LAO09B   1776 1980                      .73  .81  .78  .86  .87  .78 
   6 LAO13A   1786 1980                      .66  .76  .76  .84  .81  .71 
   7 LAO13B   1776 1980                      .68  .56  .42  .69  .68  .59 
   8 LAO15B   1732 1980            .52  .58  .70  .79  .86  .89  .90  .87 
   9 LAO16B   1758 1980                 .76  .80  .75  .40  .65  .83  .86 
  10 LAO17A   1765 1980                 .65  .86  .85  .51  .59  .65  .59 
  11 LAO17B   1798 1980                      .83  .85  .54  .59  .81  .77 
  12 LAO18A   1809 1980                           .78  .80  .73  .67  .76 
  13 LAO18B   1791 1980                      .83  .88  .80  .81  .79  .76 
  14 LAO19A   1816 1980                           .82  .79  .82  .82  .82 
  15 LAO20A   1789 1980                      .88  .87  .82  .75  .77  .77 
  16 LAO20B   1806 1980                           .86  .85  .78  .76  .83 
  17 LAO23A   1698 1980       .47  .81  .76  .73  .73  .81  .72  .57  .45 
  18 LAO23B   1708 1980       .83  .79  .67  .72  .75  .81  .81  .80  .70 
  19 LAO23C   1703 1977       .86  .78  .74  .67  .61  .76  .79  .65  .57 
  20 LAO24A   1798 1980                           .78  .78  .78  .78  .68 
  21 LAO24B   1763 1980                 .57  .72  .74  .79  .81  .80  .75 
  22 LAO27A   1776 1980                      .68  .75  .79  .77  .80  .79 
  23 LAO27B   1782 1980                      .65  .78  .89  .85  .86  .75 
  24 LAO28A   1764 1980                 .61  .62  .68  .67  .78  .76  .59 
  25 LAO28B   1747 1980            .63  .64  .76  .79  .70  .80  .75  .51 
  26 LAO29A   1752 1980                 .67  .69  .76  .73  .85  .80  .64 
  27 LAO31A   1766 1980                 .70  .86  .85  .80  .82  .84  .89 
  28 LAO36A   1813 1980                           .78  .77  .86  .85  .80 
  29 LAO37A   1791 1980                      .72  .71  .69  .80  .83  .58 
  30 LAO37B   1779 1980                      .76  .77  .71  .85  .86  .46 
  31 LAO39A   1720 1980       .81  .80  .80  .73  .66  .58  .63  .64  .64 
  32 LAO39B   1726 1980            .80  .79  .73  .69  .70  .58  .58  .63 
  33 LAO40A   1831 1980                                .68  .82  .83  .79 
  34 LAO41A   1722 1980       .77  .82  .78  .85  .76  .59  .52  .47  .54 
  35 LAO41B   1703 1950       .80  .75  .78  .80  .72  .48  .60  .62      
  36 LAO41C   1706 1978       .85  .80  .77  .72  .66  .55  .54  .56  .51 
  37 LAO42A   1758 1980                 .77  .82  .75  .70  .82  .83  .76 
  38 LAO42B   1713 1980       .68  .65  .77  .78  .74  .72  .82  .82  .69 
  39 LAO44A   1732 1980            .62  .65  .68  .64  .62  .81  .81  .71 
  40 LAO49A   1785 1980                      .88  .86  .83  .88  .86  .79 
  41 LAO52A   1743 1980            .75  .70  .81  .83  .78  .78  .78  .83 
  42 LAO55A   1776 1980                      .83  .85  .81  .83  .82  .65 
  43 LAO71A   1735 1950            .69  .64  .66  .59  .50  .64  .51      
  44 LAO71B   1763 1974                 .48  .56  .56  .52  .57  .56  .55 
  45 LAO76A   1734 1974            .63  .56  .48  .47  .63  .58  .51  .45 
  46 LAO76B   1705 1974       .50  .63  .61  .58  .58  .66  .54  .44  .42 
  47 LAO83A   1759 1974                 .50  .42  .40  .46  .29B .32A .53 
  48 LAO86B   1760 1974                 .60  .59  .63  .66  .60  .49  .41 
  49 LAO80A   1849 1995                                .62  .77  .78  .82 
  50 LAO80B   1900 1995                                               .84 
  51 LAO81A   1893 1995                                          .81  .69 
  52 LAO81B   1831 1995                                .58  .81  .85  .72 
  53 LAO82A   1904 1995                                               .69 
  54 LAO82B   1915 1995                                               .72 
  55 LAO83B   1908 1995                                               .74 
  56 LAO84A   1906 1995                                               .76 
  57 LAO84B   1904 1995                                               .75 
  58 LAO85A   1899 1995                                               .74 
  59 LAO85B   1814 1995                           .50  .59  .83  .88  .77 
  60 LAO86A   1919 1995                                               .79 
  61 LAO87A   1861 1995                                     .79  .84  .85 
  62 LAO87B   1870 1995                                     .83  .85  .82 
  63 LAO88A   1798 1995                      .69  .72  .64  .69  .75  .79 
  64 LAO88B   1876 1995                                          .63  .82 
  65 LAO89A   1775 1995                      .80  .80  .69  .72  .63  .59 
  66 LAO89B   1841 1995                                .59  .75  .80  .72 
  67 LAO90A   1853 1995                                     .63  .70  .62 
  68 LAO90B   1890 1995                                          .78  .78 
  69 LAO91A   1837 1995                                .55  .73  .79  .86 
  70 LAO91B   1903 1995                                               .82 
  71 LAO92A   1910 1995                                               .79 
  72 LAO92B   1907 1995                                               .82 
  73 LAO93A   1900 1995                                               .87 
  74 LAO93B   1890 1995                                          .86  .80 
  75 LAO94A   1828 1995                                .51  .76  .88  .72 
  76 LAO94B   1814 1995                           .68  .56  .79  .86  .78 
  78 LAO96B   1924 1995                                               .77 
  79 LAO97A   1820 1995                           .61  .39  .73  .89  .86 
  80 LAO97B   1818 1995                           .66  .66  .79  .85  .86 
  81 LAO98A   1780 1995                      .77  .79  .63  .58  .69  .81 
  82 LAO98B   1824 1995                           .83  .68  .67  .76  .82 
  83 LAO99A   1913 1995                                               .78 
 Av segment correlation       .73  .72  .68  .73  .73  .68  .74  .75  .72 

 FLAGGED SEGMENTS: ok022
-----------------------------------------------------------------------------------------------------------------------------------
 Seq Series   Segment    Flag  r dated  Best lag  r at lag   Gain  Note
 --- -------- ---------  ----  -------  --------  --------  -----  -----------------
  47 LAO83A   1875 1924     B     .287         9      .382   .095
  47 LAO83A   1900 1949     A     .323         0

 DESCRIPTIVE STATISTICS: ok022
-----------------------------------------------------------------------------------------------------------------------------------

                                                Corr   //-------- Unfiltered --------\\  //-- dplR filtered --\\
                           No.    No.    No.    with   Mean   Max     Std   Auto   Mean   Max     Std   Auto  AR
 Seq Series   Interval   Years  Segmt  Flags   Master  msmt   msmt    dev   corr   sens  value    dev   corr  ()
 --- -------- ---------  -----  -----  -----   ------ -----  -----  -----  -----  -----  -----  -----  -----  --
   1 LAO02A   1800 1980    181      5      0    .728   1.02   3.05   .434   .592   .281   1.93   .279  -.020   2
   2 LAO04A   1809 1980    172      5      0    .817    .92   2.29   .352   .571   .274   1.87   .271  -.013   1
   3 LAO04B   1818 1980    163      5      0    .866    .87   1.83   .302   .438   .279   1.87   .277   .006   1
   4 LAO09A   1805 1980    176      5      0    .749    .68   1.74   .236   .514   .249   2.04   .254  -.014   2
   5 LAO09B   1776 1980    205      6      0    .742    .71   2.32   .333   .583   .311   2.24   .308   .014   2
   6 LAO13A   1786 1980    195      6      0    .714    .54   2.33   .267   .713   .257   1.95   .266  -.024   2
   7 LAO13B   1776 1980    205      6      0    .542    .42   1.55   .208   .688   .266   2.10   .274   .022   1
   8 LAO15B   1732 1980    249      8      0    .681    .68   1.95   .293   .637   .289   2.07   .270  -.003   1
   9 LAO16B   1758 1980    223      7      0    .746    .55   1.94   .237   .575   .279   2.74   .286  -.012   3
  10 LAO17A   1765 1980    216      7      0    .688    .59   1.57   .203   .317   .304   1.90   .273   .001   2
  11 LAO17B   1798 1980    183      6      0    .746    .64   2.01   .266   .571   .278   1.87   .266   .009   1
  12 LAO18A   1809 1980    172      5      0    .741    .65   2.40   .414   .790   .285   1.83   .271   .013   1
  13 LAO18B   1791 1980    190      6      0    .807    .84   3.26   .449   .611   .311   2.42   .311   .012   1
  14 LAO19A   1816 1980    165      5      0    .804    .79   2.21   .344   .497   .346   2.01   .348  -.006   2
  15 LAO20A   1789 1980    192      6      0    .806    .77   2.58   .361   .734   .259   1.81   .247   .001   2
  16 LAO20B   1806 1980    175      5      0    .818    .71   2.05   .255   .588   .246   1.75   .240   .014   1
  17 LAO23A   1698 1980    283      9      0    .620    .71   2.58   .295   .559   .234   1.99   .229   .005   2
  18 LAO23B   1708 1980    273      9      0    .760    .74   1.94   .239   .589   .210   1.72   .208  -.015   1
  19 LAO23C   1703 1977    275      9      0    .744    .79   1.87   .270   .619   .211   1.60   .207  -.025   3
  20 LAO24A   1798 1980    183      5      0    .742    .90   2.04   .221   .412   .189   2.10   .194  -.009   3
  21 LAO24B   1763 1980    218      7      0    .707    .88   2.10   .290   .552   .233   1.64   .215  -.002   3
  22 LAO27A   1776 1980    205      6      0    .685    .63   1.25   .185   .443   .242   1.82   .230  -.038   1
  23 LAO27B   1782 1980    199      6      0    .736    .79   1.88   .301   .575   .257   1.65   .241   .001   1
  24 LAO28A   1764 1980    217      7      0    .681    .69   1.84   .214   .583   .207   1.94   .203  -.001   1
  25 LAO28B   1747 1980    234      8      0    .657    .57   2.14   .213   .633   .225   1.76   .204  -.018   3
  26 LAO29A   1752 1980    229      7      0    .692    .63   1.87   .245   .707   .244   1.88   .231   .006   3
  27 LAO31A   1766 1980    215      7      0    .803    .79   3.51   .446   .654   .333   1.96   .326   .026   1
  28 LAO36A   1813 1980    168      5      0    .806    .93   3.56   .464   .652   .283   1.90   .271  -.005   2
  29 LAO37A   1791 1980    190      6      0    .702    .62   1.47   .236   .653   .237   1.89   .220   .010   1
  30 LAO37B   1779 1980    202      6      0    .717    .57   1.49   .206   .528   .260   1.97   .245   .013   1
  31 LAO39A   1720 1980    261      9      0    .724    .56   1.51   .253   .795   .203   1.66   .206  -.009   1
  32 LAO39B   1726 1980    255      8      0    .707    .61   1.50   .237   .703   .209   1.72   .214  -.018   1
  33 LAO40A   1831 1980    150      4      0    .745    .78   2.08   .322   .537   .293   1.91   .286   .006   3
  34 LAO41A   1722 1980    259      9      0    .698    .54   1.65   .237   .749   .213   1.80   .211   .004   1
  35 LAO41B   1703 1950    248      8      0    .700    .52   1.34   .214   .666   .245   1.77   .246   .004   1
  36 LAO41C   1706 1978    273      9      0    .689    .49   1.36   .242   .746   .255   1.91   .251   .004   1
  37 LAO42A   1758 1980    223      7      0    .766    .77   2.18   .295   .596   .254   1.76   .262   .015   1
  38 LAO42B   1713 1980    268      9      0    .728    .64   1.85   .216   .464   .249   2.02   .268   .001   1
  39 LAO44A   1732 1980    249      8      0    .662    .46   1.45   .187   .567   .274   1.97   .277  -.025   3
  40 LAO49A   1785 1980    196      6      0    .848    .77   2.48   .288   .468   .271   2.11   .261  -.010   3
  41 LAO52A   1743 1980    238      8      0    .775    .55   1.48   .246   .541   .296   2.19   .281  -.009   3
  42 LAO55A   1776 1980    205      6      0    .777    .58   1.26   .160   .452   .221   1.71   .212   .008   1
  43 LAO71A   1735 1950    216      7      0    .548    .83   2.09   .382   .737   .236   1.76   .241   .024   1
  44 LAO71B   1763 1974    212      7      0    .542    .81   2.95   .400   .795   .205   1.66   .192  -.015   3
  45 LAO76A   1734 1974    241      8      0    .547    .67   1.37   .184   .353   .245   1.82   .228  -.003   1
  46 LAO76B   1705 1974    270      9      0    .524    .75   1.83   .270   .499   .267   2.02   .254  -.007   3
  47 LAO83A   1759 1974    216      7      2    .439    .77   2.83   .341   .692   .247   1.97   .233  -.010   2
  48 LAO86B   1760 1974    215      7      0    .547    .87   2.39   .223   .361   .209   2.34   .219  -.022   3
  49 LAO80A   1849 1995    147      4      0    .744    .74   2.02   .434   .774   .296   1.90   .310   .025   1
  50 LAO80B   1900 1995     96      1      0    .806    .92   2.44   .379   .532   .283   1.92   .296   .015   1
  51 LAO81A   1893 1995    103      2      0    .763   1.06   3.02   .436   .576   .286   2.22   .290  -.024   2
  52 LAO81B   1831 1995    165      4      0    .703    .74   3.25   .500   .780   .315   2.17   .322  -.006   3
  53 LAO82A   1904 1995     92      1      0    .745   1.03   2.96   .553   .664   .354   1.99   .336  -.050   2
  54 LAO82B   1915 1995     81      1      0    .717   1.28   3.44   .618   .693   .326   1.72   .294   .029   2
  55 LAO83B   1908 1995     88      1      0    .665   1.13   3.31   .473   .393   .317   1.96   .299   .059   3
  56 LAO84A   1906 1995     90      1      0    .602   1.06   4.20   .619   .814   .295   1.64   .293  -.035   1
  57 LAO84B   1904 1995     92      1      0    .671   1.04   3.91   .683   .869   .284   1.79   .277  -.000   1
  58 LAO85A   1899 1995     97      1      0    .797   1.33   4.49   .651   .655   .302   2.11   .295  -.016   2
  59 LAO85B   1814 1995    182      5      0    .686    .75   3.56   .428   .661   .302   2.18   .319   .001   2
  60 LAO86A   1919 1995     77      1      0    .740   1.43   2.69   .501   .366   .324   1.67   .303   .145   0
  61 LAO87A   1861 1995    135      3      0    .771    .73   3.61   .516   .802   .339   2.05   .335   .019   1
  62 LAO87B   1870 1995    126      3      0    .812    .83   4.20   .578   .772   .302   2.28   .322   .036   1
  63 LAO88A   1798 1995    198      6      0    .703    .48   2.15   .340   .806   .300   1.87   .289  -.030   1
  64 LAO88B   1876 1995    120      2      0    .638    .87   4.76   .718   .811   .307   2.00   .316  -.019   1
  65 LAO89A   1775 1995    221      6      0    .696    .62   1.83   .225   .721   .189   1.96   .187  -.029   3
  66 LAO89B   1841 1995    155      4      0    .695    .51    .99   .123   .574   .171   1.61   .166   .010   1
  67 LAO90A   1853 1995    143      3      0    .634    .49   1.84   .312   .809   .250   1.78   .261   .002   1
  68 LAO90B   1890 1995    106      2      0    .786    .69   1.81   .241   .645   .203   1.72   .215   .041   1
  69 LAO91A   1837 1995    159      4      0    .705    .76   3.49   .494   .642   .311   2.58   .329   .005   2
  70 LAO91B   1903 1995     93      1      0    .845   1.28   3.84   .529   .533   .303   1.85   .273  -.028   3
  71 LAO92A   1910 1995     86      1      0    .797    .92   2.58   .422   .604   .307   1.81   .275   .047   3
  72 LAO92B   1907 1995     89      1      0    .827    .88   3.55   .498   .676   .327   1.71   .280  -.073   3
  73 LAO93A   1900 1995     96      1      0    .861    .90   2.16   .351   .529   .305   2.33   .307  -.005   1
  74 LAO93B   1890 1995    106      2      0    .804    .78   3.12   .431   .635   .323   2.42   .340  -.086   2
  75 LAO94A   1828 1995    168      4      0    .731    .46   2.03   .264   .742   .254   2.32   .275  -.008   2
  76 LAO94B   1814 1995    182      5      0    .734    .54   2.12   .300   .681   .284   2.29   .283   .018   1
  77 LAO96A   1926 1995     70      0      0    .637    .49    .82   .156   .686   .203   1.36   .183   .001   0
  78 LAO96B   1924 1995     72      1      0    .656    .48    .99   .182   .620   .255   1.44   .207  -.132   0
  79 LAO97A   1820 1995    176      5      0    .723    .56   2.15   .315   .735   .275   2.09   .281   .028   1
  80 LAO97B   1818 1995    178      5      0    .756    .50   1.19   .228   .638   .298   2.06   .290   .014   1
  81 LAO98A   1780 1995    216      6      0    .718    .44   1.02   .168   .648   .259   1.87   .234   .069   0
  82 LAO98B   1824 1995    172      5      0    .733    .45   1.00   .162   .587   .250   1.64   .236   .088   0
  83 LAO99A   1913 1995     83      1      0    .716   1.27   2.10   .390   .721   .191   1.44   .184  -.004   1
 --- -------- ---------  -----  -----  -----   ------ -----  -----  -----  -----  -----  -----  -----  -----  --
 Total or mean:          14808    420      2    .711    .71   4.76   .308   .619   .261   2.74   .257  -.000

 DATA CHECKS (rwl.check): ok022
-----------------------------------------------------------------------------------------------------------------------------------
 rwl.check: data_files/treering/measurements/northamerica/usa/ok022.rwl
 83 series, 14808 measurements, 1698-1995, 0.001 mm precision
 0 error(s), 1 warning(s), 0 note(s)
 -------------
 WARNING
   RWL_SERIES_OUTLIER (1)
     LAO83A: correlates with the rest of the collection at r = 0.441 where the collection median is 0.739 (4.1 MAD below it); it does not fit the collection it is in

 NOTES
-----------------------------------------------------------------------------------------------------------------------------------
 Report generated using dplR 1.8.1 (R 4.5.2) on 2026-10-01 16:55 PDT.
 Measurement file ok022.rwl, MD5 7ede1b8e4a5b2ec6292874eab95087fa.
 Filtering: each series divided by a 32-year smoothing spline (caps()), then prewhitened with
   an AR model (order by AIC, at most 3).
 Master: biweight robust mean of the other series (leave-one-out).
 Correlation: Pearson, one-tailed, pcrit = 0.01; critical r = 0.3281 for 50-year segments.
 Segments: 50 years, lagged 25, first segment floored to 100. Lags searched: +/- 10 years.
 A segment is tested only where the series and the master cover all of it, at the dated
   position and at every lag. COFECHA also tests partial segments at the ends of a series, so
   series here may show fewer segments, and no flags can be raised at the ends of the record.
 Lags follow COFECHA: negative means rings are probably missing from the series, positive means
   false rings. A missing ring carries its lag into every segment before it, so look where the
   lag changes along a series. A B flag is a hypothesis to check on the wood; the gain says how
   seriously to take it.
 A B flag marked "weak at every lag" correlates under the critical value even at its best lag:
   the segment is weak wherever it is placed, and the shift is not evidence of a dating error.
   Treat it as a low correlation, like an A.
 Averages in the summary and the totals are weighted by the number of years in each series, as
   COFECHA's are.
 Unfiltered block and mean sensitivity: the measurements as read, and sens1().
 dplR filtered block: the series that was correlated, after filtering. COFECHA's filtered
   series is defined differently, so these three columns are not COFECHA's numbers.
 AR: order of the AR model used to prewhiten.
