
 COFECHA-style crossdating report: ok046
 Report generated using dplR 1.8.1 (R 4.5.2) on 2026-10-01 16:50 PDT
 Built with dplR's xdate.report(), not COFECHA; see the notes at the end.


      Measurement file name  : ok046.rwl
      MD5 of measurement file: e4df6ab6253a6ff56c07887683d62484
      Date checked           : 01OCT26
      Beginning year         : 1406
      Ending year            : 2007
      Principal investigators: Edmondson, J.R.; Stahle, D.W.
      Site name              : Pattons Bluff
      Species information    : JUVI Juniperus virginiana L.
      Latitude               : 35.4110 N
      Longitude              : 95.8030 W
      Elevation              : 230 m

      Series intercorrelation: 0.570
      Avg mean sensitivity   : 0.298
      Avg standard deviation : 0.310
      Avg autocorrelation    : 0.666
      Number dated series    : 78
      Segment length tested  : 50

      Number problem segments: 7  (A 2, B 5; 2 of the B weak at every lag)
      Pct problem segments   : 1.51


 CORRELATION OF SERIES BY SEGMENTS: ok046
-----------------------------------------------------------------------------------------------------------------------------------
 Correlations of  50-year dated segments, lagged  25 years
 Flags:  A = correlation under   .3281 but highest as dated;  B = correlation higher at other than dated position

 Seq Series  Time_span  1500 1525 1550 1575 1600 1625 1650 1675 1700 1725 1750 1775 1800 1825 1850 1875 1900 1925 1950 
                        1549 1574 1599 1624 1649 1674 1699 1724 1749 1774 1799 1824 1849 1874 1899 1924 1949 1974 1999 
 --- -------- ---------  ---- ---- ---- ---- ---- ---- ---- ---- ---- ---- ---- ---- ---- ---- ---- ---- ---- ---- ---- 
   1 TIG07A   1730 1922                                                    .51  .54  .57  .60  .54                     
   2 TIG07B   1527 1899            .59  .58  .42  .50  .58  .36  .48  .69  .65  .60  .54  .57  .47                     
   3 TIG09A   1524 1888       .43  .52  .57  .52  .50  .59  .66  .61  .63  .68  .66  .61  .64                          
   4 TIG09B   1529 1770            .49  .54  .68  .71  .50  .44  .48                                                   
   5 TIG09C   1528 1887            .60  .50  .51  .52  .54  .62  .58  .62  .55  .52  .49  .51                          
   6 PAT03A   1777 1922                                                              .57  .56  .66                     
   7 PAT07A   1829 2007                                                                        .60  .74  .66  .58  .58 
   8 PAT08A   1820 1922                                                                   .38  .61                     
   9 PAT10A   1750 1940                                                         .72  .66  .62  .67  .68                
  10 PAT21A   1670 1956                                     .55  .60  .69  .64  .65  .76  .73  .75  .71  .54           
  11 PAT21B   1670 1936                                     .50  .40  .63  .66  .65  .64  .81  .86  .74                
  12 PAT23A   1698 1817                                               .54  .53                                         
  13 PAT24B   1755 1869                                                         .62  .64                               
  14 PAT33A   1820 1958                                                                   .63  .60  .45  .37           
  15 PAT39B   1940 2007                                                                                            .48 
  16 PAT42A   1677 1960                                          .45  .48  .58  .59  .58  .73  .79  .75  .50           
  17 PAT42B   1678 1916                                          .41  .58  .61  .63  .72  .66  .61                     
  18 PAT45A   1542 1771            .35  .40  .48  .50  .64  .67  .61                                                   
  19 PAT46A   1473 1700  .50  .41  .46  .60  .53  .52  .60                                                             
  20 PAT47A   1750 1930                                                         .63  .47  .49  .70  .58                
  21 PAT48A   1560 1805                 .37  .40  .56  .63  .63  .61  .51  .40                                         
  22 PAT49A   1500 1702       .44  .50  .60  .51  .65  .67                                                             
  23 PAT50A   1565 1760                 .73  .68  .53  .61  .68  .55                                                   
  24 PAT50B   1563 1652                 .68  .61                                                                       
  25 PAT50C   1570 1699                 .63  .62  .72  .67                                                             
  26 PAT52C   1831 2007                                                                        .74  .58  .54  .51  .44 
  27 PAT53B   1494 1953  .64  .41  .25B .53  .57  .61  .64  .64  .50  .54  .56  .47  .58  .74  .62  .44  .45           
  28 PAT58A   1695 1903                                          .23B .50  .77  .78  .76  .74  .53                     
  29 PAT59A   1850 2007                                                                             .57  .41  .52  .59 
  30 PAT61A   1784 2007                                                              .56  .56  .62  .66  .36  .13B .43 
  31 PAT64A   1738 1860                                                    .73  .72  .62                               
  32 PAT64B   1850 2007                                                                             .66  .53  .60  .52 
  33 PAT68B   1850 2007                                                                             .42  .43  .43  .57 
  34 PAT70A   1820 2007                                                                   .61  .58  .59  .45  .42  .56 
  35 PAT71A   1729 1946                                                    .78  .66  .44  .47  .74  .52                
  36 PAT72A   1660 1903                                     .52  .38  .42  .78  .70  .44  .58  .75                     
  37 PAT73A   1736 2007                                                    .74  .62  .44  .68  .80  .69  .36  .39  .58 
  38 PAT73B   1750 2007                                                         .76  .68  .72  .77  .66  .42  .43  .50 
  39 PAT74A   1803 1920                                                                   .65  .73                     
  40 PAT74B   1795 1917                                                              .53  .62  .59                     
  41 PAT74C   1820 1900                                                                   .65  .63                     
  42 PAT75A   1841 2007                                                                        .74  .71  .58  .62  .62 
  43 PAT75B   1854 2007                                                                             .81  .70  .61  .60 
  44 PAT77A   1850 2007                                                                             .52  .59  .66  .50 
  45 PAT77B   1765 2007                                                         .38  .70  .64  .60  .56  .59  .68  .71 
  46 PAT78A   1835 2007                                                                        .69  .70  .55  .47  .50 
  47 PAT79A   1825 2005                                                                        .64  .55  .35  .50  .59 
  48 PAT80A   1880 2007                                                                                  .62  .67  .63 
  49 PAT80B   1939 2007                                                                                            .70 
  50 PAT81A   1690 1888                                          .60  .67  .77  .68  .41  .52                          
  51 PAT98A   1721 1848                                               .55  .68  .73                                    
  52 CRRX01A  1735 1924                                                    .62  .71  .50  .46  .66  .69                
  53 X2322A   1800 1916                                                                   .69  .74                     
  54 CRR07A   1770 2001                                                         .65  .40  .46  .37  .39  .44  .26A .41 
  55 CRR11A   1447 1849  .47  .63  .66  .64  .59  .44  .41  .52  .60  .63  .77  .73  .60                               
  56 CRR11B   1406 1771  .50  .62  .69  .63  .58  .39  .33  .57  .66                                                   
  57 CRR11C   1406 1578  .55  .61                                                                                      
  58 CRR50A   1766 2001                                                         .65  .40  .59  .67  .51  .35  .45  .56 
  59 CED103A  1561 1747                 .57  .47  .40  .55  .62                                                        
  60 CED104A  1864 1992                                                                             .63  .57  .57      
  61 CED105A  1462 1577  .55  .53                                                                                      
  62 CED105B  1462 1650  .68  .51  .35  .46  .63                                                                       
  63 CED106A  1680 1955                                          .47  .49  .66  .67  .67  .62  .71  .63  .60           
  64 CED107A  1469 1592  .62  .39                                                                                      
  65 CED107B  1458 1700  .64  .67  .63  .62  .57  .59  .61                                                             
  66 CED108A  1476 1900  .68  .67  .62  .54  .49  .61  .74  .66  .61  .67  .67  .62  .51  .61  .59                     
  67 CED108B  1473 1620  .78  .66  .61                                                                                 
  68 CED113A  1689 1900                                          .63  .52  .41  .49  .56  .62  .62                     
  69 CED114A  1725 1826                                                    .76  .74                                    
  70 CED115A  1750 1964                                                         .82  .70  .72  .75  .60  .53           
  71 CED117A  1678 1857                                          .67  .57  .60  .74  .71                               
  72 CED120A  1454 1979  .56  .49  .69  .57  .27B .37  .58  .45  .29A .38  .64  .70  .52  .57  .64  .51  .49  .53      
  73 CED120B  1454 1603  .61  .41  .44                                                                                 
  74 CED121A  1478 1760  .65  .63  .26B .47  .62  .39  .57  .67  .50                                                   
  75 CED121B  1478 1680  .57  .50  .56  .64  .60  .40                                                                  
  76 CED122A  1695 1953                                          .47  .53  .66  .66  .61  .63  .74  .67  .44           
  77 CED123A  1800 1960                                                                   .71  .65  .61  .51           
  78 CED124A  1642 1767                                .76  .73  .55                                                   
 Av segment correlation  .60  .53  .51  .57  .54  .52  .59  .58  .52  .56  .64  .65  .58  .62  .66  .61  .50  .50  .55 

 FLAGGED SEGMENTS: ok046
-----------------------------------------------------------------------------------------------------------------------------------
 Seq Series   Segment    Flag  r dated  Best lag  r at lag   Gain  Note
 --- -------- ---------  ----  -------  --------  --------  -----  -----------------
  27 PAT53B   1550 1599     B     .251       -10      .274   .023  weak at every lag
  28 PAT58A   1700 1749     B     .228         7      .312   .084  weak at every lag
  30 PAT61A   1925 1974     B     .132        -6      .341   .208
  54 CRR07A   1925 1974     A     .263         0
  72 CED120A  1600 1649     B     .269         9      .343   .074
  72 CED120A  1700 1749     A     .288         0
  74 CED121A  1550 1599     B     .264        -1      .354   .090

 DESCRIPTIVE STATISTICS: ok046
-----------------------------------------------------------------------------------------------------------------------------------

                                                Corr   //-------- Unfiltered --------\\  //-- dplR filtered --\\
                           No.    No.    No.    with   Mean   Max     Std   Auto   Mean   Max     Std   Auto  AR
 Seq Series   Interval   Years  Segmt  Flags   Master  msmt   msmt    dev   corr   sens  value    dev   corr  ()
 --- -------- ---------  -----  -----  -----   ------ -----  -----  -----  -----  -----  -----  -----  -----  --
   1 TIG07A   1730 1922    193      5      0    .493    .61   1.56   .242   .512   .287   1.96   .281  -.007   3
   2 TIG07B   1527 1899    373     13      0    .535    .41   2.19   .267   .787   .315   2.13   .320  -.011   3
   3 TIG09A   1524 1888    365     13      0    .596    .52   2.15   .252   .668   .302   2.04   .293   .020   1
   4 TIG09B   1529 1770    242      7      0    .532    .61   1.80   .320   .804   .245   2.20   .257   .014   1
   5 TIG09C   1528 1887    360     12      0    .557    .53   1.80   .273   .732   .301   2.04   .287   .000   2
   6 PAT03A   1777 1922    146      3      0    .690    .63   1.80   .308   .629   .349   1.98   .327  -.028   3
   7 PAT07A   1829 2007    179      5      0    .596    .63   1.76   .273   .605   .301   1.83   .282   .052   2
   8 PAT08A   1820 1922    103      2      0    .541    .63   1.33   .230   .475   .291   1.76   .272   .005   1
   9 PAT10A   1750 1940    191      5      0    .616    .61   1.98   .303   .734   .280   1.75   .255  -.018   3
  10 PAT21A   1670 1956    287     10      0    .629    .61   1.58   .259   .717   .259   1.95   .266  -.006   3
  11 PAT21B   1670 1936    267      9      0    .632    .67   2.04   .367   .835   .250   1.81   .254   .029   1
  12 PAT23A   1698 1817    120      2      0    .480    .62   2.04   .373   .813   .307   1.86   .286   .005   3
  13 PAT24B   1755 1869    115      2      0    .532    .71   2.25   .400   .705   .302   2.17   .322   .006   1
  14 PAT33A   1820 1958    139      4      0    .490    .55   1.52   .227   .669   .251   1.81   .266   .040   1
  15 PAT39B   1940 2007     68      1      0    .534   1.06   2.90   .554   .603   .345   2.17   .342   .011   1
  16 PAT42A   1677 1960    284      9      0    .607    .70   1.93   .327   .781   .238   1.91   .245  -.009   3
  17 PAT42B   1678 1916    239      7      0    .611    .71   1.94   .379   .795   .267   2.39   .275  -.005   3
  18 PAT45A   1542 1771    230      7      0    .449    .56   1.90   .311   .722   .307   2.04   .298   .028   1
  19 PAT46A   1473 1700    228      7      0    .443    .61   1.44   .282   .578   .340   2.21   .337  -.004   3
  20 PAT47A   1750 1930    181      5      0    .534    .49   1.42   .223   .595   .318   2.31   .306  -.004   3
  21 PAT48A   1560 1805    246      8      0    .489    .35    .77   .149   .692   .281   1.90   .280  -.007   3
  22 PAT49A   1500 1702    203      6      0    .562    .37   1.10   .172   .692   .276   2.50   .293   .016   1
  23 PAT50A   1565 1760    196      6      0    .618    .74   1.86   .256   .619   .225   1.96   .239   .010   1
  24 PAT50B   1563 1652     90      2      0    .640    .73   1.48   .282   .647   .259   1.71   .251   .012   1
  25 PAT50C   1570 1699    130      4      0    .654    .75   1.63   .241   .593   .234   1.78   .233   .013   2
  26 PAT52C   1831 2007    177      5      0    .572    .41   1.34   .159   .560   .265   2.18   .270   .013   1
  27 PAT53B   1494 1953    460     17      1    .539    .59   2.19   .369   .793   .297   1.98   .298   .006   3
  28 PAT58A   1695 1903    209      7      1    .546    .85   2.22   .445   .781   .275   1.93   .270  -.003   3
  29 PAT59A   1850 2007    158      4      0    .558    .62   2.73   .454   .791   .356   2.11   .350  -.017   2
  30 PAT61A   1784 2007    224      7      1    .485    .79   1.60   .262   .514   .267   1.64   .243  -.050   3
  31 PAT64A   1738 1860    123      3      0    .713    .66   2.00   .345   .753   .286   2.31   .304  -.002   3
  32 PAT64B   1850 2007    158      4      0    .639    .68   1.91   .342   .706   .301   2.04   .292   .026   1
  33 PAT68B   1850 2007    158      4      0    .495    .46   1.24   .223   .638   .323   1.93   .318  -.005   3
  34 PAT70A   1820 2007    188      6      0    .540    .66   1.83   .311   .617   .284   2.61   .317  -.020   3
  35 PAT71A   1729 1946    218      6      0    .570    .51   1.79   .265   .754   .292   2.00   .296   .032   1
  36 PAT72A   1660 1903    244      8      0    .568    .51   1.07   .190   .666   .250   1.78   .249  -.010   3
  37 PAT73A   1736 2007    272      9      0    .580    .93   3.83   .461   .646   .293   2.54   .321   .019   1
  38 PAT73B   1750 2007    258      8      0    .628    .90   3.60   .444   .608   .302   2.55   .332   .018   1
  39 PAT74A   1803 1920    118      2      0    .617   1.01   2.19   .395   .370   .305   1.99   .300  -.052   3
  40 PAT74B   1795 1917    123      3      0    .582    .78   1.87   .311   .460   .310   2.63   .338   .033   1
  41 PAT74C   1820 1900     81      2      0    .622    .83   1.62   .306   .393   .308   1.79   .293  -.021   3
  42 PAT75A   1841 2007    167      5      0    .640    .84   1.59   .287   .469   .282   1.77   .274  -.005   3
  43 PAT75B   1854 2007    154      4      0    .704    .82   1.76   .303   .565   .285   1.71   .286   .039   1
  44 PAT77A   1850 2007    158      4      0    .576    .64   1.70   .317   .751   .259   1.76   .260  -.008   1
  45 PAT77B   1765 2007    243      8      0    .558    .62   3.27   .347   .705   .271   2.38   .280   .014   1
  46 PAT78A   1835 2007    173      5      0    .605   1.06   3.62   .594   .734   .302   1.88   .291  -.022   3
  47 PAT79A   1825 2005    181      5      0    .531    .73   2.96   .426   .797   .294   2.11   .307   .060   1
  48 PAT80A   1880 2007    128      3      0    .656    .96   2.36   .456   .712   .281   2.03   .299   .046   1
  49 PAT80B   1939 2007     69      1      0    .566   1.10   3.18   .632   .788   .258   1.64   .271   .023   1
  50 PAT81A   1690 1888    199      6      0    .588    .74   2.13   .378   .621   .317   2.73   .335  -.013   3
  51 PAT98A   1721 1848    128      3      0    .635    .90   2.22   .435   .785   .249   1.81   .242   .000   3
  52 CRRX01A  1735 1924    190      6      0    .593    .57   1.55   .325   .672   .307   1.93   .277  -.021   3
  53 X2322A   1800 1916    117      2      0    .655    .67   1.76   .271   .705   .238   1.69   .235  -.018   3
  54 CRR07A   1770 2001    232      8      1    .482    .67   2.52   .324   .405   .323   2.62   .328  -.016   3
  55 CRR11A   1447 1849    403     13      0    .584    .48   2.35   .316   .709   .352   3.01   .345  -.004   3
  56 CRR11B   1406 1771    366      9      0    .537    .51   2.08   .321   .745   .327   2.67   .323   .001   1
  57 CRR11C   1406 1578    173      2      0    .523    .50   1.50   .280   .721   .329   1.93   .314   .001   1
  58 CRR50A   1766 2001    236      8      0    .575   1.21   3.33   .575   .597   .304   1.94   .268  -.007   3
  59 CED103A  1561 1747    187      5      0    .519    .54   2.07   .234   .586   .304   1.96   .292   .018   3
  60 CED104A  1864 1992    129      3      0    .586    .62   1.16   .216   .658   .237   1.70   .236   .014   1
  61 CED105A  1462 1577    116      2      0    .525    .78   3.13   .508   .736   .377   2.20   .354  -.010   1
  62 CED105B  1462 1650    189      5      0    .593    .65   2.72   .468   .751   .364   1.89   .337  -.001   2
  63 CED106A  1680 1955    276      9      0    .599    .61   1.55   .261   .695   .284   1.97   .271  -.016   3
  64 CED107A  1469 1592    124      2      0    .559    .48   1.29   .236   .567   .366   2.03   .339   .012   2
  65 CED107B  1458 1700    243      7      0    .591    .41   1.55   .201   .566   .359   2.39   .332   .014   1
  66 CED108A  1476 1900    425     15      0    .615    .62   2.02   .277   .548   .341   2.21   .324  -.019   3
  67 CED108B  1473 1620    148      3      0    .705    .67   1.62   .248   .394   .324   2.19   .312   .019   1
  68 CED113A  1689 1900    212      7      0    .548    .58   1.57   .294   .744   .321   2.06   .301  -.013   3
  69 CED114A  1725 1826    102      2      0    .715    .60   1.59   .245   .507   .303   2.01   .288   .016   1
  70 CED115A  1750 1964    215      6      0    .688    .68   2.46   .381   .808   .246   2.34   .257   .011   1
  71 CED117A  1678 1857    180      5      0    .635    .50   1.59   .244   .549   .347   2.21   .334  -.006   3
  72 CED120A  1454 1979    526     18      2    .505    .61   1.98   .306   .668   .319   2.26   .322   .002   3
  73 CED120B  1454 1603    150      3      0    .507    .48   1.52   .240   .565   .349   2.25   .342  -.021   2
  74 CED121A  1478 1760    283      9      1    .473    .39   1.16   .215   .662   .363   1.80   .325  -.005   3
  75 CED121B  1478 1680    203      6      0    .469    .47   1.48   .234   .602   .325   2.19   .327  -.008   2
  76 CED122A  1695 1953    259      9      0    .568    .72   1.95   .266   .656   .242   1.70   .229  -.001   3
  77 CED123A  1800 1960    161      4      0    .578    .46   1.31   .199   .706   .244   1.98   .256  -.000   3
  78 CED124A  1642 1767    126      3      0    .576    .58   1.15   .195   .462   .264   1.88   .278   .010   1
 --- -------- ---------  -----  -----  -----   ------ -----  -----  -----  -----  -----  -----  -----  -----  --
 Total or mean:          15915    464      7    .570    .63   3.83   .310   .666   .298   3.01   .295   .002

 DATA CHECKS (rwl.check): ok046
-----------------------------------------------------------------------------------------------------------------------------------
 rwl.check: data_files/treering/measurements/northamerica/usa/ok046.rwl
 78 series, 15915 measurements, 1406-2007, 0.001 mm precision
 0 error(s), 0 warning(s), 23 note(s)
 -------------
 Nothing to report at this severity.
 23 note(s) not shown; see rwl.check() or the 'check' element of this report.

 NOTES
-----------------------------------------------------------------------------------------------------------------------------------
 Report generated using dplR 1.8.1 (R 4.5.2) on 2026-10-01 16:50 PDT.
 Measurement file ok046.rwl, MD5 e4df6ab6253a6ff56c07887683d62484.
 Filtering: each series divided by a 32-year smoothing spline (caps()), then prewhitened with
   an AR model (order by AIC, at most 3).
 Master: biweight robust mean of the other series (leave-one-out).
 Correlation: Pearson, one-tailed, pcrit = 0.01; critical r = 0.3281 for 50-year segments.
 Segments: 50 years, lagged 25, first segment floored to 100. Lags searched: +/- 10 years.
 A segment is tested only where the series and the master cover all of it, at the dated
   position and at every lag. COFECHA also tests partial segments at the ends of a series, so
   series here may show fewer segments, and no flags can be raised at the ends of the record.
 Lags follow COFECHA: negative means rings are probably missing from the series, positive means
   false rings. A missing ring carries its lag into every segment before it, so look where the
   lag changes along a series. A B flag is a hypothesis to check on the wood; the gain says how
   seriously to take it.
 A B flag marked "weak at every lag" correlates under the critical value even at its best lag:
   the segment is weak wherever it is placed, and the shift is not evidence of a dating error.
   Treat it as a low correlation, like an A.
 Averages in the summary and the totals are weighted by the number of years in each series, as
   COFECHA's are.
 Unfiltered block and mean sensitivity: the measurements as read, and sens1().
 dplR filtered block: the series that was correlated, after filtering. COFECHA's filtered
   series is defined differently, so these three columns are not COFECHA's numbers.
 AR: order of the AR model used to prewhiten.
