
 COFECHA-style crossdating report: or061
 Report generated using dplR 1.8.1 (R 4.5.2) on 2026-10-01 16:53 PDT
 Built with dplR's xdate.report(), not COFECHA; see the notes at the end.


      Measurement file name  : or061.rwl
      MD5 of measurement file: 071d32ed63048d510bccf844e2fbaa97
      Date checked           : 01OCT26
      Beginning year         : 830
      Ending year            : 1996
      Principal investigators: Meko, D.M.; Baisan, C.H.; Holmes, R.L.; Adams, R.K.; Rose, M.R.; Wu, X.D.
      Site name              : Horse Ridge Recollection
      Species information    : JUOC Juniperus occidentalis Hook.
      Latitude               : 43.9700 N
      Longitude              : 121.0700 W
      Elevation              : 1146 m

      Series intercorrelation: 0.841
      Avg mean sensitivity   : 0.653
      Avg standard deviation : 0.330
      Avg autocorrelation    : 0.454
      Number dated series    : 66
      Segment length tested  : 50

      Number problem segments: 0  (A 0, B 0)
      Pct problem segments   : 0.00


 CORRELATION OF SERIES BY SEGMENTS: or061
-----------------------------------------------------------------------------------------------------------------------------------
 Correlations of  50-year dated segments, lagged  25 years
 Flags:  A = correlation under   .3281 but highest as dated;  B = correlation higher at other than dated position

 Seq Series  Time_span   900  925  950  975 1000 1025 1050 1075 1100 1125 1150 1175 1200 1225 1250 1275 1300 1325 1350 1375 
                         949  974  999 1024 1049 1074 1099 1124 1149 1174 1199 1224 1249 1274 1299 1324 1349 1374 1399 1424 
 --- -------- ---------  ---- ---- ---- ---- ---- ---- ---- ---- ---- ---- ---- ---- ---- ---- ---- ---- ---- ---- ---- ---- 
   4 HOR14B   1254 1982                                                                             .86  .80  .87  .94  .94 
   5 HOR14C   1229 1982                                                                        .90  .87  .81  .83  .91  .95 
  10 HOR31A   1361 1982                                                                                                 .91 
  11 HOR31B   1332 1982                                                                                            .92  .91 
  17 HOR42X   1281 1486                                                                                  .79  .82  .85  .89 
  31 HRG10B   1076 1996                                          .89  .88  .93  .92  .75  .72  .81  .84  .88  .83  .80  .78 
  36 HRG15A   1000 1649                      .68  .74  .79  .80  .70  .74  .89  .84  .73  .68  .74  .66  .68  .88  .89  .81 
  37 HRG15B    900 1476       .77  .84  .81  .63  .73  .75  .76  .73  .77  .89  .85  .67  .61  .79  .78  .77  .84  .88  .78 
  38 HRG16A    900 1516       .87  .87  .86  .76  .86  .88  .90  .90  .88  .88  .86  .85  .90  .94  .91  .91  .90  .78  .76 
  39 HRG17A   1215 1930                                                                   .78  .90  .91  .87  .90  .90  .89 
  61 HRG3B    1329 1996                                                                                            .88  .88 
  63 HRG33A1   830 1000  .87  .64  .64                                                                                      
  64 HRG33A2  1000 1727                           .78  .82  .81  .83  .80  .77  .74  .74  .81  .85  .81  .81  .89  .88  .86 
  66 HRG21A    830 1405  .71  .89  .87  .84  .75  .85  .84  .80  .87  .92  .93  .91  .85  .85  .92  .87  .75  .83  .91      
 Av segment correlation  .79  .79  .80  .84  .71  .79  .82  .82  .82  .83  .88  .85  .76  .76  .86  .83  .81  .86  .88  .86 

 CORRELATION OF SERIES BY SEGMENTS: or061
-----------------------------------------------------------------------------------------------------------------------------------
 Correlations of  50-year dated segments, lagged  25 years
 Flags:  A = correlation under   .3281 but highest as dated;  B = correlation higher at other than dated position

 Seq Series  Time_span  1400 1425 1450 1475 1500 1525 1550 1575 1600 1625 1650 1675 1700 1725 1750 1775 1800 1825 1850 1875 
                        1449 1474 1499 1524 1549 1574 1599 1624 1649 1674 1699 1724 1749 1774 1799 1824 1849 1874 1899 1924 
 --- -------- ---------  ---- ---- ---- ---- ---- ---- ---- ---- ---- ---- ---- ---- ---- ---- ---- ---- ---- ---- ---- ---- 
   1 HOR09A   1492 1982                      .86  .87  .87  .89  .91  .90  .79  .85  .88  .79  .79  .83  .72  .72  .76  .70 
   2 HOR09B   1493 1982                      .85  .81  .84  .84  .86  .84  .82  .89  .76  .56  .62  .76  .76  .74  .68  .68 
   3 HOR14A   1655 1982                                                         .76  .83  .95  .90  .88  .86  .79  .73  .76 
   4 HOR14B   1254 1982  .91  .89  .80  .78  .82  .84  .90  .94  .88  .84  .81  .88  .95  .94  .91  .91  .91  .88  .85  .83 
   5 HOR14C   1229 1982  .91  .87  .88  .76  .70  .75  .91  .93  .90  .88  .90  .92  .93  .89  .86  .87  .89  .90  .89  .86 
   6 HOR23A   1696 1982                                                              .92  .90  .92  .91  .94  .95  .92  .92 
   7 HOR23B   1701 1982                                                                   .89  .92  .88  .91  .94  .92  .92 
   8 HOR23Y   1593 1688                                          .90  .89                                                   
   9 HOR30A   1639 1982                                                    .77  .78  .81  .70  .63  .78  .84  .77  .67  .76 
  10 HOR31A   1361 1982  .90  .86  .92  .94  .93  .93  .83  .84  .88  .83  .79  .87  .92  .88  .86  .86  .89  .90  .88  .89 
  11 HOR31B   1332 1982  .86  .80  .83  .88  .95  .96  .79  .78  .91  .89  .87  .92  .93  .89  .92  .93  .90  .92  .92  .83 
  12 HOR31C   1381 1982  .82  .72  .84  .88  .88  .88  .78  .81  .76  .71  .81  .90  .96  .93  .88  .87  .86  .89  .90  .84 
  13 HOR36A   1531 1982                                .92  .89  .74  .76  .87  .90  .91  .82  .76  .86  .86  .90  .90  .76 
  14 HOR37A   1604 1982                                               .90  .88  .94  .96  .94  .92  .91  .87  .90  .91  .79 
  15 HOR37B   1604 1971                                               .89  .91  .95  .94  .83  .73  .84  .93  .93  .89  .87 
  16 HOR42B   1721 1982                                                                   .87  .79  .83  .81  .80  .75  .76 
  17 HOR42X   1281 1486  .84  .71                                                                                           
  18 HOR43A   1743 1982                                                                        .80  .94  .92  .91  .88  .91 
  19 HOR43B   1489 1910                      .84  .84  .88  .93  .93  .87  .84  .91  .92  .89  .89  .92  .77  .72  .75      
  20 HRG06A   1853 1996                                                                                                 .87 
  21 HRG06B   1819 1996                                                                                       .90  .87  .82 
  22 HRG01A   1818 1996                                                                                       .83  .82  .84 
  23 HRG01B   1746 1996                                                                        .91  .91  .83  .82  .85  .63 
  24 HRG07A   1740 1996                                                                        .72  .78  .72  .71  .61  .60 
  25 HRG07B   1753 1996                                                                             .86  .83  .77  .68  .67 
  26 HRG08A   1730 1996                                                                        .90  .89  .65  .59  .62  .72 
  27 HRG08B   1733 1996                                                                        .89  .88  .69  .70  .75  .78 
  28 HRG09A   1726 1996                                                                        .94  .85  .81  .90  .87  .83 
  29 HRG09B   1728 1996                                                                        .92  .86  .81  .89  .85  .84 
  30 HRG10A   1628 1996                                                    .78  .91  .93  .91  .87  .73  .77  .83  .77  .69 
  31 HRG10B   1076 1996  .75  .72  .81  .85  .86  .83  .85  .88  .85  .83  .85  .93  .93  .89  .83  .68  .70  .83  .79  .79 
  32 HRG11A   1747 1996                                                                        .90  .88  .86  .80  .77  .90 
  33 HRG11B   1774 1996                                                                             .87  .86  .82  .82  .91 
  34 HRG12A   1619 1996                                               .86  .81  .86  .92  .88  .79  .88  .89  .84  .75  .72 
  35 HRG12B   1578 1996                                          .86  .87  .82  .86  .90  .85  .81  .87  .78  .82  .81  .74 
  36 HRG15A   1000 1649  .75  .64  .78  .87  .92  .90  .85  .81  .79                                                        
  37 HRG15B    900 1476  .73  .74                                                                                           
  38 HRG16A    900 1516  .90  .88  .87                                                                                      
  39 HRG17A   1215 1930  .88  .86  .84  .87  .89  .83  .79  .84  .83  .78  .81  .89  .91  .91  .86  .80  .86  .89  .85  .83 
  40 HRG22B   1780 1996                                                                                  .86  .86  .86  .84 
  41 HRG23B   1621 1996                                               .92  .90  .91  .95  .96  .95  .93  .81  .79  .80  .78 
  42 HRG24A   1796 1996                                                                                  .85  .80  .77  .87 
  43 HRG24B   1766 1996                                                                             .82  .87  .90  .84  .79 
  44 HRG25A   1719 1996                                                                   .93  .86  .76  .73  .80  .82  .74 
  45 HRG25B   1682 1996                                                              .67  .63  .73  .79  .80  .84  .82  .74 
  46 HRG26A   1709 1996                                                                   .82  .76  .80  .89  .89  .87  .92 
  47 HRG26B   1727 1996                                                                        .76  .81  .91  .89  .84  .90 
  48 HRG27A   1785 1996                                                                                  .91  .90  .87  .86 
  49 HRG27B   1815 1996                                                                                       .83  .83  .85 
  50 HRG28A   1639 1996                                                    .90  .95  .95  .95  .92  .92  .94  .93  .87  .78 
  51 HRG28B   1708 1920                                                                   .89  .84  .69  .71  .87  .84      
  52 HRG29A   1861 1996                                                                                                 .79 
  53 HRG29B   1757 1996                                                                             .85  .85  .81  .78  .86 
  54 HRG30A   1551 1996                                     .94  .93  .91  .90  .94  .94  .93  .94  .93  .92  .90  .87  .89 
  55 HRG30B   1569 1996                                     .89  .95  .95  .94  .95  .96  .94  .92  .90  .89  .91  .86  .80 
  56 HRG31B   1827 1996                                                                                            .64  .85 
  57 HRG31A   1818 1996                                                                                       .83  .87  .84 
  58 HRG31C   1841 1996                                                                                            .81  .80 
  59 HRG33B   1412 1996       .85  .80  .85  .89  .85  .87  .87  .81  .85  .84  .86  .81  .77  .86  .86  .72  .77  .75  .58 
  60 HRG3A    1381 1996  .84  .77  .91  .87  .81  .81  .91  .93  .91  .89  .89  .95  .95  .90  .86  .88  .83  .88  .79  .70 
  61 HRG3B    1329 1996  .88  .86  .91  .91  .90  .86  .87  .89  .89  .89  .86  .91  .91  .85  .84  .81  .79  .85  .85  .76 
  62 HRG4A    1455 1810                 .82  .85  .85  .86  .91  .91  .89  .86  .90  .63  .46  .59                          
  64 HRG33A2  1000 1727  .86  .86  .85  .85  .86  .83  .88  .93  .83  .80  .80  .84                                         
  65 HRG4B    1407 1910       .86  .86  .85  .88  .87  .84  .88  .92  .91  .87  .91  .84  .77  .89  .88  .84  .76  .69      
 Av segment correlation  .84  .80  .85  .86  .86  .85  .86  .88  .87  .86  .85  .89  .89  .85  .84  .85  .83  .84  .81  .80 

 CORRELATION OF SERIES BY SEGMENTS: or061
-----------------------------------------------------------------------------------------------------------------------------------
 Correlations of  50-year dated segments, lagged  25 years
 Flags:  A = correlation under   .3281 but highest as dated;  B = correlation higher at other than dated position

 Seq Series  Time_span  1900 1925 
                        1949 1974 
 --- -------- ---------  ---- ---- 
   1 HOR09A   1492 1982  .85  .89 
   2 HOR09B   1493 1982  .84  .88 
   3 HOR14A   1655 1982  .89  .93 
   4 HOR14B   1254 1982  .92  .95 
   5 HOR14C   1229 1982  .89  .91 
   6 HOR23A   1696 1982  .89  .90 
   7 HOR23B   1701 1982  .84  .85 
   9 HOR30A   1639 1982  .91  .91 
  10 HOR31A   1361 1982  .92  .92 
  11 HOR31B   1332 1982  .81  .85 
  12 HOR31C   1381 1982  .84  .85 
  13 HOR36A   1531 1982  .88  .92 
  14 HOR37A   1604 1982  .85  .89 
  15 HOR37B   1604 1971  .90      
  16 HOR42B   1721 1982  .91  .91 
  18 HOR43A   1743 1982  .93  .94 
  20 HRG06A   1853 1996  .86  .90 
  21 HRG06B   1819 1996  .80  .85 
  22 HRG01A   1818 1996  .93  .89 
  23 HRG01B   1746 1996  .62  .75 
  24 HRG07A   1740 1996  .77  .82 
  25 HRG07B   1753 1996  .76  .76 
  26 HRG08A   1730 1996  .92  .91 
  27 HRG08B   1733 1996  .92  .89 
  28 HRG09A   1726 1996  .91  .92 
  29 HRG09B   1728 1996  .90  .90 
  30 HRG10A   1628 1996  .82  .87 
  31 HRG10B   1076 1996  .88  .87 
  32 HRG11A   1747 1996  .92  .93 
  33 HRG11B   1774 1996  .92  .92 
  34 HRG12A   1619 1996  .86  .86 
  35 HRG12B   1578 1996  .89  .93 
  40 HRG22B   1780 1996  .90  .92 
  41 HRG23B   1621 1996  .90  .95 
  42 HRG24A   1796 1996  .76  .77 
  43 HRG24B   1766 1996  .92  .90 
  44 HRG25A   1719 1996  .81  .87 
  45 HRG25B   1682 1996  .80  .82 
  46 HRG26A   1709 1996  .95  .94 
  47 HRG26B   1727 1996  .87  .88 
  48 HRG27A   1785 1996  .89  .88 
  49 HRG27B   1815 1996  .89  .90 
  50 HRG28A   1639 1996  .91  .93 
  52 HRG29A   1861 1996  .80  .80 
  53 HRG29B   1757 1996  .89  .89 
  54 HRG30A   1551 1996  .90  .90 
  55 HRG30B   1569 1996  .94  .93 
  56 HRG31B   1827 1996  .77  .85 
  57 HRG31A   1818 1996  .76  .79 
  58 HRG31C   1841 1996  .82  .88 
  59 HRG33B   1412 1996  .85  .91 
  60 HRG3A    1381 1996  .86  .83 
  61 HRG3B    1329 1996  .88  .88 
 Av segment correlation  .86  .88 

 FLAGGED SEGMENTS: or061
-----------------------------------------------------------------------------------------------------------------------------------
 None.

 DESCRIPTIVE STATISTICS: or061
-----------------------------------------------------------------------------------------------------------------------------------

                                                Corr   //-------- Unfiltered --------\\  //-- dplR filtered --\\
                           No.    No.    No.    with   Mean   Max     Std   Auto   Mean   Max     Std   Auto  AR
 Seq Series   Interval   Years  Segmt  Flags   Master  msmt   msmt    dev   corr   sens  value    dev   corr  ()
 --- -------- ---------  -----  -----  -----   ------ -----  -----  -----  -----  -----  -----  -----  -----  --
   1 HOR09A   1492 1982    491     18      0    .833    .57   2.40   .429   .516   .728   3.11   .572   .004   1
   2 HOR09B   1493 1982    490     18      0    .789    .64   2.75   .454   .487   .662   2.40   .528  -.009   3
   3 HOR14A   1655 1982    328     11      0    .857    .26    .79   .161   .352   .675   2.40   .518   .002   1
   4 HOR14B   1254 1982    729     27      0    .881    .32   1.84   .221   .387   .755   3.86   .577   .006   1
   5 HOR14C   1229 1982    754     28      0    .856    .32   1.95   .250   .430   .818   3.99   .628   .005   1
   6 HOR23A   1696 1982    287     10      0    .905    .72   1.94   .447   .208   .737   2.71   .563   .025   0
   7 HOR23B   1701 1982    282      9      0    .896    .62   1.97   .411   .281   .767   3.57   .597   .078   0
   8 HOR23Y   1593 1688     96      2      0    .896    .71   1.95   .474   .175   .746   2.59   .614  -.037   3
   9 HOR30A   1639 1982    344     12      0    .786    .43   1.16   .203   .445   .483   2.72   .415  -.021   3
  10 HOR31A   1361 1982    622     23      0    .882    .41   4.00   .415   .594   .770   2.94   .598   .004   1
  11 HOR31B   1332 1982    651     24      0    .862    .53   4.45   .533   .623   .715   3.93   .570   .000   1
  12 HOR31C   1381 1982    602     22      0    .844    .33   2.53   .308   .573   .785   3.36   .619   .003   2
  13 HOR36A   1531 1982    452     16      0    .850    .38   1.66   .319   .429   .856   3.16   .646   .002   1
  14 HOR37A   1604 1982    379     13      0    .899    .32   1.61   .253   .571   .713   2.40   .527   .025   0
  15 HOR37B   1604 1971    368     12      0    .891    .40   1.80   .276   .421   .711   2.87   .546   .038   0
  16 HOR42B   1721 1982    262      9      0    .831    .26   1.03   .205   .380   .840   3.30   .659  -.016   3
  17 HOR42X   1281 1486    206      6      0    .758    .42   1.88   .364   .646   .708   2.89   .581  -.001   2
  18 HOR43A   1743 1982    240      8      0    .888    .35   1.51   .221   .525   .640   2.37   .484   .043   0
  19 HOR43B   1489 1910    422     15      0    .846    .37   1.78   .294   .497   .645   3.19   .523  -.005   2
  20 HRG06A   1853 1996    144      3      0    .893    .77   1.86   .362   .110   .601   2.03   .443  -.026   3
  21 HRG06B   1819 1996    178      5      0    .860    .80   1.99   .376   .122   .575   2.33   .426  -.029   3
  22 HRG01A   1818 1996    179      5      0    .852    .94   3.37   .625   .327   .756   2.66   .538  -.001   1
  23 HRG01B   1746 1996    251      8      0    .787    .58   2.39   .421   .518   .675   2.80   .513   .007   0
  24 HRG07A   1740 1996    257      8      0    .732    .67   2.63   .387   .685   .364   2.04   .324  -.011   3
  25 HRG07B   1753 1996    244      7      0    .768    .56   2.11   .361   .722   .376   1.87   .331  -.000   3
  26 HRG08A   1730 1996    267      8      0    .800    .50   2.74   .377   .638   .554   2.76   .476   .011   1
  27 HRG08B   1733 1996    264      8      0    .803    .42   2.40   .313   .624   .543   2.98   .463  -.002   1
  28 HRG09A   1726 1996    271      8      0    .885    .67   2.05   .317   .452   .454   2.05   .377   .085   0
  29 HRG09B   1728 1996    269      8      0    .878    .50   1.22   .238   .494   .442   1.90   .369   .013   1
  30 HRG10A   1628 1996    369     12      0    .845    .25    .75   .147   .205   .690   2.53   .513  -.014   3
  31 HRG10B   1076 1996    921     34      0    .826    .24    .87   .155   .274   .755   3.47   .569  -.012   0
  32 HRG11A   1747 1996    250      8      0    .884    .46   1.26   .227   .194   .603   2.16   .425   .012   1
  33 HRG11B   1774 1996    223      7      0    .886    .54   1.26   .249   .207   .553   2.35   .416   .005   1
  34 HRG12A   1619 1996    378     13      0    .843    .80   5.62   .620   .631   .527   3.04   .464  -.006   3
  35 HRG12B   1578 1996    419     14      0    .823    .96   4.49   .736   .650   .531   2.87   .451  -.007   3
  36 HRG15A   1000 1649    650     25      0    .788    .36   1.05   .182   .340   .521   2.24   .412  -.007   0
  37 HRG15B    900 1476    577     21      0    .771    .32    .87   .159   .338   .493   2.10   .410   .001   1
  38 HRG16A    900 1516    617     22      0    .869    .40   1.46   .254   .345   .730   2.56   .544   .004   1
  39 HRG17A   1215 1930    716     27      0    .849    .42   1.94   .280   .260   .762   2.86   .571  -.002   2
  40 HRG22B   1780 1996    217      6      0    .888    .46   1.32   .263   .471   .638   1.91   .456   .001   0
  41 HRG23B   1621 1996    376     13      0    .899    .51   2.05   .335   .593   .587   2.06   .441  -.007   3
  42 HRG24A   1796 1996    201      6      0    .803    .49   1.41   .294   .538   .586   3.14   .467  -.023   0
  43 HRG24B   1766 1996    231      7      0    .864    .44   1.65   .247   .519   .531   2.41   .427   .016   0
  44 HRG25A   1719 1996    278      9      0    .824    .62   2.03   .380   .473   .572   2.42   .476  -.004   3
  45 HRG25B   1682 1996    315     10      0    .754    .56   2.26   .381   .609   .532   2.59   .473  -.011   3
  46 HRG26A   1709 1996    288      9      0    .880   1.07   4.44   .742   .693   .494   1.90   .398  -.014   3
  47 HRG26B   1727 1996    270      8      0    .837    .99   3.74   .652   .673   .491   2.03   .400   .086   0
  48 HRG27A   1785 1996    212      6      0    .879    .49   1.64   .356   .650   .703   2.49   .505  -.008   0
  49 HRG27B   1815 1996    182      5      0    .867    .59   2.01   .419   .585   .686   2.48   .496   .008   1
  50 HRG28A   1639 1996    358     12      0    .916    .50   2.71   .377   .617   .590   2.17   .461  -.016   3
  51 HRG28B   1708 1920    213      6      0    .822    .43   1.54   .291   .488   .581   2.26   .463   .023   1
  52 HRG29A   1861 1996    136      3      0    .785    .67   1.82   .325   .528   .459   1.92   .370   .066   0
  53 HRG29B   1757 1996    240      7      0    .829    .89   2.08   .372   .506   .385   1.85   .325   .017   1
  54 HRG30A   1551 1996    446     15      0    .909    .57   2.57   .401   .408   .704   2.40   .533   .052   0
  55 HRG30B   1569 1996    428     15      0    .917    .50   2.51   .379   .398   .723   2.67   .543  -.013   3
  56 HRG31B   1827 1996    170      4      0    .798    .64   1.33   .284   .353   .507   2.19   .375  -.016   3
  57 HRG31A   1818 1996    179      5      0    .800    .54   1.38   .342   .693   .569   2.28   .453  -.006   1
  58 HRG31C   1841 1996    156      4      0    .833    .63   1.84   .339   .618   .481   2.14   .405  -.011   1
  59 HRG33B   1412 1996    585     21      0    .833    .38   1.52   .218   .296   .680   2.49   .505   .000   3
  60 HRG3A    1381 1996    616     22      0    .855    .28   1.67   .219   .500   .719   2.77   .548  -.008   3
  61 HRG3B    1329 1996    668     24      0    .856    .38   3.55   .458   .684   .760   3.23   .577   .003   1
  62 HRG4A    1455 1810    356     12      0    .788    .46   1.70   .346   .398   .684   3.55   .570   .002   2
  63 HRG33A1   830 1000    171      3      0    .606    .53   1.18   .247   .417   .492   1.91   .397  -.000   1
  64 HRG33A2  1000 1727    728     27      0    .814    .44   1.01   .211   .300   .545   2.33   .434  -.005   3
  65 HRG4B    1407 1910    504     18      0    .844    .46   2.12   .382   .471   .716   3.12   .570  -.001   2
  66 HRG21A    830 1405    576     19      0    .798    .54   1.93   .357   .347   .715   2.60   .540   .037   0
 --- -------- ---------  -----  -----  -----   ------ -----  -----  -----  -----  -----  -----  -----  -----  --
 Total or mean:          24549    830      0    .841    .48   5.62   .330   .454   .653   3.99   .510   .004

 DATA CHECKS (rwl.check): or061
-----------------------------------------------------------------------------------------------------------------------------------
 rwl.check: data_files/treering/measurements/northamerica/usa/or061.rwl
 66 series, 24549 measurements, 830-1996, 0.01 mm precision
 0 error(s), 1 warning(s), 35 note(s)
 -------------
 WARNING
   RWL_ALL_ZERO_YEAR (1)
     every measured series is zero in 1652
 35 note(s) not shown; see rwl.check() or the 'check' element of this report.

 NOTES
-----------------------------------------------------------------------------------------------------------------------------------
 Report generated using dplR 1.8.1 (R 4.5.2) on 2026-10-01 16:53 PDT.
 Measurement file or061.rwl, MD5 071d32ed63048d510bccf844e2fbaa97.
 Filtering: each series divided by a 32-year smoothing spline (caps()), then prewhitened with
   an AR model (order by AIC, at most 3).
 Master: biweight robust mean of the other series (leave-one-out).
 Correlation: Pearson, one-tailed, pcrit = 0.01; critical r = 0.3281 for 50-year segments.
 Segments: 50 years, lagged 25, first segment floored to 100. Lags searched: +/- 10 years.
 A segment is tested only where the series and the master cover all of it, at the dated
   position and at every lag. COFECHA also tests partial segments at the ends of a series, so
   series here may show fewer segments, and no flags can be raised at the ends of the record.
 Lags follow COFECHA: negative means rings are probably missing from the series, positive means
   false rings. A missing ring carries its lag into every segment before it, so look where the
   lag changes along a series. A B flag is a hypothesis to check on the wood; the gain says how
   seriously to take it.
 A B flag marked "weak at every lag" correlates under the critical value even at its best lag:
   the segment is weak wherever it is placed, and the shift is not evidence of a dating error.
   Treat it as a low correlation, like an A.
 Averages in the summary and the totals are weighted by the number of years in each series, as
   COFECHA's are.
 Unfiltered block and mean sensitivity: the measurements as read, and sens1().
 dplR filtered block: the series that was correlated, after filtering. COFECHA's filtered
   series is defined differently, so these three columns are not COFECHA's numbers.
 AR: order of the AR model used to prewhiten.
