
 COFECHA-style crossdating report: or103
 Report generated using dplR 1.8.1 (R 4.5.2) on 2026-10-01 16:47 PDT
 Built with dplR's xdate.report(), not COFECHA; see the notes at the end.


      Measurement file name  : or103.rwl
      MD5 of measurement file: 95e1bbbce38e45eca3acda4001546aa0
      Date checked           : 01OCT26
      Beginning year         : 1569
      Ending year            : 2012
      Principal investigators: Appleton, S.N.; Smoter, E.; St. George, S.
      Site name              : Pinnacle
      Species information    : TSME Tsuga mertensiana (Bong.) Carrière
      Latitude               : 42.9100 N
      Longitude              : 122.0700 W
      Elevation              : 2198 m

      Series intercorrelation: 0.682
      Avg mean sensitivity   : 0.303
      Avg standard deviation : 0.532
      Avg autocorrelation    : 0.695
      Number dated series    : 65
      Segment length tested  : 50

      Number problem segments: 11  (A 4, B 7; 3 of the B weak at every lag)
      Pct problem segments   : 1.97


 CORRELATION OF SERIES BY SEGMENTS: or103
-----------------------------------------------------------------------------------------------------------------------------------
 Correlations of  50-year dated segments, lagged  25 years
 Flags:  A = correlation under   .3281 but highest as dated;  B = correlation higher at other than dated position

 Seq Series  Time_span  1600 1625 1650 1675 1700 1725 1750 1775 1800 1825 1850 1875 1900 1925 1950 
                        1649 1674 1699 1724 1749 1774 1799 1824 1849 1874 1899 1924 1949 1974 1999 
 --- -------- ---------  ---- ---- ---- ---- ---- ---- ---- ---- ---- ---- ---- ---- ---- ---- ---- 
   1 PNC01A   1796 2012                                          .56  .57  .78  .77  .75  .81  .84 
   2 PNC01B   1822 2012                                               .67  .65  .65  .80  .85  .87 
   3 PNC02A   1803 2012                                               .63  .73  .69  .75  .75  .77 
   4 PNC02B   1840 2012                                                    .69  .66  .67  .60  .56 
   5 PNC03A   1728 2012                                .31B .73  .82  .75  .83  .82  .64  .76  .82 
   6 PNC03B   1761 2012                                     .81  .88  .78  .81  .64  .53  .63  .67 
   7 PNC04A   1833 2012                                                    .64  .63  .70  .67  .69 
   8 PNC04B   1825 2012                                                    .66  .65  .55  .64  .68 
   9 PNC05A   1770 2012                                     .30A .62  .79  .63  .64  .73  .67  .48 
  10 PNC05B   1778 2012                                          .74  .83  .74  .67  .65  .79  .78 
  11 PNC06A   1752 2012                                     .70  .82  .82  .89  .82  .67  .69  .87 
  12 PNC06B   1800 2012                                          .84  .79  .78  .76  .75  .88  .88 
  13 PNC07A   1709 2012                           .74  .78  .78  .77  .76  .76  .75  .70  .71  .75 
  14 PNC07B   1714 2012                           .64  .72  .64  .62  .74  .83  .83  .67  .72  .88 
  15 PNC08A   1679 2012                      .73  .80  .72  .70  .76  .70  .73  .77  .74  .78  .76 
  16 PNC08B   1719 2012                           .74  .76  .67  .69  .73  .79  .84  .79  .78  .82 
  17 PNC09A   1857 2012                                                         .80  .72  .67  .75 
  18 PNC09B   1930 2012                                                                        .66 
  19 PNC10A   1627 2012            .54  .61  .65  .68  .66  .75  .75  .76  .86  .87  .86  .69  .72 
  20 PNC10B   1744 2012                                .72  .73  .74  .78  .85  .90  .88  .81  .45 
  21 PNC11A   1732 2006                                .65  .77  .70  .76  .90  .90  .86  .84  .35 
  22 PNC11B   1738 2003                                .72  .69  .65  .71  .83  .85  .81  .86  .40 
  23 PNC12A   1755 2012                                     .72  .73  .63  .66  .67  .66  .68  .70 
  24 PNC12B   1753 2012                                     .65  .72  .70  .80  .80  .80  .64  .51 
  25 PNC13A   1796 2012                                          .64  .80  .84  .78  .69  .68  .83 
  26 PNC13B   1673 2012                      .46  .49  .47  .55  .70  .77  .87  .90  .84  .89  .90 
  27 PNC14A   1711 2012                           .76  .68  .70  .80  .84  .85  .83  .84  .82  .76 
  28 PNC14B   1797 2012                                          .75  .75  .91  .80  .69  .78  .78 
  29 PNC15A   1659 1973                 .64  .55  .76  .67  .77  .87  .78  .80  .72  .47           
  30 PNC15B   1767 1931                                     .76  .86  .83  .79  .61                
  31 PNC15C   1758 1939                                     .74  .75  .77  .81  .57                
  32 PNC16A   1587 2012  .38  .38  .68  .80  .84  .75  .57  .70  .77  .78  .84  .86  .71  .59  .77 
  33 PNC16B   1648 2012                 .77  .80  .84  .74  .82  .82  .85  .90  .75  .56  .73  .67 
  34 PNC17A   1742 2012                                .68  .69  .72  .83  .82  .81  .78  .54  .58 
  35 PNC17B   1771 2012                                     .85  .84  .85  .88  .86  .82  .70  .48 
  36 PNC18A   1650 2012                 .62  .40  .51  .69  .82  .83  .84  .92  .90  .86  .84  .65 
  37 PNC18B   1677 2012                      .56  .66  .73  .83  .85  .88  .92  .89  .82  .79  .66 
  38 PNC19A   1772 2012                                     .56  .71  .78  .89  .69  .56  .70  .76 
  39 PNC19B   1810 2012                                               .78  .80  .68  .64  .66  .69 
  40 PNC20A   1708 2012                           .70  .69  .80  .79  .67  .72  .84  .82  .81  .81 
  41 PNC20B   1702 2012                           .78  .78  .80  .79  .81  .85  .83  .77  .70  .72 
  42 PNC21A   1859 2012                                                         .85  .84  .79  .79 
  43 PNC21B   1635 2012            .70  .79  .82  .83  .84  .85  .84  .86  .89  .89  .84  .86  .86 
  44 PNC22A   1727 2012                                .51  .61  .68  .81  .89  .92  .88  .89  .91 
  45 PNC22B   1697 2012                      .45  .47  .57  .80  .81  .84  .87  .84  .73  .82  .91 
  46 PNC23A   1752 2012                                     .71  .77  .70  .75  .74  .69  .74  .66 
  47 PNC24A   1723 2012                           .61  .45  .64  .79  .80  .82  .81  .66  .74  .87 
  48 PNC24B   1727 2012                                .58  .47  .60  .75  .84  .80  .73  .83  .86 
  49 PNC25A   1739 2012                                .63  .75  .80  .86  .88  .84  .81  .84  .79 
  50 PNC25B   1809 2012                                               .79  .88  .87  .78  .75  .85 
  51 PNC26A   1783 2012                                          .64  .61  .70  .76  .75  .74  .81 
  52 PNC26B   1786 2012                                          .55  .61  .64  .50  .48  .73  .65 
  53 PNC27A   1708 2012                           .70  .81  .78  .75  .71  .76  .64  .29A .51  .66 
  54 PNC27B   1737 2012                                .59  .66  .74  .68  .58  .48  .54  .77  .89 
  55 PNC28A   1639 2012            .02B .05B .28A .50  .50  .61  .62  .68  .74  .71  .66  .70  .72 
  56 PNC28B   1623 2012            .10B .39  .68  .68  .66  .72  .72  .57  .60  .66  .68  .80  .80 
  57 PNC29A   1671 2012                 .54  .58  .61  .52  .60  .71  .81  .79  .72  .65  .70  .84 
  58 PNC29B   1670 2012                 .14B .29A .46  .40  .82  .83  .71  .78  .84  .77  .70  .81 
  59 PNC30A   1761 2012                                     .76  .90  .86  .84  .73  .60  .73  .71 
  60 PNC30B   1737 2012                                .33  .36B .66  .64  .75  .78  .66  .77  .73 
  61 PNC31A   1578 2012  .49  .48  .67  .77  .72  .70  .79  .79  .79  .69  .73  .72  .69  .67  .74 
  62 PNC31B   1569 2012  .39  .40  .60  .57  .62  .68  .63  .69  .77  .82  .86  .76  .65  .74  .82 
  63 PNC32A   1926 2012                                                                        .29B
  64 PNC32B   1870 2012                                                         .77  .66  .57  .39 
  65 PNC32C   1863 2012                                                         .82  .69  .44  .49 
 Av segment correlation  .42  .42  .47  .56  .59  .67  .64  .70  .75  .76  .79  .76  .71  .73  .72 

 FLAGGED SEGMENTS: or103
-----------------------------------------------------------------------------------------------------------------------------------
 Seq Series   Segment    Flag  r dated  Best lag  r at lag   Gain  Note
 --- -------- ---------  ----  -------  --------  --------  -----  -----------------
   5 PNC03A   1750 1799     B     .314        -3      .346   .033
   9 PNC05A   1775 1824     A     .305         0
  53 PNC27A   1900 1949     A     .286         0
  55 PNC28A   1650 1699     B     .018         4      .257   .239  weak at every lag
  55 PNC28A   1675 1724     B     .051         4      .234   .183  weak at every lag
  55 PNC28A   1700 1749     A     .281         0
  56 PNC28B   1650 1699     B     .097        10      .210   .113  weak at every lag
  58 PNC29B   1675 1724     B     .135         1      .365   .230
  58 PNC29B   1700 1749     A     .292         0
  60 PNC30B   1775 1824     B     .364        -9      .401   .037
  63 PNC32A   1950 1999     B     .285        -9      .371   .086

 DESCRIPTIVE STATISTICS: or103
-----------------------------------------------------------------------------------------------------------------------------------

                                                Corr   //-------- Unfiltered --------\\  //-- dplR filtered --\\
                           No.    No.    No.    with   Mean   Max     Std   Auto   Mean   Max     Std   Auto  AR
 Seq Series   Interval   Years  Segmt  Flags   Master  msmt   msmt    dev   corr   sens  value    dev   corr  ()
 --- -------- ---------  -----  -----  -----   ------ -----  -----  -----  -----  -----  -----  -----  -----  --
   1 PNC01A   1796 2012    217      7      0    .707   1.68   3.60   .616   .612   .262   1.65   .234   .069   0
   2 PNC01B   1822 2012    191      6      0    .764   1.58   2.77   .438   .579   .212   1.58   .190   .004   3
   3 PNC02A   1803 2012    210      6      0    .728   1.11   2.40   .466   .643   .272   1.72   .247   .094   0
   4 PNC02B   1840 2012    173      5      0    .638   1.36   2.67   .379   .436   .236   1.53   .205  -.018   0
   5 PNC03A   1728 2012    285      9      1    .634   1.50   3.18   .561   .690   .243   1.60   .214   .010   3
   6 PNC03B   1761 2012    252      8      0    .699   1.33   2.79   .505   .768   .199   1.46   .181   .011   1
   7 PNC04A   1833 2012    180      5      0    .656   1.12   2.10   .334   .468   .263   1.79   .243   .008   2
   8 PNC04B   1825 2012    188      5      0    .587   1.02   1.93   .306   .693   .204   1.59   .197  -.008   3
   9 PNC05A   1770 2012    243      8      1    .538   1.19   3.98   .735   .820   .333   1.92   .306   .002   1
  10 PNC05B   1778 2012    235      7      0    .717   1.49   3.91   .684   .724   .277   1.98   .247  -.008   2
  11 PNC06A   1752 2012    261      8      0    .732   1.25   3.78   .686   .787   .292   1.77   .259   .076   0
  12 PNC06B   1800 2012    213      7      0    .827   1.59   3.37   .553   .663   .235   1.57   .208   .089   0
  13 PNC07A   1709 2012    304     10      0    .729   1.60   3.35   .547   .410   .302   2.28   .283   .007   3
  14 PNC07B   1714 2012    299     10      0    .758   1.27   2.71   .427   .510   .280   1.84   .254   .001   3
  15 PNC08A   1679 2012    334     11      0    .695   1.23   4.26   .800   .793   .340   2.27   .346   .018   1
  16 PNC08B   1719 2012    294     10      0    .771   1.14   3.70   .667   .747   .344   2.92   .329  -.002   3
  17 PNC09A   1857 2012    156      4      0    .753   1.24   3.66   .600   .630   .317   2.13   .304   .004   2
  18 PNC09B   1930 2012     83      1      0    .621   1.09   3.77   .740   .762   .314   2.13   .320  -.025   1
  19 PNC10A   1627 2012    386     13      0    .693   1.00   3.11   .511   .674   .354   2.57   .336  -.002   1
  20 PNC10B   1744 2012    269      9      0    .686   1.43   3.60   .708   .726   .311   2.11   .288   .070   0
  21 PNC11A   1732 2006    275      9      0    .595    .76   2.21   .363   .628   .336   2.34   .308  -.001   3
  22 PNC11B   1738 2003    266      9      0    .595    .81   2.48   .431   .743   .306   2.34   .293  -.007   2
  23 PNC12A   1755 2012    258      8      0    .655   1.34   3.73   .753   .785   .337   2.81   .343   .004   1
  24 PNC12B   1753 2012    260      8      0    .566    .87   2.20   .433   .715   .394   2.26   .350   .010   2
  25 PNC13A   1796 2012    217      7      0    .739   1.20   2.66   .542   .620   .372   2.25   .320   .092   0
  26 PNC13B   1673 2012    340     11      0    .701   1.04   2.52   .436   .709   .278   1.99   .259   .010   3
  27 PNC14A   1711 2012    302     10      0    .745   1.01   2.51   .415   .653   .265   1.88   .253  -.010   1
  28 PNC14B   1797 2012    216      7      0    .787   1.23   2.63   .489   .636   .277   1.98   .263   .006   1
  29 PNC15A   1659 1973    315     10      0    .647    .84   2.29   .511   .751   .373   2.19   .357  -.010   3
  30 PNC15B   1767 1931    165      5      0    .679    .83   2.06   .394   .528   .391   2.10   .348  -.013   2
  31 PNC15C   1758 1939    182      5      0    .608    .70   1.87   .392   .708   .380   2.04   .330  -.037   0
  32 PNC16A   1587 2012    426     15      0    .679   1.11   2.50   .492   .738   .258   1.80   .255   .005   3
  33 PNC16B   1648 2012    365     12      0    .714    .95   2.32   .499   .730   .325   2.00   .308   .009   3
  34 PNC17A   1742 2012    271      9      0    .627   1.10   2.94   .702   .602   .443   2.15   .374   .045   0
  35 PNC17B   1771 2012    242      8      0    .708    .92   2.37   .484   .666   .352   1.83   .292  -.004   3
  36 PNC18A   1650 2012    363     12      0    .696   1.03   3.09   .641   .857   .348   2.32   .313  -.004   3
  37 PNC18B   1677 2012    336     11      0    .745   1.13   3.15   .602   .834   .280   2.19   .262   .048   0
  38 PNC19A   1772 2012    241      8      0    .681   1.31   3.05   .674   .720   .296   1.90   .287   .011   2
  39 PNC19B   1810 2012    203      6      0    .717   1.34   2.46   .424   .564   .242   1.64   .231   .036   1
  40 PNC20A   1708 2012    305     10      0    .745   1.28   3.70   .796   .712   .427   2.11   .342  -.002   3
  41 PNC20B   1702 2012    311     10      0    .755    .88   3.12   .657   .796   .476   2.63   .381  -.014   3
  42 PNC21A   1859 2012    154      4      0    .812   1.12   2.89   .432   .617   .240   1.65   .228  -.017   3
  43 PNC21B   1635 2012    378     13      0    .822    .95   2.85   .452   .615   .330   1.75   .270  -.005   3
  44 PNC22A   1727 2012    286      9      0    .786   1.14   3.14   .459   .743   .241   1.84   .231   .005   1
  45 PNC22B   1697 2012    316     11      0    .734   1.11   3.13   .491   .784   .249   1.95   .233   .059   0
  46 PNC23A   1752 2012    261      8      0    .678   1.53   3.49   .682   .656   .287   1.85   .268  -.002   1
  47 PNC24A   1723 2012    290     10      0    .709   1.30   3.72   .653   .807   .239   2.33   .263  -.002   1
  48 PNC24B   1727 2012    286      9      0    .725   1.15   2.32   .488   .776   .226   1.72   .228  -.007   3
  49 PNC25A   1739 2012    274      9      0    .761   1.46   3.98   .658   .654   .291   2.10   .277   .004   3
  50 PNC25B   1809 2012    204      6      0    .811   1.71   3.66   .653   .687   .244   1.86   .238  -.001   3
  51 PNC26A   1783 2012    230      7      0    .674    .86   2.14   .403   .666   .333   2.49   .334   .020   1
  52 PNC26B   1786 2012    227      7      0    .529   1.01   2.42   .467   .777   .329   3.59   .346   .058   2
  53 PNC27A   1708 2012    305     10      1    .631    .95   2.60   .425   .631   .341   3.03   .330   .032   3
  54 PNC27B   1737 2012    276      9      0    .677   1.26   3.10   .537   .636   .309   2.08   .301   .013   3
  55 PNC28A   1639 2012    374     13      3    .431   1.13   3.09   .674   .865   .281   2.20   .280  -.009   3
  56 PNC28B   1623 2012    390     13      1    .509    .80   2.01   .425   .787   .327   2.45   .318  -.017   3
  57 PNC29A   1671 2012    342     12      0    .677    .87   2.39   .425   .767   .284   1.87   .254   .007   1
  58 PNC29B   1670 2012    343     12      2    .612    .98   2.76   .485   .737   .291   2.10   .288  -.005   1
  59 PNC30A   1761 2012    252      8      0    .735   1.53   3.00   .592   .755   .217   1.79   .199   .006   1
  60 PNC30B   1737 2012    276      9      1    .626   1.26   2.99   .405   .602   .210   1.78   .213  -.006   3
  61 PNC31A   1578 2012    435     15      0    .695    .78   2.12   .401   .594   .352   2.16   .343  -.001   3
  62 PNC31B   1569 2012    444     15      0    .671    .96   2.89   .429   .630   .317   2.02   .298  -.014   3
  63 PNC32A   1926 2012     87      1      1    .320    .78   1.55   .420   .885   .214   1.61   .224   .018   1
  64 PNC32B   1870 2012    143      4      0    .584   1.11   2.66   .500   .665   .273   1.86   .280   .013   1
  65 PNC32C   1863 2012    150      4      0    .603   1.19   2.28   .497   .677   .262   1.73   .257  -.013   1
 --- -------- ---------  -----  -----  -----   ------ -----  -----  -----  -----  -----  -----  -----  -----  --
 Total or mean:          17355    557     11    .682   1.14   4.26   .532   .695   .303   3.59   .283   .010

 DATA CHECKS (rwl.check): or103
-----------------------------------------------------------------------------------------------------------------------------------
 rwl.check: data_files/treering/measurements/northamerica/usa/or103.rwl
 65 series, 17355 measurements, 1569-2012, 0.001 mm precision
 0 error(s), 1 warning(s), 10 note(s)
 -------------
 WARNING
   RWL_SERIES_OUTLIER (1)
     PNC32A: correlates with the rest of the collection at r = 0.255 where the collection median is 0.66 (5.2 MAD below it); it does not fit the collection it is in
 10 note(s) not shown; see rwl.check() or the 'check' element of this report.

 NOTES
-----------------------------------------------------------------------------------------------------------------------------------
 Report generated using dplR 1.8.1 (R 4.5.2) on 2026-10-01 16:47 PDT.
 Measurement file or103.rwl, MD5 95e1bbbce38e45eca3acda4001546aa0.
 Filtering: each series divided by a 32-year smoothing spline (caps()), then prewhitened with
   an AR model (order by AIC, at most 3).
 Master: biweight robust mean of the other series (leave-one-out).
 Correlation: Pearson, one-tailed, pcrit = 0.01; critical r = 0.3281 for 50-year segments.
 Segments: 50 years, lagged 25, first segment floored to 100. Lags searched: +/- 10 years.
 A segment is tested only where the series and the master cover all of it, at the dated
   position and at every lag. COFECHA also tests partial segments at the ends of a series, so
   series here may show fewer segments, and no flags can be raised at the ends of the record.
 Lags follow COFECHA: negative means rings are probably missing from the series, positive means
   false rings. A missing ring carries its lag into every segment before it, so look where the
   lag changes along a series. A B flag is a hypothesis to check on the wood; the gain says how
   seriously to take it.
 A B flag marked "weak at every lag" correlates under the critical value even at its best lag:
   the segment is weak wherever it is placed, and the shift is not evidence of a dating error.
   Treat it as a low correlation, like an A.
 Averages in the summary and the totals are weighted by the number of years in each series, as
   COFECHA's are.
 Unfiltered block and mean sensitivity: the measurements as read, and sens1().
 dplR filtered block: the series that was correlated, after filtering. COFECHA's filtered
   series is defined differently, so these three columns are not COFECHA's numbers.
 AR: order of the AR model used to prewhiten.
