
 COFECHA-style crossdating report: or102
 Report generated using dplR 1.8.1 (R 4.5.2) on 2026-10-01 16:48 PDT
 Built with dplR's xdate.report(), not COFECHA; see the notes at the end.


      Measurement file name  : or102.rwl
      MD5 of measurement file: f608ba4e5eaba35b7dd4805145aefe0a
      Date checked           : 01OCT26
      Beginning year         : 1490
      Ending year            : 2012
      Principal investigators: Appleton, S.N.; Smoter, E.; St. George, S.
      Site name              : Pumice
      Species information    : TSME Tsuga mertensiana (Bong.) Carrière
      Latitude               : 42.9800 N
      Longitude              : 122.1000 W
      Elevation              : 2075 m

      Series intercorrelation: 0.691
      Avg mean sensitivity   : 0.273
      Avg standard deviation : 0.495
      Avg autocorrelation    : 0.703
      Number dated series    : 70
      Segment length tested  : 50

      Number problem segments: 13  (A 5, B 8; 5 of the B weak at every lag)
      Pct problem segments   : 1.77


 CORRELATION OF SERIES BY SEGMENTS: or102
-----------------------------------------------------------------------------------------------------------------------------------
 Correlations of  50-year dated segments, lagged  25 years
 Flags:  A = correlation under   .3281 but highest as dated;  B = correlation higher at other than dated position

 Seq Series  Time_span  1500 1525 1550 1575 1600 1625 1650 1675 1700 1725 1750 1775 1800 1825 1850 1875 1900 1925 1950 
                        1549 1574 1599 1624 1649 1674 1699 1724 1749 1774 1799 1824 1849 1874 1899 1924 1949 1974 1999 
 --- -------- ---------  ---- ---- ---- ---- ---- ---- ---- ---- ---- ---- ---- ---- ---- ---- ---- ---- ---- ---- ---- 
   1 PMP01A   1664 2012                                     .62  .56  .50  .42  .68  .77  .78  .80  .78  .71  .57  .54 
   2 PMP01B   1573 2012                 .83  .78  .60  .58  .58  .49  .59  .67  .62  .55  .75  .83  .74  .64  .51  .72 
   3 PMP02A   1799 2012                                                                   .57  .69  .78  .53  .44  .66 
   4 PMP02B   1717 2012                                               .36  .53  .60  .56  .68  .78  .76  .59  .42  .53 
   5 PMP03A   1735 2012                                                    .76  .80  .76  .69  .73  .73  .71  .66  .75 
   6 PMP03B   1674 2012                                          .64  .62  .60  .70  .69  .64  .72  .59  .39  .32A .46 
   7 PMP04A   1691 2012                                          .59  .64  .79  .81  .73  .76  .85  .82  .74  .52  .41B
   8 PMP04B   1808 2012                                                                   .71  .77  .82  .80  .74  .70 
   9 PMP05A   1644 2012                                .61  .58  .52  .62  .72  .84  .80  .65  .75  .90  .79  .73  .74 
  10 PMP05B   1490 2012                 .71  .71  .55  .49  .62  .59  .64  .67  .39B .28B .57  .87  .89  .77  .54  .64 
  11 PMP06A   1601 2012                           .62  .56  .41  .25B .16B .31A .77  .77  .80  .85  .76  .69  .64  .74 
  12 PMP06B   1653 2012                                     .31A .15B .25B .48  .72  .70  .73  .81  .68  .53  .53  .58 
  13 PMP07A   1752 2012                                                         .79  .79  .75  .82  .72  .59  .57  .44 
  14 PMP07B   1603 2012                           .66  .73  .64  .63  .62  .63  .80  .82  .79  .86  .80  .73  .67  .65 
  15 PMP08A   1563 1879                 .84  .67  .61  .75  .76  .75  .78  .79  .72  .72  .48                          
  16 PMP08B   1553 1899                 .84  .77  .69  .73  .76  .65  .69  .70  .60  .62  .52  .45                     
  17 PMP09A   1717 2012                                               .59  .68  .81  .83  .85  .87  .82  .65  .48  .47 
  18 PMP09B   1639 2012                                .62  .75  .81  .62  .59  .59  .60  .83  .86  .82  .75  .72  .71 
  19 PMP10A   1617 2012                           .78  .80  .55  .59  .75  .71  .77  .77  .83  .92  .86  .75  .72  .74 
  20 PMP10B   1783 2012                                                              .62  .81  .84  .80  .72  .78  .77 
  21 PMP11A   1587 2009                      .87  .81  .73  .67  .64  .67  .73  .82  .78  .61  .67  .70  .58  .50  .66 
  22 PMP11B   1566 2012                 .89  .86  .84  .83  .79  .52  .38  .55  .74  .71  .80  .83  .68  .55  .69  .73 
  23 PMP12A   1710 2012                                               .62  .63  .89  .86  .80  .82  .80  .66  .61  .61 
  24 PMP12B   1735 2012                                                    .78  .84  .83  .85  .88  .87  .78  .74  .78 
  25 PMP13A   1675 2012                                          .76  .71  .74  .80  .77  .79  .84  .84  .76  .68  .58 
  26 PMP13B   1667 2012                                     .76  .61  .58  .75  .79  .75  .81  .86  .83  .73  .46  .40 
  27 PMP14A   1658 2011                                     .68  .65  .68  .78  .85  .85  .87  .85  .72  .51  .56  .63 
  28 PMP14B   1729 2012                                                    .76  .87  .88  .83  .90  .88  .70  .52  .52 
  29 PMP15A   1613 2012                           .55  .67  .71  .66  .65  .66  .79  .77  .82  .89  .85  .78  .77  .78 
  30 PMP15B   1687 2012                                          .69  .68  .75  .81  .81  .69  .78  .75  .60  .65  .67 
  31 PMP16A   1750 2012                                                         .67  .68  .81  .88  .81  .73  .74  .62 
  32 PMP16B   1690 2012                                          .57  .68  .72  .74  .77  .79  .82  .81  .74  .78  .73 
  33 PMP17A   1783 2012                                                              .86  .89  .90  .85  .71  .76  .82 
  34 PMP17B   1750 2012                                                    .65  .76  .83  .82  .77  .73  .66  .69  .72 
  35 PMP18A   1744 2012                                                    .79  .84  .82  .87  .91  .86  .73  .71  .70 
  36 PMP18B   1739 2012                                                    .85  .82  .79  .84  .87  .81  .72  .68  .76 
  37 PMP19A   1755 2012                                                         .76  .87  .89  .89  .87  .72  .69  .77 
  38 PMP19B   1748 2012                                                    .52  .49  .61  .80  .85  .78  .66  .72  .73 
  39 PMP20A   1753 2012                                                         .80  .62  .60  .80  .76  .62  .64  .71 
  40 PMP20B   1712 2012                                               .58  .54  .64  .67  .79  .76  .68  .44  .50  .71 
  41 PMP21A   1690 2012                                          .58  .57  .60  .81  .84  .77  .73  .72  .75  .78  .78 
  42 PMP21B   1591 2012                      .65  .66  .58  .50  .68  .57  .55  .79  .77  .76  .79  .74  .65  .63  .40 
  43 PMP22A   1661 2012                                     .64  .59  .52  .35  .50  .69  .78  .82  .80  .62  .56  .58 
  44 PMP22B   1715 2012                                               .55  .49  .58  .64  .81  .80  .62  .51  .58  .70 
  45 PMP23A   1707 2012                                               .78  .80  .81  .77  .79  .89  .89  .78  .76  .76 
  46 PMP23B   1696 2012                                          .54  .67  .70  .77  .66  .67  .82  .79  .74  .63  .56 
  47 PMP24A   1692 2012                                          .46  .36  .36  .64  .54  .33A .61  .57  .51  .62  .70 
  48 PMP24B   1713 2012                                               .52  .45  .64  .69  .67  .78  .63  .40  .63  .68 
  49 PMP25A   1752 2012                                                         .73  .83  .80  .82  .85  .83  .74  .67 
  50 PMP25B   1724 2012                                                    .75  .83  .79  .70  .79  .76  .72  .77  .76 
  51 PMP26A   1654 2012                                     .62  .79  .81  .69  .78  .77  .66  .83  .75  .60  .73  .72 
  52 PMP26B   1691 2012                                          .66  .62  .48  .59  .72  .69  .79  .83  .79  .68  .63 
  53 PMP27A   1769 2012                                                         .83  .80  .75  .73  .74  .75  .71  .57 
  54 PMP27B   1753 2012                                                         .68  .72  .58  .61  .64  .56  .61  .56 
  55 PMP28A   1662 2012                                     .73  .72  .69  .68  .80  .80  .75  .83  .76  .59  .70  .69 
  56 PMP28B   1706 2012                                               .61  .57  .75  .79  .84  .89  .77  .57  .59  .67 
  57 PMP29A   1750 2012                                                         .77  .87  .83  .85  .85  .80  .76  .55 
  58 PMP29B   1773 2012                                                         .68  .83  .73  .69  .67  .62  .67  .62 
  59 PMP30A   1693 2012                                          .76  .74  .62  .81  .76  .72  .82  .80  .73  .72  .76 
  60 PMP30B   1694 2012                                          .69  .65  .63  .87  .81  .72  .82  .83  .74  .69  .66 
  61 PMP31A   1778 2012                                                              .84  .72  .85  .80  .64  .65  .77 
  62 PMP31B   1726 2012                                                    .67  .83  .80  .75  .83  .76  .64  .71  .67 
  63 PMP32A   1718 2012                                               .54  .71  .62  .62  .70  .76  .80  .70  .70  .70 
  64 PMP32B   1844 2012                                                                        .62  .75  .42  .38  .53 
  65 PMP33A   1776 2012                                                              .84  .75  .82  .79  .72  .57  .27A
  66 PMP33B   1733 2012                                                    .72  .81  .79  .65  .84  .66  .55  .71  .58 
  67 PMP34A   1614 2012                           .22B .68  .67  .65  .75  .76  .85  .80  .76  .88  .88  .80  .80  .86 
  68 PMP34B   1623 2012                           .73  .69  .72  .74  .75  .73  .79  .80  .73  .79  .74  .67  .56  .51 
  69 PMP35A   1655 2012                                     .75  .77  .76  .69  .81  .81  .77  .75  .66  .59  .68  .70 
  70 PMP35B   1741 2012                                                    .72  .78  .79  .75  .76  .78  .76  .76  .77 
 Av segment correlation                 .82  .76  .64  .67  .64  .62  .61  .65  .74  .75  .74  .80  .77  .66  .64  .65 

 FLAGGED SEGMENTS: or102
-----------------------------------------------------------------------------------------------------------------------------------
 Seq Series   Segment    Flag  r dated  Best lag  r at lag   Gain  Note
 --- -------- ---------  ----  -------  --------  --------  -----  -----------------
   6 PMP03B   1925 1974     A     .324         0
   7 PMP04A   1950 1999     B     .407         4      .506   .098
  10 PMP05B   1775 1824     B     .392        -1      .479   .087
  10 PMP05B   1800 1849     B     .276        -1      .490   .213
  11 PMP06A   1700 1749     B     .247         2      .262   .015  weak at every lag
  11 PMP06A   1725 1774     B     .159        -8      .235   .076  weak at every lag
  11 PMP06A   1750 1799     A     .314         0
  12 PMP06B   1675 1724     A     .315         0
  12 PMP06B   1700 1749     B     .153        -6      .247   .094  weak at every lag
  12 PMP06B   1725 1774     B     .251         8      .263   .012  weak at every lag
  47 PMP24A   1825 1874     A     .328         0
  65 PMP33A   1950 1999     A     .265         0
  67 PMP34A   1625 1674     B     .222         8      .306   .084  weak at every lag

 DESCRIPTIVE STATISTICS: or102
-----------------------------------------------------------------------------------------------------------------------------------

                                                Corr   //-------- Unfiltered --------\\  //-- dplR filtered --\\
                           No.    No.    No.    with   Mean   Max     Std   Auto   Mean   Max     Std   Auto  AR
 Seq Series   Interval   Years  Segmt  Flags   Master  msmt   msmt    dev   corr   sens  value    dev   corr  ()
 --- -------- ---------  -----  -----  -----   ------ -----  -----  -----  -----  -----  -----  -----  -----  --
   1 PMP01A   1664 2012    349     12      0    .672    .87   3.81   .479   .630   .327   2.47   .335  -.004   2
   2 PMP01B   1573 2012    440     16      0    .669   1.10   2.71   .491   .641   .296   2.65   .312   .017   1
   3 PMP02A   1799 2012    214      6      0    .656   1.59   5.00   .790   .818   .216   1.65   .213   .004   2
   4 PMP02B   1717 2012    296     10      0    .603    .88   3.37   .420   .751   .238   1.92   .252   .025   1
   5 PMP03A   1735 2012    278      9      0    .681   1.10   3.49   .521   .406   .450   2.78   .404  -.001   2
   6 PMP03B   1674 2012    339     11      1    .550    .81   2.48   .484   .695   .400   2.82   .387  -.003   3
   7 PMP04A   1691 2012    322     11      1    .678   1.03   2.73   .442   .546   .340   2.29   .329   .025   1
   8 PMP04B   1808 2012    205      6      0    .770   1.40   2.57   .413   .465   .248   1.66   .237   .003   1
   9 PMP05A   1644 2012    369     13      0    .704    .88   2.59   .512   .708   .391   2.23   .345  -.006   3
  10 PMP05B   1490 2012    523     16      2    .623    .81   2.24   .401   .739   .294   1.80   .264  -.003   3
  11 PMP06A   1601 2012    412     14      3    .558    .79   3.90   .564   .773   .374   3.28   .370   .009   3
  12 PMP06B   1653 2012    360     12      3    .564    .86   2.42   .422   .672   .318   1.95   .311   .008   2
  13 PMP07A   1752 2012    261      8      0    .669   1.33   2.60   .403   .378   .272   1.92   .255  -.001   3
  14 PMP07B   1603 2012    410     14      0    .682   1.03   3.35   .524   .704   .332   2.09   .323   .016   1
  15 PMP08A   1563 1879    317     11      0    .629    .97   2.98   .640   .784   .423   2.14   .362  -.012   3
  16 PMP08B   1553 1899    347     12      0    .591    .99   3.57   .650   .759   .413   2.55   .396  -.006   3
  17 PMP09A   1717 2012    296     10      0    .717   1.08   2.38   .450   .579   .307   1.93   .293   .006   2
  18 PMP09B   1639 2012    374     13      0    .674    .96   2.29   .450   .622   .318   2.47   .314   .003   3
  19 PMP10A   1617 2012    396     14      0    .751   1.19   3.13   .504   .475   .359   2.09   .328   .011   1
  20 PMP10B   1783 2012    230      7      0    .738   1.57   3.92   .682   .392   .382   2.10   .350   .006   1
  21 PMP11A   1587 2009    423     15      0    .651    .80   2.71   .457   .691   .326   3.11   .338   .019   2
  22 PMP11B   1566 2012    447     16      0    .705   1.08   5.76   .740   .761   .349   2.64   .329   .000   3
  23 PMP12A   1710 2012    303     10      0    .730   1.65   4.22   .580   .582   .257   1.74   .254   .019   1
  24 PMP12B   1735 2012    278      9      0    .815   1.11   2.19   .381   .556   .268   1.84   .257  -.017   3
  25 PMP13A   1675 2012    338     11      0    .754   1.02   3.02   .605   .788   .289   2.23   .286   .001   3
  26 PMP13B   1667 2012    346     12      0    .688    .96   3.81   .647   .776   .335   2.33   .339   .021   1
  27 PMP14A   1658 2011    354     12      0    .723    .72   2.87   .503   .819   .280   2.17   .282   .002   3
  28 PMP14B   1729 2012    284      9      0    .759   1.03   4.41   .802   .902   .269   1.87   .245  -.005   3
  29 PMP15A   1613 2012    400     14      0    .719    .76   1.80   .301   .701   .252   1.85   .238   .007   1
  30 PMP15B   1687 2012    326     11      0    .730   1.05   2.44   .409   .743   .215   1.71   .217   .016   1
  31 PMP16A   1750 2012    263      8      0    .712   1.32   2.06   .298   .450   .191   1.49   .177  -.003   3
  32 PMP16B   1690 2012    323     11      0    .700   1.39   2.46   .333   .473   .190   2.14   .198   .010   3
  33 PMP17A   1783 2012    230      7      0    .808   1.47   2.99   .476   .549   .229   1.74   .209   .049   0
  34 PMP17B   1750 2012    263      9      0    .745   1.31   3.09   .500   .795   .193   1.52   .182   .037   0
  35 PMP18A   1744 2012    269      9      0    .804   1.29   3.87   .612   .679   .293   1.97   .280   .004   1
  36 PMP18B   1739 2012    274      9      0    .798   1.09   5.92   .690   .790   .271   2.04   .248  -.000   3
  37 PMP19A   1755 2012    258      8      0    .790   1.17   2.66   .442   .585   .294   2.04   .276   .001   3
  38 PMP19B   1748 2012    265      9      0    .702   1.07   1.99   .340   .551   .257   1.72   .246   .011   1
  39 PMP20A   1753 2012    260      8      0    .717   1.18   2.98   .519   .652   .297   1.79   .275   .001   1
  40 PMP20B   1712 2012    301     10      0    .670   1.05   2.42   .347   .663   .214   1.78   .216   .023   1
  41 PMP21A   1690 2012    323     11      0    .713    .94   3.04   .516   .816   .248   1.70   .243   .002   1
  42 PMP21B   1591 2012    422     15      0    .642   1.08   2.58   .415   .756   .202   1.79   .194   .005   3
  43 PMP22A   1661 2012    352     12      0    .639    .98   2.74   .465   .707   .292   2.09   .263   .000   1
  44 PMP22B   1715 2012    298     10      0    .647    .62   1.84   .323   .758   .291   1.90   .269  -.006   3
  45 PMP23A   1707 2012    306     10      0    .796   1.05   2.38   .385   .618   .237   2.28   .253   .001   3
  46 PMP23B   1696 2012    317     11      0    .683   1.01   3.46   .399   .694   .221   1.91   .228   .006   3
  47 PMP24A   1692 2012    321     11      1    .535    .70   2.94   .411   .875   .223   1.67   .213   .002   1
  48 PMP24B   1713 2012    300     10      0    .629    .95   4.42   .579   .878   .207   1.78   .207  -.015   1
  49 PMP25A   1752 2012    261      8      0    .693   1.19   2.59   .541   .744   .277   2.52   .286  -.008   2
  50 PMP25B   1724 2012    289      9      0    .763   1.19   5.12   .686   .796   .236   1.93   .237  -.002   3
  51 PMP26A   1654 2012    359     12      0    .718    .90   2.00   .335   .650   .244   1.74   .226  -.002   2
  52 PMP26B   1691 2012    322     11      0    .629   1.70   5.97   .801   .632   .255   2.33   .280   .016   1
  53 PMP27A   1769 2012    244      8      0    .728   1.17   3.35   .492   .717   .228   1.84   .241   .000   3
  54 PMP27B   1753 2012    260      8      0    .624   1.03   3.44   .622   .859   .231   1.97   .244  -.010   3
  55 PMP28A   1662 2012    351     12      0    .728    .97   3.03   .476   .773   .254   2.01   .257  -.005   3
  56 PMP28B   1706 2012    307     10      0    .719   1.02   2.68   .419   .808   .183   1.59   .182  -.028   3
  57 PMP29A   1750 2012    263      8      0    .707   1.04   1.89   .353   .719   .208   1.95   .214   .026   2
  58 PMP29B   1773 2012    240      8      0    .672    .87   1.87   .322   .728   .203   1.59   .196   .014   2
  59 PMP30A   1693 2012    320     11      0    .758   1.06   2.70   .534   .841   .238   1.82   .220  -.003   3
  60 PMP30B   1694 2012    319     11      0    .742   1.05   3.25   .589   .890   .202   1.92   .202  -.009   2
  61 PMP31A   1778 2012    235      7      0    .786   1.25   2.92   .511   .760   .211   1.64   .206   .008   1
  62 PMP31B   1726 2012    287      9      0    .739   1.37   3.33   .576   .818   .189   1.50   .177  -.011   3
  63 PMP32A   1718 2012    295     10      0    .678   1.08   2.83   .407   .702   .218   1.66   .213  -.005   3
  64 PMP32B   1844 2012    169      5      0    .563    .83   1.98   .429   .845   .204   1.53   .194   .007   2
  65 PMP33A   1776 2012    237      7      1    .614   1.41   4.38   .631   .814   .192   1.81   .211  -.013   3
  66 PMP33B   1733 2012    280      9      0    .681   1.29   3.16   .530   .831   .168   1.73   .166   .014   1
  67 PMP34A   1614 2012    399     14      1    .727   1.10   2.74   .466   .722   .253   2.12   .242   .000   3
  68 PMP34B   1623 2012    390     14      0    .708    .90   2.94   .463   .786   .234   1.94   .232   .014   1
  69 PMP35A   1655 2012    358     12      0    .655    .98   2.24   .410   .766   .230   1.76   .230  -.003   3
  70 PMP35B   1741 2012    272      9      0    .756   1.36   2.83   .461   .681   .213   1.75   .209   .031   3
 --- -------- ---------  -----  -----  -----   ------ -----  -----  -----  -----  -----  -----  -----  -----  --
 Total or mean:          22039    734     13    .691   1.06   5.97   .495   .703   .273   3.28   .265   .005

 DATA CHECKS (rwl.check): or102
-----------------------------------------------------------------------------------------------------------------------------------
 rwl.check: data_files/treering/measurements/northamerica/usa/or102.rwl
 70 series, 22039 measurements, 1490-2012, 0.001 mm precision
 0 error(s), 0 warning(s), 3 note(s)
 -------------
 Nothing to report at this severity.
 3 note(s) not shown; see rwl.check() or the 'check' element of this report.

 NOTES
-----------------------------------------------------------------------------------------------------------------------------------
 Report generated using dplR 1.8.1 (R 4.5.2) on 2026-10-01 16:48 PDT.
 Measurement file or102.rwl, MD5 f608ba4e5eaba35b7dd4805145aefe0a.
 Filtering: each series divided by a 32-year smoothing spline (caps()), then prewhitened with
   an AR model (order by AIC, at most 3).
 Master: biweight robust mean of the other series (leave-one-out).
 Correlation: Pearson, one-tailed, pcrit = 0.01; critical r = 0.3281 for 50-year segments.
 Segments: 50 years, lagged 25, first segment floored to 100. Lags searched: +/- 10 years.
 A segment is tested only where the series and the master cover all of it, at the dated
   position and at every lag. COFECHA also tests partial segments at the ends of a series, so
   series here may show fewer segments, and no flags can be raised at the ends of the record.
 Lags follow COFECHA: negative means rings are probably missing from the series, positive means
   false rings. A missing ring carries its lag into every segment before it, so look where the
   lag changes along a series. A B flag is a hypothesis to check on the wood; the gain says how
   seriously to take it.
 A B flag marked "weak at every lag" correlates under the critical value even at its best lag:
   the segment is weak wherever it is placed, and the shift is not evidence of a dating error.
   Treat it as a low correlation, like an A.
 Averages in the summary and the totals are weighted by the number of years in each series, as
   COFECHA's are.
 Unfiltered block and mean sensitivity: the measurements as read, and sens1().
 dplR filtered block: the series that was correlated, after filtering. COFECHA's filtered
   series is defined differently, so these three columns are not COFECHA's numbers.
 AR: order of the AR model used to prewhiten.
