
 COFECHA-style crossdating report: ut535
 Report generated using dplR 1.8.1 (R 4.5.2) on 2026-10-01 16:56 PDT
 Built with dplR's xdate.report(), not COFECHA; see the notes at the end.


      Measurement file name  : ut535.rwl
      MD5 of measurement file: 7c022f9001acef380c7a4260f3e249f7
      Date checked           : 01OCT26
      Beginning year         : 351
      Ending year            : 2006
      Principal investigators: Tikalsky, B.P.; Bekker, M.F.; DeRose, R.J.; Kershner, M.; Bright, B.C.
      Site name              : Big Flat Ridge
      Species information    : PIFL Pinus flexilis E. James
      Latitude               : 40.5667 N
      Longitude              : 111.5833 W
      Elevation              : 3000 m

      Series intercorrelation: 0.545
      Avg mean sensitivity   : 0.176
      Avg standard deviation : 0.189
      Avg autocorrelation    : 0.790
      Number dated series    : 73
      Segment length tested  : 50

      Number problem segments: 31  (A 23, B 8; 5 of the B weak at every lag)
      Pct problem segments   : 3.20


 CORRELATION OF SERIES BY SEGMENTS: ut535
-----------------------------------------------------------------------------------------------------------------------------------
 Correlations of  50-year dated segments, lagged  25 years
 Flags:  A = correlation under   .3281 but highest as dated;  B = correlation higher at other than dated position

 Seq Series  Time_span   400  425  450  475  500  525  550  575  600  625  650  675  700  725  750  775  800  825  850  875 
                         449  474  499  524  549  574  599  624  649  674  699  724  749  774  799  824  849  874  899  924 
 --- -------- ---------  ---- ---- ---- ---- ---- ---- ---- ---- ---- ---- ---- ---- ---- ---- ---- ---- ---- ---- ---- ---- 
  54 BFL46-4   351 1679       .75  .75  .64  .55  .71  .65  .62  .73  .72  .67  .71  .77  .67  .62  .72  .66  .54  .50  .55 
  55 BFL46B    411 2006       .75  .75  .64  .57  .73  .84  .76  .62  .68  .74  .68  .74  .72  .68  .79  .70  .56  .54  .70 
  56 BFL46C1   768 1288                                                                             .67  .72  .61  .52  .62 
  61 BFL50-3   676  786                                                              .66  .54                               
  62 BFL50-4   519  659                           .40  .51  .42  .39                                                        
 Av segment correlation       .75  .75  .64  .56  .62  .67  .60  .58  .70  .71  .70  .72  .64  .65  .73  .69  .57  .52  .62 

 CORRELATION OF SERIES BY SEGMENTS: ut535
-----------------------------------------------------------------------------------------------------------------------------------
 Correlations of  50-year dated segments, lagged  25 years
 Flags:  A = correlation under   .3281 but highest as dated;  B = correlation higher at other than dated position

 Seq Series  Time_span   900  925  950  975 1000 1025 1050 1075 1100 1125 1150 1175 1200 1225 1250 1275 1300 1325 1350 1375 
                         949  974  999 1024 1049 1074 1099 1124 1149 1174 1199 1224 1249 1274 1299 1324 1349 1374 1399 1424 
 --- -------- ---------  ---- ---- ---- ---- ---- ---- ---- ---- ---- ---- ---- ---- ---- ---- ---- ---- ---- ---- ---- ---- 
  15 BFL23A   1200 2006                                                                   .58  .54  .53  .61  .75  .67  .68 
  16 BFL23B   1263 2006                                                                             .57  .66  .72  .68  .74 
  17 BFL23C   1082 2006                                          .41  .55  .68  .62  .64  .53  .39  .39  .55  .72  .77  .77 
  18 BFL23D   1332 2006                                                                                            .79  .76 
  22 BFL26B   1202 2006                                                                   .57  .53  .52  .64  .68  .76  .76 
  23 BFL26C   1216 2006                                                                   .53  .64  .64  .64  .66  .73  .76 
  24 BFD27A   1295 1579                                                                                  .68  .70  .53  .55 
  25 BFD27B   1191 1629                                                              .52  .46  .52  .66  .46  .54  .74  .68 
  27 BFL29    1150 1516                                                         .66  .50  .35  .41  .55  .36  .35  .62  .75 
  28 BFL30    1371 1949                                                                                                 .36 
  29 BFL30-2  1096 1302                                          .38  .45  .51  .46  .48  .64  .53                          
  33 BFL33C3  1094 1413                                          .39  .32A .24A .38B .47  .37  .30A .37  .53  .48  .43      
  34 BFL33C4  1105 1431                                               .41  .42  .54  .60  .47  .39  .38  .60  .73  .53  .53 
  41 BFL36B   1340 1673                                                                                            .57  .54 
  42 BFL38A   1168 1592                                                         .56  .47  .54  .46  .40  .62  .64  .65  .69 
  43 BFL38B2  1252 1469                                                                             .42  .58  .61  .64  .57 
  44 BFL39A   1337 1557                                                                                            .24B .36 
  50 BFL44    1105 1649                                               .58  .61  .56  .50  .35  .37  .56  .38  .55  .58  .32A
  54 BFL46-4   351 1679  .65  .68  .70  .69  .54  .67  .63  .53  .47  .57  .63  .59  .57  .60  .38  .36  .52  .65  .67  .65 
  55 BFL46B    411 2006  .71  .69  .65  .56  .63  .58  .57  .55  .51  .61  .68  .66  .53  .58  .55  .39  .35  .39  .61  .76 
  56 BFL46C1   768 1288  .69  .70  .69  .65  .58  .75  .75  .60  .48  .54  .58  .48  .55  .56                               
  57 BFL46C2  1325 1499                                                                                            .59  .55 
  60 BFL50    1062 2006                                     .33  .73  .57  .53  .66  .71  .68  .47  .39  .42  .56  .70  .61 
  63 BFL50B1   991 1142                      .41  .44  .32A .41                                                             
  64 BFL50B2  1063 1474                                     .59  .71  .62  .48  .53  .61  .61  .38  .27A .46  .49  .49  .44 
  69 BFL53    1350 1978                                                                                                 .48 
  72 BFL57    1203 1650                                                                   .44  .42  .41  .45  .51  .61  .48 
  73 BFL58    1290 1617                                                                                  .56  .70  .66  .57 
 Av segment correlation  .68  .69  .68  .63  .54  .61  .57  .50  .51  .52  .54  .56  .55  .52  .46  .46  .53  .60  .62  .60 

 CORRELATION OF SERIES BY SEGMENTS: ut535
-----------------------------------------------------------------------------------------------------------------------------------
 Correlations of  50-year dated segments, lagged  25 years
 Flags:  A = correlation under   .3281 but highest as dated;  B = correlation higher at other than dated position

 Seq Series  Time_span  1400 1425 1450 1475 1500 1525 1550 1575 1600 1625 1650 1675 1700 1725 1750 1775 1800 1825 1850 1875 
                        1449 1474 1499 1524 1549 1574 1599 1624 1649 1674 1699 1724 1749 1774 1799 1824 1849 1874 1899 1924 
 --- -------- ---------  ---- ---- ---- ---- ---- ---- ---- ---- ---- ---- ---- ---- ---- ---- ---- ---- ---- ---- ---- ---- 
   1 BFL8     1833 2005                                                                                            .44  .33 
   2 BFL10A   1847 2005                                                                                            .35  .47 
   3 BFL10B   1793 2004                                                                                  .60  .63  .55  .52 
   4 BFL11    1726 2006                                                                        .41  .46  .48  .47  .48  .56 
   5 BFL13A   1832 2006                                                                                            .38  .40 
   6 BFL13B   1750 2006                                                                             .51  .40  .36  .59  .53 
   7 BFL14    1487 2006                      .49  .59  .66  .65  .37  .34  .63  .44  .52  .66  .61  .76  .79  .75  .59  .43 
   8 BFL17A   1709 1858                                                                   .48  .45  .52  .69                
   9 BFL17B   1730 1909                                                                        .49  .64  .72  .68  .58      
  10 BFL19    1436 1769            .51  .47  .53  .64  .62  .72  .67  .62  .65  .51  .38                                    
  11 BFL20    1459 1903                 .59  .64  .65  .49  .65  .77  .57  .58  .57  .51  .55  .58  .73  .79  .62  .57      
  12 BFL21B   1537 2006                                .54  .59  .69  .59  .52  .38  .35  .55  .51  .57  .68  .54  .46  .45 
  13 BFL22    1707 2006                                                                   .39  .48  .69  .69  .63  .49  .40 
  14 BFL22-2  1443 1691            .62  .63  .55  .48  .65  .53  .48  .56                                                   
  15 BFL23A   1200 2006  .68  .66  .75  .70  .67  .67  .59  .70  .71  .65  .73  .73  .68  .45  .37  .77  .71  .56  .42  .57 
  16 BFL23B   1263 2006  .60  .56  .73  .77  .79  .75  .63  .73  .74  .65  .60  .66  .69  .51  .43  .56  .51  .44  .46  .67 
  17 BFL23C   1082 2006  .65  .70  .76  .76  .66  .64  .65  .78  .80  .64  .69  .67  .60  .52  .52  .47  .51  .49  .39  .38 
  18 BFL23D   1332 2006  .65  .69  .73  .77  .82  .75  .62  .54  .71  .71  .63  .71  .64  .44  .41  .51  .58  .43  .25A .45 
  19 BFL24A   1812 2006                                                                                       .52  .33  .39 
  20 BFL24B   1700 2006                                                                   .46  .48  .43  .48  .51  .38  .42 
  21 BFL26A   1481 2006                      .70  .63  .68  .68  .64  .60  .68  .71  .60  .48  .62  .81  .70  .45  .55  .64 
  22 BFL26B   1202 2006  .63  .67  .74  .78  .78  .72  .74  .75  .67  .56  .65  .65  .50  .45  .58  .78  .83  .64  .55  .59 
  23 BFL26C   1216 2006  .76  .74  .78  .77  .73  .70  .66  .67  .70  .70  .71  .74  .70  .55  .55  .75  .77  .51  .54  .68 
  24 BFD27A   1295 1579  .70  .70  .60  .62  .79  .65                                                                       
  25 BFD27B   1191 1629  .57  .63  .57  .56  .58  .51  .55  .62                                                             
  27 BFL29    1150 1516  .57  .45  .63                                                                                      
  28 BFL30    1371 1949  .41  .60  .52  .48  .41  .29A .45  .45  .41  .42  .44  .41  .44  .48  .47  .52  .55  .58  .51  .36 
  30 BFL33A   1464 2006                 .32A .67  .52  .48  .73  .68  .52  .52  .61  .56  .39  .39  .53  .60  .48  .45  .57 
  31 BFL33C   1777 1884                                                                                  .71  .67           
  32 BFL33C2  1481 1594                      .70  .55                                                                       
  35 BFL34A   1867 2006                                                                                                 .54 
  36 BFL34A2  1677 1820                                                              .64  .59  .69                          
  37 BFL34B   1871 2006                                                                                                 .50 
  38 BFL34C   1692 2006                                                              .61  .54  .60  .70  .75  .71  .60  .52 
  39 BFL35    1760 2006                                                                             .63  .64  .49  .58  .78 
  40 BFL36A   1530 2006                                .55  .65  .68  .64  .41  .40  .64  .63  .57  .70  .53  .45  .59  .60 
  41 BFL36B   1340 1673  .46  .70  .71  .71  .71  .71  .64  .65  .61                                                        
  42 BFL38A   1168 1592  .60  .31A .27B .51  .56  .52                                                                       
  43 BFL38B2  1252 1469  .49                                                                                                
  44 BFL39A   1337 1557  .46  .57  .69  .69  .70                                                                            
  45 BFL39B   1400 1529       .41  .46  .61                                                                                 
  46 BFL40    1591 2006                                          .82  .61  .53  .67  .62  .30A .16B .57  .71  .57  .63  .57 
  47 BFL41A   1568 1949                                     .67  .77  .69  .61  .61  .55  .46  .48  .35  .44  .54  .42  .37 
  48 BFL41B   1450 1955                 .54  .48  .34  .59  .76  .76  .62  .55  .52  .43  .40  .40  .29B .40  .44  .32B .29A
  49 BFL42    1698 1908                                                                   .48  .52  .63  .69  .56  .52      
  50 BFL44    1105 1649  .40  .67  .51  .48  .63  .44  .28A .58  .60                                                        
  51 BFL45    1771 2006                                                                             .64  .75  .62  .46  .49 
  52 BFL45-2  1381 1658  .50  .60  .67  .67  .61  .55  .61  .54  .54                                                        
  53 BFL46    1802 2006                                                                                       .60  .52  .33 
  54 BFL46-4   351 1679  .58  .64  .68  .64  .52  .51  .44  .48  .69  .52                                                   
  55 BFL46B    411 2006  .67  .64  .67  .58  .49  .41  .41  .54  .70  .68  .69  .52  .44  .48  .25A .37  .58  .63  .42  .31A
  57 BFL46C2  1325 1499  .47  .43  .49                                                                                      
  58 BFL48    1413 1592       .48  .53  .63  .68  .61                                                                       
  59 BFL49    1800 2006                                                                                       .33  .42  .48 
  60 BFL50    1062 2006  .49  .50  .68  .65  .53  .52  .43  .35  .35  .32A .50  .54  .51  .31A .35  .61  .72  .66  .48  .44 
  64 BFL50B2  1063 1474  .30A .41                                                                                           
  65 BFL51A   1526 2006                                .34  .47  .61  .56  .49  .52  .44  .57  .70  .67  .63  .49  .40  .34 
  66 BFL51B   1714 2006                                                                   .46  .50  .74  .68  .59  .59  .38 
  67 BFL51B2  1555 1630                                     .66                                                             
  68 BFL51C   1439 2006            .44  .57  .56  .54  .52  .63  .65  .50  .58  .56  .53  .50  .24A .59  .58  .38  .41  .38 
  69 BFL53    1350 1978  .61  .64  .28B .32A .54  .46  .43  .50  .55  .57  .44  .40  .37  .40  .51  .49  .43  .47  .55  .34 
  70 BFL55    1750 2006                                                                             .60  .63  .48  .48  .55 
  71 BFL56    1660 2006                                                         .41  .39  .38  .44  .56  .53  .43  .45  .41 
  72 BFL57    1203 1650  .40  .55  .31A .35  .75  .68  .47  .37  .46                                                        
  73 BFL58    1290 1617  .54  .56  .52  .48  .43  .37  .54                                                                  
 Av segment correlation  .55  .58  .59  .59  .62  .57  .54  .61  .64  .58  .58  .56  .53  .48  .48  .59  .62  .54  .48  .47 

 CORRELATION OF SERIES BY SEGMENTS: ut535
-----------------------------------------------------------------------------------------------------------------------------------
 Correlations of  50-year dated segments, lagged  25 years
 Flags:  A = correlation under   .3281 but highest as dated;  B = correlation higher at other than dated position

 Seq Series  Time_span  1900 1925 1950 
                        1949 1974 1999 
 --- -------- ---------  ---- ---- ---- 
   1 BFL8     1833 2005  .39  .43  .41 
   2 BFL10A   1847 2005  .61  .66  .56 
   3 BFL10B   1793 2004  .57  .53  .53 
   4 BFL11    1726 2006  .67  .62  .52 
   5 BFL13A   1832 2006  .49  .53  .52 
   6 BFL13B   1750 2006  .64  .63  .40 
   7 BFL14    1487 2006  .50  .47  .54 
  12 BFL21B   1537 2006  .59  .63  .39 
  13 BFL22    1707 2006  .47  .40  .35B
  15 BFL23A   1200 2006  .52  .38  .35 
  16 BFL23B   1263 2006  .52  .34  .45 
  17 BFL23C   1082 2006  .39  .39  .48 
  18 BFL23D   1332 2006  .43  .45  .51 
  19 BFL24A   1812 2006  .58  .46  .42 
  20 BFL24B   1700 2006  .53  .52  .55 
  21 BFL26A   1481 2006  .57  .48  .65 
  22 BFL26B   1202 2006  .50  .52  .55 
  23 BFL26C   1216 2006  .65  .42  .52 
  26 BFL28    1883 2006  .55  .41  .54 
  28 BFL30    1371 1949  .40           
  30 BFL33A   1464 2006  .56  .41  .33 
  35 BFL34A   1867 2006  .66  .65  .69 
  37 BFL34B   1871 2006  .63  .63  .58 
  38 BFL34C   1692 2006  .58  .46  .50 
  39 BFL35    1760 2006  .73  .50  .43 
  40 BFL36A   1530 2006  .58  .53  .58 
  46 BFL40    1591 2006  .50  .43  .52 
  47 BFL41A   1568 1949  .38           
  48 BFL41B   1450 1955  .48           
  51 BFL45    1771 2006  .45  .44  .41 
  53 BFL46    1802 2006  .30A .36  .39 
  55 BFL46B    411 2006  .38  .43  .48 
  59 BFL49    1800 2006  .53  .54  .63 
  60 BFL50    1062 2006  .54  .44  .37 
  65 BFL51A   1526 2006  .28A .41  .53 
  66 BFL51B   1714 2006  .65  .66  .51 
  68 BFL51C   1439 2006  .42  .46  .49 
  69 BFL53    1350 1978  .35  .40      
  70 BFL55    1750 2006  .62  .55  .48 
  71 BFL56    1660 2006  .47  .49  .54 
 Av segment correlation  .52  .49  .49 

 FLAGGED SEGMENTS: ut535
-----------------------------------------------------------------------------------------------------------------------------------
 Seq Series   Segment    Flag  r dated  Best lag  r at lag   Gain  Note
 --- -------- ---------  ----  -------  --------  --------  -----  -----------------
  13 BFL22    1950 1999     B     .354         1      .368   .015
  18 BFL23D   1850 1899     A     .245         0
  28 BFL30    1525 1574     A     .291         0
  30 BFL33A   1475 1524     A     .324         0
  33 BFL33C3  1125 1174     A     .321         0
  33 BFL33C3  1150 1199     A     .245         0
  33 BFL33C3  1175 1224     B     .382       -10      .383   .000
  33 BFL33C3  1250 1299     A     .300         0
  42 BFL38A   1425 1474     A     .313         0
  42 BFL38A   1450 1499     B     .272        -8      .294   .022  weak at every lag
  44 BFL39A   1350 1399     B     .239         3      .240   .001  weak at every lag
  46 BFL40    1725 1774     A     .302         0
  46 BFL40    1750 1799     B     .156        -8      .210   .054  weak at every lag
  48 BFL41B   1775 1824     B     .289        -3      .294   .004  weak at every lag
  48 BFL41B   1850 1899     B     .323         9      .329   .006
  48 BFL41B   1875 1924     A     .294         0
  50 BFL44    1375 1424     A     .323         0
  50 BFL44    1550 1599     A     .276         0
  53 BFL46    1900 1949     A     .299         0
  55 BFL46B   1750 1799     A     .250         0
  55 BFL46B   1875 1924     A     .310         0
  60 BFL50    1625 1674     A     .321         0
  60 BFL50    1725 1774     A     .307         0
  63 BFL50B1  1050 1099     A     .317         0
  64 BFL50B2  1275 1324     A     .274         0
  64 BFL50B2  1400 1449     A     .295         0
  65 BFL51A   1900 1949     A     .282         0
  68 BFL51C   1750 1799     A     .245         0
  69 BFL53    1450 1499     B     .278         4      .317   .039  weak at every lag
  69 BFL53    1475 1524     A     .324         0
  72 BFL57    1450 1499     A     .311         0

 DESCRIPTIVE STATISTICS: ut535
-----------------------------------------------------------------------------------------------------------------------------------

                                                Corr   //-------- Unfiltered --------\\  //-- dplR filtered --\\
                           No.    No.    No.    with   Mean   Max     Std   Auto   Mean   Max     Std   Auto  AR
 Seq Series   Interval   Years  Segmt  Flags   Master  msmt   msmt    dev   corr   sens  value    dev   corr  ()
 --- -------- ---------  -----  -----  -----   ------ -----  -----  -----  -----  -----  -----  -----  -----  --
   1 BFL8     1833 2005    173      5      0    .431    .88   2.44   .462   .946   .141   1.42   .145   .011   1
   2 BFL10A   1847 2005    159      5      0    .474    .40    .62   .105   .691   .168   1.50   .150  -.034   0
   3 BFL10B   1793 2004    212      7      0    .566    .30    .55   .077   .706   .160   1.38   .150   .007   1
   4 BFL11    1726 2006    281      9      0    .521    .65   1.53   .202   .738   .177   1.63   .176   .000   2
   5 BFL13A   1832 2006    175      5      0    .443    .59   1.39   .339   .900   .208   1.57   .193   .010   1
   6 BFL13B   1750 2006    257      8      0    .458   1.05   4.30   .747   .893   .184   1.81   .189   .006   2
   7 BFL14    1487 2006    520     19      0    .545    .56   1.89   .301   .931   .135   1.50   .136   .004   1
   8 BFL17A   1709 1858    150      4      0    .579    .44    .67   .087   .605   .132   1.43   .136  -.005   1
   9 BFL17B   1730 1909    180      5      0    .568    .54    .99   .139   .625   .174   1.43   .177   .022   1
  10 BFL19    1436 1769    334     11      0    .546    .53   1.68   .349   .942   .184   1.48   .175  -.011   1
  11 BFL20    1459 1903    445     16      0    .614    .80   1.46   .241   .859   .126   1.37   .124   .001   2
  12 BFL21B   1537 2006    470     17      0    .520    .34    .81   .123   .744   .196   2.00   .201  -.006   3
  13 BFL22    1707 2006    300     10      1    .483    .51    .95   .178   .857   .151   1.75   .146   .013   3
  14 BFL22-2  1443 1691    249      8      0    .564    .34    .66   .091   .717   .167   1.36   .152  -.031   3
  15 BFL23A   1200 2006    807     30      0    .620    .39   1.20   .159   .778   .193   1.89   .200  -.004   3
  16 BFL23B   1263 2006    744     28      0    .624    .37   1.12   .138   .756   .191   1.79   .197  -.006   3
  17 BFL23C   1082 2006    925     35      0    .577    .43   1.48   .245   .869   .191   1.66   .190   .003   2
  18 BFL23D   1332 2006    675     25      1    .616    .49   1.24   .174   .774   .170   1.91   .170  -.002   2
  19 BFL24A   1812 2006    195      6      0    .434    .99   2.21   .387   .664   .238   1.94   .268   .022   1
  20 BFL24B   1700 2006    307     10      0    .448    .84   1.74   .271   .763   .165   1.65   .173   .017   2
  21 BFL26A   1481 2006    526     19      0    .631    .71   1.43   .186   .729   .149   1.61   .153   .006   1
  22 BFL26B   1202 2006    805     30      0    .617    .44   1.47   .142   .793   .156   1.62   .152  -.014   3
  23 BFL26C   1216 2006    791     30      0    .659    .71   1.35   .196   .765   .152   1.69   .148  -.003   3
  24 BFD27A   1295 1579    285     10      0    .638    .54   1.43   .208   .843   .162   1.71   .164  -.017   1
  25 BFD27B   1191 1629    439     16      0    .557    .51   1.20   .185   .831   .148   1.54   .159  -.000   1
  26 BFL28    1883 2006    124      3      0    .515    .50   1.18   .194   .788   .179   1.54   .177   .012   1
  27 BFL29    1150 1516    367     12      0    .540    .35    .91   .131   .744   .203   1.75   .199  -.010   1
  28 BFL30    1371 1949    579     22      1    .438    .36   1.02   .133   .758   .199   1.71   .190  -.001   1
  29 BFL30-2  1096 1302    207      7      0    .455    .47    .73   .109   .412   .198   1.89   .201   .002   1
  30 BFL33A   1464 2006    543     20      1    .511    .30   1.02   .140   .785   .232   1.70   .218  -.005   3
  31 BFL33C   1777 1884    108      2      0    .610    .21    .39   .059   .516   .215   1.51   .208   .027   1
  32 BFL33C2  1481 1594    114      2      0    .597    .34    .61   .121   .727   .210   1.57   .191  -.006   3
  33 BFL33C3  1094 1413    320     11      4    .383    .43   1.08   .204   .722   .305   2.07   .299   .004   1
  34 BFL33C4  1105 1431    327     11      0    .496    .39   1.18   .165   .706   .258   1.75   .234   .013   3
  35 BFL34A   1867 2006    140      4      0    .627    .60    .85   .102   .580   .126   1.37   .122   .010   1
  36 BFL34A2  1677 1820    144      3      0    .667    .59   1.00   .162   .800   .130   1.49   .135  -.023   3
  37 BFL34B   1871 2006    136      4      0    .589    .54    .90   .119   .694   .143   1.48   .146   .032   1
  38 BFL34C   1692 2006    315     11      0    .594    .40    .81   .107   .714   .154   1.50   .154  -.004   1
  39 BFL35    1760 2006    247      8      0    .582    .37    .56   .074   .580   .147   1.33   .139  -.002   2
  40 BFL36A   1530 2006    477     17      0    .554    .65   1.68   .347   .935   .158   1.56   .151  -.004   3
  41 BFL36B   1340 1673    334     11      0    .613    .61   1.42   .240   .897   .141   1.44   .135  -.003   1
  42 BFL38A   1168 1592    425     15      2    .514    .50   1.93   .321   .913   .191   1.74   .206  -.023   1
  43 BFL38B2  1252 1469    218      6      0    .467    .27    .96   .146   .776   .267   1.75   .240   .008   2
  44 BFL39A   1337 1557    221      7      1    .506    .61   1.25   .219   .708   .222   1.68   .221   .169   1
  45 BFL39B   1400 1529    130      3      0    .533    .95   2.90   .405   .713   .210   1.95   .222   .015   1
  46 BFL40    1591 2006    416     15      2    .575    .54   1.28   .236   .874   .182   1.55   .170   .004   1
  47 BFL41A   1568 1949    382     14      0    .536    .39    .87   .099   .573   .176   1.59   .170   .056   0
  48 BFL41B   1450 1955    506     18      3    .480    .78   1.90   .299   .790   .194   1.75   .202   .003   1
  49 BFL42    1698 1908    211      6      0    .511    .48    .89   .119   .675   .153   1.56   .149  -.014   3
  50 BFL44    1105 1649    545     20      2    .497    .56   2.30   .219   .871   .141   1.53   .141   .008   2
  51 BFL45    1771 2006    236      8      0    .528    .67   1.42   .214   .865   .134   1.32   .127  -.008   1
  52 BFL45-2  1381 1658    278      9      0    .570    .86   1.73   .246   .698   .163   1.67   .173   .020   1
  53 BFL46    1802 2006    205      6      1    .463    .42   1.18   .183   .900   .148   1.46   .148   .003   1
  54 BFL46-4   351 1679   1329     49      0    .605    .34    .97   .155   .877   .182   1.62   .177  -.000   1
  55 BFL46B    411 2006   1596     62      2    .601    .36   1.05   .152   .866   .164   1.74   .162  -.002   3
  56 BFL46C1   768 1288    521     19      0    .594    .32    .58   .085   .517   .211   1.57   .195  -.003   1
  57 BFL46C2  1325 1499    175      5      0    .407    .37    .85   .171   .874   .183   1.48   .173   .005   1
  58 BFL48    1413 1592    180      5      0    .566    .99   2.02   .327   .650   .207   1.62   .206   .022   1
  59 BFL49    1800 2006    207      6      0    .521    .68   1.96   .248   .790   .168   1.59   .170   .005   1
  60 BFL50    1062 2006    945     36      2    .496    .32    .84   .142   .877   .172   1.81   .175  -.012   1
  61 BFL50-3   676  786    111      2      0    .496    .18    .29   .041   .551   .158   1.62   .165  -.010   1
  62 BFL50-4   519  659    141      4      0    .458    .30    .51   .059   .338   .164   1.54   .150  -.038   3
  63 BFL50B1   991 1142    152      4      1    .417    .20    .34   .055   .647   .187   1.43   .179   .013   1
  64 BFL50B2  1063 1474    412     15      2    .496    .33    .82   .160   .860   .194   2.03   .203  -.011   1
  65 BFL51A   1526 2006    481     17      1    .502    .47   1.18   .215   .891   .174   1.66   .176   .001   2
  66 BFL51B   1714 2006    293     10      0    .559    .40   1.02   .113   .758   .153   1.66   .155  -.020   1
  67 BFL51B2  1555 1630     76      1      0    .678    .40    .60   .099   .650   .155   1.47   .155   .003   2
  68 BFL51C   1439 2006    568     21      1    .490    .38   1.10   .118   .762   .163   1.68   .162   .002   1
  69 BFL53    1350 1978    629     23      2    .456    .35    .95   .114   .774   .161   1.96   .159   .002   3
  70 BFL55    1750 2006    257      8      0    .528    .44    .71   .120   .774   .147   1.44   .149   .003   1
  71 BFL56    1660 2006    347     12      0    .450   1.00   2.57   .462   .862   .186   1.57   .199   .006   1
  72 BFL57    1203 1650    448     16      1    .468    .56   1.63   .194   .808   .140   2.11   .152  -.013   1
  73 BFL58    1290 1617    328     11      0    .496    .26    .65   .120   .864   .191   1.80   .192   .013   1
 --- -------- ---------  -----  -----  -----   ------ -----  -----  -----  -----  -----  -----  -----  -----  --
 Total or mean:          27855    969     31    .545    .49   4.30   .189   .790   .176   2.11   .175   .001

 DATA CHECKS (rwl.check): ut535
-----------------------------------------------------------------------------------------------------------------------------------
 rwl.check: data_files/treering/measurements/northamerica/usa/ut535.rwl
 73 series, 27855 measurements, 351-2006, 0.001 mm precision
 0 error(s), 2 warning(s), 3 note(s)
 -------------
 WARNING
   RWL_SITE_CODE (2)
     BFD27A: site code differs from the bfl used by 71 of 73 series
     BFD27B: site code differs from the bfl used by 71 of 73 series
 3 note(s) not shown; see rwl.check() or the 'check' element of this report.

 NOTES
-----------------------------------------------------------------------------------------------------------------------------------
 Report generated using dplR 1.8.1 (R 4.5.2) on 2026-10-01 16:56 PDT.
 Measurement file ut535.rwl, MD5 7c022f9001acef380c7a4260f3e249f7.
 Filtering: each series divided by a 32-year smoothing spline (caps()), then prewhitened with
   an AR model (order by AIC, at most 3).
 Master: biweight robust mean of the other series (leave-one-out).
 Correlation: Pearson, one-tailed, pcrit = 0.01; critical r = 0.3281 for 50-year segments.
 Segments: 50 years, lagged 25, first segment floored to 100. Lags searched: +/- 10 years.
 A segment is tested only where the series and the master cover all of it, at the dated
   position and at every lag. COFECHA also tests partial segments at the ends of a series, so
   series here may show fewer segments, and no flags can be raised at the ends of the record.
 Lags follow COFECHA: negative means rings are probably missing from the series, positive means
   false rings. A missing ring carries its lag into every segment before it, so look where the
   lag changes along a series. A B flag is a hypothesis to check on the wood; the gain says how
   seriously to take it.
 A B flag marked "weak at every lag" correlates under the critical value even at its best lag:
   the segment is weak wherever it is placed, and the shift is not evidence of a dating error.
   Treat it as a low correlation, like an A.
 Averages in the summary and the totals are weighted by the number of years in each series, as
   COFECHA's are.
 Unfiltered block and mean sensitivity: the measurements as read, and sens1().
 dplR filtered block: the series that was correlated, after filtering. COFECHA's filtered
   series is defined differently, so these three columns are not COFECHA's numbers.
 AR: order of the AR model used to prewhiten.
