
 COFECHA-style crossdating report: ut537
 Report generated using dplR 1.8.1 (R 4.5.2) on 2026-10-01 16:51 PDT
 Built with dplR's xdate.report(), not COFECHA; see the notes at the end.


      Measurement file name  : ut537.rwl
      MD5 of measurement file: 6ca8e2bf2514073f575867130ea836ef
      Date checked           : 01OCT26
      Beginning year         : 1133
      Ending year            : 2011
      Principal investigators: DeRose, R.J.; Allen, E.B.; Britton, J.; Le, N.C.; Kershner, M.; Birch, D.
      Site name              : Willard Ridge
      Species information    : PSME Pseudotsuga menziesii (Mirb.) Franco
      Latitude               : 41.3667 N
      Longitude              : 111.9500 W
      Elevation              : 2750 m

      Series intercorrelation: 0.583
      Avg mean sensitivity   : 0.213
      Avg standard deviation : 0.256
      Avg autocorrelation    : 0.817
      Number dated series    : 55
      Segment length tested  : 50

      Number problem segments: 15  (A 12, B 3)
      Pct problem segments   : 1.62


 CORRELATION OF SERIES BY SEGMENTS: ut537
-----------------------------------------------------------------------------------------------------------------------------------
 Correlations of  50-year dated segments, lagged  25 years
 Flags:  A = correlation under   .3281 but highest as dated;  B = correlation higher at other than dated position

 Seq Series  Time_span  1200 1225 1250 1275 1300 1325 1350 1375 1400 1425 1450 1475 1500 1525 1550 1575 1600 1625 1650 1675 
                        1249 1274 1299 1324 1349 1374 1399 1424 1449 1474 1499 1524 1549 1574 1599 1624 1649 1674 1699 1724 
 --- -------- ---------  ---- ---- ---- ---- ---- ---- ---- ---- ---- ---- ---- ---- ---- ---- ---- ---- ---- ---- ---- ---- 
   1 WRD01A   1338 2011                                .49  .58  .61  .68  .69  .52  .66  .57  .48  .67  .70  .43  .43  .65 
   2 WRD01B   1318 2007                           .42  .58  .61  .52  .52  .51  .48  .65  .60  .59  .66  .75  .79  .73  .66 
   3 WRD02B   1662 2011                                                                                                 .29A
   5 WRD05A   1357 2011                                     .53  .73  .83  .83  .84  .82  .73  .70  .74  .76  .69  .63  .52 
   6 WRD05B   1383 1910                                          .57  .65  .60  .63  .74  .66  .59  .49  .57  .70  .76  .70 
   7 WRD06    1575 2011                                                                                  .30A .51  .69  .66 
   8 WRD07A   1360 2011                                     .37B .42  .59  .69  .56  .49  .59  .63  .58  .48  .60  .54  .48 
   9 WRD08A   1441 2011                                                    .45  .55  .34  .36  .40  .44  .55  .37  .37  .53 
  10 WRD09A   1537 2011                                                                        .31A .37  .56  .68  .67  .73 
  11 WRD11    1628 1831                                                                                            .64  .53 
  12 WRD12A   1600 1875                                                                                       .50  .53  .64 
  13 WRD14A   1529 1900                                                                        .60  .60  .56  .72  .69  .52 
  14 WRD16A   1640 2011                                                                                            .42  .35 
  15 WRD22    1133 1881                 .42  .58  .59  .65  .67  .68  .70  .72  .75  .75  .77  .77  .76  .74  .70  .58  .50 
  16 WRD23A   1382 1968                                          .40  .33  .37  .48  .50  .53  .44  .38  .66  .77  .71  .56 
  17 WRD25A   1409 1899                                               .62  .32A .40  .57  .64  .71  .49  .40  .69  .69  .62 
  19 WRD27    1276 1942                      .68  .60  .72  .70  .75  .78  .71  .67  .70  .73  .65  .66  .64  .77  .84  .65 
  20 WRD28    1330 1962                                .55  .68  .78  .66  .38  .29A .67  .69  .56  .53  .61  .56  .57  .62 
  21 WRD30    1271 1886                 .43  .43  .51  .65  .56  .69  .69  .55  .31B .38  .61  .45  .51  .71  .78  .77  .69 
  22 WRD31    1475 1968                                                              .61  .74  .47  .33A .49  .63  .77  .74 
  23 WRD33A   1630 2011                                                                                            .69  .60 
  24 WRD36    1391 1901                                          .57  .80  .81  .72  .75  .75  .67  .71  .70  .69  .77  .80 
  25 WRD38A   1390 1896                                          .50  .72  .77  .72  .66  .56  .58  .55  .39  .63  .66  .48 
  26 WRD38B   1409 2011                                               .67  .69  .82  .77  .66  .64  .48  .41  .75  .74  .54 
  28 WRD75A   1589 2011                                                                                  .40  .35  .35  .45 
  29 WRD100A  1322 1859                           .59  .75  .75  .76  .81  .80  .68  .69  .69  .73  .75  .65  .70  .67  .67 
  30 WRD100B  1298 1999                      .66  .78  .65  .50  .71  .78  .72  .71  .68  .65  .64  .71  .70  .69  .65  .58 
  31 WRD101A  1528 2011                                                                        .52  .33  .36  .58  .50  .45 
  32 WRD103A  1364 2011                                     .55  .48  .60  .62  .66  .62  .61  .68  .61  .47  .57  .57  .51 
  33 WRD103B  1340 2000                                .60  .49  .57  .69  .67  .73  .82  .73  .78  .81  .64  .64  .45  .39 
  34 WRD104A  1482 2011                                                              .53  .57  .66  .61  .67  .73  .67  .59 
  35 WRD104B  1526 2011                                                                        .71  .72  .61  .70  .77  .69 
  36 WRD105A  1539 2011                                                                        .49  .45  .48  .53  .51  .44 
  37 WRD105B  1360 2010                                     .63  .70  .77  .66  .37  .52  .73  .71  .61  .67  .77  .57  .45 
  38 WRD107A  1547 1975                                                                        .45  .62  .68  .78  .72  .62 
  39 WRD108A  1504 1838                                                                   .71  .70  .66  .76  .83  .76  .67 
  40 WRD108B  1449 1976                                                         .52  .68  .58  .55  .64  .67  .76  .73  .55 
  44 WRD111A  1661 2011                                                                                                 .47 
  45 WRD111B  1538 2011                                                                        .32A .31A .49  .61  .58  .47 
  46 WRD113A  1545 2011                                                                        .47  .46  .48  .67  .77  .60 
  47 WRD113B  1625 2011                                                                                            .62  .56 
  48 WRD118A  1527 2011                                                                        .39  .37  .46  .57  .50  .35 
  49 WRD118B  1528 2011                                                                        .38  .42  .60  .63  .49  .42 
  50 WRD119A  1544 2007                                                                        .42  .40  .34  .36  .42  .44 
  51 WRD119B  1606 2011                                                                                       .52  .54  .48 
  52 WRD122A  1438 1958                                                    .68  .66  .59  .60  .57  .54  .60  .56  .37  .37 
  53 WRD122B  1485 1871                                                              .60  .56  .67  .65  .52  .50  .41  .36 
  54 WRD124A  1614 1968                                                                                       .59  .62  .55 
 Av segment correlation                 .43  .59  .58  .63  .59  .61  .68  .63  .59  .63  .64  .57  .56  .57  .63  .61  .55 

 CORRELATION OF SERIES BY SEGMENTS: ut537
-----------------------------------------------------------------------------------------------------------------------------------
 Correlations of  50-year dated segments, lagged  25 years
 Flags:  A = correlation under   .3281 but highest as dated;  B = correlation higher at other than dated position

 Seq Series  Time_span  1700 1725 1750 1775 1800 1825 1850 1875 1900 1925 1950 
                        1749 1774 1799 1824 1849 1874 1899 1924 1949 1974 1999 
 --- -------- ---------  ---- ---- ---- ---- ---- ---- ---- ---- ---- ---- ---- 
   1 WRD01A   1338 2011  .48  .44  .62  .59  .46  .49  .59  .59  .49  .56  .66 
   2 WRD01B   1318 2007  .60  .62  .65  .54  .50  .64  .67  .46  .34  .46  .38 
   3 WRD02B   1662 2011  .19A .58  .69  .59  .56  .68  .56  .56  .62  .59  .72 
   4 WRD03    1776 2011                      .59  .50  .54  .70  .59  .48  .55 
   5 WRD05A   1357 2011  .66  .72  .65  .65  .59  .65  .66  .69  .74  .73  .79 
   6 WRD05B   1383 1910  .67  .63  .57  .53  .48  .59  .60                     
   7 WRD06    1575 2011  .66  .69  .71  .70  .64  .76  .76  .69  .68  .71  .70 
   8 WRD07A   1360 2011  .70  .65  .64  .57  .52  .78  .73  .64  .73  .71  .72 
   9 WRD08A   1441 2011  .47  .57  .71  .70  .65  .70  .72  .66  .53  .51  .58 
  10 WRD09A   1537 2011  .78  .79  .81  .69  .72  .77  .55  .50  .53  .46  .54 
  11 WRD11    1628 1831  .65  .50  .57  .66                                    
  12 WRD12A   1600 1875  .71  .62  .47  .59  .65  .57                          
  13 WRD14A   1529 1900  .49  .55  .59  .54  .29A .55  .61                     
  14 WRD16A   1640 2011  .60  .69  .60  .46  .48  .53  .60  .68  .50  .42  .58 
  15 WRD22    1133 1881  .48  .60  .76  .68  .61  .81                          
  16 WRD23A   1382 1968  .48  .61  .53  .35  .62  .66  .57  .59  .59           
  17 WRD25A   1409 1899  .50  .49  .62  .53  .36  .53  .49                     
  18 WRD26A   1679 2011  .42  .54  .66  .72  .70  .76  .80  .75  .61  .50  .54 
  19 WRD27    1276 1942  .53  .63  .79  .77  .70  .77  .76  .76                
  20 WRD28    1330 1962  .58  .66  .73  .71  .72  .78  .81  .69  .67           
  21 WRD30    1271 1886  .50  .61  .74  .69  .73  .79                          
  22 WRD31    1475 1968  .55  .57  .81  .79  .70  .76  .81  .81  .65           
  23 WRD33A   1630 2011  .57  .66  .70  .63  .64  .71  .62  .54  .50  .56  .56 
  24 WRD36    1391 1901  .74  .80  .80  .66  .66  .81  .75                     
  25 WRD38A   1390 1896  .51  .63  .77  .75  .64  .72                          
  26 WRD38B   1409 2011  .53  .58  .70  .65  .66  .75  .72  .55  .48  .65  .69 
  27 WRD39A   1761 2011                 .47  .45  .61  .65  .67  .47  .43  .66 
  28 WRD75A   1589 2011  .49  .46  .57  .59  .45  .56  .55  .47  .39  .38  .51 
  29 WRD100A  1322 1859  .82  .74  .71  .69  .66                               
  30 WRD100B  1298 1999  .70  .60  .61  .66  .68  .64  .58  .64  .59  .42  .36 
  31 WRD101A  1528 2011  .47  .44  .47  .48  .52  .64  .54  .43  .55  .39  .43 
  32 WRD103A  1364 2011  .62  .72  .69  .64  .71  .69  .65  .64  .57  .53  .63 
  33 WRD103B  1340 2000  .55  .60  .73  .74  .60  .60  .66  .55  .45  .50  .52 
  34 WRD104A  1482 2011  .60  .61  .58  .53  .65  .73  .76  .77  .71  .66  .65 
  35 WRD104B  1526 2011  .66  .71  .83  .81  .73  .83  .72  .46  .42  .54  .51 
  36 WRD105A  1539 2011  .44  .46  .47  .44  .33A .56  .62  .41  .39  .38  .40 
  37 WRD105B  1360 2010  .55  .58  .71  .67  .64  .76  .63  .45  .53  .58  .25B
  38 WRD107A  1547 1975  .76  .76  .72  .60  .55  .76  .74  .61  .52  .42      
  39 WRD108A  1504 1838  .69  .70  .82  .75                                    
  40 WRD108B  1449 1976  .61  .54  .64  .75  .58  .73  .85  .79  .72  .69      
  41 WRD110A  1681 2011  .40  .52  .71  .74  .67  .66  .77  .70  .52  .56  .74 
  42 WRD110B  1778 2011                      .46  .71  .76  .73  .70  .59  .68 
  43 WRD110C  1718 2011       .50  .62  .68  .57  .51  .48  .51  .51  .46  .58 
  44 WRD111A  1661 2011  .61  .62  .63  .71  .64  .73  .77  .69  .67  .71  .76 
  45 WRD111B  1538 2011  .39  .56  .65  .62  .68  .74  .72  .46  .39  .60  .67 
  46 WRD113A  1545 2011  .55  .71  .78  .70  .55  .60  .64  .62  .61  .52  .66 
  47 WRD113B  1625 2011  .56  .50  .57  .63  .66  .65  .66  .76  .65  .58  .72 
  48 WRD118A  1527 2011  .46  .57  .55  .43  .39  .46  .49  .46  .46  .52  .41 
  49 WRD118B  1528 2011  .65  .53  .45  .57  .34  .50  .70  .62  .63  .75  .62 
  50 WRD119A  1544 2007  .53  .66  .62  .47  .53  .74  .60  .53  .67  .63  .42 
  51 WRD119B  1606 2011  .61  .72  .70  .59  .56  .62  .64  .72  .81  .63  .31A
  52 WRD122A  1438 1958  .51  .61  .75  .67  .59  .72  .74  .73  .62           
  53 WRD122B  1485 1871  .40  .54  .58  .55  .51                               
  54 WRD124A  1614 1968  .52  .58  .46  .52  .42  .37  .61  .67  .67           
  55 WRD124B  1683 1974  .65  .83  .80  .69  .62  .66  .79  .77  .62  .45      
 Av segment correlation  .57  .61  .66  .62  .58  .66  .66  .62  .57  .55  .57 

 FLAGGED SEGMENTS: ut537
-----------------------------------------------------------------------------------------------------------------------------------
 Seq Series   Segment    Flag  r dated  Best lag  r at lag   Gain  Note
 --- -------- ---------  ----  -------  --------  --------  -----  -----------------
   3 WRD02B   1675 1724     A     .287         0
   3 WRD02B   1700 1749     A     .188         0
   7 WRD06    1600 1649     A     .297         0
   8 WRD07A   1375 1424     B     .365         3      .414   .049
  10 WRD09A   1550 1599     A     .305         0
  13 WRD14A   1800 1849     A     .290         0
  17 WRD25A   1450 1499     A     .325         0
  20 WRD28    1475 1524     A     .291         0
  21 WRD30    1475 1524     B     .307         2      .351   .044
  22 WRD31    1575 1624     A     .325         0
  36 WRD105A  1800 1849     A     .326         0
  37 WRD105B  1950 1999     B     .250        -7      .388   .138
  45 WRD111B  1550 1599     A     .316         0
  45 WRD111B  1575 1624     A     .305         0
  51 WRD119B  1950 1999     A     .309         0

 DESCRIPTIVE STATISTICS: ut537
-----------------------------------------------------------------------------------------------------------------------------------

                                                Corr   //-------- Unfiltered --------\\  //-- dplR filtered --\\
                           No.    No.    No.    with   Mean   Max     Std   Auto   Mean   Max     Std   Auto  AR
 Seq Series   Interval   Years  Segmt  Flags   Master  msmt   msmt    dev   corr   sens  value    dev   corr  ()
 --- -------- ---------  -----  -----  -----   ------ -----  -----  -----  -----  -----  -----  -----  -----  --
   1 WRD01A   1338 2011    674     25      0    .544    .39   1.08   .173   .769   .227   1.80   .232  -.010   1
   2 WRD01B   1318 2007    690     26      0    .542    .26    .76   .125   .841   .224   1.86   .233   .004   1
   3 WRD02B   1662 2011    350     12      2    .504    .66   3.34   .424   .772   .216   2.88   .262  -.003   2
   4 WRD03    1776 2011    236      7      0    .574    .42   1.06   .172   .636   .255   1.68   .257   .027   1
   5 WRD05A   1357 2011    655     24      0    .684    .51   2.07   .340   .876   .210   1.80   .225   .003   1
   6 WRD05B   1383 1910    528     19      0    .586    .55   2.75   .438   .928   .193   1.87   .197   .004   2
   7 WRD06    1575 2011    437     15      1    .621    .52   2.02   .247   .803   .215   2.06   .214  -.010   1
   8 WRD07A   1360 2011    652     24      1    .578    .44   2.17   .273   .897   .180   1.75   .195   .012   1
   9 WRD08A   1441 2011    571     21      0    .517    .39   1.40   .206   .733   .272   2.26   .283  -.004   2
  10 WRD09A   1537 2011    475     17      1    .565    .41   2.23   .344   .881   .238   2.24   .246  -.013   1
  11 WRD11    1628 1831    204      6      0    .615    .42    .81   .141   .680   .211   1.66   .220  -.006   3
  12 WRD12A   1600 1875    276      9      0    .548    .51   2.34   .345   .837   .265   2.04   .278  -.014   1
  13 WRD14A   1529 1900    372     13      1    .566    .34   1.16   .191   .883   .216   1.87   .224  -.024   3
  14 WRD16A   1640 2011    372     13      0    .522    .72   2.02   .294   .833   .182   1.83   .196   .009   1
  15 WRD22    1133 1881    749     23      0    .637    .32    .83   .110   .743   .192   1.65   .186   .003   1
  16 WRD23A   1382 1968    587     21      0    .489    .41   2.96   .457   .801   .320   3.27   .380   .004   1
  17 WRD25A   1409 1899    491     18      1    .521    .42   1.84   .263   .868   .196   1.94   .203   .003   1
  18 WRD26A   1679 2011    333     11      0    .609    .65   1.65   .285   .766   .225   1.95   .236  -.010   1
  19 WRD27    1276 1942    667     24      0    .674    .41   1.95   .231   .806   .248   1.89   .245  -.004   1
  20 WRD28    1330 1962    633     23      1    .604    .54   2.69   .399   .894   .215   2.04   .211   .007   1
  21 WRD30    1271 1886    616     23      1    .568    .51   1.70   .193   .775   .178   2.03   .180   .001   1
  22 WRD31    1475 1968    494     17      1    .636    .39   2.11   .299   .873   .234   1.87   .234  -.008   2
  23 WRD33A   1630 2011    382     13      0    .594    .42   1.22   .173   .688   .241   1.73   .236   .012   1
  24 WRD36    1391 1901    511     19      0    .717    .35   1.11   .144   .721   .222   1.79   .228   .011   1
  25 WRD38A   1390 1896    507     18      0    .603    .45   1.15   .154   .768   .185   1.98   .195   .000   2
  26 WRD38B   1409 2011    603     22      0    .644    .50   1.34   .169   .677   .212   1.98   .213  -.003   2
  27 WRD39A   1761 2011    251      8      0    .532    .68   3.15   .285   .622   .218   2.20   .214   .003   1
  28 WRD75A   1589 2011    423     15      0    .452    .74   3.73   .559   .906   .221   1.97   .250   .002   1
  29 WRD100A  1322 1859    538     20      0    .679    .37    .99   .181   .867   .207   1.61   .198  -.001   1
  30 WRD100B  1298 1999    702     27      0    .624    .33   1.08   .173   .854   .222   1.65   .218  -.005   1
  31 WRD101A  1528 2011    484     17      0    .496    .50    .97   .154   .706   .186   1.83   .186  -.001   3
  32 WRD103A  1364 2011    648     24      0    .602    .44   1.52   .209   .818   .226   1.86   .235  -.001   3
  33 WRD103B  1340 2000    661     25      0    .585    .39   1.52   .307   .947   .232   1.94   .238  -.006   3
  34 WRD104A  1482 2011    530     19      0    .638    .56   2.26   .292   .883   .184   1.61   .189   .013   1
  35 WRD104B  1526 2011    486     17      0    .630    .52   1.39   .277   .898   .191   1.92   .192   .001   1
  36 WRD105A  1539 2011    473     17      1    .462    .40   1.48   .193   .879   .185   1.84   .191  -.007   3
  37 WRD105B  1360 2010    651     24      1    .560    .46    .93   .147   .786   .161   1.67   .166  -.004   1
  38 WRD107A  1547 1975    429     16      0    .598    .52   1.56   .305   .914   .205   1.85   .211   .004   1
  39 WRD108A  1504 1838    335     11      0    .707    .45   2.05   .244   .882   .192   1.62   .194   .011   1
  40 WRD108B  1449 1976    528     19      0    .629    .40   3.41   .349   .863   .221   2.78   .253  -.011   3
  41 WRD110A  1681 2011    331     11      0    .630    .28    .82   .107   .715   .222   1.83   .230  -.009   1
  42 WRD110B  1778 2011    234      7      0    .658    .52   1.20   .170   .691   .186   1.93   .191  -.014   1
  43 WRD110C  1718 2011    294     10      0    .486    .51   1.53   .302   .907   .202   1.95   .208  -.016   1
  44 WRD111A  1661 2011    351     12      0    .684    .41   1.15   .151   .748   .200   1.65   .201  -.010   1
  45 WRD111B  1538 2011    474     17      2    .548    .68   3.21   .482   .901   .204   2.24   .220  -.005   1
  46 WRD113A  1545 2011    467     17      0    .597    .69   1.81   .216   .724   .180   1.70   .186   .022   1
  47 WRD113B  1625 2011    387     13      0    .628    .82   2.90   .400   .872   .161   1.58   .164  -.000   3
  48 WRD118A  1527 2011    485     17      0    .432    .39   1.00   .165   .796   .191   1.69   .202   .012   1
  49 WRD118B  1528 2011    484     17      0    .528    .45   1.05   .185   .794   .223   1.77   .218   .008   1
  50 WRD119A  1544 2007    464     17      0    .481    .41   1.81   .278   .863   .247   2.11   .268  -.019   1
  51 WRD119B  1606 2011    406     14      1    .543    .58   1.76   .297   .860   .211   1.74   .228   .011   1
  52 WRD122A  1438 1958    521     19      0    .589    .67   1.57   .223   .787   .172   1.56   .184  -.014   1
  53 WRD122B  1485 1871    387     13      0    .532    .66   3.15   .360   .854   .203   1.74   .212   .012   1
  54 WRD124A  1614 1968    355     12      0    .564    .77   2.87   .445   .798   .271   1.93   .282  -.004   1
  55 WRD124B  1683 1974    292     10      0    .659    .40   1.02   .165   .667   .282   2.04   .273   .007   1
 --- -------- ---------  -----  -----  -----   ------ -----  -----  -----  -----  -----  -----  -----  -----  --
 Total or mean:          26136    928     15    .583    .48   3.73   .256   .817   .213   3.27   .221  -.001

 DATA CHECKS (rwl.check): ut537
-----------------------------------------------------------------------------------------------------------------------------------
 rwl.check: data_files/treering/measurements/northamerica/usa/ut537.rwl
 55 series, 26136 measurements, 1133-2011, 0.001 mm precision
 0 error(s), 0 warning(s), 2 note(s)
 -------------
 Nothing to report at this severity.
 2 note(s) not shown; see rwl.check() or the 'check' element of this report.

 NOTES
-----------------------------------------------------------------------------------------------------------------------------------
 Report generated using dplR 1.8.1 (R 4.5.2) on 2026-10-01 16:51 PDT.
 Measurement file ut537.rwl, MD5 6ca8e2bf2514073f575867130ea836ef.
 Filtering: each series divided by a 32-year smoothing spline (caps()), then prewhitened with
   an AR model (order by AIC, at most 3).
 Master: biweight robust mean of the other series (leave-one-out).
 Correlation: Pearson, one-tailed, pcrit = 0.01; critical r = 0.3281 for 50-year segments.
 Segments: 50 years, lagged 25, first segment floored to 100. Lags searched: +/- 10 years.
 A segment is tested only where the series and the master cover all of it, at the dated
   position and at every lag. COFECHA also tests partial segments at the ends of a series, so
   series here may show fewer segments, and no flags can be raised at the ends of the record.
 Lags follow COFECHA: negative means rings are probably missing from the series, positive means
   false rings. A missing ring carries its lag into every segment before it, so look where the
   lag changes along a series. A B flag is a hypothesis to check on the wood; the gain says how
   seriously to take it.
 A B flag marked "weak at every lag" correlates under the critical value even at its best lag:
   the segment is weak wherever it is placed, and the shift is not evidence of a dating error.
   Treat it as a low correlation, like an A.
 Averages in the summary and the totals are weighted by the number of years in each series, as
   COFECHA's are.
 Unfiltered block and mean sensitivity: the measurements as read, and sens1().
 dplR filtered block: the series that was correlated, after filtering. COFECHA's filtered
   series is defined differently, so these three columns are not COFECHA's numbers.
 AR: order of the AR model used to prewhiten.
