
 COFECHA-style crossdating report: wa055
 Report generated using dplR 1.8.1 (R 4.5.2) on 2026-10-01 16:50 PDT
 Built with dplR's xdate.report(), not COFECHA; see the notes at the end.


      Measurement file name  : wa055.rwl
      MD5 of measurement file: ad96ea71b3de6177e6cdadd15d8c745d
      Date checked           : 01OCT26
      Beginning year         : 1499
      Ending year            : 1980
      Principal investigators: Graumlich, L.J.
      Site name              : Soleduck
      Species information    : PSME Pseudotsuga menziesii (Mirb.) Franco
      Latitude               : 47.9800 N
      Longitude              : 123.0500 W
      Elevation              : 750 m

      Series intercorrelation: 0.645
      Avg mean sensitivity   : 0.191
      Avg standard deviation : 0.485
      Avg autocorrelation    : 0.881
      Number dated series    : 46
      Segment length tested  : 50

      Number problem segments: 46  (A 3, B 43; 2 of the B weak at every lag)
      Pct problem segments   : 6.33


 CORRELATION OF SERIES BY SEGMENTS: wa055
-----------------------------------------------------------------------------------------------------------------------------------
 Correlations of  50-year dated segments, lagged  25 years
 Flags:  A = correlation under   .3281 but highest as dated;  B = correlation higher at other than dated position

 Seq Series  Time_span  1500 1525 1550 1575 1600 1625 1650 1675 1700 1725 1750 1775 1800 1825 1850 1875 1900 1925 
                        1549 1574 1599 1624 1649 1674 1699 1724 1749 1774 1799 1824 1849 1874 1899 1924 1949 1974 
 --- -------- ---------  ---- ---- ---- ---- ---- ---- ---- ---- ---- ---- ---- ---- ---- ---- ---- ---- ---- ---- 
   1 010011   1632 1980                                .44  .66  .75  .71  .64  .72  .77  .71  .72  .64  .59  .65 
   2 010012   1592 1980                      .68  .53  .42  .65  .72  .72  .72  .71  .69  .66  .68  .71  .69  .66 
   3 010021   1580 1980                      .73  .67  .75  .69  .57  .71  .78  .77  .80  .76  .67  .63  .68  .69 
   4 010022   1509 1980       .68  .81  .84  .71  .55  .59  .76  .68  .64  .77  .73  .61  .61  .77  .80  .67  .71 
   5 010031   1527 1980            .84  .77  .54  .40B .60  .75  .66  .64  .74  .73  .66  .62  .73  .75  .76  .78 
   6 010032   1504 1980       .84  .82  .80  .69  .49  .57  .74  .69  .70  .79  .79  .74  .53  .59  .71  .50  .59 
   7 010041   1539 1980            .82  .81  .78  .68  .55  .66  .78  .82  .78  .74  .83  .78  .73  .72  .67  .75 
   8 010042   1594 1980                      .76  .68  .64  .65  .71  .85  .82  .79  .82  .83  .80  .73  .79  .72 
   9 010051   1516 1980       .83  .71  .71  .73  .52  .43  .66  .79  .75  .68  .79  .77  .74  .76  .37  .46  .66 
  10 010052   1547 1980           -.14B-.19B-.00B .18B-.01B .02B .04B-.16B-.07B-.13B-.13B .13B .03B .15B .69  .64 
  11 010061   1533 1980            .63  .61  .68  .55  .47  .67  .58  .54  .82  .74  .66  .68  .67  .70  .66  .73 
  12 010062   1559 1980                 .71  .67  .60  .60  .72  .75  .73  .57  .51  .64  .66  .70  .69  .72  .76 
  13 010071   1559 1980                 .78  .65  .57  .70  .80  .76  .70  .83  .86  .85  .84  .77  .72  .80  .83 
  14 010072   1577 1980                      .74  .67  .58  .76  .72  .58  .72  .85  .83  .78  .77  .80  .77  .77 
  15 010081   1499 1980       .52  .58  .68  .64  .41  .37  .55  .64  .69  .78  .70  .69  .74  .52  .38  .56  .70 
  16 010082   1509 1980       .79  .77  .73  .70  .68  .65  .59  .64  .76  .80  .78  .67  .70  .73  .61  .74  .79 
  17 010091   1513 1980       .77  .68  .61  .57  .48  .57  .52  .59  .71  .72  .71  .81  .85  .68  .58  .52  .63 
  18 010092   1524 1980           -.05B .12B-.03B-.00B .14B .06B-.01B .10B .15B .21B .14B .05B-.00B-.13B .04B .49 
  19 010101   1549 1980                 .71  .53  .51  .38  .45  .62  .67  .76  .76  .79  .80  .69  .52  .65  .80 
  20 010102   1517 1980       .79  .71  .50  .54  .49  .53  .79  .75  .73  .76  .79  .77  .70  .64  .67  .70  .71 
  21 010111   1542 1980            .76  .75  .71  .59  .61  .66  .67  .66  .79  .76  .62  .66  .39  .42  .74  .75 
  22 010112   1519 1980       .74  .77  .76  .70  .66  .59  .66  .66  .74  .83  .78  .59  .58  .65  .66  .82  .81 
  23 010121   1538 1980            .71  .68  .63  .50  .44  .63  .67  .67  .72  .69  .74  .80  .75  .68  .64  .68 
  24 010122   1549 1980                 .72  .71  .63  .59  .73  .74  .73  .72  .77  .80  .71  .69  .58  .38  .62 
  25 010131   1597 1980                      .73  .68  .54  .60  .72  .75  .74  .80  .79  .71  .76  .70  .62  .74 
  26 010132   1665 1980                                     .78  .76  .77  .79  .74  .76  .79  .78  .79  .77  .77 
  27 010141   1529 1980            .70  .54  .55  .53  .52  .72  .63  .58  .75  .75  .69  .70  .71  .64  .71  .81 
  28 010142   1503 1980       .73  .77  .76  .72  .60  .51  .60  .66  .67  .69  .71  .74  .64  .57  .71  .63  .65 
  29 010151   1533 1980            .76  .70  .64  .52  .49  .18B .17B .65  .68  .77  .81  .66  .59  .72  .72  .71 
  30 010152   1518 1980       .63  .74  .73  .72  .67  .56  .55  .50  .69  .79  .77  .74  .69  .65  .64  .65  .75 
  31 010161   1530 1980            .74  .65  .73  .73  .74  .82  .83  .72  .67  .74  .80  .82  .70  .63  .66  .69 
  32 010162   1520 1980       .82  .83  .81  .80  .72  .70  .76  .80  .77  .81  .80  .75  .73  .70  .71  .75  .82 
  33 010171   1525 1980           -.07B .24B .60  .62  .62  .73  .75  .70  .67  .71  .69  .63  .63  .65  .49  .59 
  34 010172   1544 1980            .77  .71  .69  .64  .53  .70  .73  .80  .86  .80  .70  .44  .52  .75  .74  .80 
  35 010181   1523 1980       .72  .69  .65  .73  .69  .54  .73  .73  .61  .75  .74  .65  .73  .62  .55  .76  .75 
  36 010182   1559 1980                 .73  .74  .80  .69  .66  .68  .74  .78  .80  .81  .81  .78  .75  .75  .78 
  37 010191   1512 1980       .71  .75  .78  .81  .71  .52  .69  .70  .53  .53  .68  .63  .57  .51  .32A .42  .60 
  38 010192   1518 1980       .69  .76  .78  .81  .72  .54  .64  .60  .69  .77  .64  .65  .52  .34  .41  .47  .67 
  39 010201   1509 1980       .50  .62  .65  .60  .52  .53  .57  .55  .54  .54  .57  .50  .47  .49  .37  .62  .80 
  40 010202   1517 1980       .73  .62  .50  .62  .56  .53  .49  .41  .53  .58  .66  .63  .59  .50  .26A .39  .65 
  41 010211   1537 1980            .68  .74  .73  .47  .48  .79  .75  .74  .67  .61  .74  .76  .62  .57  .54  .70 
  42 010212   1516 1980       .74  .68  .68  .82  .74  .60  .62  .69  .69  .74  .80  .78  .72  .63  .63  .69  .74 
  43 010221   1570 1980                 .61  .60  .58  .73  .69  .55  .57  .62  .56  .55  .67  .60  .27A .19B .50 
  44 010222   1536 1980            .10B .13B-.08B-.17B .11B .33B .19B .14B .39  .52  .47  .53  .56  .48  .57  .73 
  45 010231   1528 1980            .77  .74  .73  .73  .66  .67  .67  .76  .56  .56  .73  .71  .73  .69  .70  .78 
  46 010232   1560 1980                 .81  .65  .62  .69  .74  .73  .70  .72  .70  .72  .64  .62  .53  .52  .66 
 Av segment correlation       .72  .64  .64  .64  .56  .53  .63  .63  .65  .69  .70  .69  .66  .62  .58  .62  .71 

 FLAGGED SEGMENTS: wa055
-----------------------------------------------------------------------------------------------------------------------------------
 Seq Series   Segment    Flag  r dated  Best lag  r at lag   Gain  Note
 --- -------- ---------  ----  -------  --------  --------  -----  -----------------
   5 010031   1625 1674     B     .395         8      .419   .024
  10 010052   1550 1599     B    -.144        -4      .811   .954
  10 010052   1575 1624     B    -.190        -4      .747   .937
  10 010052   1600 1649     B    -.001        -4      .773   .774
  10 010052   1625 1674     B     .176        -4      .686   .510
  10 010052   1650 1699     B    -.009        -4      .633   .642
  10 010052   1675 1724     B     .019        -4      .786   .766
  10 010052   1700 1749     B     .035        -4      .691   .656
  10 010052   1725 1774     B    -.155        -4      .607   .762
  10 010052   1750 1799     B    -.066        -4      .706   .772
  10 010052   1775 1824     B    -.127        -4      .756   .883
  10 010052   1800 1849     B    -.129        -3      .305   .434  weak at every lag
  10 010052   1825 1874     B     .126        -2      .497   .371
  10 010052   1850 1899     B     .034        -2      .633   .599
  10 010052   1875 1924     B     .151        -2      .359   .209
  18 010092   1550 1599     B    -.050        -3      .593   .643
  18 010092   1575 1624     B     .118        -3      .637   .519
  18 010092   1600 1649     B    -.032        -3      .569   .601
  18 010092   1625 1674     B    -.003        -3      .443   .445
  18 010092   1650 1699     B     .138        -3      .590   .452
  18 010092   1675 1724     B     .064        -3      .496   .432
  18 010092   1700 1749     B    -.008        -3      .542   .550
  18 010092   1725 1774     B     .101        -3      .761   .660
  18 010092   1750 1799     B     .152        -3      .771   .619
  18 010092   1775 1824     B     .214        -3      .745   .531
  18 010092   1800 1849     B     .144        -3      .742   .598
  18 010092   1825 1874     B     .054        -3      .632   .579
  18 010092   1850 1899     B    -.002        -1      .843   .845
  18 010092   1875 1924     B    -.129        -1      .796   .925
  18 010092   1900 1949     B     .042        -1      .588   .546
  29 010151   1675 1724     B     .178        -4      .204   .026  weak at every lag
  29 010151   1700 1749     B     .165        -4      .491   .326
  33 010171   1550 1599     B    -.072        -1      .810   .883
  33 010171   1575 1624     B     .243        -1      .439   .195
  37 010191   1875 1924     A     .316         0
  40 010202   1875 1924     A     .265         0
  43 010221   1875 1924     A     .273         0
  43 010221   1900 1949     B     .195        -4      .336   .141
  44 010222   1550 1599     B     .103        -3      .763   .661
  44 010222   1575 1624     B     .128        -3      .728   .600
  44 010222   1600 1649     B    -.085        -3      .736   .821
  44 010222   1625 1674     B    -.167        -3      .665   .831
  44 010222   1650 1699     B     .113        -3      .721   .608
  44 010222   1675 1724     B     .335        -3      .507   .173
  44 010222   1700 1749     B     .190        -3      .443   .254
  44 010222   1725 1774     B     .138        -3      .495   .356

 DESCRIPTIVE STATISTICS: wa055
-----------------------------------------------------------------------------------------------------------------------------------

                                                Corr   //-------- Unfiltered --------\\  //-- dplR filtered --\\
                           No.    No.    No.    with   Mean   Max     Std   Auto   Mean   Max     Std   Auto  AR
 Seq Series   Interval   Years  Segmt  Flags   Master  msmt   msmt    dev   corr   sens  value    dev   corr  ()
 --- -------- ---------  -----  -----  -----   ------ -----  -----  -----  -----  -----  -----  -----  -----  --
   1 010011   1632 1980    349     12      0    .671    .94   2.77   .455   .873   .178   1.60   .186   .002   2
   2 010012   1592 1980    389     14      0    .652    .97   2.18   .302   .719   .183   1.75   .192   .031   1
   3 010021   1580 1980    401     14      0    .702    .92   2.84   .344   .758   .197   2.30   .213  -.002   2
   4 010022   1509 1980    472     17      0    .701    .86   5.04   .728   .948   .190   1.76   .205  -.008   3
   5 010031   1527 1980    454     16      1    .707    .63   2.84   .387   .900   .215   1.80   .219  -.003   1
   6 010032   1504 1980    477     17      0    .669    .67   4.59   .637   .956   .219   1.78   .225   .001   1
   7 010041   1539 1980    442     16      0    .742    .90   2.71   .367   .842   .179   1.59   .186   .038   1
   8 010042   1594 1980    387     14      0    .758    .94   2.51   .407   .815   .205   1.63   .210  -.015   3
   9 010051   1516 1980    465     17      0    .658    .86   6.31   .873   .966   .174   1.58   .180   .007   2
  10 010052   1547 1980    434     16     14    .108    .85   2.71   .433   .896   .184   1.78   .190   .001   2
  11 010061   1533 1980    448     16      0    .649    .66   5.66   .606   .942   .191   1.97   .205   .010   1
  12 010062   1559 1980    422     15      0    .683    .80   2.10   .366   .847   .206   1.76   .209  -.009   3
  13 010071   1559 1980    422     15      0    .761    .86   2.05   .264   .779   .155   1.62   .164   .003   2
  14 010072   1577 1980    404     14      0    .738    .88   1.72   .257   .751   .157   1.53   .173  -.008   3
  15 010081   1499 1980    482     17      0    .621    .77   4.41   .722   .948   .206   2.35   .220   .023   1
  16 010082   1509 1980    472     17      0    .717    .78   5.61   .655   .940   .175   1.61   .188   .002   1
  17 010091   1513 1980    468     17      0    .651    .51   4.53   .676   .971   .212   1.68   .215  -.010   3
  18 010092   1524 1980    457     16     15    .154    .47   6.16   .606   .968   .205   1.94   .213  -.001   2
  19 010101   1549 1980    432     15      0    .684    .55   1.56   .248   .860   .170   1.62   .183  -.010   2
  20 010102   1517 1980    464     17      0    .689    .65   5.25   .630   .947   .210   1.99   .222  -.004   2
  21 010111   1542 1980    439     16      0    .662    .68   1.84   .271   .778   .205   2.23   .214   .023   1
  22 010112   1519 1980    462     17      0    .709    .75   4.89   .556   .918   .193   1.95   .199   .008   2
  23 010121   1538 1980    443     16      0    .675    .82   1.79   .278   .837   .154   1.62   .164   .022   1
  24 010122   1549 1980    432     15      0    .685    .87   1.99   .289   .810   .170   1.59   .174  -.002   2
  25 010131   1597 1980    384     14      0    .715    .81   2.01   .331   .791   .206   1.75   .211   .003   2
  26 010132   1665 1980    316     11      0    .764    .96   2.12   .259   .619   .185   1.79   .202   .022   1
  27 010141   1529 1980    452     16      0    .678    .65   2.13   .375   .893   .190   1.85   .205  -.007   3
  28 010142   1503 1980    478     17      0    .657    .81   5.10   .818   .950   .246   1.77   .253   .001   2
  29 010151   1533 1980    448     16      2    .640    .63   2.73   .449   .927   .206   1.95   .208  -.001   2
  30 010152   1518 1980    463     17      0    .679    .71   4.08   .521   .927   .202   2.02   .211   .025   1
  31 010161   1530 1980    451     16      0    .731    .85   2.47   .375   .883   .176   1.62   .186  -.005   1
  32 010162   1520 1980    461     17      0    .765    .79   4.09   .533   .937   .171   1.63   .180   .009   1
  33 010171   1525 1980    456     16      2    .549    .75   4.64   .716   .949   .206   1.70   .211   .001   2
  34 010172   1544 1980    437     16      0    .692    .83   3.69   .639   .943   .222   1.85   .230   .023   1
  35 010181   1523 1980    458     17      0    .689    .71   2.97   .349   .885   .171   1.76   .180   .013   1
  36 010182   1559 1980    422     15      0    .759    .70   2.81   .312   .831   .183   2.08   .205  -.006   2
  37 010191   1512 1980    469     17      1    .597    .72   3.50   .532   .920   .189   2.00   .198   .034   1
  38 010192   1518 1980    463     17      0    .631    .86   3.26   .482   .902   .179   1.93   .193   .039   1
  39 010201   1509 1980    472     17      0    .576    .72   5.35   .773   .974   .158   1.85   .165  -.012   1
  40 010202   1517 1980    464     17      1    .543    .73   5.22   .598   .949   .177   1.80   .182  -.000   2
  41 010211   1537 1980    444     16      0    .683    .79   2.25   .274   .745   .183   1.65   .196  -.002   2
  42 010212   1516 1980    465     17      0    .704    .78   5.44   .581   .930   .191   1.74   .195  -.002   2
  43 010221   1570 1980    411     15      2    .549    .92   3.31   .415   .851   .183   1.56   .192  -.028   1
  44 010222   1536 1980    445     16      8    .335    .79   4.14   .506   .916   .172   1.60   .180  -.023   1
  45 010231   1528 1980    453     16      0    .709    .79   3.04   .358   .824   .200   1.78   .208  -.002   2
  46 010232   1560 1980    421     15      0    .662    .90   2.51   .401   .774   .226   2.02   .246  -.001   2
 --- -------- ---------  -----  -----  -----   ------ -----  -----  -----  -----  -----  -----  -----  -----  --
 Total or mean:          20250    727     46    .645    .77   6.31   .485   .881   .191   2.35   .200   .004

 DATA CHECKS (rwl.check): wa055
-----------------------------------------------------------------------------------------------------------------------------------
 rwl.check: data_files/treering/measurements/northamerica/usa/wa055.rwl
 46 series, 20250 measurements, 1499-1980, 0.01 mm precision
 2 error(s), 4 warning(s), 1 note(s)
 -------------
 ERROR
   RWL_DATING_LAG (2)
     010052: correlates best with the master at lag -4 (r = 0.364 against r = 0.204 as dated); the series may be misdated by 4 year(s), most likely a missing ring
     010092: correlates best with the master at lag -3 (r = 0.433 against r = 0.218 as dated); the series may be misdated by 3 year(s), most likely a missing ring
 -------------
 WARNING
   RWL_NON_ASCII (1)
     1 byte(s) outside printable ASCII
   RWL_SERIES_OUTLIER (3)
     010052: correlates with the rest of the collection at r = 0.204 where the collection median is 0.67 (8.9 MAD below it); it does not fit the collection it is in
     010092: correlates with the rest of the collection at r = 0.218 where the collection median is 0.67 (8.7 MAD below it); it does not fit the collection it is in
     010222: correlates with the rest of the collection at r = 0.364 where the collection median is 0.67 (5.9 MAD below it); it does not fit the collection it is in
 1 note(s) not shown; see rwl.check() or the 'check' element of this report.

 NOTES
-----------------------------------------------------------------------------------------------------------------------------------
 Report generated using dplR 1.8.1 (R 4.5.2) on 2026-10-01 16:50 PDT.
 Measurement file wa055.rwl, MD5 ad96ea71b3de6177e6cdadd15d8c745d.
 Filtering: each series divided by a 32-year smoothing spline (caps()), then prewhitened with
   an AR model (order by AIC, at most 3).
 Master: biweight robust mean of the other series (leave-one-out).
 Correlation: Pearson, one-tailed, pcrit = 0.01; critical r = 0.3281 for 50-year segments.
 Segments: 50 years, lagged 25, first segment floored to 100. Lags searched: +/- 10 years.
 A segment is tested only where the series and the master cover all of it, at the dated
   position and at every lag. COFECHA also tests partial segments at the ends of a series, so
   series here may show fewer segments, and no flags can be raised at the ends of the record.
 Lags follow COFECHA: negative means rings are probably missing from the series, positive means
   false rings. A missing ring carries its lag into every segment before it, so look where the
   lag changes along a series. A B flag is a hypothesis to check on the wood; the gain says how
   seriously to take it.
 A B flag marked "weak at every lag" correlates under the critical value even at its best lag:
   the segment is weak wherever it is placed, and the shift is not evidence of a dating error.
   Treat it as a low correlation, like an A.
 Averages in the summary and the totals are weighted by the number of years in each series, as
   COFECHA's are.
 Unfiltered block and mean sensitivity: the measurements as read, and sens1().
 dplR filtered block: the series that was correlated, after filtering. COFECHA's filtered
   series is defined differently, so these three columns are not COFECHA's numbers.
 AR: order of the AR model used to prewhiten.
