
 COFECHA-style crossdating report: wi007
 Report generated using dplR 1.8.1 (R 4.5.2) on 2026-10-01 16:48 PDT
 Built with dplR's xdate.report(), not COFECHA; see the notes at the end.


      Measurement file name  : wi007.rwl
      MD5 of measurement file: c61428ccf4c81e2a922e19f96b02c74c
      Date checked           : 01OCT26
      Beginning year         : 1385
      Ending year            : 2000
      Principal investigators: Cook, E.R.; Buckley, B.M.; Krusic, P.J.; Grissino-Mayer, H.D.; Pederson, N.
      Site name              : Door Peninsula
      Species information    : THOC Thuja occidentalis L.
      Latitude               : 44.9167 N
      Longitude              : 87.2333 W
      Elevation              : 140 m

      Series intercorrelation: 0.587
      Avg mean sensitivity   : 0.271
      Avg standard deviation : 0.229
      Avg autocorrelation    : 0.764
      Number dated series    : 216
      Segment length tested  : 50

      Number problem segments: 42  (A 16, B 26; 16 of the B weak at every lag)
      Pct problem segments   : 3.35


 CORRELATION OF SERIES BY SEGMENTS: wi007
-----------------------------------------------------------------------------------------------------------------------------------
 Correlations of  50-year dated segments, lagged  25 years
 Flags:  A = correlation under   .3281 but highest as dated;  B = correlation higher at other than dated position

 Seq Series  Time_span  1400 1425 1450 1475 1500 1525 1550 1575 1600 1625 1650 1675 1700 1725 1750 1775 1800 1825 1850 1875 
                        1449 1474 1499 1524 1549 1574 1599 1624 1649 1674 1699 1724 1749 1774 1799 1824 1849 1874 1899 1924 
 --- -------- ---------  ---- ---- ---- ---- ---- ---- ---- ---- ---- ---- ---- ---- ---- ---- ---- ---- ---- ---- ---- ---- 
   1 EL01A    1794 1999                                                                                  .50  .37  .61  .68 
   2 EL01B    1766 1999                                                                             .81  .58  .48  .66  .67 
   3 EL02A    1754 1939                                                                             .72  .53  .38  .40  .50 
   4 EL02B    1731 1909                                                                        .74  .73  .44  .29A .58      
   5 EL02C    1758 1913                                                                             .59  .39  .28B .55      
   6 ELO4A    1656 1792                                                         .70  .67  .69                               
   7 EL33A    1702 1814                                                                   .74  .77                          
   8 EL41A    1727 1999                                                                        .75  .70  .56  .51  .64  .78 
   9 EL41B    1752 1999                                                                             .78  .61  .54  .69  .74 
  10 EL41C    1706 1999                                                                   .65  .62  .60  .46  .45  .49  .67 
  11 ELC2A    1755 1999                                                                             .63  .38  .45  .64  .68 
  12 ELC07B   1771 1999                                                                             .70  .60  .65  .78  .81 
  13 ELDK01A  1644 1788                                                    .52  .57  .60  .70                               
  14 ELDK01B  1644 1781                                                    .42  .54  .59  .71                               
  15 ELDK02A  1641 1763                                                    .69  .64  .68                                    
  16 ELDK02B  1641 1762                                                    .73  .69  .68                                    
  17 ELDK03A  1652 1782                                                         .44  .54  .59                               
  18 ELDK03B  1652 1982                                                         .49  .57  .63  .69  .64  .36  .20B .38  .59 
  19 ELDK04A  1678 1868                                                              .63  .65  .60  .50  .38                
  20 ELDK04B  1678 1930                                                              .71  .60  .65  .57  .45  .63  .51  .37 
  21 ELDK05A  1657 1963                                                         .47  .38  .33A .57  .66  .59  .50  .31A .37 
  22 ELDK05B  1657 1838                                                         .49  .47  .53  .58  .53                     
  23 ELDK06A  1650 1800                                                         .54  .46  .49  .66                          
  24 ELDK06B  1650 1823                                                         .54  .47  .57  .74                          
  25 ELDK07A  1732 1865                                                                        .73  .79  .56                
  26 ELDK07B  1732 1953                                                                        .72  .79  .57  .34  .43  .34 
  27 ELDK08A  1707 1837                                                                   .77  .73  .53                     
  28 ELDK08B  1707 1797                                                                   .79                               
  29 ELDK09A  1704 1951                                                                   .33  .55  .61  .56  .41  .30B .33 
  30 ELDK10A  1652 1820                                                         .49  .51  .56  .70                          
  31 ELDK10B  1653 1774                                                         .62  .59  .55                               
  32 ELDK12A  1589 1758                                          .33  .46  .52  .38  .41                                    
  33 ELDK13A  1707 1945                                                                   .75  .74  .63  .56  .57  .76  .68 
  34 ELDK13B  1701 1837                                                                   .68  .77  .65                     
  35 ELDK14A  1727 1916                                                                        .67  .62  .61  .73  .44      
  36 ELDK15A  1681 1791                                                              .60  .46                               
  37 ELDK15B  1681 1777                                                              .39  .38                               
  38 ELDK18A  1684 1845                                                              .60  .57  .73  .68                     
  39 ELDK20A  1641 1776                                                    .57  .64  .66  .64                               
  40 ELDK20B  1641 1773                                                    .37  .42  .65                                    
  41 ELDK21A  1681 1823                                                              .57  .56  .63                          
  42 ELDK22A  1668 1853                                                         .66  .64  .67  .75  .65  .50                
  43 ELDK23C  1685 1809                                                              .61  .55  .65                          
  44 ELDK24A  1646 1777                                                    .68  .65  .66  .71                               
  45 ELDK24B  1646 1786                                                    .73  .63  .68  .71                               
  46 ELDK25A  1676 1855                                                              .59  .46  .41  .62  .49                
  47 ELDK28A  1738 1896                                                                        .67  .72  .60  .49           
  48 ELDK29A  1648 1839                                                    .46  .54  .51  .37  .46  .72                     
  49 ELDK30A  1673 1793                                                         .51  .45  .51                               
  50 ELDK31A  1697 1800                                                              .28B .59  .72                          
  51 ELDK32A  1661 1799                                                         .68  .61  .71  .86                          
  52 FK01A    1739 1999                                                                        .69  .68  .69  .65  .61  .68 
  53 FK17A    1704 1999                                                                   .81  .86  .80  .79  .78  .71  .70 
  54 FK17B    1737 1999                                                                        .81  .80  .73  .78  .63  .64 
  55 FK19A    1721 1999                                                                   .69  .80  .79  .72  .52  .32B .50 
  56 FK19B    1721 1997                                                                   .63  .76  .72  .71  .72  .42  .47 
  57 FK23A    1727 1999                                                                        .66  .74  .78  .53  .64  .80 
  58 FC06A    1712 1941                                                                   .58  .56  .59  .64  .72  .57  .47 
  59 FC06B    1712 1818                                                                   .71  .76                          
  60 FC06C    1725 1949                                                                        .69  .71  .68  .64  .64  .47 
  61 FC06D    1723 1833                                                                   .77  .70  .72                     
  62 FC08A    1582 1893                                          .42  .44  .60  .62  .74  .75  .72  .72  .67  .59           
  63 FC08B    1582 1766                                          .46  .58  .66  .67  .72                                    
  64 FC08C    1717 1917                                                                   .70  .66  .71  .74  .75  .82      
  65 FC08D    1753 1930                                                                             .66  .73  .70  .59  .65 
  66 FC12A    1769 1911                                                                             .71  .64  .49  .50      
  67 FC12B    1769 1922                                                                             .62  .60  .45  .51      
  68 FC14A    1787 1904                                                                                  .67  .58  .57      
  69 FC14B    1784 1879                                                                                  .68  .68           
  70 FC16A    1741 1940                                                                        .34  .30A .48  .48  .48  .61 
  71 FC16B    1740 1942                                                                        .42  .42  .70  .78  .78  .67 
  72 FC18A    1782 1904                                                                                  .62  .39  .60      
  73 FC18B    1764 1906                                                                             .61  .71  .55  .55      
  74 FC20A    1680 1833                                                              .74  .84  .80  .68                     
  75 FC20B    1682 1819                                                              .73  .85  .75                          
  76 FC22A    1730 1862                                                                        .51  .72  .79                
  77 FC22B    1751 1867                                                                             .56  .58                
  78 FC24A    1537 1914                                .73  .63  .58  .67  .74  .77  .82  .75  .78  .71  .65  .68  .66      
  79 FC24B    1537 1865                                .67  .69  .63  .62  .68  .77  .83  .77  .79  .81  .77                
  80 FC24C    1603 1913                                               .69  .75  .74  .80  .73  .72  .73  .73  .74  .78      
  81 FC24D    1603 1841                                               .68  .72  .80  .82  .73  .82  .78                     
  82 FC25B    1776 1908                                                                                  .75  .77  .71      
  83 FC26A    1446 1622            .48  .56  .67  .68  .79                                                                  
  84 FC26B    1446 1600            .67  .68  .70  .66  .69                                                                  
  85 FC26C    1440 1619            .64  .69  .74  .71  .73                                                                  
  86 FC27A'   1788 1999                                                                                  .78  .88  .50  .60 
  87 FC29A    1724 1880                                                                   .66  .67  .64  .76  .72           
  88 FC29B    1724 1823                                                                   .72  .72                          
  89 FC31A    1785 1999                                                                                  .64  .68  .53  .43 
  90 FC31B    1790 1999                                                                                  .65  .73  .58  .53 
  91 FC31C    1777 1999                                                                                  .69  .69  .66  .74 
  92 FC35A    1783 1999                                                                                  .76  .67  .76  .87 
  93 FC35B    1791 1999                                                                                  .67  .50  .58  .64 
  94 FC35D    1784 1999                                                                                  .68  .50  .58  .75 
  95 FC35E    1795 1999                                                                                  .72  .64  .72  .79 
  96 FC37A    1730 1999                                                                        .70  .73  .81  .79  .80  .87 
  97 FC37B    1697 1999                                                              .78  .80  .76  .83  .86  .84  .77  .79 
  98 FC37C    1697 1999                                                              .72  .75  .69  .69  .75  .79  .74  .80 
  99 FC39A    1534 1974                                .77  .83  .73  .63  .65  .62  .58  .54  .63  .72  .84  .81  .64  .68 
 100 FC39B    1555 1974                                     .77  .75  .63  .52  .56  .70  .73  .74  .66  .71  .71  .55  .60 
 101 FC41A    1596 1999                                          .72  .61  .58  .62  .66  .56  .64  .71  .67  .68  .64  .74 
 102 FC41B    1540 1999                                .82  .83  .62  .50  .61  .73  .77  .57  .55  .78  .79  .76  .70  .75 
 103 FC42A    1506 1837                           .69  .68  .65  .69  .78  .70  .46  .45  .56  .60  .69                     
 104 FC42B    1385 1888       .76  .60  .67  .71  .73  .69  .64  .71  .76  .70  .53  .55  .65  .75  .69  .56  .54           
 105 FC42C    1418 1826       .84  .79  .64  .55  .58  .71  .73  .65  .73  .72  .63  .65  .63  .71  .60                     
 106 FC42D    1728 1852                                                                        .74  .62  .57                
 107 FC42E    1748 1904                                                                        .65  .58  .63  .72  .72      
 108 FC43A    1739 1999                                                                        .70  .70  .82  .73  .77  .74 
 109 FC43C    1715 1846                                                                   .65  .72  .67                     
 110 FC43D    1715 1836                                                                   .65  .68  .65                     
 111 FC44A    1563 1820                                     .68  .67  .77  .71  .52  .39  .48  .66                          
 112 FC44B    1549 1852                                .71  .74  .73  .78  .66  .46  .32A .38  .68  .49  .49                
 113 FC46A    1543 1729                                .55  .64  .58  .56  .57  .55                                         
 114 FC48A    1682 1814                                                              .35  .37  .35                          
 115 FC48B    1682 1865                                                              .46  .48  .43  .40  .43                
 116 FC48C    1675 1852                                                              .44  .46  .52  .40  .47                
 117 FC48D    1675 1810                                                              .25B .39  .33                          
 118 FC48E    1729 1827                                                                        .65  .55                     
 119 FC50A    1445 1671            .73  .73  .73  .61  .46  .44  .37                                                        
 120 FC50B    1445 1569            .63  .71  .68                                                                            
 121 FC50C    1420 1710       .71  .63  .60  .69  .72  .61  .46  .42  .55  .48                                              
 122 FC50D    1420 1620       .67  .81  .74  .64  .64  .54                                                                  
 123 FC55A    1756 1999                                                                             .65  .74  .65  .64  .74 
 124 FC55B    1751 1999                                                                             .68  .76  .65  .68  .79 
 125 FC63A    1780 1999                                                                                  .73  .74  .50  .62 
 126 FC63B    1796 1999                                                                                  .64  .51  .40B .65 
 127 FCDK01A  1703 1858                                                                   .66  .74  .70  .69                
 128 FCDK02A  1702 1909                                                                   .28A .61  .62  .64  .66  .69      
 129 FCDK03A  1784 1987                                                                                  .52  .62  .65  .64 
 130 FCDK04A  1598 1835                                          .38  .46  .39  .28A .39  .48  .69  .67                     
 131 FCDK05A  1734 1924                                                                        .69  .76  .67  .54  .31A .22B
 132 FCDK06A  1753 1984                                                                             .53  .66  .76  .76  .74 
 133 FCDK07A  1585 1782                                          .40  .17B .31A .71  .67  .66                               
 134 FCDK07B  1560 1784                                     .25B .49  .62  .57  .67  .72  .74                               
 135 FCDK09A  1451 1611                 .51  .42  .56  .74                                                                  
 136 FCDK12A  1486 1684                      .67  .70  .72  .79  .78  .56                                                   
 137 FCDK13A  1488 1827                      .40  .59  .72  .67  .62  .58  .61  .63  .62  .67  .73  .65                     
 138 FCDK14A  1497 1688                      .60  .65  .73  .80  .74  .59                                                   
 139 FCDK15A  1724 1896                                                                   .52  .22B .32B .69  .64           
 140 FCDK16A  1538 1873                                .76  .84  .81  .74  .73  .63  .52  .53  .75  .66  .75                
 141 FCDK17A  1714 1859                                                                   .52  .60  .57  .67                
 142 FCDK18A  1544 1631                                .55  .78                                                             
 143 FCDK19A  1676 1820                                                              .36  .34  .70                          
 144 FCDK20A  1748 1893                                                                        .70  .55  .49  .53           
 145 FCDK21A  1719 1859                                                                   .74  .70  .64  .65                
 146 FCDK23A  1763 1881                                                                             .71  .65  .65           
 147 FCDK24A  1567 1802                                     .63  .59  .59  .65  .53  .56  .68  .67                          
 148 FCDK25A  1708 1871                                                                   .62  .73  .75  .75                
 149 FCDK26A  1746 1999                                                                        .66  .61  .68  .58  .67  .77 
 150 FCDK27A  1420 1834       .38  .42  .57  .44  .29B .38  .48  .44  .51  .39  .04B .17B .36  .47  .70                     
 151 FCDK28A  1657 1832                                                         .58  .61  .63  .68  .75                     
 152 EBC04B   1743 1923                                                                        .61  .52  .52  .17B .20B     
 153 EBC04A   1775 1921                                                                                  .59  .28A .24B     
 154 ECC14A   1760 2000                                                                             .63  .58  .60  .39  .44 
 155 EBD03A   1757 1869                                                                             .56  .48                
 156 EBD05A   1747 1844                                                                        .51  .61                     
 157 EBD01A   1730 1821                                                                        .57                          
 158 EBD01B   1730 1826                                                                        .58  .54                     
 159 EBD04A   1741 1921                                                                        .46  .54  .54  .62  .44      
 160 EBD04B   1731 1861                                                                        .54  .65  .67                
 161 EBD02A   1756 1908                                                                             .58  .61  .49  .49      
 162 EBD02B   1786 1937                                                                                  .55  .49  .41  .36 
 163 EBC08A   1748 1969                                                                        .75  .66  .52  .52  .50  .48 
 164 EBC06C   1772 1978                                                                             .47  .44  .55  .53  .41 
 165 EBC08B   1750 2000                                                                             .65  .64  .66  .45  .41 
 166 ECC16A   1769 2000                                                                             .46  .76  .64  .39  .42 
 167 ECC04B   1789 1985                                                                                  .34  .45  .48  .56 
 168 ECC02A   1748 2000                                                                        .41  .55  .55  .51  .50  .54 
 169 ECC05A   1750 1849                                                                             .60  .47                
 170 ECC05B   1750 1848                                                                             .64                     
 171 ECC05C   1849 2000                                                                                            .60  .64 
 172 ECC06C   1775 2000                                                                                  .60  .58  .54  .55 
 173 ECC18A   1741 1872                                                                        .55  .65  .72                
 174 ECC18B   1742 1840                                                                        .64  .68                     
 175 ECC21B   1754 2000                                                                             .64  .67  .51  .48  .67 
 176 EHD03A   1760 1906                                                                             .66  .74  .54  .15B     
 177 EHD04B   1713 1862                                                                   .57  .49  .50  .61                
 178 EHD07A   1714 1865                                                                   .34  .57  .63  .72                
 179 EHD01A   1724 1932                                                                   .43  .42  .55  .75  .65  .27A .34 
 180 EHD01B   1723 1943                                                                   .10B .36  .56  .60  .55  .37  .36 
 181 EHD02A   1720 1922                                                                   .47  .37  .53  .64  .46  .18B     
 182 EHD02B   1721 1904                                                                   .34  .34  .50  .64  .46  .24B     
 183 EHD05A   1713 1839                                                                   .23A .23B .63                     
 184 EHD08A   1736 1819                                                                        .53                          
 185 EHD04A   1713 1859                                                                   .50  .46  .47  .46                
 186 EHD07B   1715 1876                                                                   .18B .28A .45  .68  .64           
 187 EHD05B   1713 1831                                                                   .39  .17B .48                     
 188 EHD08B   1736 1834                                                                        .43  .46                     
 189 EHC03C   1795 2000                                                                                  .74  .72  .51  .62 
 190 EHC03A   1785 2000                                                                                  .72  .75  .46  .47 
 191 EHC23A   1775 1875                                                                                  .53  .48           
 192 EHC09B   1740 2000                                                                        .46  .49  .69  .53  .28B .35 
 193 EHC09A   1747 2000                                                                        .59  .52  .61  .53  .45  .49 
 194 EHC11A   1754 2000                                                                             .43  .64  .66  .33  .39 
 195 EHC11B   1754 2000                                                                             .44  .57  .56  .46  .58 
 196 EHC10B   1768 2000                                                                             .69  .81  .62  .35  .42 
 197 EHC22A   1732 1895                                                                        .29A .34  .56  .48           
 198 EHC22B   1732 1851                                                                        .35  .37  .54                
 199 EHC23B   1775 1865                                                                                  .46                
 200 EHC10A   1774 2000                                                                                  .65  .48  .37  .47 
 201 SB03A    1703 1904                                                                   .62  .55  .56  .72  .74  .68      
 202 SB13A    1679 1829                                                              .65  .62  .46  .44                     
 203 SB28A    1594 1793                                          .48  .37  .39  .63  .61  .56                               
 204 SB28B    1594 1795                                          .59  .42  .29A .46  .60  .63                               
 205 SB04A    1725 1843                                                                        .64  .74                     
 206 SB04B    1725 1835                                                                        .69  .74                     
 207 SB02A    1658 1804                                                         .58  .65  .72  .85                          
 208 SB02B    1658 1804                                                         .58  .63  .49  .72                          
 209 SB11A    1611 1835                                               .65  .46  .51  .57  .60  .72  .75                     
 210 SB11B    1612 1813                                               .59  .56  .58  .62  .66  .71                          
 211 SB02D    1718 1993                                                                   .67  .42  .41  .69  .56  .55  .69 
 212 SB02C    1719 1993                                                                   .62  .37  .38  .61  .48  .51  .70 
 213 SBO4C    1762 1899                                                                             .76  .69  .73  .63      
 214 SB04D    1762 1954                                                                             .61  .62  .73  .71  .65 
 215 SB07B    1791 1940                                                                                  .61  .58  .51  .40 
 216 SB04E    1756 1868                                                                             .66  .66                
 Av segment correlation       .67  .64  .65  .62  .63  .67  .67  .58  .59  .58  .57  .58  .59  .62  .62  .63  .59  .54  .59 

 CORRELATION OF SERIES BY SEGMENTS: wi007
-----------------------------------------------------------------------------------------------------------------------------------
 Correlations of  50-year dated segments, lagged  25 years
 Flags:  A = correlation under   .3281 but highest as dated;  B = correlation higher at other than dated position

 Seq Series  Time_span  1900 1925 1950 
                        1949 1974 1999 
 --- -------- ---------  ---- ---- ---- 
   1 EL01A    1794 1999  .63  .59  .57 
   2 EL01B    1766 1999  .63  .51  .50 
   8 EL41A    1727 1999  .70  .45  .49 
   9 EL41B    1752 1999  .73  .61  .63 
  10 EL41C    1706 1999  .73  .59  .48 
  11 ELC2A    1755 1999  .61  .58  .65 
  12 ELC07B   1771 1999  .72  .76  .77 
  18 ELDK03B  1652 1982  .74  .64      
  21 ELDK05A  1657 1963  .66           
  26 ELDK07B  1732 1953  .35           
  29 ELDK09A  1704 1951  .43           
  52 FK01A    1739 1999  .74  .76  .66 
  53 FK17A    1704 1999  .67  .75  .73 
  54 FK17B    1737 1999  .83  .81  .72 
  55 FK19A    1721 1999  .72  .69  .75 
  56 FK19B    1721 1997  .71  .69      
  57 FK23A    1727 1999  .85  .82  .81 
  60 FC06C    1725 1949  .46           
  86 FC27A'   1788 1999  .76  .74  .83 
  89 FC31A    1785 1999  .48  .70  .69 
  90 FC31B    1790 1999  .53  .56  .66 
  91 FC31C    1777 1999  .74  .63  .62 
  92 FC35A    1783 1999  .77  .75  .75 
  93 FC35B    1791 1999  .57  .67  .79 
  94 FC35D    1784 1999  .83  .72  .52 
  95 FC35E    1795 1999  .75  .58  .54 
  96 FC37A    1730 1999  .86  .77  .73 
  97 FC37B    1697 1999  .79  .78  .76 
  98 FC37C    1697 1999  .81  .79  .83 
  99 FC39A    1534 1974  .82  .81      
 100 FC39B    1555 1974  .76  .76      
 101 FC41A    1596 1999  .88  .85  .82 
 102 FC41B    1540 1999  .84  .84  .87 
 108 FC43A    1739 1999  .71  .70  .75 
 123 FC55A    1756 1999  .77  .66  .69 
 124 FC55B    1751 1999  .78  .69  .74 
 125 FC63A    1780 1999  .79  .78  .80 
 126 FC63B    1796 1999  .75  .67  .61 
 129 FCDK03A  1784 1987  .72  .67      
 132 FCDK06A  1753 1984  .83  .80      
 149 FCDK26A  1746 1999  .77  .70  .59 
 154 ECC14A   1760 2000  .38  .41  .62 
 163 EBC08A   1748 1969  .66           
 164 EBC06C   1772 1978  .32A .42      
 165 EBC08B   1750 2000  .64  .54  .46 
 166 ECC16A   1769 2000  .68  .74  .68 
 167 ECC04B   1789 1985  .56  .63      
 168 ECC02A   1748 2000  .62  .63  .56 
 171 ECC05C   1849 2000  .57  .59  .62 
 172 ECC06C   1775 2000  .61  .64  .64 
 175 ECC21B   1754 2000  .50  .49  .76 
 189 EHC03C   1795 2000  .69  .58  .60 
 190 EHC03A   1785 2000  .62  .64  .82 
 192 EHC09B   1740 2000  .50  .70  .73 
 193 EHC09A   1747 2000  .54  .69  .78 
 194 EHC11A   1754 2000  .59  .48  .51 
 195 EHC11B   1754 2000  .64  .44  .51 
 196 EHC10B   1768 2000  .58  .53  .52 
 200 EHC10A   1774 2000  .42  .39  .38 
 211 SB02D    1718 1993  .66  .65      
 212 SB02C    1719 1993  .70  .66      
 214 SB04D    1762 1954  .38           
 Av segment correlation  .66  .66  .66 

 FLAGGED SEGMENTS: wi007
-----------------------------------------------------------------------------------------------------------------------------------
 Seq Series   Segment    Flag  r dated  Best lag  r at lag   Gain  Note
 --- -------- ---------  ----  -------  --------  --------  -----  -----------------
   4 EL02B    1825 1874     A     .289         0
   5 EL02C    1825 1874     B     .277        -1      .290   .013  weak at every lag
  18 ELDK03B  1825 1874     B     .199         5      .238   .039  weak at every lag
  21 ELDK05A  1725 1774     A     .328         0
  21 ELDK05A  1850 1899     A     .313         0
  29 ELDK09A  1850 1899     B     .296         2      .296   .000  weak at every lag
  50 ELDK31A  1700 1749     B     .279         7      .325   .046  weak at every lag
  55 FK19A    1850 1899     B     .322         2      .348   .027
  70 FC16A    1775 1824     A     .302         0
 112 FC44B    1700 1749     A     .318         0
 117 FC48D    1700 1749     B     .248        -9      .271   .023  weak at every lag
 126 FC63B    1850 1899     B     .398        -6      .405   .008
 128 FCDK02A  1725 1774     A     .282         0
 130 FCDK04A  1675 1724     A     .285         0
 131 FCDK05A  1850 1899     A     .308         0
 131 FCDK05A  1875 1924     B     .218         1      .579   .360
 133 FCDK07A  1625 1674     B     .169         5      .228   .060  weak at every lag
 133 FCDK07A  1650 1699     A     .310         0
 134 FCDK07B  1575 1624     B     .255        -1      .313   .058  weak at every lag
 139 FCDK15A  1750 1799     B     .218        -6      .449   .231
 139 FCDK15A  1775 1824     B     .321        -6      .408   .087
 150 FCDK27A  1525 1574     B     .285        -7      .301   .016  weak at every lag
 150 FCDK27A  1675 1724     B     .039       -10      .292   .253  weak at every lag
 150 FCDK27A  1700 1749     B     .171        -7      .297   .126  weak at every lag
 152 EBC04B   1825 1874     B     .174        -6      .263   .089  weak at every lag
 152 EBC04B   1850 1899     B     .200        -6      .476   .276
 153 EBC04A   1825 1874     A     .279         0
 153 EBC04A   1850 1899     B     .241        -6      .335   .093
 164 EBC06C   1900 1949     A     .316         0
 176 EHD03A   1850 1899     B     .153        -9      .325   .172  weak at every lag
 179 EHD01A   1850 1899     A     .267         0
 180 EHD01B   1725 1774     B     .105         7      .175   .071  weak at every lag
 181 EHD02A   1850 1899     B     .175         1      .319   .144  weak at every lag
 182 EHD02B   1850 1899     B     .245         8      .457   .213
 183 EHD05A   1725 1774     A     .233         0
 183 EHD05A   1750 1799     B     .233        -9      .338   .105
 186 EHD07B   1725 1774     B     .183         3      .235   .052  weak at every lag
 186 EHD07B   1750 1799     A     .284         0
 187 EHD05B   1750 1799     B     .168       -10      .273   .105  weak at every lag
 192 EHC09B   1850 1899     B     .281        -2      .470   .188
 197 EHC22A   1750 1799     A     .289         0
 204 SB28B    1650 1699     A     .292         0

 DESCRIPTIVE STATISTICS: wi007
-----------------------------------------------------------------------------------------------------------------------------------

                                                Corr   //-------- Unfiltered --------\\  //-- dplR filtered --\\
                           No.    No.    No.    with   Mean   Max     Std   Auto   Mean   Max     Std   Auto  AR
 Seq Series   Interval   Years  Segmt  Flags   Master  msmt   msmt    dev   corr   sens  value    dev   corr  ()
 --- -------- ---------  -----  -----  -----   ------ -----  -----  -----  -----  -----  -----  -----  -----  --
   1 EL01A    1794 1999    206      7      0    .564    .54   2.05   .327   .855   .236   2.11   .254   .006   2
   2 EL01B    1766 1999    234      8      0    .606    .52   1.37   .278   .842   .242   1.73   .251  -.019   1
   3 EL02A    1754 1939    186      5      0    .565    .39    .89   .144   .567   .263   1.85   .263  -.016   3
   4 EL02B    1731 1909    179      5      1    .603    .38    .92   .178   .661   .311   1.76   .285  -.002   3
   5 EL02C    1758 1913    156      4      1    .542    .43    .80   .140   .534   .258   1.49   .246  -.004   3
   6 ELO4A    1656 1792    137      3      0    .723    .84   2.02   .277   .674   .219   1.51   .211   .001   1
   7 EL33A    1702 1814    113      2      0    .669    .96   1.51   .229   .573   .177   1.44   .178   .060   1
   8 EL41A    1727 1999    273      9      0    .628    .67   2.66   .453   .883   .244   1.76   .241  -.017   3
   9 EL41B    1752 1999    248      8      0    .658    .59   1.70   .304   .795   .252   2.52   .265  -.004   1
  10 EL41C    1706 1999    294     10      0    .552    .41    .89   .170   .706   .266   2.19   .262   .007   3
  11 ELC2A    1755 1999    245      8      0    .561    .56   1.76   .315   .817   .304   1.92   .289   .005   2
  12 ELC07B   1771 1999    229      8      0    .701    .40    .82   .162   .724   .282   1.85   .266   .022   1
  13 ELDK01A  1644 1788    145      4      0    .573    .63   1.92   .271   .647   .261   2.34   .269  -.013   1
  14 ELDK01B  1644 1781    138      4      0    .537    .61   1.27   .205   .634   .224   1.62   .236   .012   1
  15 ELDK02A  1641 1763    123      3      0    .658    .64   1.29   .227   .682   .206   1.45   .203   .003   1
  16 ELDK02B  1641 1762    122      3      0    .691    .64   1.38   .245   .723   .219   1.45   .215  -.028   1
  17 ELDK03A  1652 1782    131      3      0    .435    .49   2.12   .475   .929   .298   2.01   .291  -.006   3
  18 ELDK03B  1652 1982    331     11      1    .492    .44   2.11   .353   .899   .270   2.02   .285  -.016   3
  19 ELDK04A  1678 1868    191      5      0    .537    .22    .65   .136   .776   .374   1.95   .339   .020   1
  20 ELDK04B  1678 1930    253      8      0    .543    .20    .61   .117   .746   .374   2.11   .344   .024   1
  21 ELDK05A  1657 1963    307     10      2    .489    .58   1.68   .287   .738   .245   2.76   .267   .005   1
  22 ELDK05B  1657 1838    182      5      0    .428    .63   1.77   .274   .684   .236   2.65   .285  -.017   1
  23 ELDK06A  1650 1800    151      4      0    .480    .39   1.51   .256   .878   .213   1.62   .204   .009   1
  24 ELDK06B  1650 1823    174      4      0    .467    .35   2.69   .337   .857   .259   2.22   .272   .031   1
  25 ELDK07A  1732 1865    134      3      0    .541    .66   1.74   .337   .788   .274   2.22   .298  -.033   1
  26 ELDK07B  1732 1953    222      7      0    .500    .40   1.11   .234   .804   .265   2.06   .279  -.016   1
  27 ELDK08A  1707 1837    131      3      0    .521    .50   1.42   .282   .782   .315   1.72   .297   .010   2
  28 ELDK08B  1707 1797     91      1      0    .683    .69   1.74   .384   .776   .307   1.87   .322   .047   1
  29 ELDK09A  1704 1951    248      8      1    .406    .38   1.26   .220   .850   .287   2.29   .290  -.012   3
  30 ELDK10A  1652 1820    169      4      0    .548    .41   1.66   .285   .854   .286   1.82   .295   .014   1
  31 ELDK10B  1653 1774    122      3      0    .561    .39   1.92   .326   .866   .291   1.83   .287   .026   1
  32 ELDK12A  1589 1758    170      5      0    .393    .39   1.11   .250   .848   .270   1.89   .257  -.007   2
  33 ELDK13A  1707 1945    239      7      0    .619    .22    .84   .133   .755   .341   2.42   .334  -.005   1
  34 ELDK13B  1701 1837    137      3      0    .599    .30    .90   .174   .710   .364   3.35   .386   .010   2
  35 ELDK14A  1727 1916    190      5      0    .569    .37    .88   .203   .842   .254   2.49   .269  -.001   1
  36 ELDK15A  1681 1791    111      2      0    .574    .47   1.15   .211   .751   .237   2.10   .245   .040   3
  37 ELDK15B  1681 1777     97      2      0    .450    .41   1.03   .174   .727   .222   1.60   .226  -.001   1
  38 ELDK18A  1684 1845    162      4      0    .595    .43   1.59   .280   .783   .239   2.41   .265   .010   2
  39 ELDK20A  1641 1776    136      4      0    .609    .42    .96   .171   .708   .245   1.72   .241  -.010   1
  40 ELDK20B  1641 1773    133      3      0    .511    .45    .98   .154   .614   .230   1.77   .230  -.013   3
  41 ELDK21A  1681 1823    143      3      0    .598    .37    .91   .177   .707   .258   1.89   .254   .012   3
  42 ELDK22A  1668 1853    186      6      0    .634    .47   1.69   .293   .838   .292   1.65   .258  -.019   3
  43 ELDK23C  1685 1809    125      3      0    .614    .37    .92   .145   .676   .244   1.71   .250  -.025   1
  44 ELDK24A  1646 1777    132      4      0    .668    .81   2.45   .488   .905   .203   1.59   .211   .015   3
  45 ELDK24B  1646 1786    141      4      0    .675    .70   2.69   .516   .921   .220   1.51   .216   .002   1
  46 ELDK25A  1676 1855    180      5      0    .483    .27   1.31   .201   .848   .296   2.08   .308   .033   1
  47 ELDK28A  1738 1896    159      4      0    .571    .33    .74   .144   .580   .336   1.79   .301  -.037   3
  48 ELDK29A  1648 1839    192      6      0    .518    .25    .64   .113   .715   .257   1.70   .248   .005   1
  49 ELDK30A  1673 1793    121      3      0    .527    .69   1.42   .266   .736   .225   1.67   .225   .032   1
  50 ELDK31A  1697 1800    104      3      1    .473    .73   1.41   .216   .655   .203   1.43   .192  -.011   2
  51 ELDK32A  1661 1799    139      4      0    .625    .66   1.34   .205   .701   .199   1.43   .179  -.006   2
  52 FK01A    1739 1999    261      9      0    .683    .65   1.41   .217   .698   .207   1.99   .208   .011   1
  53 FK17A    1704 1999    296     10      0    .748    .46   1.70   .245   .719   .321   1.85   .314   .005   3
  54 FK17B    1737 1999    263      9      0    .737    .37   1.08   .150   .637   .301   1.78   .281   .022   1
  55 FK19A    1721 1999    279     10      1    .627    .26    .84   .156   .672   .453   2.17   .418  -.008   3
  56 FK19B    1721 1997    277      9      0    .608    .23    .86   .145   .607   .474   2.55   .428  -.014   2
  57 FK23A    1727 1999    273      9      0    .700    .46   1.57   .290   .868   .261   2.07   .267  -.036   1
  58 FC06A    1712 1941    230      7      0    .575    .44   1.02   .187   .650   .269   2.98   .301  -.024   1
  59 FC06B    1712 1818    107      2      0    .726    .56   1.31   .266   .738   .263   1.85   .269   .002   1
  60 FC06C    1725 1949    225      7      0    .589    .42   1.04   .210   .820   .236   2.40   .262   .015   1
  61 FC06D    1723 1833    111      3      0    .737    .52   1.79   .271   .747   .247   2.43   .268   .012   2
  62 FC08A    1582 1893    312     10      0    .592    .34    .99   .209   .828   .282   2.90   .302   .002   1
  63 FC08B    1582 1766    185      5      0    .579    .49   1.62   .319   .873   .256   1.77   .259   .015   1
  64 FC08C    1717 1917    201      6      0    .740    .39    .94   .204   .814   .258   1.85   .260   .003   2
  65 FC08D    1753 1930    178      5      0    .667    .39   1.06   .229   .847   .274   1.61   .259   .009   1
  66 FC12A    1769 1911    143      4      0    .544    .75   2.10   .457   .910   .225   1.55   .230   .004   1
  67 FC12B    1769 1922    154      4      0    .541    .71   2.18   .507   .928   .214   1.70   .228  -.035   1
  68 FC14A    1787 1904    118      3      0    .588    .76   2.36   .527   .917   .236   1.88   .247   .012   1
  69 FC14B    1784 1879     96      2      0    .557    .89   2.51   .443   .820   .239   1.57   .226   .026   1
  70 FC16A    1741 1940    200      6      1    .475    .42   1.17   .184   .811   .198   1.68   .208   .031   1
  71 FC16B    1740 1942    203      6      0    .569    .41    .94   .180   .806   .208   1.59   .208  -.013   1
  72 FC18A    1782 1904    123      3      0    .612    .67   1.99   .352   .842   .216   1.73   .234  -.007   3
  73 FC18B    1764 1906    143      4      0    .595    .62   2.23   .348   .811   .260   1.82   .269  -.036   3
  74 FC20A    1680 1833    154      4      0    .727    .48   1.61   .268   .599   .370   2.12   .331   .003   3
  75 FC20B    1682 1819    138      3      0    .748    .54   2.03   .350   .709   .329   2.13   .314  -.001   3
  76 FC22A    1730 1862    133      3      0    .629    .47   1.29   .307   .869   .271   1.75   .265   .023   1
  77 FC22B    1751 1867    117      2      0    .526    .61   1.39   .245   .733   .231   1.46   .217   .032   1
  78 FC24A    1537 1914    378     13      0    .690    .27    .83   .148   .737   .344   1.86   .310   .004   3
  79 FC24B    1537 1865    329     11      0    .714    .24    .84   .147   .760   .356   2.62   .328  -.004   2
  80 FC24C    1603 1913    311     10      0    .734    .28    .82   .147   .707   .329   1.89   .306  -.006   3
  81 FC24D    1603 1841    239      7      0    .743    .26    .86   .154   .744   .352   1.98   .333   .026   1
  82 FC25B    1776 1908    133      3      0    .719    .43    .85   .153   .520   .296   1.90   .282   .005   1
  83 FC26A    1446 1622    177      5      0    .650    .49   1.21   .194   .846   .173   1.48   .187   .071   1
  84 FC26B    1446 1600    155      5      0    .703    .39   1.04   .159   .816   .192   1.50   .178   .009   2
  85 FC26C    1440 1619    180      5      0    .711    .52    .95   .115   .508   .170   1.55   .175   .043   1
  86 FC27A'   1788 1999    212      7      0    .709    .51   1.11   .224   .716   .276   1.84   .259   .004   1
  87 FC29A    1724 1880    157      5      0    .665    .47   1.25   .254   .848   .226   1.85   .248  -.012   1
  88 FC29B    1724 1823    100      2      0    .692    .59   1.65   .278   .802   .214   2.00   .240   .011   1
  89 FC31A    1785 1999    215      7      0    .559    .41    .97   .228   .828   .266   2.17   .285  -.001   2
  90 FC31B    1790 1999    210      7      0    .601    .42   1.26   .251   .810   .287   1.78   .287   .012   2
  91 FC31C    1777 1999    223      7      0    .684    .51   1.09   .239   .707   .269   1.77   .275  -.025   1
  92 FC35A    1783 1999    217      7      0    .757    .38    .88   .143   .799   .222   1.54   .211   .007   2
  93 FC35B    1791 1999    209      7      0    .634    .37    .83   .136   .717   .244   1.74   .236   .011   1
  94 FC35D    1784 1999    216      7      0    .658    .37    .70   .141   .730   .232   1.61   .225  -.001   1
  95 FC35E    1795 1999    205      7      0    .665    .35    .72   .117   .665   .219   1.82   .228   .004   1
  96 FC37A    1730 1999    270      9      0    .781    .61   1.55   .247   .765   .213   1.54   .212  -.002   1
  97 FC37B    1697 1999    303     11      0    .763    .45   1.06   .170   .633   .250   1.78   .248  -.007   2
  98 FC37C    1697 1999    303     11      0    .751    .34    .83   .139   .645   .268   1.90   .260   .003   2
  99 FC39A    1534 1974    441     16      0    .697    .29   1.19   .175   .887   .235   1.92   .243  -.001   2
 100 FC39B    1555 1974    420     15      0    .662    .27    .80   .155   .879   .235   1.88   .238   .006   1
 101 FC41A    1596 1999    404     15      0    .696    .30   1.04   .160   .828   .240   1.93   .246   .027   1
 102 FC41B    1540 1999    460     17      0    .728    .30    .90   .148   .783   .247   1.71   .238   .013   1
 103 FC42A    1506 1837    332     11      0    .618    .28   1.06   .130   .715   .239   2.51   .245   .008   3
 104 FC42B    1385 1888    504     17      0    .653    .30   1.67   .151   .719   .251   2.27   .257   .006   3
 105 FC42C    1418 1826    409     15      0    .672    .24    .97   .130   .796   .240   1.98   .243   .013   3
 106 FC42D    1728 1852    125      3      0    .640    .61   1.28   .201   .595   .229   1.75   .224   .020   3
 107 FC42E    1748 1904    157      5      0    .682    .49    .90   .137   .381   .259   1.60   .232  -.001   1
 108 FC43A    1739 1999    261      9      0    .722    .43   1.47   .223   .704   .297   2.91   .306  -.001   2
 109 FC43C    1715 1846    132      3      0    .668    .45   1.11   .179   .615   .281   2.55   .282  -.014   1
 110 FC43D    1715 1836    122      3      0    .691    .31    .94   .158   .613   .331   2.52   .323  -.011   1
 111 FC44A    1563 1820    258      8      0    .596    .44    .85   .134   .724   .180   1.53   .185  -.000   2
 112 FC44B    1549 1852    304     11      1    .555    .37    .83   .145   .827   .202   2.01   .218   .021   1
 113 FC46A    1543 1729    187      6      0    .562    .40    .82   .166   .799   .232   1.56   .231   .032   1
 114 FC48A    1682 1814    133      3      0    .375    .48   1.00   .206   .756   .240   1.86   .233   .003   3
 115 FC48B    1682 1865    184      5      0    .449    .51   1.98   .288   .806   .217   2.17   .212  -.005   3
 116 FC48C    1675 1852    178      5      0    .506    .38   1.43   .227   .817   .247   1.89   .242  -.015   3
 117 FC48D    1675 1810    136      3      1    .394    .63   1.71   .324   .800   .250   1.97   .252  -.031   3
 118 FC48E    1729 1827     99      2      0    .599    .65   1.48   .321   .900   .163   1.60   .164   .032   1
 119 FC50A    1445 1671    227      7      0    .544    .36   1.02   .176   .833   .223   1.86   .218   .011   2
 120 FC50B    1445 1569    125      3      0    .679    .32    .66   .115   .771   .191   1.76   .192  -.026   3
 121 FC50C    1420 1710    291     10      0    .524    .38   1.26   .164   .649   .227   3.00   .257   .012   1
 122 FC50D    1420 1620    201      6      0    .656    .33    .95   .206   .877   .225   1.55   .204   .007   3
 123 FC55A    1756 1999    244      8      0    .693    .54   2.74   .307   .810   .233   1.99   .240  -.017   3
 124 FC55B    1751 1999    249      8      0    .722    .58   2.56   .335   .837   .237   1.72   .246  -.005   1
 125 FC63A    1780 1999    220      7      0    .686    .55   1.19   .247   .818   .221   1.84   .224  -.002   1
 126 FC63B    1796 1999    204      7      1    .591    .55   1.68   .299   .809   .247   1.69   .241  -.018   1
 127 FCDK01A  1703 1858    156      4      0    .663    .40   1.08   .199   .749   .281   2.00   .287  -.022   1
 128 FCDK02A  1702 1909    208      6      1    .483    .23    .82   .151   .755   .387   2.01   .348  -.000   1
 129 FCDK03A  1784 1987    204      6      0    .581    .25    .64   .117   .627   .316   2.05   .307  -.010   1
 130 FCDK04A  1598 1835    238      8      1    .422    .42   3.05   .378   .779   .333   2.67   .355   .008   1
 131 FCDK05A  1734 1924    191      6      2    .470    .33   1.12   .206   .828   .285   1.84   .288   .025   1
 132 FCDK06A  1753 1984    232      7      0    .710    .32   1.50   .197   .662   .413   2.62   .384   .024   1
 133 FCDK07A  1585 1782    198      6      2    .485    .37   1.15   .190   .658   .339   2.19   .325   .010   1
 134 FCDK07B  1560 1784    225      7      1    .492    .27    .85   .160   .714   .386   2.36   .391   .002   3
 135 FCDK09A  1451 1611    161      4      0    .601    .42   1.64   .237   .883   .184   1.49   .185   .015   1
 136 FCDK12A  1486 1684    199      6      0    .613    .26    .65   .130   .788   .300   1.81   .291   .003   3
 137 FCDK13A  1488 1827    340     12      0    .582    .19    .64   .108   .767   .323   2.15   .311  -.002   2
 138 FCDK14A  1497 1688    192      6      0    .639    .31    .83   .129   .719   .224   1.46   .208  -.008   3
 139 FCDK15A  1724 1896    173      5      2    .388    .41   1.26   .199   .743   .312   1.92   .306   .018   1
 140 FCDK16A  1538 1873    336     11      0    .649    .34   1.15   .149   .647   .257   2.08   .259   .021   1
 141 FCDK17A  1714 1859    146      4      0    .558    .43   1.29   .202   .597   .315   2.01   .326  -.021   1
 142 FCDK18A  1544 1631     88      2      0    .531    .56   1.11   .180   .702   .211   1.56   .211  -.005   1
 143 FCDK19A  1676 1820    145      3      0    .587    .46    .83   .169   .800   .175   1.71   .187  -.000   1
 144 FCDK20A  1748 1893    146      4      0    .616    .59   2.01   .333   .809   .198   1.70   .211  -.028   1
 145 FCDK21A  1719 1859    141      4      0    .670    .43   1.34   .173   .525   .278   2.56   .291   .014   1
 146 FCDK23A  1763 1881    119      3      0    .633    .53   1.65   .229   .795   .197   1.75   .209   .008   1
 147 FCDK24A  1567 1802    236      8      0    .594    .26    .83   .146   .757   .320   1.91   .304   .000   3
 148 FCDK25A  1708 1871    164      4      0    .696    .39   1.42   .232   .838   .254   1.91   .250  -.012   1
 149 FCDK26A  1746 1999    254      9      0    .665    .40   1.86   .267   .714   .302   2.12   .293  -.017   3
 150 FCDK27A  1420 1834    415     15      3    .402    .16    .52   .076   .631   .369   2.31   .328   .000   1
 151 FCDK28A  1657 1832    176      5      0    .598    .22    .50   .096   .599   .326   2.01   .327  -.011   1
 152 EBC04B   1743 1923    181      5      2    .493    .69   1.85   .329   .808   .249   1.88   .237   .007   1
 153 EBC04A   1775 1921    147      3      2    .485    .62   1.82   .307   .736   .301   1.81   .284   .035   1
 154 ECC14A   1760 2000    241      8      0    .486    .70   2.93   .505   .857   .302   1.95   .296  -.003   3
 155 EBD03A   1757 1869    113      2      0    .550    .50   1.82   .418   .903   .263   1.68   .253  -.011   2
 156 EBD05A   1747 1844     98      2      0    .604    .55   1.83   .324   .736   .274   2.04   .288  -.010   3
 157 EBD01A   1730 1821     92      1      0    .557    .76   1.55   .309   .831   .188   1.76   .191  -.067   3
 158 EBD01B   1730 1826     97      2      0    .504    .73   1.59   .280   .774   .204   1.90   .220   .005   1
 159 EBD04A   1741 1921    181      5      0    .476    .49   1.43   .287   .873   .263   1.82   .255  -.001   2
 160 EBD04B   1731 1861    131      3      0    .509    .59   1.40   .279   .774   .275   2.00   .275   .054   1
 161 EBD02A   1756 1908    153      4      0    .523    .55   2.20   .445   .923   .245   3.19   .297   .019   1
 162 EBD02B   1786 1937    152      4      0    .421    .38   1.58   .229   .871   .238   1.86   .244  -.001   2
 163 EBC08A   1748 1969    222      7      0    .583    .53   2.79   .491   .885   .320   2.19   .314   .009   2
 164 EBC06C   1772 1978    207      7      1    .457    .48   2.15   .376   .920   .286   2.17   .277   .006   3
 165 EBC08B   1750 2000    251      8      0    .542    .45   2.19   .468   .898   .327   2.51   .338  -.009   3
 166 ECC16A   1769 2000    232      8      0    .565    .58   1.45   .260   .767   .267   1.65   .249   .017   1
 167 ECC04B   1789 1985    197      6      0    .485    .55   1.28   .196   .729   .225   1.62   .219  -.001   2
 168 ECC02A   1748 2000    253      9      0    .533    .48   1.86   .316   .822   .293   1.89   .292   .009   1
 169 ECC05A   1750 1849    100      2      0    .544    .90   2.77   .349   .625   .256   1.76   .257   .050   1
 170 ECC05B   1750 1848     99      1      0    .584    .76   1.54   .233   .588   .236   1.57   .225   .040   1
 171 ECC05C   1849 2000    152      5      0    .594    .58   1.59   .305   .883   .218   1.59   .215   .010   1
 172 ECC06C   1775 2000    226      7      0    .552    .68   1.75   .292   .786   .237   1.59   .226  -.001   3
 173 ECC18A   1741 1872    132      3      0    .589    .93   1.62   .272   .526   .226   1.59   .223   .003   1
 174 ECC18B   1742 1840     99      2      0    .623    .78   1.75   .322   .699   .250   1.60   .240   .006   1
 175 ECC21B   1754 2000    247      8      0    .578    .38   1.23   .209   .766   .281   1.70   .272  -.005   3
 176 EHD03A   1760 1906    147      4      1    .409    .35   1.28   .226   .888   .278   2.20   .287   .057   1
 177 EHD04B   1713 1862    150      4      0    .505    .44   1.23   .235   .781   .295   2.18   .295   .001   3
 178 EHD07A   1714 1865    152      4      0    .520    .49   1.12   .213   .823   .226   1.57   .228  -.017   1
 179 EHD01A   1724 1932    209      7      1    .450    .31   1.38   .160   .778   .223   1.98   .230  -.001   1
 180 EHD01B   1723 1943    221      7      1    .333    .26    .74   .144   .858   .242   1.82   .247  -.013   1
 181 EHD02A   1720 1922    203      6      1    .415    .33   1.34   .216   .897   .223   1.71   .242  -.012   2
 182 EHD02B   1721 1904    184      6      1    .378    .33   1.26   .208   .884   .233   2.00   .235   .003   1
 183 EHD05A   1713 1839    127      3      2    .374    .47   1.80   .325   .723   .328   2.38   .376   .006   2
 184 EHD08A   1736 1819     84      1      0    .540    .79   1.77   .312   .810   .175   1.65   .188   .055   1
 185 EHD04A   1713 1859    147      4      0    .483    .40    .71   .131   .646   .236   1.60   .224  -.002   3
 186 EHD07B   1715 1876    162      5      2    .377    .49   1.05   .245   .845   .275   1.62   .256  -.007   1
 187 EHD05B   1713 1831    119      3      1    .372    .48   1.87   .294   .719   .291   2.50   .333   .021   2
 188 EHD08B   1736 1834     99      2      0    .513    .82   1.76   .386   .899   .192   1.43   .190  -.011   1
 189 EHC03C   1795 2000    206      7      0    .630    .43   1.09   .183   .791   .215   1.91   .225   .014   1
 190 EHC03A   1785 2000    216      7      0    .646    .44   1.26   .195   .833   .206   1.57   .200  -.013   1
 191 EHC23A   1775 1875    101      2      0    .404    .78   1.95   .464   .896   .225   1.70   .228   .017   2
 192 EHC09B   1740 2000    261      9      1    .464    .39   1.05   .200   .864   .233   2.43   .259   .006   1
 193 EHC09A   1747 2000    254      9      0    .554    .38   1.07   .181   .849   .253   1.73   .240   .012   1
 194 EHC11A   1754 2000    247      8      0    .478    .35    .90   .156   .816   .226   1.90   .218   .084   1
 195 EHC11B   1754 2000    247      8      0    .495    .36    .98   .153   .786   .229   1.93   .230   .054   1
 196 EHC10B   1768 2000    233      8      0    .539    .53   1.73   .293   .898   .207   1.68   .209   .011   1
 197 EHC22A   1732 1895    164      4      1    .320    .42    .99   .197   .774   .265   2.17   .289  -.008   1
 198 EHC22B   1732 1851    120      3      0    .337    .42   1.03   .176   .745   .281   1.78   .263   .079   1
 199 EHC23B   1775 1865     91      1      0    .462    .81   2.46   .616   .946   .214   1.43   .211   .015   1
 200 EHC10A   1774 2000    227      7      0    .433    .45   1.78   .307   .908   .265   2.12   .256   .002   2
 201 SB03A    1703 1904    202      6      0    .623    .53   1.42   .258   .597   .345   2.07   .339   .025   1
 202 SB13A    1679 1829    151      4      0    .576    .58   1.44   .208   .523   .284   1.80   .263   .010   1
 203 SB28A    1594 1793    200      6      0    .501    .29   1.12   .148   .674   .307   2.45   .313  -.001   3
 204 SB28B    1594 1795    202      6      1    .538    .25    .69   .126   .750   .281   2.03   .291  -.010   1
 205 SB04A    1725 1843    119      2      0    .654    .61   1.35   .288   .766   .278   1.69   .269   .022   3
 206 SB04B    1725 1835    111      2      0    .710    .59   1.26   .252   .705   .289   1.67   .266  -.005   3
 207 SB02A    1658 1804    147      4      0    .650    .61   1.80   .262   .760   .227   1.71   .221   .015   3
 208 SB02B    1658 1804    147      4      0    .574    .60   1.76   .343   .882   .218   1.54   .210   .013   3
 209 SB11A    1611 1835    225      7      0    .606    .36   1.03   .225   .855   .282   1.97   .286  -.011   3
 210 SB11B    1612 1813    202      6      0    .585    .47   1.22   .231   .788   .281   2.21   .299   .061   1
 211 SB02D    1718 1993    276      9      0    .569    .35   1.19   .212   .647   .518   3.19   .459   .025   1
 212 SB02C    1719 1993    275      9      0    .545    .36   1.03   .210   .660   .493   2.64   .444   .012   3
 213 SBO4C    1762 1899    138      4      0    .680    .38   1.22   .238   .672   .457   2.24   .380   .000   3
 214 SB04D    1762 1954    193      6      0    .561    .44   2.02   .287   .677   .409   2.01   .371  -.028   3
 215 SB07B    1791 1940    150      4      0    .462    .76   2.58   .503   .821   .314   1.79   .307   .025   1
 216 SB04E    1756 1868    113      2      0    .681    .66   3.54   .543   .657   .498   2.14   .436  -.033   3
 --- -------- ---------  -----  -----  -----   ------ -----  -----  -----  -----  -----  -----  -----  -----  --
 Total or mean:          41839   1253     42    .587    .44   3.54   .229   .764   .271   3.35   .268   .004

 DATA CHECKS (rwl.check): wi007
-----------------------------------------------------------------------------------------------------------------------------------
 rwl.check: data_files/treering/measurements/northamerica/usa/wi007.rwl
 216 series, 41839 measurements, 1385-2000, 0.001 mm precision
 0 error(s), 0 warning(s), 6 note(s)
 -------------
 Nothing to report at this severity.
 6 note(s) not shown; see rwl.check() or the 'check' element of this report.

 NOTES
-----------------------------------------------------------------------------------------------------------------------------------
 Report generated using dplR 1.8.1 (R 4.5.2) on 2026-10-01 16:48 PDT.
 Measurement file wi007.rwl, MD5 c61428ccf4c81e2a922e19f96b02c74c.
 Filtering: each series divided by a 32-year smoothing spline (caps()), then prewhitened with
   an AR model (order by AIC, at most 3).
 Master: biweight robust mean of the other series (leave-one-out).
 Correlation: Pearson, one-tailed, pcrit = 0.01; critical r = 0.3281 for 50-year segments.
 Segments: 50 years, lagged 25, first segment floored to 100. Lags searched: +/- 10 years.
 A segment is tested only where the series and the master cover all of it, at the dated
   position and at every lag. COFECHA also tests partial segments at the ends of a series, so
   series here may show fewer segments, and no flags can be raised at the ends of the record.
 Lags follow COFECHA: negative means rings are probably missing from the series, positive means
   false rings. A missing ring carries its lag into every segment before it, so look where the
   lag changes along a series. A B flag is a hypothesis to check on the wood; the gain says how
   seriously to take it.
 A B flag marked "weak at every lag" correlates under the critical value even at its best lag:
   the segment is weak wherever it is placed, and the shift is not evidence of a dating error.
   Treat it as a low correlation, like an A.
 Averages in the summary and the totals are weighted by the number of years in each series, as
   COFECHA's are.
 Unfiltered block and mean sensitivity: the measurements as read, and sens1().
 dplR filtered block: the series that was correlated, after filtering. COFECHA's filtered
   series is defined differently, so these three columns are not COFECHA's numbers.
 AR: order of the AR model used to prewhiten.
