
 COFECHA-style crossdating report: wy006
 Report generated using dplR 1.8.1 (R 4.5.2) on 2026-10-01 16:52 PDT
 Built with dplR's xdate.report(), not COFECHA; see the notes at the end.


      Measurement file name  : wy006.rwl
      MD5 of measurement file: 0ffdf6673211dd1c9f4c4eff38804ac5
      Date checked           : 01OCT26
      Beginning year         : 1400
      Ending year            : 1971
      Principal investigators: Ferguson, C.W.; Loope, L.
      Site name              : Gros Ventre Uhl Hill
      Species information    : PIFL Pinus flexilis E. James
      Latitude               : 43.7000 N
      Longitude              : 110.5200 W
      Elevation              : 2179 m

      Series intercorrelation: 0.665
      Avg mean sensitivity   : 0.309
      Avg standard deviation : 0.247
      Avg autocorrelation    : 0.702
      Number dated series    : 49
      Segment length tested  : 50

      Number problem segments: 11  (A 2, B 9; 1 of the B weak at every lag)
      Pct problem segments   : 2.21


 CORRELATION OF SERIES BY SEGMENTS: wy006
-----------------------------------------------------------------------------------------------------------------------------------
 Correlations of  50-year dated segments, lagged  25 years
 Flags:  A = correlation under   .3281 but highest as dated;  B = correlation higher at other than dated position

 Seq Series  Time_span  1400 1425 1450 1475 1500 1525 1550 1575 1600 1625 1650 1675 1700 1725 1750 1775 1800 1825 1850 1875 
                        1449 1474 1499 1524 1549 1574 1599 1624 1649 1674 1699 1724 1749 1774 1799 1824 1849 1874 1899 1924 
 --- -------- ---------  ---- ---- ---- ---- ---- ---- ---- ---- ---- ---- ---- ---- ---- ---- ---- ---- ---- ---- ---- ---- 
   1 316011   1646 1971                                                    .74  .80  .66  .53  .70  .86  .83  .66  .61  .77 
   2 316012   1748 1971                                                                        .68  .85  .87  .70  .63  .74 
   3 316021   1637 1971                                                    .28A .46  .50  .60  .60  .71  .76  .78  .67  .65 
   4 316022   1682 1971                                                              .66  .63  .62  .73  .75  .79  .81  .81 
   5 316031   1552 1971                                     .67  .71  .75  .69  .60  .61  .67  .67  .79  .83  .75  .71  .78 
   6 316032   1558 1971                                     .63  .69  .69  .57  .69  .78  .77  .68  .69  .78  .74  .73  .82 
   7 316041   1680 1971                                                              .55  .37  .33B .70  .64  .53  .62  .67 
   8 316042   1695 1971                                                              .58  .38  .41  .66  .63  .56  .49  .46 
   9 316051   1709 1971                                                                   .70  .44  .51  .75  .71  .61  .67 
  10 316052   1781 1958                                                                                  .81  .82  .68  .68 
  11 316061   1526 1971                                .72  .69  .70  .66  .47  .50  .58  .72  .78  .67  .68  .73  .76  .76 
  12 316062   1572 1971                                     .70  .87  .76  .68  .74  .71  .76  .79  .79  .77  .67  .63  .65 
  13 316071   1701 1971                                                                   .60  .62  .79  .83  .80  .69  .54 
  14 316072   1720 1971                                                                   .46  .67  .74  .76  .76  .62  .53 
  15 316081   1697 1971                                                              .45  .52  .66  .80  .77  .65  .64  .57 
  16 316082   1722 1971                                                                   .30B .56  .75  .74  .72  .68  .60 
  17 316091   1778 1971                                                                                  .75  .70  .62  .65 
  18 316092   1794 1971                                                                                  .68  .71  .73  .78 
  19 316101   1405 1971       .56  .59  .70  .76  .67  .74  .77  .82  .84  .76  .67  .66  .62  .52  .65  .65  .61  .37  .39 
  20 316102   1432 1710            .58  .77  .84  .79  .79  .78  .80  .81  .38                                              
  21 316111   1754 1971                                                                             .79  .77  .79  .74  .74 
  22 316112   1779 1971                                                                                  .79  .75  .77  .84 
  23 316121   1652 1971                                                         .71  .68  .67  .71  .69  .74  .79  .73  .66 
  24 316122   1687 1971                                                              .60  .72  .80  .81  .81  .82  .74  .76 
  25 316131   1751 1971                                                                             .68  .66  .60  .54  .59 
  26 316132   1779 1971                                                                                  .61  .56  .43  .50 
  27 316141   1576 1971                                          .76  .68  .70  .78  .82  .80  .80  .86  .84  .83  .78  .78 
  28 316142   1596 1971                                          .77  .73  .77  .85  .79  .81  .82  .82  .85  .83  .72  .74 
  29 316152   1685 1971                                                              .80  .83  .83  .79  .79  .57  .39  .48 
  30 316151   1677 1971                                                              .70  .78  .75  .77  .81  .64  .38  .59 
  31 316161   1526 1971                                .69  .74  .80  .81  .73  .70  .73  .76  .70  .73  .74  .76  .70  .72 
  32 316162   1604 1971                                               .78  .66  .69  .75  .81  .71  .70  .71  .71  .74  .78 
  33 316171   1694 1971                                                              .82  .78  .73  .81  .85  .84  .84  .83 
  34 316172   1700 1971                                                                   .81  .84  .78  .80  .85  .83  .80 
  35 316181   1462 1971                 .64  .72  .67  .70  .64  .61  .72  .77  .81  .77  .71  .68  .79  .71  .66  .74  .77 
  36 316182   1470 1971                 .67  .71  .72  .75  .67  .64  .66  .72  .79  .65  .65  .76  .81  .83  .81  .76  .74 
  37 318011   1789 1971                                                                                  .67  .63  .46  .54 
  38 318012   1809 1971                                                                                       .66  .51  .49 
  39 318021   1517 1971                           .70  .66  .74  .66  .65  .75  .76  .67  .64  .54  .68  .63  .62  .56  .36 
  40 318022   1525 1971                                .76  .77  .64  .66  .74  .71  .71  .65  .60  .77  .69  .59  .60  .55 
  41 318031   1523 1971                                .68  .70  .61  .42  .56  .49  .46  .65  .40  .57  .72  .76  .64  .57 
  42 318032   1621 1971                                               .31A .44  .75  .69  .63  .56  .68  .73  .73  .60  .58 
  43 318041   1797 1971                                                                                  .42  .36  .60  .56 
  44 318042   1801 1971                                                                                       .50  .74  .64 
  45 318051   1400 1971       .42  .48  .58  .72  .78  .65  .72  .69  .61  .57  .67  .72  .69  .59  .68  .72  .70  .53  .37 
  46 318052   1511 1971                           .17B-.09B .04B .20B .23B .46  .68  .77  .76  .66  .74  .73  .73  .61  .52 
  47 318061   1573 1971                                          .17B .38B .75  .87  .80  .75  .61  .67  .75  .60  .36  .40 
  48 318071   1793 1971                                                                                  .68  .72  .72  .63 
  49 318072   1816 1971                                                                                       .77  .70  .59 
 Av segment correlation       .49  .55  .67  .75  .64  .64  .66  .66  .64  .63  .70  .68  .66  .65  .74  .74  .70  .64  .64 

 CORRELATION OF SERIES BY SEGMENTS: wy006
-----------------------------------------------------------------------------------------------------------------------------------
 Correlations of  50-year dated segments, lagged  25 years
 Flags:  A = correlation under   .3281 but highest as dated;  B = correlation higher at other than dated position

 Seq Series  Time_span  1900 
                        1949 
 --- -------- ---------  ---- 
   1 316011   1646 1971  .85 
   2 316012   1748 1971  .86 
   3 316021   1637 1971  .71 
   4 316022   1682 1971  .77 
   5 316031   1552 1971  .82 
   6 316032   1558 1971  .81 
   7 316041   1680 1971  .61 
   8 316042   1695 1971  .50 
   9 316051   1709 1971  .72 
  10 316052   1781 1958  .65 
  11 316061   1526 1971  .77 
  12 316062   1572 1971  .69 
  13 316071   1701 1971  .73 
  14 316072   1720 1971  .76 
  15 316081   1697 1971  .72 
  16 316082   1722 1971  .73 
  17 316091   1778 1971  .68 
  18 316092   1794 1971  .84 
  19 316101   1405 1971  .73 
  21 316111   1754 1971  .71 
  22 316112   1779 1971  .70 
  23 316121   1652 1971  .70 
  24 316122   1687 1971  .81 
  25 316131   1751 1971  .49 
  26 316132   1779 1971  .67 
  27 316141   1576 1971  .83 
  28 316142   1596 1971  .79 
  29 316152   1685 1971  .59 
  30 316151   1677 1971  .77 
  31 316161   1526 1971  .61 
  32 316162   1604 1971  .80 
  33 316171   1694 1971  .80 
  34 316172   1700 1971  .72 
  35 316181   1462 1971  .80 
  36 316182   1470 1971  .80 
  37 318011   1789 1971  .75 
  38 318012   1809 1971  .69 
  39 318021   1517 1971  .66 
  40 318022   1525 1971  .67 
  41 318031   1523 1971  .76 
  42 318032   1621 1971  .82 
  43 318041   1797 1971  .62 
  44 318042   1801 1971  .68 
  45 318051   1400 1971  .75 
  46 318052   1511 1971  .73 
  47 318061   1573 1971  .74 
  48 318071   1793 1971  .78 
  49 318072   1816 1971  .73 
 Av segment correlation  .73 

 FLAGGED SEGMENTS: wy006
-----------------------------------------------------------------------------------------------------------------------------------
 Seq Series   Segment    Flag  r dated  Best lag  r at lag   Gain  Note
 --- -------- ---------  ----  -------  --------  --------  -----  -----------------
   3 316021   1650 1699     A     .283         0
   7 316041   1750 1799     B     .328        -9      .376   .048
  16 316082   1725 1774     B     .303       -10      .373   .069
  42 318032   1625 1674     A     .309         0
  46 318052   1525 1574     B     .173        -2      .482   .309
  46 318052   1550 1599     B    -.093        -2      .642   .735
  46 318052   1575 1624     B     .039        -2      .799   .760
  46 318052   1600 1649     B     .197        -2      .738   .542
  46 318052   1625 1674     B     .235        -2      .569   .334
  47 318061   1600 1649     B     .170        -3      .318   .148  weak at every lag
  47 318061   1625 1674     B     .382        -2      .452   .070

 DESCRIPTIVE STATISTICS: wy006
-----------------------------------------------------------------------------------------------------------------------------------

                                                Corr   //-------- Unfiltered --------\\  //-- dplR filtered --\\
                           No.    No.    No.    with   Mean   Max     Std   Auto   Mean   Max     Std   Auto  AR
 Seq Series   Interval   Years  Segmt  Flags   Master  msmt   msmt    dev   corr   sens  value    dev   corr  ()
 --- -------- ---------  -----  -----  -----   ------ -----  -----  -----  -----  -----  -----  -----  -----  --
   1 316011   1646 1971    326     11      0    .735    .38    .95   .163   .715   .276   1.94   .269  -.001   1
   2 316012   1748 1971    224      7      0    .767    .53   1.19   .214   .782   .229   1.60   .219  -.010   1
   3 316021   1637 1971    335     11      1    .586    .51   2.33   .273   .684   .322   1.75   .273  -.024   0
   4 316022   1682 1971    290      9      0    .718    .39    .93   .182   .686   .330   1.68   .283   .005   1
   5 316031   1552 1971    420     14      0    .728    .38   2.84   .340   .896   .305   1.76   .272  -.020   3
   6 316032   1558 1971    414     14      0    .713    .40   3.03   .382   .900   .319   1.90   .278  -.007   3
   7 316041   1680 1971    292      9      1    .552    .70   1.83   .265   .524   .297   1.79   .266  -.010   1
   8 316042   1695 1971    277      9      0    .512    .45   1.09   .199   .542   .316   1.96   .293   .009   2
   9 316051   1709 1971    263      8      0    .641    .68   1.38   .216   .589   .245   1.68   .228  -.009   2
  10 316052   1781 1958    178      5      0    .697    .78   1.67   .285   .672   .245   1.67   .217   .041   0
  11 316061   1526 1971    446     15      0    .667    .22    .60   .102   .604   .341   2.01   .291   .034   0
  12 316062   1572 1971    400     14      0    .716    .31    .66   .115   .491   .303   1.75   .247  -.015   3
  13 316071   1701 1971    271      8      0    .697    .78   2.69   .492   .747   .356   1.99   .325  -.013   1
  14 316072   1720 1971    252      8      0    .666    .89   2.79   .485   .696   .340   2.06   .310  -.017   3
  15 316081   1697 1971    275      9      0    .653    .81   1.93   .365   .693   .292   1.68   .270   .009   2
  16 316082   1722 1971    250      8      1    .630    .89   1.89   .346   .582   .298   1.66   .278  -.017   3
  17 316091   1778 1971    194      5      0    .678    .72   1.19   .183   .550   .198   1.54   .189   .003   2
  18 316092   1794 1971    178      5      0    .724    .68   1.34   .177   .533   .203   1.49   .197   .030   2
  19 316101   1405 1971    567     20      0    .631    .39   2.47   .445   .936   .323   1.94   .288  -.009   3
  20 316102   1432 1710    279      9      0    .641    .54   2.13   .494   .930   .286   1.90   .262  -.011   3
  21 316111   1754 1971    218      6      0    .722    .22    .57   .094   .674   .252   1.62   .235   .005   1
  22 316112   1779 1971    193      5      0    .753    .23    .54   .104   .750   .257   1.58   .240  -.013   3
  23 316121   1652 1971    320     10      0    .688    .65   2.70   .411   .822   .286   2.07   .275  -.002   3
  24 316122   1687 1971    285      9      0    .746    .39   1.36   .171   .729   .251   1.61   .233  -.002   1
  25 316131   1751 1971    221      6      0    .559    .32    .64   .104   .407   .286   1.66   .249   .071   0
  26 316132   1779 1971    193      5      0    .573    .29    .61   .133   .680   .327   1.89   .286  -.010   1
  27 316141   1576 1971    396     13      0    .783    .40   1.20   .168   .596   .293   1.59   .256   .033   0
  28 316142   1596 1971    376     13      0    .784    .36   1.19   .146   .616   .282   1.66   .252  -.002   1
  29 316152   1685 1971    287      9      0    .666    .51   1.47   .229   .721   .271   1.93   .258  -.003   1
  30 316151   1677 1971    295      9      0    .676    .55   1.69   .366   .793   .333   1.79   .298  -.001   1
  31 316161   1526 1971    446     15      0    .681    .33    .97   .146   .629   .316   1.84   .263  -.010   3
  32 316162   1604 1971    368     12      0    .743    .37    .84   .148   .543   .290   1.73   .244  -.008   3
  33 316171   1694 1971    278      9      0    .807    .52   1.32   .202   .438   .326   2.03   .303  -.007   1
  34 316172   1700 1971    272      8      0    .752    .55   1.66   .323   .759   .314   1.78   .304  -.018   3
  35 316181   1462 1971    510     18      0    .704    .38   2.03   .267   .804   .357   2.28   .322   .008   2
  36 316182   1470 1971    502     18      0    .721    .45   1.88   .348   .858   .317   2.29   .302  -.010   3
  37 318011   1789 1971    183      5      0    .618    .54   1.55   .318   .829   .305   1.69   .290  -.024   3
  38 318012   1809 1971    163      4      0    .635    .51   1.13   .213   .672   .281   1.74   .273  -.035   3
  39 318021   1517 1971    455     16      0    .658    .34   1.48   .276   .802   .352   1.84   .303  -.010   3
  40 318022   1525 1971    447     15      0    .669    .33   1.26   .216   .789   .341   2.75   .309  -.003   3
  41 318031   1523 1971    449     15      0    .610    .26    .72   .130   .824   .241   1.84   .226  -.018   3
  42 318032   1621 1971    351     12      1    .605    .26    .75   .125   .817   .248   1.70   .235  -.016   3
  43 318041   1797 1971    175      5      0    .532    .59   2.29   .352   .702   .338   1.84   .316  -.017   1
  44 318042   1801 1971    171      4      0    .571    .93   2.09   .406   .592   .317   2.09   .301  -.022   1
  45 318051   1400 1971    572     20      0    .623    .21    .58   .111   .714   .376   2.37   .324   .015   0
  46 318052   1511 1971    461     16      5    .417    .18    .54   .077   .526   .364   2.71   .324  -.019   3
  47 318061   1573 1971    399     13      2    .542    .31   1.23   .172   .581   .459   2.34   .397  -.021   3
  48 318071   1793 1971    179      5      0    .706   1.07   3.06   .463   .671   .286   1.80   .275   .004   2
  49 318072   1816 1971    156      4      0    .717   1.63   3.97   .655   .643   .281   1.97   .287  -.001   1
 --- -------- ---------  -----  -----  -----   ------ -----  -----  -----  -----  -----  -----  -----  -----  --
 Total or mean:          15452    497     11    .665    .46   3.97   .247   .702   .309   2.75   .279  -.004

 DATA CHECKS (rwl.check): wy006
-----------------------------------------------------------------------------------------------------------------------------------
 rwl.check: data_files/treering/measurements/northamerica/usa/wy006.rwl
 49 series, 15452 measurements, 1400-1971, 0.01 mm precision
 0 error(s), 0 warning(s), 1 note(s)
 -------------
 Nothing to report at this severity.
 1 note(s) not shown; see rwl.check() or the 'check' element of this report.

 NOTES
-----------------------------------------------------------------------------------------------------------------------------------
 Report generated using dplR 1.8.1 (R 4.5.2) on 2026-10-01 16:52 PDT.
 Measurement file wy006.rwl, MD5 0ffdf6673211dd1c9f4c4eff38804ac5.
 Filtering: each series divided by a 32-year smoothing spline (caps()), then prewhitened with
   an AR model (order by AIC, at most 3).
 Master: biweight robust mean of the other series (leave-one-out).
 Correlation: Pearson, one-tailed, pcrit = 0.01; critical r = 0.3281 for 50-year segments.
 Segments: 50 years, lagged 25, first segment floored to 100. Lags searched: +/- 10 years.
 A segment is tested only where the series and the master cover all of it, at the dated
   position and at every lag. COFECHA also tests partial segments at the ends of a series, so
   series here may show fewer segments, and no flags can be raised at the ends of the record.
 Lags follow COFECHA: negative means rings are probably missing from the series, positive means
   false rings. A missing ring carries its lag into every segment before it, so look where the
   lag changes along a series. A B flag is a hypothesis to check on the wood; the gain says how
   seriously to take it.
 A B flag marked "weak at every lag" correlates under the critical value even at its best lag:
   the segment is weak wherever it is placed, and the shift is not evidence of a dating error.
   Treat it as a low correlation, like an A.
 Averages in the summary and the totals are weighted by the number of years in each series, as
   COFECHA's are.
 Unfiltered block and mean sensitivity: the measurements as read, and sens1().
 dplR filtered block: the series that was correlated, after filtering. COFECHA's filtered
   series is defined differently, so these three columns are not COFECHA's numbers.
 AR: order of the AR model used to prewhiten.
