
 COFECHA-style crossdating report: wy071
 Report generated using dplR 1.8.1 (R 4.5.2) on 2026-10-01 16:48 PDT
 Built with dplR's xdate.report(), not COFECHA; see the notes at the end.


      Measurement file name  : wy071.rwl
      MD5 of measurement file: 3a333c7f043e88a98944b93dbbaf1e5a
      Date checked           : 01OCT26
      Beginning year         : 1829
      Ending year            : 2018
      Principal investigators: Blomdahl, E.M.; Speer, J.H.; Kaye, M.W.; Zampieri, N.; Rochner, M.L.; Currey, B.; Alving, D.; Cahalan, G.D.; Hagedorn, B.; Li, H.; Oelkers, R.; Pelletier, L.; Thapa, I.; Willson, K.; Woodward, B.D.; DeRose, R.J.
      Site name              : Bird Mountain
      Species information    : PIAL Pinus albicaulis Engelm.
      Latitude               : 44.9140 N
      Longitude              : 109.5730 W
      Elevation              : 2800 m

      Series intercorrelation: 0.383
      Avg mean sensitivity   : 0.227
      Avg standard deviation : 0.335
      Avg autocorrelation    : 0.758
      Number dated series    : 142
      Series crossdated      : 141
      Segment length tested  : 50

      Number problem segments: 66  (A 25, B 41; 29 of the B weak at every lag)
      Pct problem segments   : 39.29


 CORRELATION OF SERIES BY SEGMENTS: wy071
-----------------------------------------------------------------------------------------------------------------------------------
 Correlations of  50-year dated segments, lagged  25 years
 Flags:  A = correlation under   .3281 but highest as dated;  B = correlation higher at other than dated position

 Seq Series  Time_span  1900 1925 1950 
                        1949 1974 1999 
 --- -------- ---------  ---- ---- ---- 
  18 SBM301A  1903 2016       .48  .25A
  20 SBM302A  1878 2013  .38  .55  .44 
  21 SBM302B  1878 2006  .40  .43  .36 
  22 SBM303A  1918 2016       .60  .49 
  23 SBM303B  1918 2016       .59  .60 
  24 SBM304A  1926 2016            .62 
  25 SBM304B  1917 2016       .47  .65 
  26 SBM305A  1894 2012  .25A .23B .54 
  27 SBM305B  1894 2009  .39  .48  .65 
  28 SBM306A  1892 2009  .41  .50  .10B
  29 SBM308A  1921 2016       .59  .22B
  30 SBM308B  1921 2016       .60  .44 
  31 SBM309B  1907 2012       .41  .32A
  32 SBM310A  1878 2011  .44  .26B .42 
  33 SBM310B  1885 2012  .36  .26A .49 
  40 SBM407A  1946 2016            .46 
  41 SBM407B  1946 2016            .52 
  56 SBM601A  1892 2007  .49  .28A .49 
  57 SBM601B  1911 2007       .56  .46 
  58 SBM602B  1908 2008       .46  .50 
  59 SBM603A  1931 2016            .42 
  60 SBM603B  1920 2016       .43  .62 
  61 SBM604A  1902 2016       .22A .15B
  62 SBM605B  1923 2016       .37  .46 
  63 SBM605C  1914 2016       .35  .41 
  64 SBM606A  1915 2000       .62  .38B
  65 SBM606B  1920 2016       .45  .54 
  66 SBM608A  1917 2008       .26B .23B
  67 SBM609A  1892 2008  .31A .61  .57 
  68 SBM609B  1892 2008  .22B .70  .61 
  69 SBM610A  1914 2007       .55  .73 
  70 SBM610B  1924 2008       .58  .59 
  71 SBM703A  1901 2016       .36  .38 
  72 SBM704A  1889 2016  .47  .39  .47 
  73 SBM705A  1871 1973  .07B          
  74 SBM706A  1829 2008  .27A .44  .30A
  75 SBM707B  1854 1970  .29A          
  76 SBM708A  1845 2012  .50  .37  .31A
  77 SBM708B  1845 1966  .31A          
  78 SBM709A  1831 1994  .17B .26B     
  79 SBM710A  1866 2016  .37  .29B .43 
  80 SBM710B  1867 2016  .33  .23B .19B
  89 ECO202A  1946 2017            .36B
  99 ECO401A  1934 2017            .35 
 100 ECO401B  1912 2017       .45  .38 
 101 ECO402B  1928 2017            .60 
 102 ECO403A  1930 2017            .52 
 103 ECO403B  1945 2017            .30A
 104 ECO404A  1936 2017            .46 
 105 ECO404B  1936 2017            .32B
 106 ECO405A  1937 2017            .31B
 107 ECO405B  1937 2017            .50 
 108 ECO406A  1928 2017            .60 
 109 ECO406B  1937 2017            .66 
 111 ECO408A  1911 2017       .48  .50 
 112 ECO408B  1905 2017       .57  .65 
 115 ECO410A  1940 2017            .58 
 116 ECO410B  1940 2017            .39 
 117 ECO502B  1909 2017       .17B .21A
 118 ECO506A  1907 2017       .42  .54 
 119 ECO506B  1917 2017       .44  .22A
 120 ECO508A  1910 2017       .56  .48 
 121 ECO508B  1903 2017       .52  .39B
 122 ECO510B  1907 2017       .32A .29B
 123 ECO603A  1887 2017  .41  .49  .21B
 124 ECO603B  1915 2017       .50  .38 
 125 ECO605B  1924 2010            .23B
 126 ECO607A  1923 2017       .55  .46 
 127 ECO607B  1906 2017       .48  .33 
 128 ECO610A  1926 2017            .23B
 129 ECO610B  1901 2010       .32A .27A
 130 ECO805A  1898 2018  .16B .24A .24B
 131 ECO805B  1900 2018       .12B .21B
 132 ECO1003A 1910 2018       .12B .40 
 133 ECO1003B 1910 2018       .05B .33 
 134 ECO1004A 1923 2018       .12B .29B
 135 ECO1102A 1924 2018            .34B
 136 ECO1102B 1923 2018       .24B .25A
 137 ECO1104A 1891 2018  .22B .29A .47 
 138 ECO1104B 1891 2018  .18B .19B .35 
 139 ECO1105A 1887 2018  .19B .33A .50 
 140 ECO1105B 1887 2018  .23B .32A .50 
 141 ECO1209B 1881 2018  .36  .37  .20B
 142 ECO1209A 1880 2018  .30A .20A .11B
 Av segment correlation  .31  .39  .41 

 FLAGGED SEGMENTS: wy071
-----------------------------------------------------------------------------------------------------------------------------------
 Seq Series   Segment    Flag  r dated  Best lag  r at lag   Gain  Note
 --- -------- ---------  ----  -------  --------  --------  -----  -----------------
  18 SBM301A  1950 1999     A     .248         0
  26 SBM305A  1900 1949     A     .253         0
  26 SBM305A  1925 1974     B     .228         9      .251   .023  weak at every lag
  28 SBM306A  1950 1999     B     .101         5      .262   .161  weak at every lag
  29 SBM308A  1950 1999     B     .217        -8      .323   .106  weak at every lag
  31 SBM309B  1950 1999     A     .319         0
  32 SBM310A  1925 1974     B     .263        -3      .293   .030  weak at every lag
  33 SBM310B  1925 1974     A     .257         0
  56 SBM601A  1925 1974     A     .279         0
  61 SBM604A  1925 1974     A     .225         0
  61 SBM604A  1950 1999     B     .146         8      .309   .163  weak at every lag
  64 SBM606A  1950 1999     B     .383        -1      .394   .012
  66 SBM608A  1925 1974     B     .260         3      .262   .002  weak at every lag
  66 SBM608A  1950 1999     B     .228         3      .250   .023  weak at every lag
  67 SBM609A  1900 1949     A     .305         0
  68 SBM609B  1900 1949     B     .217        -4      .236   .019  weak at every lag
  73 SBM705A  1900 1949     B     .074         9      .249   .175  weak at every lag
  74 SBM706A  1900 1949     A     .267         0
  74 SBM706A  1950 1999     A     .300         0
  75 SBM707B  1900 1949     A     .289         0
  76 SBM708A  1950 1999     A     .307         0
  77 SBM708B  1900 1949     A     .307         0
  78 SBM709A  1900 1949     B     .172        -8      .505   .333
  78 SBM709A  1925 1974     B     .263        -6      .272   .010  weak at every lag
  79 SBM710A  1925 1974     B     .291         3      .395   .104
  80 SBM710B  1925 1974     B     .230        -4      .260   .030  weak at every lag
  80 SBM710B  1950 1999     B     .187        -3      .327   .140  weak at every lag
  89 ECO202A  1950 1999     B     .358         4      .497   .139
 103 ECO403B  1950 1999     A     .296         0
 105 ECO404B  1950 1999     B     .316         2      .318   .001  weak at every lag
 106 ECO405A  1950 1999     B     .310         1      .364   .054
 117 ECO502B  1925 1974     B     .175        -3      .297   .122  weak at every lag
 117 ECO502B  1950 1999     A     .211         0
 119 ECO506B  1950 1999     A     .217         0
 121 ECO508B  1950 1999     B     .387         3      .393   .006
 122 ECO510B  1925 1974     A     .321         0
 122 ECO510B  1950 1999     B     .291        -3      .299   .008  weak at every lag
 123 ECO603A  1950 1999     B     .206         3      .252   .046  weak at every lag
 125 ECO605B  1950 1999     B     .234        -4      .290   .056  weak at every lag
 128 ECO610A  1950 1999     B     .234        -4      .260   .026  weak at every lag
 129 ECO610B  1925 1974     A     .319         0
 129 ECO610B  1950 1999     A     .269         0
 130 ECO805A  1900 1949     B     .157         5      .300   .143  weak at every lag
 130 ECO805A  1925 1974     A     .243         0
 130 ECO805A  1950 1999     B     .245        -6      .296   .052  weak at every lag
 131 ECO805B  1925 1974     B     .121         4      .363   .242
 131 ECO805B  1950 1999     B     .212         4      .337   .125
 132 ECO1003A 1925 1974     B     .125        -7      .327   .203  weak at every lag
 133 ECO1003B 1925 1974     B     .046        -7      .286   .240  weak at every lag
 134 ECO1004A 1925 1974     B     .125        -6      .267   .142  weak at every lag
 134 ECO1004A 1950 1999     B     .287        -1      .359   .073
 135 ECO1102A 1950 1999     B     .340       -10      .341   .001
 136 ECO1102B 1925 1974     B     .237        10      .242   .005  weak at every lag
 136 ECO1102B 1950 1999     A     .254         0
 137 ECO1104A 1900 1949     B     .218         8      .223   .005  weak at every lag
 137 ECO1104A 1925 1974     A     .290         0
 138 ECO1104B 1900 1949     B     .178        -5      .410   .232
 138 ECO1104B 1925 1974     B     .187        -3      .317   .130  weak at every lag
 139 ECO1105A 1900 1949     B     .186        -2      .279   .093  weak at every lag
 139 ECO1105A 1925 1974     A     .326         0
 140 ECO1105B 1900 1949     B     .230        -2      .268   .038  weak at every lag
 140 ECO1105B 1925 1974     A     .323         0
 141 ECO1209B 1950 1999     B     .197        -3      .266   .069  weak at every lag
 142 ECO1209A 1900 1949     A     .302         0
 142 ECO1209A 1925 1974     A     .196         0
 142 ECO1209A 1950 1999     B     .115        -3      .345   .230

 DESCRIPTIVE STATISTICS: wy071
-----------------------------------------------------------------------------------------------------------------------------------

                                                Corr   //-------- Unfiltered --------\\  //-- dplR filtered --\\
                           No.    No.    No.    with   Mean   Max     Std   Auto   Mean   Max     Std   Auto  AR
 Seq Series   Interval   Years  Segmt  Flags   Master  msmt   msmt    dev   corr   sens  value    dev   corr  ()
 --- -------- ---------  -----  -----  -----   ------ -----  -----  -----  -----  -----  -----  -----  -----  --
   1 SBM201A  1979 2016     38      0      0    .216   1.20   1.94   .311   .445   .208   1.59   .214   .191   0
   2 SBM202A  1980 2016     37      0      0    .547   1.25   2.38   .491   .845   .191   1.30   .183   .097   1
   3 SBM202B  1980 2016     37      0      0    .543   1.13   1.69   .275   .572   .164   1.53   .189   .001   1
   4 SBM203A  1993 2016     24      0      0    .451   1.20   1.78   .391   .696   .242   1.45   .226   .006   1
   5 SBM203B  1993 2016     24      0      0    .582   1.59   2.71   .715   .886   .246   1.44   .212   .365   1
   6 SBM204A  1991 2016     26      0      0    .237   1.11   2.16   .363   .577   .193   1.52   .233  -.080   1
   7 SBM204B  1991 2016     26      0      0    .349   1.16   1.79   .289   .631   .178   1.40   .162   .124   0
   8 SBM205A  1982 2016     35      0      0    .513   2.38   3.68   .653   .596   .188   1.32   .191   .093   1
   9 SBM205B  1964 2016     53      0      0    .462   1.59   3.18   .793   .862   .205   1.34   .196  -.042   1
  10 SBM206A  1985 2016     32      0      0    .358   1.01   1.58   .312   .294   .323   1.56   .277   .049   2
  11 SBM206B  1984 2016     33      0      0    .410   1.21   1.97   .417   .634   .282   1.40   .253   .019   1
  12 SBM207A  1987 2016     30      0      0    .293    .92   1.72   .384   .351   .347   1.74   .350   .005   2
  13 SBM207B  1987 2016     30      0      0    .570    .95   2.59   .486   .520   .348   2.44   .404   .024   1
  14 SBM209A  1987 2016     30      0      0    .488    .69   1.24   .246   .432   .300   1.68   .307   .015   1
  15 SBM209B  1983 2016     34      0      0    .493    .91   1.35   .210   .484   .201   1.31   .177   .060   0
  16 SBM210A  1981 2016     36      0      0    .608   1.81   2.86   .546   .652   .195   1.34   .186   .230   0
  17 SBM210B  1981 2016     36      0      0    .525   1.62   2.57   .316   .546   .152   1.32   .141  -.002   2
  18 SBM301A  1903 2016    114      2      1    .330    .37    .88   .223   .884   .247   1.97   .258  -.005   2
  19 SBM301B  1990 2016     27      0      0    .590    .60   1.29   .294   .842   .224   1.67   .245   .154   1
  20 SBM302A  1878 2013    136      3      0    .337    .52   2.18   .379   .874   .250   1.73   .248   .008   2
  21 SBM302B  1878 2006    129      3      0    .301    .44   1.54   .269   .863   .253   1.72   .253  -.017   3
  22 SBM303A  1918 2016     99      2      0    .505    .94   1.95   .390   .835   .183   1.51   .184   .009   1
  23 SBM303B  1918 2016     99      2      0    .516    .61   1.27   .243   .676   .250   1.62   .251   .030   1
  24 SBM304A  1926 2016     91      1      0    .592    .22    .49   .102   .629   .276   2.04   .328   .088   1
  25 SBM304B  1917 2016    100      2      0    .506    .27    .67   .135   .684   .324   1.94   .332   .002   2
  26 SBM305A  1894 2012    119      3      2    .439   1.00   2.06   .353   .812   .174   1.46   .186   .009   1
  27 SBM305B  1894 2009    116      3      0    .521    .94   1.74   .312   .838   .159   1.62   .178   .108   1
  28 SBM306A  1892 2009    118      3      1    .275    .48   1.38   .369   .948   .193   1.56   .207   .040   1
  29 SBM308A  1921 2016     96      2      1    .464    .43   1.17   .248   .813   .269   1.68   .258   .003   1
  30 SBM308B  1921 2016     96      2      0    .496    .66   1.55   .286   .798   .206   2.22   .244   .017   2
  31 SBM309B  1907 2012    106      2      1    .432    .98   2.08   .530   .938   .138   1.35   .148  -.007   2
  32 SBM310A  1878 2011    134      3      1    .490    .83   1.72   .343   .856   .160   1.53   .163  -.014   1
  33 SBM310B  1885 2012    128      3      1    .444   1.41   2.62   .510   .823   .158   1.37   .155  -.001   1
  34 SBM402B  1956 2015     60      0      0    .248    .56    .99   .221   .720   .226   2.15   .268   .060   1
  35 SBM403A  1966 2016     51      0      0    .540    .46   1.22   .231   .746   .313   1.66   .315   .090   1
  36 SBM403B  1967 2016     50      0      0    .439    .39    .86   .214   .859   .194   1.77   .244   .115   1
  37 SBM404B  1983 2016     34      0      0    .392    .66   1.35   .321   .802   .223   1.62   .243  -.027   1
  38 SBM405A  1970 2016     47      0      0    .528    .78   1.45   .239   .422   .238   1.60   .240   .039   1
  39 SBM405B  1970 2016     47      0      0    .550    .60   1.06   .152   .394   .229   1.57   .216   .025   1
  40 SBM407A  1946 2016     71      1      0    .475    .38    .68   .119   .638   .204   1.61   .205   .005   1
  41 SBM407B  1946 2016     71      1      0    .511    .57   1.40   .258   .716   .256   1.91   .285  -.091   1
  42 SBM408B  1971 2014     44      0      0    .420    .41    .66   .121   .454   .240   1.66   .220   .098   0
  43 SBM409A  1970 2016     47      0      0    .267    .42    .70   .126   .502   .242   1.56   .234   .178   0
  44 SBM409B  1970 2016     47      0      0    .495    .46    .79   .131   .417   .217   1.54   .201  -.020   2
  45 SBM410A  1964 2016     53      0      0    .591    .49   1.03   .189   .793   .204   1.59   .225   .074   1
  46 SBM410B  1964 2016     53      0      0    .466    .42    .89   .128   .581   .223   1.64   .210   .029   1
  47 SBM502A  1974 2016     43      0      0    .440   1.44   2.13   .380   .747   .142   1.53   .152   .004   1
  48 SBM503A  1968 2016     49      0      0    .439    .63   1.01   .260   .823   .228   1.58   .238   .088   1
  49 SBM503B  1968 2016     49      0      0    .359   1.01   1.92   .360   .789   .168   1.61   .197   .010   1
  50 SBM506B  1968 2016     49      0      0    .685   1.50   2.20   .293   .311   .169   1.38   .169   .088   0
  51 SBM507A  1953 2016     64      0      0    .476   1.02   1.75   .302   .709   .169   1.49   .176   .032   1
  52 SBM507B  1953 2016     64      0      0    .463   1.05   1.51   .264   .630   .174   1.46   .170  -.070   1
  53 SBM508A  1963 2016     54      0      0    .356    .61   1.14   .180   .520   .244   1.58   .221   .032   0
  54 SBM508B  1963 2016     54      0      0    .570    .67   1.09   .221   .430   .318   1.63   .289   .022   1
  55 SBM510A  1956 2016     61      0      0    .441    .79   1.28   .225   .752   .155   1.38   .168   .008   1
  56 SBM601A  1892 2007    116      3      1    .498   1.41   2.93   .574   .871   .170   1.50   .175   .021   1
  57 SBM601B  1911 2007     97      2      0    .507   1.19   2.05   .364   .771   .167   1.50   .173   .008   2
  58 SBM602B  1908 2008    101      2      0    .433    .28   1.24   .227   .871   .313   1.68   .317  -.065   1
  59 SBM603A  1931 2016     86      1      0    .375   1.07   3.81   .649   .661   .249   2.66   .301   .008   0
  60 SBM603B  1920 2016     97      2      0    .503    .72   1.43   .310   .799   .224   1.67   .219   .012   1
  61 SBM604A  1902 2016    115      2      2    .246    .68   1.97   .475   .927   .235   1.60   .241   .061   1
  62 SBM605B  1923 2016     94      2      0    .476   1.15   2.77   .646   .925   .174   1.45   .173  -.034   1
  63 SBM605C  1914 2016    103      2      0    .469   1.60   3.91   .865   .855   .217   1.67   .213   .014   1
  64 SBM606A  1915 2000     86      2      1    .419   1.27   2.21   .425   .611   .229   1.52   .228   .046   1
  65 SBM606B  1920 2016     97      2      0    .599   1.32   2.80   .616   .893   .166   1.49   .175  -.003   1
  66 SBM608A  1917 2008     92      2      2    .268    .49   1.41   .341   .917   .202   1.62   .223  -.027   1
  67 SBM609A  1892 2008    117      3      1    .407    .90   2.03   .458   .906   .190   1.45   .213   .458   1
  68 SBM609B  1892 2008    117      3      1    .351    .78   1.85   .411   .880   .173   1.76   .232   .382   1
  69 SBM610A  1914 2007     94      2      0    .654   1.20   2.29   .444   .882   .138   1.35   .153   .021   1
  70 SBM610B  1924 2008     85      2      0    .579   1.10   1.75   .268   .718   .151   1.42   .152   .047   1
  71 SBM703A  1901 2016    116      2      0    .451    .61   1.32   .212   .703   .216   1.84   .224   .003   2
  72 SBM704A  1889 2016    128      3      0    .481   1.08   1.81   .240   .527   .172   1.68   .174   .015   1
  73 SBM705A  1871 1973    103      1      1    .187    .33   1.01   .250   .843   .321   2.07   .345   .014   3
  74 SBM706A  1829 2008    180      3      2    .202    .96   3.85   .835   .941   .194   1.71   .204   .005   1
  75 SBM707B  1854 1970    117      1      1    .345    .43   1.25   .314   .898   .212   1.66   .218   .008   1
  76 SBM708A  1845 2012    168      3      1    .485   1.10   2.33   .473   .839   .198   1.54   .203   .013   1
  77 SBM708B  1845 1966    122      1      1    .242    .60   1.36   .275   .664   .231   3.57   .340   .037   1
  78 SBM709A  1831 1994    164      2      2    .158    .37   1.09   .236   .914   .207   2.14   .209  -.057   0
  79 SBM710A  1866 2016    151      3      1    .419    .62   2.15   .481   .950   .182   1.51   .182   .020   1
  80 SBM710B  1867 2016    150      3      2    .297    .72   2.65   .446   .905   .197   1.50   .203  -.023   1
  81 ECO106B  1985 2017     33      0      0    .116   2.41   4.09   .782   .434   .294   2.12   .286  -.104   0
  82 ECO107A  1992 2017     26      0      0    .235   2.02   3.18   .729   .868   .151   1.26   .138   .060   0
  83 ECO107B  1992 2017     26      0      0    .624   2.79   4.28  1.106   .895   .168   1.30   .157   .170   1
  84 ECO108B  1991 2017     27      0      0    .537   2.04   2.83   .358   .117   .194   1.25   .155   .013   2
  85 ECO109B  1979 2017     39      0      0    .382   1.79   2.95   .566   .573   .256   1.44   .214   .056   0
  86 ECO110A  1989 2017     29      0      0    .707   1.78   2.50   .433   .339   .253   1.35   .219   .002   1
  87 ECO110B  1992 2017     26      0      0    .256   2.36   6.59  1.080   .365   .327   1.73   .270  -.017   0
  88 ECO201B  1963 2017     55      0      0    .352   1.03   2.28   .422   .795   .221   1.51   .239   .015   2
  89 ECO202A  1946 2017     72      1      1    .356    .45    .97   .210   .671   .302   1.63   .281   .085   1
  90 ECO203A  1972 2017     46      0      0    .253    .49   1.05   .256   .849   .236   1.67   .239   .074   1
  91 ECO205B  1967 2017     51      0      0    .188    .26    .89   .157   .805   .232   2.01   .272   .184   0
  92 ECO206A  1952 2017     66      0      0    .319    .50   1.11   .286   .845   .302   2.28   .330   .248   1
  93 ECO207A  1966 2017     52      0      0    .200    .43    .96   .274   .894   .297   2.12   .337   .186   0
  94 ECO207B  1977 2013     37      0      0    .454    .49   1.00   .254   .909   .189   1.73   .236   .269   1
  95 ECO208A  1968 2017     50      0      0    .433    .55   1.10   .168   .486   .262   1.43   .223   .004   2
  96 ECO209A  1957 2017     61      0      0    .346   1.23   2.44   .391   .745   .162   1.60   .175  -.031   3
  97 ECO209B  1958 2017     60      0      0    .310    .78   1.21   .211   .645   .190   1.50   .202   .074   1
  98 ECO210B  1970 2017     48      0      0    .266    .60   1.46   .260   .781   .217   1.65   .226   .008   2
  99 ECO401A  1934 2017     84      1      0    .472   1.67   3.64   .693   .874   .160   1.48   .172  -.033   1
 100 ECO401B  1912 2017    106      2      0    .383   1.63   3.00   .555   .791   .173   1.44   .169   .011   1
 101 ECO402B  1928 2017     90      1      0    .590   1.86   3.21   .436   .597   .170   1.43   .166   .022   1
 102 ECO403A  1930 2017     88      1      0    .414    .89   1.92   .401   .778   .231   1.82   .249   .118   1
 103 ECO403B  1945 2017     73      1      1    .323    .66   1.80   .345   .758   .272   1.61   .241  -.049   3
 104 ECO404A  1936 2017     82      1      0    .463    .34   1.01   .231   .708   .441   2.36   .425   .007   1
 105 ECO404B  1936 2017     82      1      1    .340    .45   1.51   .332   .881   .334   2.06   .331  -.016   1
 106 ECO405A  1937 2017     81      1      1    .264    .43    .94   .215   .769   .286   1.78   .288  -.014   1
 107 ECO405B  1937 2017     81      1      0    .423    .51   1.24   .276   .749   .297   2.04   .311   .047   1
 108 ECO406A  1928 2017     90      1      0    .643    .91   1.60   .368   .776   .221   1.79   .247   .043   1
 109 ECO406B  1937 2017     81      1      0    .668   1.41   2.25   .390   .679   .198   1.37   .182  -.002   1
 110 ECO407A  1953 2013     61      0      0    .178    .53   1.12   .248   .830   .207   1.59   .211  -.011   1
 111 ECO408A  1911 2017    107      2      0    .519   1.48   3.76   .778   .850   .204   1.76   .229  -.001   1
 112 ECO408B  1905 2017    113      2      0    .565   1.24   3.31   .713   .895   .183   1.66   .209   .011   1
 113 ECO409A  1971 2009     39      0      0    .401    .95   1.42   .216   .399   .210   1.49   .190   .091   0
 114 ECO409B  1971 2017     47                          .68   1.34   .412   .905   .251                         
 115 ECO410A  1940 2017     78      1      0    .561    .92   1.88   .450   .870   .201   1.43   .202  -.014   1
 116 ECO410B  1940 2017     78      1      0    .358   1.07   2.06   .495   .866   .196   1.53   .199   .015   2
 117 ECO502B  1909 2017    109      2      2    .171    .28    .85   .176   .786   .295   1.92   .306   .059   1
 118 ECO506A  1907 2017    111      2      0    .478    .61   1.05   .181   .723   .182   1.49   .186  -.026   3
 119 ECO506B  1917 2017    101      2      1    .328    .55   1.01   .171   .637   .200   1.43   .207   .020   1
 120 ECO508A  1910 2017    108      2      0    .436    .51   1.22   .246   .787   .233   2.22   .283   .131   3
 121 ECO508B  1903 2017    115      2      1    .327    .36   1.01   .192   .808   .243   1.96   .264   .066   1
 122 ECO510B  1907 2017    111      2      2    .314    .29    .88   .205   .889   .322   1.71   .277   .026   2
 123 ECO603A  1887 2017    131      3      1    .290    .67   1.62   .288   .774   .202   1.82   .205   .024   2
 124 ECO603B  1915 2017    103      2      0    .437    .48   1.08   .196   .787   .220   1.61   .205  -.015   1
 125 ECO605B  1924 2010     87      1      1    .236    .18    .88   .146   .555   .363   2.91   .497  -.006   2
 126 ECO607A  1923 2017     95      2      0    .497    .99   1.86   .320   .715   .168   1.42   .169  -.019   1
 127 ECO607B  1906 2017    112      2      0    .450    .96   1.71   .300   .805   .155   1.40   .160  -.002   2
 128 ECO610A  1926 2017     92      1      1    .279    .46   1.27   .234   .745   .236   1.56   .242   .032   1
 129 ECO610B  1901 2010    110      2      2    .151    .43   1.00   .213   .874   .208   3.50   .337   .368   1
 130 ECO805A  1898 2018    121      3      3    .187    .22    .58   .116   .727   .299   2.41   .327   .011   1
 131 ECO805B  1900 2018    119      2      2    .204    .26    .53   .130   .829   .254   1.58   .246   .005   2
 132 ECO1003A 1910 2018    109      2      1    .123    .48   1.41   .375   .904   .327   2.71   .390   .067   0
 133 ECO1003B 1910 2018    109      2      1    .113    .41   1.25   .330   .930   .300   3.06   .383   .068   1
 134 ECO1004A 1923 2018     96      2      2    .090    .35   1.26   .234   .764   .357  43.91  4.410  -.166   0
 135 ECO1102A 1924 2018     95      1      1    .215    .20    .57   .100   .617   .298   2.57   .337   .006   2
 136 ECO1102B 1923 2018     96      2      2    .270    .19    .41   .068   .450   .278   2.12   .290   .033   1
 137 ECO1104A 1891 2018    128      3      2    .324    .33    .66   .127   .633   .279   1.57   .262   .052   3
 138 ECO1104B 1891 2018    128      3      2    .249    .30    .89   .136   .599   .344   2.45   .350   .005   1
 139 ECO1105A 1887 2018    132      3      2    .282    .50    .98   .189   .638   .251   2.04   .275  -.035   1
 140 ECO1105B 1887 2018    132      3      2    .253    .33    .74   .128   .429   .318   2.48   .348  -.025   1
 141 ECO1209B 1881 2018    138      3      1    .286    .63   1.33   .207   .735   .192   1.39   .175  -.045   3
 142 ECO1209A 1880 2018    139      3      3    .271    .66   1.41   .242   .814   .178   1.41   .167   .008   2
 --- -------- ---------  -----  -----  -----   ------ -----  -----  -----  -----  -----  -----  -----  -----  --
 Total or mean:          11519    168     66    .383    .77   6.59   .335   .758   .227  43.91   .272   .032

 DATA CHECKS (rwl.check): wy071
-----------------------------------------------------------------------------------------------------------------------------------
 rwl.check: data_files/treering/measurements/northamerica/usa/wy071.rwl
 142 series, 11519 measurements, 1829-2018, 0.001 mm precision
 3 error(s), 0 warning(s), 53 note(s)
 -------------
 ERROR
   RWL_DATING_LAG (3)
     ECO1003B: correlates best with the master at lag -2 (r = 0.377 against r = 0.109 as dated); the series may be misdated by 2 year(s), most likely a missing ring
     ECO202A: correlates best with the master at lag 4 (r = 0.395 against r = 0.265 as dated); the series may be misdated by 4 year(s), most likely a false ring or a ring measured twice
     ECO407A: correlates best with the master at lag -2 (r = 0.557 against r = 0.342 as dated); the series may be misdated by 2 year(s), most likely a missing ring
 53 note(s) not shown; see rwl.check() or the 'check' element of this report.

 NOTES
-----------------------------------------------------------------------------------------------------------------------------------
 Report generated using dplR 1.8.1 (R 4.5.2) on 2026-10-01 16:48 PDT.
 Measurement file wy071.rwl, MD5 3a333c7f043e88a98944b93dbbaf1e5a.
 Filtering: each series divided by a 32-year smoothing spline (caps()), then prewhitened with
   an AR model (order by AIC, at most 3).
 Master: biweight robust mean of the other series (leave-one-out).
 Correlation: Pearson, one-tailed, pcrit = 0.01; critical r = 0.3281 for 50-year segments.
 Segments: 50 years, lagged 25, first segment floored to 100. Lags searched: +/- 10 years.
 A segment is tested only where the series and the master cover all of it, at the dated
   position and at every lag. COFECHA also tests partial segments at the ends of a series, so
   series here may show fewer segments, and no flags can be raised at the ends of the record.
 Lags follow COFECHA: negative means rings are probably missing from the series, positive means
   false rings. A missing ring carries its lag into every segment before it, so look where the
   lag changes along a series. A B flag is a hypothesis to check on the wood; the gain says how
   seriously to take it.
 A B flag marked "weak at every lag" correlates under the critical value even at its best lag:
   the segment is weak wherever it is placed, and the shift is not evidence of a dating error.
   Treat it as a low correlation, like an A.
 Averages in the summary and the totals are weighted by the number of years in each series, as
   COFECHA's are.
 Unfiltered block and mean sensitivity: the measurements as read, and sens1().
 dplR filtered block: the series that was correlated, after filtering. COFECHA's filtered
   series is defined differently, so these three columns are not COFECHA's numbers.
 AR: order of the AR model used to prewhiten.
 Left out of the crossdating: the 'nyrs' spline for series ECO409B is not all positive, so
   dividing by it would give negative or infinite indices. Remove the series, or detrend the
   data yourself with detrend() and pass the indices with 'nyrs = NULL'
