
 COFECHA-style crossdating report: aust114
 Report generated using dplR 1.8.1 (R 4.5.2) on 2026-10-01 16:50 PDT
 Built with dplR's xdate.report(), not COFECHA; see the notes at the end.


      Measurement file name  : aust114.rwl
      MD5 of measurement file: d858f18a65753ee7fe1b90c5eb070611
      Date checked           : 01OCT26
      Beginning year         : 1462
      Ending year            : 2003
      Principal investigators: Gutiérrez, E.
      Site name              : Lainzer Tiergarte
      Species information    : QUPE Quercus petraea (Matt.) Liebl. = Quercus sessiliflora Salisb.
      Latitude               : 48.1800 N
      Longitude              : 16.2000 E
      Elevation              : 300 m

      Series intercorrelation: 0.630
      Avg mean sensitivity   : 0.213
      Avg standard deviation : 0.649
      Avg autocorrelation    : 0.659
      Number dated series    : 81
      Segment length tested  : 50

      Number problem segments: 7  (A 3, B 4; 1 of the B weak at every lag)
      Pct problem segments   : 2.30


 CORRELATION OF SERIES BY SEGMENTS: aust114
-----------------------------------------------------------------------------------------------------------------------------------
 Correlations of  50-year dated segments, lagged  25 years
 Flags:  A = correlation under   .3281 but highest as dated;  B = correlation higher at other than dated position

 Seq Series  Time_span  1500 1525 1550 1575 1600 1625 1650 1675 1700 1725 1750 1775 1800 1825 1850 1875 1900 1925 1950 
                        1549 1574 1599 1624 1649 1674 1699 1724 1749 1774 1799 1824 1849 1874 1899 1924 1949 1974 1999 
 --- -------- ---------  ---- ---- ---- ---- ---- ---- ---- ---- ---- ---- ---- ---- ---- ---- ---- ---- ---- ---- ---- 
   5 At1Qp09a 1808 1995                                                                   .67  .74  .74  .69  .64      
   6 At1Qp09b 1811 1972                                                                   .64  .74  .63  .60           
   7 At1Qp09c 1826 1995                                                                        .74  .69  .66  .63      
   8 At1Qp10a 1822 1995                                                                   .43  .63  .66  .56  .48      
   9 At1Qp10b 1822 1995                                                                   .34  .54  .65  .61  .49      
  10 At1Qp10c 1823 1995                                                                   .54  .64  .62  .58  .59      
  11 At1Qp11a 1819 1994                                                                   .76  .65  .59  .72  .75      
  12 At1Qp11b 1818 1994                                                                   .71  .74  .74  .80  .74      
  13 At1Qp11c 1839 1994                                                                        .64  .67  .77  .72      
  14 At1Qp12a 1834 1994                                                                        .71  .60  .66  .71      
  15 At1Qp12b 1833 1994                                                                        .49  .61  .67  .57      
  16 At1Qp13a 1896 1995                                                                                  .63  .67      
  17 At1Qp13b 1896 1995                                                                                  .53  .67      
  18 At1Qp13c 1896 1995                                                                                  .58  .70      
  19 At1Qp14a 1845 1995                                                                        .67  .69  .71  .61      
  20 At1Qp15a 1738 1984                                                    .75  .70  .66  .73  .76  .50  .33  .42      
  21 At1Qp17a 1615 1995                           .35B .62  .72  .72  .70  .74  .66  .63  .67  .63  .42  .59  .79      
  22 At1Qp18a 1693 1995                                          .63  .53  .64  .68  .58  .62  .52  .41  .36B .44      
  23 At1Qp19a 1694 1995                                          .56  .50  .60  .72  .65  .51  .38  .39  .37  .31A     
  24 At1Qp20a 1762 1995                                                         .76  .69  .60  .65  .42  .44  .67      
  25 At1Qp21a 1821 2003                                                                   .38  .48  .45  .47  .52  .51 
  26 At1Qp21b 1821 2003                                                                   .60  .61  .51  .50  .49  .50 
  27 At1Qp22a 1824 2003                                                                        .73  .76  .73  .69  .63 
  28 At1Qp22b 1845 2003                                                                        .65  .69  .55  .53  .68 
  29 At1Qp23a 1834 2003                                                                        .40  .56  .45  .44  .53 
  30 At1Qp24a 1847 2001                                                                        .46  .61  .65  .56  .55 
  31 At1Qp24b 1847 2003                                                                        .74  .71  .60  .52  .47 
  32 At1Qp24c 1847 2003                                                                        .57  .61  .70  .64  .53 
  33 At1Qp24d 1847 2003                                                                        .32A .61  .70  .60  .63 
  34 At1Qp25a 1871 2003                                                                             .54  .70  .62  .66 
  35 At1Qp25b 1871 2003                                                                             .48  .60  .68  .66 
  36 At1Qp26a 1870 2003                                                                             .55  .63  .69  .75 
  37 At1Qp26b 1871 2003                                                                             .70  .72  .75  .76 
  38 At1Qp27a 1847 2003                                                                        .62  .64  .67  .66  .64 
  39 At1Qp27b 1846 2003                                                                        .73  .61  .63  .69  .58 
  40 At1Qp28a 1874 2003                                                                                  .78  .69  .69 
  41 At1Qp28b 1874 2003                                                                             .72  .80  .68  .63 
  42 At1Qp01a 1615 1770                           .85  .75  .71  .71                                                   
  43 At1Qp01b 1614 1782                           .86  .82  .77  .75  .60                                              
  44 At1Qp02a 1671 1765                                     .66  .69                                                   
  45 At1Qp02b 1673 1823                                     .74  .79  .75  .69                                         
  46 At1Qp03b 1803 1885                                                                   .48                          
  47 At1Qp04a 1820 1885                                                                   .34                          
  48 At1Qp05b 1753 1876                                                         .83  .79  .56                          
  49 At1Qp06b 1759 1858                                                         .89  .81                               
  50 At1Qp07a 1769 1884                                                         .81  .66  .25B                         
  52 At1Qp29a 1597 1654                      .89                                                                       
  53 At1Qp30a 1569 1703                 .56  .67  .64  .47                                                             
  54 At1Qp31a 1578 1687                      .78  .66                                                                  
  55 At1Qp32a 1574 1668                 .68  .57                                                                       
  59 At1Qp35a 1522 1645       .74  .29A .46                                                                            
  60 At1Qp35b 1645 1703                                .54                                                             
  61 At1Qp36a 1642 1768                                .49  .64  .68                                                   
  62 At1Qp37a 1560 1675                 .71  .76  .58                                                                  
  63 At1Qp38a 1562 1682                 .73  .74  .61                                                                  
  64 At1Qp39a 1574 1686                 .69  .76  .76                                                                  
  65 At1Qp40a 1546 1676            .43  .38  .66  .73                                                                  
  66 At1Qp41a 1583 1692                      .61  .81                                                                  
  67 At1Qp42a 1579 1677                      .75  .48                                                                  
  68 At1Qp43a 1485 1710  .80  .88  .88  .87  .74  .69  .63                                                             
  69 At1Qp44a 1492 1678  .90  .89  .80  .79  .80  .75                                                                  
  70 At1Qp45a 1501 1733       .85  .63  .72  .76  .66  .51  .36B                                                       
  71 At1Qp46a 1537 1613            .46                                                                                 
  72 At1Qp47a 1494 1642  .84  .83  .69  .78                                                                            
  73 At1Qp48a 1462 1620  .81  .77  .70                                                                                 
  74 At1Qp49a 1489 1630  .92  .90  .68  .70                                                                            
  75 At1Qp50a 1494 1657  .78  .64  .45  .69  .77                                                                       
  76 At1Qp51a 1565 1628                 .62                                                                            
  77 At1Qp52a 1568 1694                 .75  .79  .76                                                                  
  78 At1Qp53a 1603 1683                           .81                                                                  
  79 At1Qp54a 1493 1624  .82  .76  .57  .63                                                                            
  80 At1Qp55a 1581 1659                      .77                                                                       
  81 At1Qp16a 1630 1995                                .53  .66  .59  .59  .72  .68  .65  .68  .76  .62  .68  .71      
 Av segment correlation  .84  .80  .60  .67  .74  .69  .59  .66  .68  .61  .69  .75  .68  .55  .62  .60  .62  .61  .61 

 FLAGGED SEGMENTS: aust114
-----------------------------------------------------------------------------------------------------------------------------------
 Seq Series   Segment    Flag  r dated  Best lag  r at lag   Gain  Note
 --- -------- ---------  ----  -------  --------  --------  -----  -----------------
  21 At1Qp17a 1625 1674     B     .347         1      .557   .210
  22 At1Qp18a 1900 1949     B     .361         1      .401   .040
  23 At1Qp19a 1925 1974     A     .312         0
  33 At1Qp24d 1850 1899     A     .322         0
  50 At1Qp07a 1825 1874     B     .250        -5      .287   .037  weak at every lag
  59 At1Qp35a 1550 1599     A     .293         0
  70 At1Qp45a 1675 1724     B     .359        -4      .389   .030

 DESCRIPTIVE STATISTICS: aust114
-----------------------------------------------------------------------------------------------------------------------------------

                                                Corr   //-------- Unfiltered --------\\  //-- dplR filtered --\\
                           No.    No.    No.    with   Mean   Max     Std   Auto   Mean   Max     Std   Auto  AR
 Seq Series   Interval   Years  Segmt  Flags   Master  msmt   msmt    dev   corr   sens  value    dev   corr  ()
 --- -------- ---------  -----  -----  -----   ------ -----  -----  -----  -----  -----  -----  -----  -----  --
   1 At1Qp03a 1771 1801     31      0      0    .452   2.80   6.37  1.461   .877   .194   1.37   .188   .224   0
   2 At1Qp05a 1759 1808     50      0      0    .668   1.08   1.95   .294   .370   .238   1.64   .242   .008   1
   3 At1Qp08a 1797 1833     37      0      0    .668   3.30   5.70   .799   .270   .221   1.55   .196  -.081   3
   4 At1Qp06a 1759 1823     65      0      0    .770   1.25   1.83   .280   .370   .196   1.63   .192   .134   0
   5 At1Qp09a 1808 1995    188      5      0    .680   1.81   6.69  1.238   .858   .270   1.96   .275   .022   1
   6 At1Qp09b 1811 1972    162      4      0    .655   1.72   6.93  1.235   .860   .254   1.82   .256   .035   1
   7 At1Qp09c 1826 1995    170      4      0    .625   2.10   7.55  1.437   .851   .291   1.79   .281  -.016   3
   8 At1Qp10a 1822 1995    174      5      0    .451   1.16   2.90   .545   .860   .153   2.09   .182   .114   1
   9 At1Qp10b 1822 1995    174      5      0    .417    .91   2.56   .434   .870   .150   2.15   .176   .070   1
  10 At1Qp10c 1823 1995    173      5      0    .478   1.06   2.62   .440   .830   .155   1.47   .161   .088   1
  11 At1Qp11a 1819 1994    176      5      0    .715   1.94   3.87   .546   .664   .152   1.54   .168   .043   1
  12 At1Qp11b 1818 1994    177      5      0    .718   2.13   4.04   .550   .643   .152   1.56   .165  -.025   1
  13 At1Qp11c 1839 1994    156      4      0    .744   2.09   3.47   .497   .697   .148   1.48   .148   .004   1
  14 At1Qp12a 1834 1994    161      4      0    .680   1.31   3.10   .435   .802   .158   1.66   .182   .146   1
  15 At1Qp12b 1833 1994    162      4      0    .461   1.48   2.81   .425   .738   .169   2.34   .215  -.027   1
  16 At1Qp13a 1896 1995    100      2      0    .602   1.88   3.08   .500   .586   .193   1.58   .189   .052   2
  17 At1Qp13b 1896 1995    100      2      0    .623   2.10   3.50   .510   .566   .175   1.45   .170   .026   2
  18 At1Qp13c 1896 1995    100      2      0    .609   1.97   3.17   .517   .527   .200   1.96   .214   .005   2
  19 At1Qp14a 1845 1995    151      4      0    .623   1.45   2.91   .511   .585   .259   1.91   .248   .007   1
  20 At1Qp15a 1738 1984    247      8      0    .609   1.31   4.90   .621   .656   .267   1.79   .271   .016   1
  21 At1Qp17a 1615 1995    381     13      1    .550    .91   2.05   .366   .707   .242   1.93   .242   .018   1
  22 At1Qp18a 1693 1995    303     10      1    .584   1.10   3.14   .363   .643   .191   2.01   .209   .008   2
  23 At1Qp19a 1694 1995    302     10      1    .499   1.00   2.49   .339   .733   .179   1.73   .172   .000   1
  24 At1Qp20a 1762 1995    234      7      0    .620   1.24   2.14   .277   .424   .181   1.74   .177   .069   0
  25 At1Qp21a 1821 2003    183      6      0    .472    .97   3.48   .482   .751   .214   2.02   .221  -.006   2
  26 At1Qp21b 1821 2003    183      6      0    .552   1.19   3.09   .550   .777   .194   1.77   .197  -.017   2
  27 At1Qp22a 1824 2003    180      5      0    .700   1.20   2.33   .389   .724   .197   1.66   .202   .002   2
  28 At1Qp22b 1845 2003    159      5      0    .602   1.26   2.60   .394   .692   .199   1.63   .196   .016   3
  29 At1Qp23a 1834 2003    170      5      0    .436    .96   2.03   .293   .628   .178   1.73   .196   .032   1
  30 At1Qp24a 1847 2001    155      5      0    .523   1.27   3.62   .616   .841   .183   1.55   .189  -.005   1
  31 At1Qp24b 1847 2003    157      5      0    .615   1.17   2.46   .386   .687   .184   1.55   .187   .021   1
  32 At1Qp24c 1847 2003    157      5      0    .598   1.28   2.66   .353   .636   .172   1.64   .187  -.016   1
  33 At1Qp24d 1847 2003    157      5      1    .521   1.28   3.18   .430   .704   .196   1.58   .193   .004   1
  34 At1Qp25a 1871 2003    133      4      0    .577   1.32   2.29   .347   .488   .204   1.57   .205  -.029   3
  35 At1Qp25b 1871 2003    133      4      0    .542   1.37   2.65   .432   .641   .206   1.83   .215   .035   1
  36 At1Qp26a 1870 2003    134      4      0    .641   1.17   4.02   .484   .712   .239   1.61   .238   .036   1
  37 At1Qp26b 1871 2003    133      4      0    .713   1.08   3.47   .467   .746   .240   1.83   .230  -.008   1
  38 At1Qp27a 1847 2003    157      5      0    .649   1.15   3.13   .393   .649   .201   1.64   .193  -.006   1
  39 At1Qp27b 1846 2003    158      5      0    .659   1.00   2.59   .346   .703   .189   1.53   .185  -.040   3
  40 At1Qp28a 1874 2003    130      3      0    .678   1.29   2.65   .383   .528   .209   1.71   .204   .011   3
  41 At1Qp28b 1874 2003    130      4      0    .697   1.22   2.34   .384   .657   .191   1.59   .193   .039   1
  42 At1Qp01a 1615 1770    156      4      0    .741   1.87   9.48  1.319   .753   .288   1.78   .269   .004   1
  43 At1Qp01b 1614 1782    169      5      0    .663   1.89   7.29  1.137   .819   .254   1.66   .239   .020   1
  44 At1Qp02a 1671 1765     95      2      0    .710   2.80   9.46  1.544   .845   .250   1.59   .237   .034   1
  45 At1Qp02b 1673 1823    151      4      0    .746   2.43   5.84  1.118   .753   .256   2.04   .252   .024   1
  46 At1Qp03b 1803 1885     83      1      0    .610   3.26   6.57  1.218   .806   .173   1.41   .169  -.009   2
  47 At1Qp04a 1820 1885     66      1      0    .460   4.68   8.59  1.347   .742   .165   1.31   .149   .011   1
  48 At1Qp05b 1753 1876    124      3      0    .694   2.70   4.43   .720   .473   .218   1.63   .214  -.008   3
  49 At1Qp06b 1759 1858    100      2      0    .776   2.73   4.11   .590   .402   .192   1.41   .183   .019   1
  50 At1Qp07a 1769 1884    116      3      1    .582   4.64   8.25  1.348   .616   .207   1.47   .206  -.024   3
  51 At1Qp08b 1798 1864     67      0      0    .569   4.82   9.51  1.450   .630   .191   1.44   .182  -.021   3
  52 At1Qp29a 1597 1654     58      1      0    .867   2.38   4.41   .729   .333   .300   1.73   .273   .178   0
  53 At1Qp30a 1569 1703    135      4      0    .593   1.69   9.09  1.315   .912   .157   1.65   .162  -.037   1
  54 At1Qp31a 1578 1687    110      2      0    .719   1.74   4.81   .615   .370   .285   1.81   .259   .042   0
  55 At1Qp32a 1574 1668     95      2      0    .628   1.70   3.26   .600   .715   .193   1.89   .186   .034   0
  56 At1Qp33a 1607 1647     41      0      0    .743   4.99   9.97  1.738   .469   .285   1.61   .258   .073   0
  57 At1Qp33b 1651 1688     38      0      0    .623   2.90   4.54   .702   .281   .234   1.46   .225   .154   0
  58 At1Qp34a 1610 1673     64      0      0    .614   3.29   6.04   .893   .557   .169   1.48   .164   .103   2
  59 At1Qp35a 1522 1645    124      3      1    .618   2.21   8.07  1.323   .758   .287   2.09   .294   .011   1
  60 At1Qp35b 1645 1703     59      1      0    .574   1.49   2.61   .387   .679   .172   1.29   .159   .023   1
  61 At1Qp36a 1642 1768    127      3      0    .560   2.05   5.51  1.042   .841   .231   1.69   .227  -.016   2
  62 At1Qp37a 1560 1675    116      3      0    .639   2.51   6.47   .893   .519   .223   2.04   .223  -.015   2
  63 At1Qp38a 1562 1682    121      3      0    .646   2.42   4.88   .662   .523   .203   1.59   .189   .028   1
  64 At1Qp39a 1574 1686    113      3      0    .695   2.75   5.56   .817   .517   .227   1.54   .211   .005   1
  65 At1Qp40a 1546 1676    131      4      0    .557   1.57   5.62  1.052   .817   .296   2.32   .313   .009   1
  66 At1Qp41a 1583 1692    110      2      0    .614   2.75   7.37   .796   .539   .188   1.52   .181   .057   1
  67 At1Qp42a 1579 1677     99      2      0    .663   2.64   8.97  1.339   .780   .204   1.64   .198   .032   1
  68 At1Qp43a 1485 1710    226      7      0    .723   1.51   3.96   .633   .684   .256   1.74   .222  -.013   0
  69 At1Qp44a 1492 1678    187      6      0    .817   2.07   3.81   .535   .125   .266   1.58   .213  -.003   2
  70 At1Qp45a 1501 1733    233      7      1    .683   1.22   3.24   .390   .612   .187   1.71   .164  -.039   0
  71 At1Qp46a 1537 1613     77      1      0    .501   3.79   6.73  1.147   .645   .192   1.54   .191   .019   1
  72 At1Qp47a 1494 1642    149      4      0    .802   1.40   3.24   .418   .612   .187   1.68   .163  -.001   0
  73 At1Qp48a 1462 1620    159      3      0    .788   2.08   5.18   .974   .658   .301   1.80   .261  -.029   0
  74 At1Qp49a 1489 1630    142      4      0    .792   1.65   4.44   .853   .641   .265   1.73   .234  -.075   0
  75 At1Qp50a 1494 1657    164      5      0    .706   2.21   5.54   .836   .704   .211   1.47   .181  -.019   0
  76 At1Qp51a 1565 1628     64      1      0    .625   3.68   9.47  2.071   .896   .182   1.46   .176   .101   3
  77 At1Qp52a 1568 1694    127      3      0    .713   1.21   2.11   .301   .261   .243   1.54   .214  -.002   0
  78 At1Qp53a 1603 1683     81      1      0    .809   1.80   2.85   .475   .237   .271   1.66   .250   .120   0
  79 At1Qp54a 1493 1624    132      4      0    .745   1.59   2.72   .448   .160   .282   1.50   .228   .004   2
  80 At1Qp55a 1581 1659     79      1      0    .730   1.36   2.36   .408   .509   .229   1.78   .201  -.035   0
  81 At1Qp16a 1630 1995    366     12      0    .597    .93   1.93   .343   .788   .197   1.95   .187   .005   2
 --- -------- ---------  -----  -----  -----   ------ -----  -----  -----  -----  -----  -----  -----  -----  --
 Total or mean:          11437    305      7    .630   1.69   9.97   .649   .659   .213   2.34   .208   .015

 DATA CHECKS (rwl.check): aust114
-----------------------------------------------------------------------------------------------------------------------------------
 rwl.check: data_files/treering/measurements/europe/aust114.rwl
 81 series, 11437 measurements, 1462-2003, 0.01 mm precision
 0 error(s), 1 warning(s), 5 note(s)
 -------------
 WARNING
   RWL_NON_ASCII (1)
     2 byte(s) outside printable ASCII
 5 note(s) not shown; see rwl.check() or the 'check' element of this report.

 NOTES
-----------------------------------------------------------------------------------------------------------------------------------
 Report generated using dplR 1.8.1 (R 4.5.2) on 2026-10-01 16:50 PDT.
 Measurement file aust114.rwl, MD5 d858f18a65753ee7fe1b90c5eb070611.
 Filtering: each series divided by a 32-year smoothing spline (caps()), then prewhitened with
   an AR model (order by AIC, at most 3).
 Master: biweight robust mean of the other series (leave-one-out).
 Correlation: Pearson, one-tailed, pcrit = 0.01; critical r = 0.3281 for 50-year segments.
 Segments: 50 years, lagged 25, first segment floored to 100. Lags searched: +/- 10 years.
 A segment is tested only where the series and the master cover all of it, at the dated
   position and at every lag. COFECHA also tests partial segments at the ends of a series, so
   series here may show fewer segments, and no flags can be raised at the ends of the record.
 Lags follow COFECHA: negative means rings are probably missing from the series, positive means
   false rings. A missing ring carries its lag into every segment before it, so look where the
   lag changes along a series. A B flag is a hypothesis to check on the wood; the gain says how
   seriously to take it.
 A B flag marked "weak at every lag" correlates under the critical value even at its best lag:
   the segment is weak wherever it is placed, and the shift is not evidence of a dating error.
   Treat it as a low correlation, like an A.
 Averages in the summary and the totals are weighted by the number of years in each series, as
   COFECHA's are.
 Unfiltered block and mean sensitivity: the measurements as read, and sens1().
 dplR filtered block: the series that was correlated, after filtering. COFECHA's filtered
   series is defined differently, so these three columns are not COFECHA's numbers.
 AR: order of the AR model used to prewhiten.
