
 COFECHA-style crossdating report: brit087
 Report generated using dplR 1.8.1 (R 4.5.2) on 2026-10-01 16:48 PDT
 Built with dplR's xdate.report(), not COFECHA; see the notes at the end.


      Measurement file name  : brit087.rwl
      MD5 of measurement file: 2fd1444506ea95915e5b672aac91c461
      Date checked           : 01OCT26
      Beginning year         : 1424
      Ending year            : 1668
      Principal investigators: Arnold, A.J.; Howard, R.E.; Tyers, C.
      Site name              : Ledston Hall
      Species information    : QUSP Quercus spp. L.
      Latitude               : 53.7550 N
      Longitude              : 1.3411 W
      Elevation              : 32 m

      Series intercorrelation: 0.594
      Avg mean sensitivity   : 0.206
      Avg standard deviation : 0.637
      Avg autocorrelation    : 0.736
      Number dated series    : 126
      Segment length tested  : 50

      Number problem segments: 13  (A 6, B 7; 5 of the B weak at every lag)
      Pct problem segments   : 5.33


 CORRELATION OF SERIES BY SEGMENTS: brit087
-----------------------------------------------------------------------------------------------------------------------------------
 Correlations of  50-year dated segments, lagged  25 years
 Flags:  A = correlation under   .3281 but highest as dated;  B = correlation higher at other than dated position

 Seq Series  Time_span  1500 1525 1550 1575 1600 
                        1549 1574 1599 1624 1649 
 --- -------- ---------  ---- ---- ---- ---- ---- 
   1 LEDA01A  1496 1597  .67  .68                
   2 LEDA01B  1496 1597  .64  .66                
   3 LEDA02A  1497 1596  .67  .68                
   4 LEDA02B  1497 1596  .61  .64                
   5 LEDA03A  1502 1616       .74  .75           
   6 LEDA03B  1502 1616       .70  .67           
   9 LEDA05A  1455 1587  .66  .62                
  10 LEDA05B  1455 1587  .54  .51                
  11 LEDA06A  1532 1618            .65           
  12 LEDA06B  1532 1618            .63           
  13 LEDA07A  1488 1598  .71  .64                
  14 LEDA07B  1488 1598  .75  .72                
  15 LEDA08A  1519 1605       .61  .70           
  16 LEDA08B  1519 1605       .67  .69           
  17 LEDA09A  1506 1593       .54                
  18 LEDA09B  1506 1593       .64                
  19 LEDA10A  1544 1600            .64           
  20 LEDA10B  1544 1600            .63           
  21 LEDA11A  1492 1598  .66  .57                
  22 LEDA11B  1492 1598  .65  .64                
  23 LEDA12A  1460 1598  .61  .64                
  24 LEDA12B  1460 1598  .57  .63                
  25 LEDA13A  1547 1656            .69  .68  .77 
  26 LEDA13B  1547 1656            .64  .64  .70 
  27 LEDA14A  1554 1648                 .70      
  28 LEDA14B  1554 1648                 .68      
  29 LEDA15A  1490 1668  .23B .26A .60  .65  .63 
  30 LEDA15B  1490 1668  .23B .21B .54  .64  .65 
  31 LEDA16A  1562 1662                 .70  .74 
  32 LEDA16B  1562 1662                 .68  .70 
  33 LEDA17A  1538 1659            .61  .61  .67 
  34 LEDA17B  1538 1659            .64  .64  .69 
  35 LEDA18A  1508 1668       .37B .65  .67  .77 
  36 LEDA18B  1508 1668       .39  .66  .64  .77 
  37 LEDA19A  1474 1618  .33  .50  .53           
  38 LEDA19B  1474 1618  .32B .50  .58           
  39 LEDA20A  1484 1632  .50  .58  .68  .73      
  40 LEDA20B  1484 1632  .50  .54  .65  .70      
  41 LEDA21A  1559 1643                 .75      
  42 LEDA21B  1559 1643                 .75      
  43 LEDA22A  1520 1668       .62  .58  .62  .71 
  44 LEDA22B  1520 1668       .73  .65  .56  .60 
  45 LEDA23A  1529 1649            .63  .67  .76 
  46 LEDA23B  1529 1649            .68  .69  .77 
  47 LEDA24A  1514 1639       .71  .71  .68      
  48 LEDA24B  1514 1639       .68  .71  .70      
  49 LEDA25A  1537 1649            .77  .72  .82 
  50 LEDA25B  1537 1649            .77  .71  .78 
  51 LEDA26A  1564 1647                 .58      
  52 LEDA26B  1564 1647                 .49      
  55 LEDA28A  1531 1649            .63  .58  .70 
  56 LEDA28B  1531 1649            .67  .70  .76 
  57 LEDA29A  1510 1645       .62  .72  .65      
  58 LEDA29B  1510 1645       .57  .70  .67      
  59 LEDA30A  1571 1650                 .63  .75 
  60 LEDA30B  1571 1650                 .62  .78 
  63 LEDA33A  1553 1649                 .66  .78 
  64 LEDA33B  1553 1649                 .58  .77 
  65 LEDA34A  1560 1629                 .60      
  66 LEDA34B  1560 1629                 .59      
  67 LEDA35A  1572 1647                 .61      
  68 LEDA35B  1572 1647                 .60      
  69 LEDA36A  1552 1650                 .45  .74 
  70 LEDA36B  1552 1650                 .48  .67 
  71 LEDA37A  1569 1630                 .66      
  72 LEDA37B  1569 1630                 .63      
  73 LEDA38A  1569 1663                 .68  .75 
  74 LEDA38B  1569 1663                 .66  .79 
  75 LEDA39A  1523 1607       .57  .67           
  76 LEDA39B  1523 1607       .59  .71           
  77 LEDA40A  1503 1668       .49  .71  .77  .68 
  78 LEDA40B  1503 1668       .57  .73  .73  .69 
  79 LEDA41A  1580 1660                      .60 
  80 LEDA41B  1580 1660                      .61 
  81 LEDA42A  1553 1656                 .55  .73 
  82 LEDA42B  1553 1656                 .50  .67 
  83 LEDA43A  1571 1668                 .54  .47 
  84 LEDA43B  1571 1668                 .56  .48 
  85 LEDA44A  1591 1655                      .63 
  86 LEDA44B  1591 1655                      .68 
  87 LEDA45A  1580 1664                      .64 
  88 LEDA45B  1580 1664                      .72 
  89 LEDA46A  1528 1618            .57           
  90 LEDA46B  1528 1618            .58           
  91 LEDA47A  1476 1599  .41  .53  .60           
  92 LEDA47B  1476 1599  .33  .50  .63           
  93 LEDA48A  1424 1586  .29A .28A               
  94 LEDA48B  1424 1586  .21B .26A               
  95 LEDA50A  1504 1590       .57                
  96 LEDA50B  1504 1590       .58                
  97 LEDA52A  1483 1595  .43  .60                
  98 LEDA52B  1483 1595  .53  .60                
  99 LEDA53A  1511 1597       .46                
 100 LEDA53B  1511 1597       .45                
 101 LEDA55A  1507 1581       .57                
 102 LEDA55B  1507 1581       .49                
 103 LEDA56A  1461 1571  .32A                    
 104 LEDA56B  1461 1571  .40                     
 105 LEDA59A  1509 1603       .58  .65           
 106 LEDA59B  1509 1603       .55  .66           
 107 LEDA62A  1502 1642       .43  .60  .61      
 108 LEDA62B  1502 1642       .47  .60  .58      
 109 LEDA63A  1549 1641                 .59      
 110 LEDA63B  1549 1641                 .59      
 111 LEDA64A  1505 1627       .42  .71  .80      
 112 LEDA64B  1505 1627       .38  .62  .78      
 113 LEDA65A  1567 1648                 .31A     
 114 LEDA65B  1567 1648                 .37      
 115 LEDA66A  1464 1572  .46                     
 116 LEDA66B  1464 1572  .51                     
 117 LEDA70A  1504 1645       .60  .65  .60      
 118 LEDA70B  1504 1645       .63  .67  .59      
 119 LEDA71A  1511 1644       .57  .64  .64      
 120 LEDA71B  1511 1644       .60  .68  .67      
 121 LEDA72A  1570 1641                 .49      
 122 LEDA72B  1570 1641                 .49      
 123 LEDA73A  1537 1649            .34B .43  .36 
 124 LEDA73B  1537 1649            .38  .46  .39 
 Av segment correlation  .49  .55  .64  .62  .68 

 FLAGGED SEGMENTS: brit087
-----------------------------------------------------------------------------------------------------------------------------------
 Seq Series   Segment    Flag  r dated  Best lag  r at lag   Gain  Note
 --- -------- ---------  ----  -------  --------  --------  -----  -----------------
  29 LEDA15A  1500 1549     B     .235         2      .256   .021  weak at every lag
  29 LEDA15A  1525 1574     A     .257         0
  30 LEDA15B  1500 1549     B     .225         2      .280   .055  weak at every lag
  30 LEDA15B  1525 1574     B     .208         2      .243   .035  weak at every lag
  35 LEDA18A  1525 1574     B     .366         8      .373   .006
  38 LEDA19B  1500 1549     B     .316        -9      .324   .007  weak at every lag
  93 LEDA48A  1500 1549     A     .294         0
  93 LEDA48A  1525 1574     A     .276         0
  94 LEDA48B  1500 1549     B     .206        10      .216   .010  weak at every lag
  94 LEDA48B  1525 1574     A     .265         0
 103 LEDA56A  1500 1549     A     .316         0
 113 LEDA65A  1575 1624     A     .309         0
 123 LEDA73A  1550 1599     B     .345         1      .365   .020

 DESCRIPTIVE STATISTICS: brit087
-----------------------------------------------------------------------------------------------------------------------------------

                                                Corr   //-------- Unfiltered --------\\  //-- dplR filtered --\\
                           No.    No.    No.    with   Mean   Max     Std   Auto   Mean   Max     Std   Auto  AR
 Seq Series   Interval   Years  Segmt  Flags   Master  msmt   msmt    dev   corr   sens  value    dev   corr  ()
 --- -------- ---------  -----  -----  -----   ------ -----  -----  -----  -----  -----  -----  -----  -----  --
   1 LEDA01A  1496 1597    102      2      0    .687   1.49   3.25   .504   .707   .198   1.51   .206   .018   3
   2 LEDA01B  1496 1597    102      2      0    .672   1.48   3.28   .517   .731   .199   1.59   .217  -.003   3
   3 LEDA02A  1497 1596    100      2      0    .660   1.51   3.10   .517   .725   .208   1.39   .200  -.008   3
   4 LEDA02B  1497 1596    100      2      0    .657   1.51   3.09   .518   .739   .192   1.42   .192   .013   3
   5 LEDA03A  1502 1616    115      2      0    .674   1.86   4.09   .601   .729   .189   1.52   .202   .048   1
   6 LEDA03B  1502 1616    115      2      0    .667   1.87   3.97   .600   .696   .196   1.67   .213   .016   1
   7 LEDA04A  1551 1618     68      0      0    .637   1.86   2.92   .516   .771   .153   1.35   .141  -.026   2
   8 LEDA04B  1551 1618     68      0      0    .631   1.85   2.90   .521   .774   .155   1.36   .150  -.022   2
   9 LEDA05A  1455 1587    133      2      0    .627   1.44   3.25   .597   .736   .234   1.99   .254   .005   2
  10 LEDA05B  1455 1587    133      2      0    .570   1.45   3.13   .561   .712   .225   1.92   .250  -.013   2
  11 LEDA06A  1532 1618     87      1      0    .616   1.59   2.83   .416   .619   .177   1.54   .186  -.026   3
  12 LEDA06B  1532 1618     87      1      0    .617   1.60   2.70   .414   .614   .177   1.48   .188  -.035   3
  13 LEDA07A  1488 1598    111      2      0    .671   1.91   4.47   .646   .710   .195   1.65   .205   .009   3
  14 LEDA07B  1488 1598    111      2      0    .687   1.91   4.64   .649   .695   .197   1.70   .210   .024   3
  15 LEDA08A  1519 1605     87      2      0    .618   1.76   4.37   .624   .671   .208   1.70   .205  -.038   2
  16 LEDA08B  1519 1605     87      2      0    .648   1.75   4.11   .619   .691   .213   1.56   .199   .016   3
  17 LEDA09A  1506 1593     88      1      0    .467   1.27   3.48   .583   .839   .196   1.48   .189  -.046   3
  18 LEDA09B  1506 1593     88      1      0    .543   1.29   3.03   .576   .837   .184   1.47   .186  -.075   3
  19 LEDA10A  1544 1600     57      1      0    .592   2.34   3.71   .572   .618   .168   1.40   .170   .071   3
  20 LEDA10B  1544 1600     57      1      0    .600   2.34   3.56   .573   .624   .176   1.41   .166   .069   3
  21 LEDA11A  1492 1598    107      2      0    .617   1.53   3.17   .486   .672   .206   1.47   .200  -.009   3
  22 LEDA11B  1492 1598    107      2      0    .671   1.54   3.10   .491   .709   .196   1.58   .193  -.007   2
  23 LEDA12A  1460 1598    139      2      0    .627   1.41   3.17   .545   .669   .227   1.72   .239  -.066   3
  24 LEDA12B  1460 1598    139      2      0    .624   1.42   3.21   .541   .696   .216   1.53   .220  -.057   3
  25 LEDA13A  1547 1656    110      3      0    .715   1.16   2.59   .483   .866   .163   1.57   .182   .071   1
  26 LEDA13B  1547 1656    110      3      0    .642   1.16   2.52   .489   .854   .176   1.69   .198   .024   1
  27 LEDA14A  1554 1648     95      1      0    .637   2.09   4.46   .776   .657   .256   1.65   .253  -.071   3
  28 LEDA14B  1554 1648     95      1      0    .614   2.10   4.45   .779   .649   .251   1.64   .259  -.076   3
  29 LEDA15A  1490 1668    179      5      2    .493   1.40   3.41   .501   .833   .166   1.51   .166  -.016   3
  30 LEDA15B  1490 1668    179      5      2    .488   1.40   3.38   .493   .829   .163   1.50   .169   .012   1
  31 LEDA16A  1562 1662    101      2      0    .672   1.29   2.57   .431   .842   .165   1.50   .171  -.054   3
  32 LEDA16B  1562 1662    101      2      0    .605   1.29   2.70   .441   .838   .165   1.42   .172   .041   1
  33 LEDA17A  1538 1659    122      3      0    .610   1.69   3.81   .648   .688   .234   1.61   .228   .050   3
  34 LEDA17B  1538 1659    122      3      0    .617   1.69   3.86   .650   .682   .244   1.56   .240   .008   2
  35 LEDA18A  1508 1668    161      4      1    .512   1.30   3.88   .484   .665   .216   2.36   .236  -.037   3
  36 LEDA18B  1508 1668    161      4      0    .499   1.29   3.69   .473   .718   .183   2.31   .216  -.017   2
  37 LEDA19A  1474 1618    145      3      0    .415   2.11   4.29   .804   .832   .175   1.59   .180   .004   3
  38 LEDA19B  1474 1618    145      3      1    .429   2.12   4.26   .807   .842   .164   1.57   .172   .002   2
  39 LEDA20A  1484 1632    149      4      0    .593   1.82   4.64  1.025   .863   .222   1.86   .237  -.008   3
  40 LEDA20B  1484 1632    149      4      0    .588   1.82   4.53  1.018   .867   .221   1.92   .232  -.004   2
  41 LEDA21A  1559 1643     85      1      0    .719   1.41   3.16   .551   .726   .231   1.63   .238  -.022   3
  42 LEDA21B  1559 1643     85      1      0    .678   1.41   3.18   .552   .734   .219   1.59   .230  -.021   3
  43 LEDA22A  1520 1668    149      4      0    .623   1.49   4.80   .906   .850   .204   1.79   .224  -.037   3
  44 LEDA22B  1520 1668    149      4      0    .606   1.48   4.62   .894   .860   .194   1.80   .216  -.024   3
  45 LEDA23A  1529 1649    121      3      0    .678   1.61   4.46   .849   .830   .210   1.80   .219  -.007   3
  46 LEDA23B  1529 1649    121      3      0    .696   1.60   4.46   .835   .824   .199   1.79   .211  -.006   3
  47 LEDA24A  1514 1639    126      3      0    .680   2.00   5.04  1.092   .846   .222   1.96   .240  -.001   2
  48 LEDA24B  1514 1639    126      3      0    .690   2.00   5.01  1.090   .849   .217   2.01   .246  -.007   2
  49 LEDA25A  1537 1649    113      3      0    .767   1.80   4.73  1.093   .798   .257   1.89   .273  -.017   3
  50 LEDA25B  1537 1649    113      3      0    .753   1.79   4.72  1.071   .797   .259   1.89   .267  -.004   3
  51 LEDA26A  1564 1647     84      1      0    .592   1.17   2.45   .422   .650   .204   1.65   .221  -.075   3
  52 LEDA26B  1564 1647     84      1      0    .563   1.17   2.51   .421   .627   .199   1.62   .212  -.089   3
  53 LEDA27A  1589 1643     55      0      0    .708   1.54   2.32   .367   .585   .178   1.51   .185  -.039   3
  54 LEDA27B  1589 1643     55      0      0    .658   1.54   2.25   .362   .608   .182   1.39   .179  -.019   2
  55 LEDA28A  1531 1649    119      3      0    .652   1.54   5.51   .977   .854   .194   1.77   .215  -.016   3
  56 LEDA28B  1531 1649    119      3      0    .676   1.55   5.86   .987   .859   .187   1.79   .207  -.006   3
  57 LEDA29A  1510 1645    136      3      0    .657   1.67   4.62  1.040   .873   .214   2.05   .223   .001   3
  58 LEDA29B  1510 1645    136      3      0    .612   1.66   4.81  1.050   .856   .229   2.05   .245  -.006   3
  59 LEDA30A  1571 1650     80      2      0    .694   1.32   2.96   .546   .825   .177   1.57   .190  -.031   3
  60 LEDA30B  1571 1650     80      2      0    .698   1.32   2.93   .551   .796   .177   1.48   .205  -.050   3
  61 LEDA32A  1608 1658     51      0      0    .720   2.23   4.35   .794   .606   .259   1.68   .238   .078   0
  62 LEDA32B  1608 1658     51      0      0    .687   2.23   4.38   .789   .613   .245   1.60   .232   .132   0
  63 LEDA33A  1553 1649     97      2      0    .709   1.01   2.27   .355   .740   .187   1.65   .210   .026   1
  64 LEDA33B  1553 1649     97      2      0    .674   1.01   2.30   .351   .737   .187   1.60   .205  -.059   3
  65 LEDA34A  1560 1629     70      1      0    .622   2.49   5.88   .893   .639   .239   1.63   .240   .052   2
  66 LEDA34B  1560 1629     70      1      0    .592   2.47   5.67   .876   .653   .229   1.65   .233   .084   1
  67 LEDA35A  1572 1647     76      1      0    .636   1.68   2.76   .482   .674   .184   1.33   .183  -.015   3
  68 LEDA35B  1572 1647     76      1      0    .623   1.69   2.81   .489   .672   .180   1.35   .188  -.020   1
  69 LEDA36A  1552 1650     99      2      0    .592   1.02   3.05   .515   .893   .188   1.50   .185  -.049   3
  70 LEDA36B  1552 1650     99      2      0    .597   1.02   2.47   .493   .889   .186   1.54   .188  -.073   3
  71 LEDA37A  1569 1630     62      1      0    .608   1.94   4.03   .931   .854   .214   1.80   .226   .008   2
  72 LEDA37B  1569 1630     62      1      0    .581   1.92   4.01   .922   .835   .222   1.75   .228   .020   2
  73 LEDA38A  1569 1663     95      2      0    .718   1.19   3.51   .607   .742   .259   1.74   .285  -.051   3
  74 LEDA38B  1569 1663     95      2      0    .750   1.18   3.60   .604   .715   .276   1.80   .300   .019   1
  75 LEDA39A  1523 1607     85      2      0    .625   1.48   3.12   .590   .684   .240   1.71   .253  -.015   2
  76 LEDA39B  1523 1607     85      2      0    .668   1.49   3.16   .571   .696   .217   1.67   .240   .078   1
  77 LEDA40A  1503 1668    166      4      0    .572   1.32   4.09   .613   .825   .199   1.84   .213  -.024   3
  78 LEDA40B  1503 1668    166      4      0    .598   1.31   3.75   .594   .806   .202   1.86   .219   .027   1
  79 LEDA41A  1580 1660     81      1      0    .568   2.22   4.63   .711   .614   .235   1.72   .216  -.057   3
  80 LEDA41B  1580 1660     81      1      0    .548   2.22   4.53   .693   .602   .232   1.51   .210  -.026   3
  81 LEDA42A  1553 1656    104      2      0    .567   1.01   2.15   .308   .683   .176   1.48   .179  -.036   3
  82 LEDA42B  1553 1656    104      2      0    .520   1.01   2.15   .310   .675   .178   1.49   .177  -.017   3
  83 LEDA43A  1571 1668     98      2      0    .503   1.16   2.09   .386   .819   .166   1.41   .168  -.010   2
  84 LEDA43B  1571 1668     98      2      0    .526   1.17   2.16   .380   .840   .145   1.38   .151  -.006   3
  85 LEDA44A  1591 1655     65      1      0    .642   1.50   2.42   .380   .630   .172   1.36   .170  -.016   2
  86 LEDA44B  1591 1655     65      1      0    .689   1.50   2.39   .376   .584   .179   1.45   .182   .038   1
  87 LEDA45A  1580 1664     85      1      0    .637   1.34   2.59   .383   .736   .167   1.41   .160   .053   1
  88 LEDA45B  1580 1664     85      1      0    .717   1.34   2.58   .388   .735   .175   1.42   .159  -.014   3
  89 LEDA46A  1528 1618     91      1      0    .502   1.37   2.78   .380   .494   .206   1.73   .218  -.024   2
  90 LEDA46B  1528 1618     91      1      0    .517   1.37   2.98   .405   .472   .221   1.87   .233  -.027   2
  91 LEDA47A  1476 1599    124      3      0    .537   1.40   3.07   .533   .651   .251   1.77   .242   .009   1
  92 LEDA47B  1476 1599    124      3      0    .542   1.38   2.96   .527   .672   .240   1.70   .239   .019   1
  93 LEDA48A  1424 1586    163      2      2    .660   1.17   3.83   .579   .769   .218   2.57   .250  -.003   3
  94 LEDA48B  1424 1586    163      2      2    .622   1.17   3.59   .574   .789   .216   2.60   .251   .038   1
  95 LEDA50A  1504 1590     87      1      0    .579   1.43   2.46   .487   .630   .242   1.88   .245  -.083   3
  96 LEDA50B  1504 1590     87      1      0    .522   1.42   2.55   .480   .634   .232   1.78   .228  -.142   3
  97 LEDA52A  1483 1595    113      2      0    .547   1.10   1.87   .327   .641   .200   1.54   .201  -.012   1
  98 LEDA52B  1483 1595    113      2      0    .601   1.10   1.93   .323   .702   .178   1.48   .185   .017   1
  99 LEDA53A  1511 1597     87      1      0    .462    .96   1.56   .255   .566   .200   1.38   .183  -.027   1
 100 LEDA53B  1511 1597     87      1      0    .427    .96   1.53   .251   .583   .180   1.37   .167  -.093   3
 101 LEDA55A  1507 1581     75      1      0    .471   1.01   1.84   .306   .634   .196   1.47   .191   .006   1
 102 LEDA55B  1507 1581     75      1      0    .447   1.00   1.81   .306   .651   .199   1.56   .196   .007   1
 103 LEDA56A  1461 1571    111      1      1    .357    .95   2.21   .410   .883   .160   1.32   .171  -.023   1
 104 LEDA56B  1461 1571    111      1      0    .382    .94   2.19   .405   .862   .174   1.33   .176  -.002   1
 105 LEDA59A  1509 1603     95      2      0    .666   1.92   3.86   .641   .618   .234   1.67   .229   .110   1
 106 LEDA59B  1509 1603     95      2      0    .665   1.93   3.43   .620   .619   .226   1.58   .226   .155   1
 107 LEDA62A  1502 1642    141      3      0    .455   2.00   4.75   .688   .779   .180   1.54   .188   .012   3
 108 LEDA62B  1502 1642    141      3      0    .452   2.01   4.97   .712   .788   .181   1.54   .186   .024   3
 109 LEDA63A  1549 1641     93      1      0    .461   1.83   3.64   .700   .545   .274   1.75   .282   .030   2
 110 LEDA63B  1549 1641     93      1      0    .485   1.80   3.64   .680   .562   .264   1.70   .278   .026   2
 111 LEDA64A  1505 1627    123      3      0    .623   1.52   2.79   .465   .631   .209   1.55   .210  -.018   3
 112 LEDA64B  1505 1627    123      3      0    .613   1.52   2.80   .463   .628   .213   1.53   .205  -.015   3
 113 LEDA65A  1567 1648     82      1      1    .512   2.54   5.30   .760   .592   .201   1.65   .213  -.029   2
 114 LEDA65B  1567 1648     82      1      0    .528   2.55   5.32   .757   .596   .201   1.64   .212  -.020   2
 115 LEDA66A  1464 1572    109      1      0    .562   1.15   2.37   .392   .440   .276   1.84   .275  -.024   3
 116 LEDA66B  1464 1572    109      1      0    .579   1.15   2.35   .397   .478   .279   1.79   .266  -.002   3
 117 LEDA70A  1504 1645    142      3      0    .553   1.80   5.00   .885   .745   .256   1.68   .243  -.009   3
 118 LEDA70B  1504 1645    142      3      0    .571   1.80   4.96   .886   .744   .265   1.65   .243  -.011   3
 119 LEDA71A  1511 1644    134      3      0    .566   2.16   5.12  1.088   .841   .214   1.65   .213  -.027   3
 120 LEDA71B  1511 1644    134      3      0    .621   2.17   5.09  1.099   .830   .221   1.53   .220  -.035   3
 121 LEDA72A  1570 1641     72      1      0    .544   2.77   4.34   .803   .759   .170   1.41   .173   .074   2
 122 LEDA72B  1570 1641     72      1      0    .552   2.76   4.34   .833   .739   .185   1.45   .190   .038   2
 123 LEDA73A  1537 1649    113      3      1    .351   2.21   4.65  1.129   .883   .189   1.73   .210  -.040   3
 124 LEDA73B  1537 1649    113      3      0    .387   2.20   4.46  1.139   .877   .198   1.74   .214  -.020   3
 125 LEDA74A  1584 1638     55      0      0    .750   3.00   5.28  1.062   .737   .226   1.60   .225   .104   3
 126 LEDA74B  1584 1638     55      0      0    .775   2.98   5.17  1.056   .747   .226   1.59   .230   .095   3
 --- -------- ---------  -----  -----  -----   ------ -----  -----  -----  -----  -----  -----  -----  -----  --
 Total or mean:          13136    244     13    .594   1.59   5.88   .637   .736   .206   2.60   .213  -.006

 DATA CHECKS (rwl.check): brit087
-----------------------------------------------------------------------------------------------------------------------------------
 rwl.check: data_files/treering/measurements/europe/brit087.rwl
 126 series, 13136 measurements, 1424-1668, 0.01 mm precision
 0 error(s), 0 warning(s), 0 note(s)
 -------------
 Nothing to report at this severity.

 NOTES
-----------------------------------------------------------------------------------------------------------------------------------
 Report generated using dplR 1.8.1 (R 4.5.2) on 2026-10-01 16:48 PDT.
 Measurement file brit087.rwl, MD5 2fd1444506ea95915e5b672aac91c461.
 Filtering: each series divided by a 32-year smoothing spline (caps()), then prewhitened with
   an AR model (order by AIC, at most 3).
 Master: biweight robust mean of the other series (leave-one-out).
 Correlation: Pearson, one-tailed, pcrit = 0.01; critical r = 0.3281 for 50-year segments.
 Segments: 50 years, lagged 25, first segment floored to 100. Lags searched: +/- 10 years.
 A segment is tested only where the series and the master cover all of it, at the dated
   position and at every lag. COFECHA also tests partial segments at the ends of a series, so
   series here may show fewer segments, and no flags can be raised at the ends of the record.
 Lags follow COFECHA: negative means rings are probably missing from the series, positive means
   false rings. A missing ring carries its lag into every segment before it, so look where the
   lag changes along a series. A B flag is a hypothesis to check on the wood; the gain says how
   seriously to take it.
 A B flag marked "weak at every lag" correlates under the critical value even at its best lag:
   the segment is weak wherever it is placed, and the shift is not evidence of a dating error.
   Treat it as a low correlation, like an A.
 Averages in the summary and the totals are weighted by the number of years in each series, as
   COFECHA's are.
 Unfiltered block and mean sensitivity: the measurements as read, and sens1().
 dplR filtered block: the series that was correlated, after filtering. COFECHA's filtered
   series is defined differently, so these three columns are not COFECHA's numbers.
 AR: order of the AR model used to prewhiten.
