
 COFECHA-style crossdating report: che615
 Report generated using dplR 1.8.1 (R 4.5.2) on 2026-10-01 16:50 PDT
 Built with dplR's xdate.report(), not COFECHA; see the notes at the end.


      Measurement file name  : che615.rwl
      MD5 of measurement file: 458cdf8d682f7a84ef75d1eb302e0ac8
      Date checked           : 01OCT26
      Beginning year         : 1857
      Ending year            : 2011
      Principal investigators: Esper, J.; Riechelmann, D.F.C.
      Site name              : Brig RCS06
      Species information    : LADE Larix decidua Mill.
      Latitude               : 46.3021 N
      Longitude              : 7.9962 E
      Elevation              : 985 m

      Series intercorrelation: 0.648
      Avg mean sensitivity   : 0.255
      Avg standard deviation : 0.885
      Avg autocorrelation    : 0.801
      Number dated series    : 112
      Segment length tested  : 50

      Number problem segments: 1  (A 1, B 0)
      Pct problem segments   : 0.78


 CORRELATION OF SERIES BY SEGMENTS: che615
-----------------------------------------------------------------------------------------------------------------------------------
 Correlations of  50-year dated segments, lagged  25 years
 Flags:  A = correlation under   .3281 but highest as dated;  B = correlation higher at other than dated position

 Seq Series  Time_span  1900 1925 1950 
                        1949 1974 1999 
 --- -------- ---------  ---- ---- ---- 
   1 RCS0601a 1940 2010            .75 
   2 RCS0601b 1912 2010       .76  .87 
   3 RCS0602a 1929 2010            .69 
   4 RCS0602b 1908 2010       .70  .67 
   5 RCS0603a 1913 2010       .80  .79 
   6 RCS0603b 1918 2010       .67  .74 
   7 RCS0604a 1918 2010       .78  .69 
   8 RCS0604b 1911 2010       .79  .76 
   9 RCS0605a 1915 2010       .74  .32A
  10 RCS0605b 1925 2010            .52 
  11 RCS0606a 1920 2010       .71  .80 
  12 RCS0606b 1914 2010       .74  .72 
  13 RCS0607a 1919 2010       .73  .47 
  14 RCS0607b 1926 2010            .47 
  15 RCS0608a 1929 2010            .80 
  16 RCS0608b 1927 2010            .59 
  17 RCS0610a 1941 2001            .76 
  19 RCS0611a 1914 2010       .68  .71 
  20 RCS0611b 1910 2010       .73  .58 
  21 RCS0612a 1915 2010       .71  .64 
  22 RCS0612b 1940 2010            .67 
  23 RCS0613a 1912 2010       .75  .50 
  24 RCS0613b 1910 2010       .70  .75 
  25 RCS0614a 1915 2010       .46  .42 
  26 RCS0614b 1918 2010       .64  .62 
  27 RCS0615a 1914 2010       .64  .72 
  28 RCS0615b 1917 2010       .71  .71 
  29 RCS0616a 1929 2010            .60 
  30 RCS0616b 1934 2010            .70 
  31 RCS0617a 1918 2010       .65  .68 
  32 RCS0617b 1890 2010  .42  .51  .62 
  35 RCS0620a 1937 2010            .42 
  36 RCS0620b 1943 2010            .43 
  39 RCS0622a 1945 2010            .59 
  40 RCS0622b 1946 2010            .49 
  41 RCS0623a 1933 2010            .69 
  42 RCS0623b 1937 2010            .73 
  43 RCS0624a 1941 2010            .77 
  44 RCS0624b 1908 2010       .83  .77 
  45 RCS0625a 1924 2010       .78  .74 
  46 RCS0625b 1935 2010            .66 
  47 RCS0626a 1935 2010            .73 
  48 RCS0626b 1946 2010            .72 
  51 RCS0628b 1933 2010            .54 
  52 RCS0629a 1945 2010            .74 
  53 RCS0629b 1946 2010            .70 
  54 RCS0630a 1943 2010            .83 
  56 RCS0631a 1944 2011            .81 
  57 RCS0631b 1933 2011            .77 
  58 RCS0632a 1926 2011            .76 
  59 RCS0632b 1939 2011            .73 
  61 RCS0633b 1948 2011            .66 
  63 RCS0634b 1945 2011            .60 
  64 RCS0635a 1932 2011            .81 
  65 RCS0635b 1933 2011            .74 
  66 RCS0636a 1925 2011            .76 
  67 RCS0636b 1932 2011            .74 
  70 RCS0638a 1947 2011            .65 
  72 RCS0639a 1943 2011            .67 
  73 RCS0639b 1947 2011            .69 
  76 RCS0641a 1857 2011  .50  .64  .73 
  77 RCS0641b 1891 2011  .39  .51  .70 
  78 RCS0642a 1936 2011            .56 
  79 RCS0642b 1935 2011            .57 
  80 RCS0643a 1942 2011            .49 
  81 RCS0643b 1933 2011            .58 
  84 RCS0645a 1925 2011            .78 
  85 RCS0645b 1939 2011            .77 
  86 RCS0646a 1927 2011            .71 
  87 RCS0646b 1917 2011       .74  .71 
  88 RCS0647a 1924 2011            .89 
  89 RCS0647b 1923 2011            .82 
  90 RCS0648z 1921 2011       .47  .51 
  91 RCS0649a 1927 2011            .60 
  92 RCS0649b 1927 2011            .65 
  93 RCS0650a 1903 2011       .46  .66 
  94 RCS0650b 1894 2011  .45  .56  .74 
  95 RCS0651a 1927 2011            .70 
  96 RCS0651b 1930 2011            .65 
  97 RCS0652a 1932 2011            .67 
  98 RCS0652b 1936 2011            .74 
  99 RCS0653a 1934 2011            .75 
 100 RCS0653b 1932 2011            .80 
 101 RCS0654a 1925 2011            .79 
 102 RCS0654b 1930 2011            .76 
 103 RCS0655b 1905 2011       .81  .78 
 104 RCS0655a 1908 2011       .85  .68 
 105 RCS0657a 1896 2011  .71  .83  .77 
 106 RCS0657b 1900 2011       .85  .83 
 107 RCS0656z 1911 2011       .84  .70 
 Av segment correlation  .50  .70  .68 

 FLAGGED SEGMENTS: che615
-----------------------------------------------------------------------------------------------------------------------------------
 Seq Series   Segment    Flag  r dated  Best lag  r at lag   Gain  Note
 --- -------- ---------  ----  -------  --------  --------  -----  -----------------
   9 RCS0605a 1950 1999     A     .324         0

 DESCRIPTIVE STATISTICS: che615
-----------------------------------------------------------------------------------------------------------------------------------

                                                Corr   //-------- Unfiltered --------\\  //-- dplR filtered --\\
                           No.    No.    No.    with   Mean   Max     Std   Auto   Mean   Max     Std   Auto  AR
 Seq Series   Interval   Years  Segmt  Flags   Master  msmt   msmt    dev   corr   sens  value    dev   corr  ()
 --- -------- ---------  -----  -----  -----   ------ -----  -----  -----  -----  -----  -----  -----  -----  --
   1 RCS0601a 1940 2010     71      1      0    .757   1.31   3.37   .626   .683   .291   1.80   .271  -.026   3
   2 RCS0601b 1912 2010     99      2      0    .805   2.05   4.03   .894   .830   .238   1.55   .239  -.018   3
   3 RCS0602a 1929 2010     82      1      0    .722   1.77   7.31  1.266   .848   .300   1.66   .290  -.022   3
   4 RCS0602b 1908 2010    103      2      0    .683   1.67   5.21  1.246   .904   .275   1.73   .260  -.038   3
   5 RCS0603a 1913 2010     98      2      0    .794   1.50   5.25  1.292   .917   .236   1.76   .253   .076   1
   6 RCS0603b 1918 2010     93      2      0    .736   1.19   4.63  1.045   .924   .223   1.78   .249   .057   1
   7 RCS0604a 1918 2010     93      2      0    .718   2.08   5.89  1.133   .696   .326   1.96   .339  -.034   3
   8 RCS0604b 1911 2010    100      2      0    .695   1.44   4.35  1.070   .885   .307   1.86   .319  -.052   3
   9 RCS0605a 1915 2010     96      2      1    .413   1.83   6.18  1.169   .693   .310   2.17   .333  -.018   3
  10 RCS0605b 1925 2010     86      1      0    .593    .90   2.16   .396   .620   .324   1.72   .298  -.028   3
  11 RCS0606a 1920 2010     91      2      0    .700   1.64   4.20   .813   .793   .268   1.67   .267  -.014   2
  12 RCS0606b 1914 2010     97      2      0    .647   1.63   5.71  1.355   .912   .265   1.64   .267   .065   1
  13 RCS0607a 1919 2010     92      2      0    .538   1.28   4.66  1.092   .922   .379   1.73   .325  -.050   3
  14 RCS0607b 1926 2010     85      1      0    .550   1.29   4.63   .973   .844   .397   2.02   .364  -.031   1
  15 RCS0608a 1929 2010     82      1      0    .796   2.63   7.08  1.205   .785   .221   1.68   .226  -.039   3
  16 RCS0608b 1927 2010     84      1      0    .656   2.68   6.21  1.198   .811   .204   1.44   .215   .064   1
  17 RCS0610a 1941 2001     61      1      0    .719   1.23   2.31   .437   .522   .286   1.69   .276   .072   1
  18 RCS0610b 1966 2010     45      0      0    .630   2.21   3.35   .646   .319   .309   1.58   .270   .160   0
  19 RCS0611a 1914 2010     97      2      0    .640   1.61   4.68  1.380   .957   .226   2.02   .256  -.061   3
  20 RCS0611b 1910 2010    101      2      0    .626   1.41   3.84  1.144   .958   .203   1.65   .220  -.048   3
  21 RCS0612a 1915 2010     96      2      0    .661   1.34   4.10  1.041   .940   .245   1.60   .244   .001   3
  22 RCS0612b 1940 2010     71      1      0    .664    .73   3.27   .491   .820   .253   1.55   .242  -.079   3
  23 RCS0613a 1912 2010     99      2      0    .546   1.74   5.33  1.473   .956   .182   1.50   .195  -.010   3
  24 RCS0613b 1910 2010    101      2      0    .672   2.30   6.58  1.584   .952   .177   1.48   .191  -.003   2
  25 RCS0614a 1915 2010     96      2      0    .438   1.93   4.33   .839   .872   .174   1.49   .192   .071   1
  26 RCS0614b 1918 2010     93      2      0    .607   1.89   4.13   .838   .890   .152   1.40   .171   .093   1
  27 RCS0615a 1914 2010     97      2      0    .644   1.46   4.05   .963   .838   .284   1.81   .291  -.029   1
  28 RCS0615b 1917 2010     94      2      0    .668   1.81   4.19   .998   .847   .250   1.89   .283  -.031   1
  29 RCS0616a 1929 2010     82      1      0    .517   2.46   7.16  1.431   .721   .328   2.05   .321  -.022   2
  30 RCS0616b 1934 2010     77      1      0    .631   1.33   4.24   .742   .795   .303   1.93   .327   .062   1
  31 RCS0617a 1918 2010     93      2      0    .667   1.43   3.90   .868   .887   .229   1.52   .232   .007   2
  32 RCS0617b 1890 2010    121      3      0    .569    .91   2.70   .629   .849   .277   2.17   .322  -.031   1
  33 RCS0619a 1995 2010     16      0      0    .377   1.51   2.47   .571   .720   .265   1.37   .251   .264   0
  34 RCS0619b 1995 2010     16      0      0    .116   1.44   2.66   .586   .596   .321   1.45   .260   .062   0
  35 RCS0620a 1937 2010     74      1      0    .521   1.57   4.15   .670   .771   .211   1.74   .214   .007   2
  36 RCS0620b 1943 2010     68      1      0    .513   1.70   4.34   .844   .827   .191   1.63   .202   .068   3
  37 RCS0621a 1999 2010     12      0      0    .337   3.54   7.46  2.356   .824   .381   1.40   .265   .023   0
  38 RCS0621b 1997 2010     14      0      0   -.043   2.03   3.82   .892   .506   .426   1.46   .284  -.280   2
  39 RCS0622a 1945 2010     66      1      0    .626   1.41   2.97   .508   .748   .187   1.44   .193   .049   2
  40 RCS0622b 1946 2010     65      1      0    .540   1.28   2.76   .548   .802   .187   1.37   .175  -.016   2
  41 RCS0623a 1933 2010     78      1      0    .608   1.29   3.12   .633   .826   .256   1.55   .236  -.020   3
  42 RCS0623b 1937 2010     74      1      0    .682   1.21   3.20   .637   .813   .253   1.81   .269  -.025   2
  43 RCS0624a 1941 2010     70      1      0    .736   1.01   3.31   .492   .645   .323   1.76   .300   .037   1
  44 RCS0624b 1908 2010    103      2      0    .722   1.59   3.77   .793   .834   .240   1.62   .263   .054   1
  45 RCS0625a 1924 2010     87      2      0    .732   1.56   5.22   .947   .751   .327   2.00   .354   .045   1
  46 RCS0625b 1935 2010     76      1      0    .683   1.54   4.54   .950   .776   .311   2.46   .366  -.014   2
  47 RCS0626a 1935 2010     76      1      0    .547   1.21   3.13   .458   .545   .263   1.56   .260   .029   1
  48 RCS0626b 1946 2010     65      1      0    .720   1.41   3.38   .448   .522   .242   2.12   .252  -.095   3
  49 RCS0627a 1960 2010     51      0      0    .455   2.67   5.83   .788   .584   .172   1.96   .222   .083   1
  50 RCS0628a 1965 2010     46      0      0    .597   1.39   4.09   .756   .680   .307   2.08   .347   .062   1
  51 RCS0628b 1933 2010     78      1      0    .576   1.31   2.92   .465   .641   .212   1.69   .244   .070   1
  52 RCS0629a 1945 2010     66      1      0    .672   1.11   2.80   .484   .675   .269   1.94   .276  -.005   1
  53 RCS0629b 1946 2010     65      1      0    .625   1.75   3.20   .677   .695   .270   1.55   .256  -.047   3
  54 RCS0630a 1943 2010     68      1      0    .803   1.41   2.98   .538   .777   .208   1.68   .224   .007   1
  55 RCS0630b 1950 2010     61      0      0    .572   2.07   3.88   .603   .628   .196   1.63   .217  -.063   3
  56 RCS0631a 1944 2011     68      1      0    .766   1.50   2.72   .582   .778   .203   1.64   .221  -.076   3
  57 RCS0631b 1933 2011     79      1      0    .738   1.53   4.57   .875   .871   .221   1.76   .226   .009   3
  58 RCS0632a 1926 2011     86      1      0    .776   1.29   3.46   .700   .873   .210   1.62   .220   .080   1
  59 RCS0632b 1939 2011     73      1      0    .769   1.50   4.84   .679   .774   .191   1.56   .217   .058   1
  60 RCS0633a 1957 2011     55      0      0    .579   1.43   3.62   .638   .318   .343   1.81   .304  -.080   0
  61 RCS0633b 1948 2011     64      1      0    .669   1.34   2.57   .459   .513   .285   1.73   .279  -.040   2
  62 RCS0634a 1954 2011     58      0      0    .709   1.70   3.65   .737   .717   .252   1.70   .278   .095   1
  63 RCS0634b 1945 2011     67      1      0    .607   1.11   2.24   .364   .722   .199   1.46   .206  -.059   3
  64 RCS0635a 1932 2011     80      1      0    .750   1.34   2.85   .501   .720   .207   1.47   .210  -.008   2
  65 RCS0635b 1933 2011     79      1      0    .705   1.04   2.98   .545   .872   .192   1.38   .199   .023   2
  66 RCS0636a 1925 2011     87      1      0    .687   1.04   3.34   .770   .907   .246   1.79   .268   .098   1
  67 RCS0636b 1932 2011     80      1      0    .756    .92   3.43   .680   .918   .224   1.50   .228   .065   1
  68 RCS0637a 1965 2011     47      0      0    .668   1.74   3.90   .678   .702   .233   1.68   .248  -.037   2
  69 RCS0637b 1970 2011     42      0      0    .586   1.90   3.80   .752   .662   .257   1.41   .263   .019   1
  70 RCS0638a 1947 2011     65      1      0    .561    .69   2.70   .414   .775   .234   1.72   .277   .149   1
  71 RCS0638b 1949 2001     53      0      0    .648    .86   2.01   .383   .761   .231   1.48   .231  -.064   3
  72 RCS0639a 1943 2011     69      1      0    .674   2.26   5.07   .795   .695   .197   1.50   .203  -.041   2
  73 RCS0639b 1947 2011     65      1      0    .687   1.85   4.17   .687   .687   .205   1.62   .216  -.068   3
  74 RCS0640a 1948 2011     64      0      0    .737   1.80   4.29   .841   .778   .257   1.62   .257  -.024   3
  75 RCS0640b 1949 2011     63      0      0    .680   2.04   3.57   .766   .636   .285   1.79   .292  -.010   3
  76 RCS0641a 1857 2011    155      3      0    .547   1.33   4.18   .922   .860   .311   1.79   .297  -.075   3
  77 RCS0641b 1891 2011    121      3      0    .600   1.46   5.02  1.242   .858   .341   1.82   .310  -.101   3
  78 RCS0642a 1936 2011     76      1      0    .644   2.65   6.51  1.014   .719   .207   1.65   .221   .017   1
  79 RCS0642b 1935 2011     77      1      0    .589   2.16   6.03  1.088   .807   .229   1.63   .265   .078   1
  80 RCS0643a 1942 2011     70      1      0    .491   1.43   4.31   .822   .700   .276   1.81   .277   .030   1
  81 RCS0643b 1933 2011     79      1      0    .616   1.22   6.77   .983   .757   .288   2.51   .338  -.083   3
  82 RCS0644a 2003 2011      9      0      0    .227   1.08   1.89   .416   .070   .514   1.75   .378   .015   0
  83 RCS0644b 2003 2011      9      0      0    .455   1.18   2.16   .531   .110   .549   1.82   .431   .104   0
  84 RCS0645a 1925 2011     87      1      0    .782   1.46   4.59   .988   .912   .266   1.69   .258  -.034   3
  85 RCS0645b 1939 2011     73      1      0    .692   1.36   4.54   .843   .842   .286   2.06   .297  -.038   2
  86 RCS0646a 1927 2011     85      1      0    .670   1.48   4.44   .761   .838   .203   1.65   .219  -.031   3
  87 RCS0646b 1917 2011     95      2      0    .645   1.75   4.34   .672   .689   .256   1.89   .249  -.046   3
  88 RCS0647a 1924 2011     88      1      0    .834   1.27   4.13   .905   .914   .230   1.57   .238  -.025   2
  89 RCS0647b 1923 2011     89      1      0    .784   1.38   4.00   .843   .864   .242   1.61   .248  -.036   3
  90 RCS0648z 1921 2011     91      2      0    .480   1.15   4.27   .863   .816   .292   1.71   .273   .011   3
  91 RCS0649a 1927 2011     85      1      0    .612   2.39   6.91  1.229   .826   .207   1.74   .235  -.002   2
  92 RCS0649b 1927 2011     85      1      0    .546   1.43   3.91   .730   .849   .235   1.67   .228  -.005   1
  93 RCS0650a 1903 2011    109      2      0    .540   1.40   4.93  1.120   .907   .276   1.54   .255  -.050   3
  94 RCS0650b 1894 2011    118      3      0    .628   1.99   5.45  1.197   .870   .246   1.81   .246  -.030   3
  95 RCS0651a 1927 2011     85      1      0    .593   1.17   3.44   .728   .882   .261   1.74   .242   .011   3
  96 RCS0651b 1930 2011     82      1      0    .595   1.53   4.34   .804   .853   .203   1.67   .218   .002   3
  97 RCS0652a 1932 2011     80      1      0    .605   1.08   4.02   .808   .819   .307   2.20   .328  -.001   2
  98 RCS0652b 1936 2011     76      1      0    .704   1.38   5.10   .968   .761   .331   2.45   .344   .005   1
  99 RCS0653a 1934 2011     78      1      0    .710   1.08   2.14   .491   .811   .257   1.46   .246   .002   2
 100 RCS0653b 1932 2011     80      1      0    .676   1.38   3.82   .669   .774   .255   1.80   .245  -.005   3
 101 RCS0654a 1925 2011     87      1      0    .725   1.24   2.92   .656   .857   .252   1.77   .251  -.045   2
 102 RCS0654b 1930 2011     82      1      0    .658   1.82   5.97   .964   .779   .264   1.90   .274  -.021   2
 103 RCS0655b 1905 2011    107      2      0    .767   1.37   4.71  1.057   .913   .253   1.80   .294   .015   1
 104 RCS0655a 1908 2011    104      2      0    .707   1.39   5.99  1.167   .929   .264   1.64   .273  -.005   2
 105 RCS0657a 1896 2011    116      3      0    .684   1.27   4.80  1.104   .926   .225   1.62   .241  -.001   2
 106 RCS0657b 1900 2011    112      2      0    .761   1.46   5.06  1.026   .888   .227   1.76   .257  -.015   2
 107 RCS0656z 1911 2011    101      2      0    .716   2.07   6.19  1.421   .885   .264   1.78   .277  -.013   3
 108 RCS0658a 1999 2011     13      0      0    .520   3.97   6.24  1.490   .620   .301   1.36   .257   .198   0
 109 RCS0658b 1999 2011     13      0      0    .419   4.37   7.14  1.732   .558   .340   1.47   .313   .317   0
 110 RCS0659a 1999 2011     13      0      0    .222   4.78   7.94  1.870   .708   .292   1.44   .224   .312   1
 111 RCS0659b 1999 2011     13      0      0    .437   4.46   6.31  1.329   .648   .203   1.30   .164   .425   1
 112 RCS0660z 1999 2011     13      0      0    .410   3.43   4.23   .800   .415   .196   1.27   .215   .317   0
 --- -------- ---------  -----  -----  -----   ------ -----  -----  -----  -----  -----  -----  -----  -----  --
 Total or mean:           8471    129      1    .648   1.56   7.94   .885   .801   .255   2.51   .261  -.001

 DATA CHECKS (rwl.check): che615
-----------------------------------------------------------------------------------------------------------------------------------
 rwl.check: data_files/treering/measurements/europe/che615.rwl
 112 series, 8471 measurements, 1857-2011, 0.01 mm precision
 0 error(s), 0 warning(s), 16 note(s)
 -------------
 Nothing to report at this severity.
 16 note(s) not shown; see rwl.check() or the 'check' element of this report.

 NOTES
-----------------------------------------------------------------------------------------------------------------------------------
 Report generated using dplR 1.8.1 (R 4.5.2) on 2026-10-01 16:50 PDT.
 Measurement file che615.rwl, MD5 458cdf8d682f7a84ef75d1eb302e0ac8.
 Filtering: each series divided by a 32-year smoothing spline (caps()), then prewhitened with
   an AR model (order by AIC, at most 3).
 Master: biweight robust mean of the other series (leave-one-out).
 Correlation: Pearson, one-tailed, pcrit = 0.01; critical r = 0.3281 for 50-year segments.
 Segments: 50 years, lagged 25, first segment floored to 100. Lags searched: +/- 10 years.
 A segment is tested only where the series and the master cover all of it, at the dated
   position and at every lag. COFECHA also tests partial segments at the ends of a series, so
   series here may show fewer segments, and no flags can be raised at the ends of the record.
 Lags follow COFECHA: negative means rings are probably missing from the series, positive means
   false rings. A missing ring carries its lag into every segment before it, so look where the
   lag changes along a series. A B flag is a hypothesis to check on the wood; the gain says how
   seriously to take it.
 A B flag marked "weak at every lag" correlates under the critical value even at its best lag:
   the segment is weak wherever it is placed, and the shift is not evidence of a dating error.
   Treat it as a low correlation, like an A.
 Averages in the summary and the totals are weighted by the number of years in each series, as
   COFECHA's are.
 Unfiltered block and mean sensitivity: the measurements as read, and sens1().
 dplR filtered block: the series that was correlated, after filtering. COFECHA's filtered
   series is defined differently, so these three columns are not COFECHA's numbers.
 AR: order of the AR model used to prewhiten.
