
 COFECHA-style crossdating report: deu426
 Report generated using dplR 1.8.1 (R 4.5.2) on 2026-10-01 16:50 PDT
 Built with dplR's xdate.report(), not COFECHA; see the notes at the end.


      Measurement file name  : deu426.rwl
      MD5 of measurement file: f4702e4958fef65e345f10207e99dff1
      Date checked           : 01OCT26
      Beginning year         : 1932
      Ending year            : 2013
      Principal investigators: Esper, J.
      Site name              : Schwäbische Alb EDB01
      Species information    : PCAB Picea abies (L.) H. Karst.
      Latitude               : 48.5549 N
      Longitude              : 9.5720 E
      Elevation              : 789 m

      Series intercorrelation: 0.619
      Avg mean sensitivity   : 0.262
      Avg standard deviation : 1.494
      Avg autocorrelation    : 0.667
      Number dated series    : 96
      Segment length tested  : 40

      Number problem segments: 1  (A 1, B 0)
      Pct problem segments   : 1.92


 CORRELATION OF SERIES BY SEGMENTS: deu426
-----------------------------------------------------------------------------------------------------------------------------------
 Correlations of  40-year dated segments, lagged  20 years
 Flags:  A = correlation under   .3665 but highest as dated;  B = correlation higher at other than dated position

 Seq Series  Time_span  1950 1970 
                        1989 2009 
 --- -------- ---------  ---- ---- 
  47 EDB0124A 1947 2013  .74  .62 
  48 EDB0124B 1959 2013       .67 
  49 EDB0125A 1938 2013  .74  .75 
  50 EDB0125B 1941 2013  .45  .49 
  51 EDB0126A 1940 2011  .74  .58 
  52 EDB0126B 1942 2010  .59  .53 
  54 EDB0127B 1961 2013       .35A
  55 EDB0128A 1940 2013  .73  .62 
  56 EDB0128B 1941 2013  .67  .64 
  57 EDB0129A 1945 2013  .58  .55 
  58 EDB0129B 1944 2013  .53  .68 
  59 EDB0130A 1932 2013  .60  .59 
  60 EDB0130B 1935 2013  .68  .64 
  61 EDB0131A 1937 2013  .71  .78 
  62 EDB0131B 1942 2013  .72  .61 
  63 EDB0132A 1941 2013  .52  .53 
  64 EDB0132B 1949 2013  .64  .70 
  65 EDB0133A 1946 2013  .65  .59 
  66 EDB0133B 1938 2013  .76  .68 
  67 EDB0134A 1945 2013  .40  .53 
  68 EDB0134B 1937 2013  .63  .46 
  69 EDB0135A 1947 2013  .60  .63 
  70 EDB0135B 1940 2013  .79  .79 
  71 EDB0136A 1956 2013       .56 
  72 EDB0136B 1960 2013       .44 
  73 EDB0137A 1941 2013  .47  .66 
  74 EDB0137B 1938 2013  .44  .42 
  75 EDB0138A 1955 2013       .59 
  76 EDB0138B 1956 2013       .76 
 Av segment correlation  .63  .60 

 FLAGGED SEGMENTS: deu426
-----------------------------------------------------------------------------------------------------------------------------------
 Seq Series   Segment    Flag  r dated  Best lag  r at lag   Gain  Note
 --- -------- ---------  ----  -------  --------  --------  -----  -----------------
  54 EDB0127B 1970 2009     A     .348         0

 DESCRIPTIVE STATISTICS: deu426
-----------------------------------------------------------------------------------------------------------------------------------

                                                Corr   //-------- Unfiltered --------\\  //-- dplR filtered --\\
                           No.    No.    No.    with   Mean   Max     Std   Auto   Mean   Max     Std   Auto  AR
 Seq Series   Interval   Years  Segmt  Flags   Master  msmt   msmt    dev   corr   sens  value    dev   corr  ()
 --- -------- ---------  -----  -----  -----   ------ -----  -----  -----  -----  -----  -----  -----  -----  --
   1 EDB0101A 1981 2013     33      0      0    .646   5.89  10.52  2.034   .447   .274   1.82   .303   .017   1
   2 EDB0101B 1987 2013     27      0      0    .629   6.18  11.08  1.925   .455   .230   1.67   .246   .185   0
   3 EDB0102A 1981 2013     33      0      0    .724   5.45   8.74  1.499   .419   .236   1.65   .229   .084   0
   4 EDB0102B 1986 2013     28      0      0    .743   5.33  10.05  2.068   .509   .280   1.64   .309   .039   1
   5 EDB0103A 1984 2013     30      0      0    .645   3.63  10.19  2.000   .683   .262   1.45   .255   .056   2
   6 EDB0103B 1986 2013     28      0      0    .724   3.01   7.32  1.663   .891   .236   1.38   .225   .250   0
   7 EDB0104A 1979 2013     35      0      0    .719   4.39   7.57  1.555   .715   .231   1.46   .227   .155   0
   8 EDB0104B 1983 2013     31      0      0    .702   4.70   8.68  1.761   .795   .217   1.44   .226   .111   1
   9 EDB0105A 1978 2013     36      0      0    .677   5.15  11.56  2.059   .691   .228   1.65   .242  -.009   2
  10 EDB0105B 1981 2013     33      0      0    .667   4.40   6.68  1.113   .518   .211   1.35   .211   .040   1
  11 EDB0106A 1989 2013     25      0      0    .755   5.83   8.56  1.696   .229   .311   1.39   .276  -.016   2
  12 EDB0106B 1984 2013     30      0      0    .703   4.67   8.61  1.704   .615   .273   1.55   .267   .230   0
  13 EDB0107A 1977 2013     37      0      0    .643   4.21   6.32  1.428   .740   .207   1.58   .214   .071   1
  14 EDB0107B 1978 2013     36      0      0    .482   3.44   5.88  1.340   .879   .165   1.44   .178   .188   1
  15 EDB0108A 1986 2013     28      0      0    .634   6.56  12.65  2.059   .432   .230   1.83   .267   .084   1
  16 EDB0108B 1983 2013     31      0      0    .764   4.93   8.42  1.654   .699   .227   1.34   .217  -.040   2
  17 EDB0109A 1981 2013     33      0      0    .672   3.49   6.83  1.230   .709   .215   1.45   .230   .055   2
  18 EDB0109B 1989 2013     25      0      0    .621   4.75   6.72  1.020   .421   .169   1.35   .175   .131   1
  19 EDB0110A 1980 2013     34      0      0    .454   4.77   7.93  1.876   .861   .170   1.46   .184   .232   1
  20 EDB0110B 1997 2013     17      0      0    .808   6.41   9.63  1.732   .158   .253   1.41   .245   .044   0
  21 EDB0111A 1982 2013     32      0      0    .635   4.09   7.22  1.526   .755   .222   1.49   .213   .028   3
  22 EDB0111B 1980 2013     34      0      0    .751   5.25   8.31  1.513   .655   .209   1.41   .206   .054   1
  23 EDB0112A 1984 2013     30      0      0    .594   3.67   8.13  1.890   .852   .240   1.66   .243  -.029   1
  24 EDB0112B 1979 2013     35      0      0    .672   4.41   8.20  1.719   .713   .232   1.97   .270  -.006   2
  25 EDB0113A 1982 2013     32      0      0    .539   4.56   9.38  1.582   .443   .254   1.94   .292  -.027   1
  26 EDB0113B 1983 2013     31      0      0    .714   3.99   7.03  1.443   .633   .251   1.57   .270   .155   1
  27 EDB0114A 1985 2013     29      0      0    .507   3.68   6.43  1.006   .499   .219   1.47   .216   .068   1
  28 EDB0114B 1989 2013     25      0      0    .359   3.82   7.66  1.767   .570   .291   1.69   .324  -.019   1
  29 EDB0115A 1981 2013     33      0      0    .666   4.17  10.31  2.020   .823   .245   1.74   .250  -.002   1
  30 EDB0115B 1984 2013     30      0      0    .516   3.83   6.53   .997   .508   .219   1.33   .196   .077   1
  31 EDB0116A 1979 2013     35      0      0    .849   5.29   9.45  1.897   .672   .254   1.47   .257   .249   0
  32 EDB0116B 1984 2013     30      0      0    .734   4.35   8.24  1.685   .820   .188   1.42   .200   .013   1
  33 EDB0117A 1984 2013     30      0      0    .465   5.04   7.25  1.490   .521   .225   1.48   .243   .080   1
  34 EDB0117B 1984 2013     30      0      0    .595   5.33   9.31  1.855   .776   .197   1.50   .198   .018   2
  35 EDB0118A 1980 2013     34      0      0    .802   5.01   9.92  2.267   .754   .285   1.40   .277   .100   1
  36 EDB0118B 1978 2013     36      0      0    .632   5.48   9.00  1.796   .660   .229   1.48   .229   .017   1
  37 EDB0119A 1980 2013     34      0      0    .544   3.06   6.11  1.440   .865   .207   1.44   .210   .057   2
  38 EDB0119B 1981 2013     33      0      0    .413   3.79   7.52  1.728   .639   .311   1.80   .305   .002   2
  39 EDB0120A 1982 2013     32      0      0    .738   3.07   6.98  1.522   .672   .243   1.64   .294   .100   1
  40 EDB0120B 1983 2013     31      0      0    .806   3.42   5.84  1.448   .847   .212   1.32   .194  -.040   1
  41 EDB0121A 1987 2013     27      0      0    .733   4.75   8.89  1.537   .298   .243   1.81   .296   .194   0
  42 EDB0121B 1991 2013     23      0      0    .498   5.05   7.94  1.458   .568   .216   1.52   .247   .152   1
  43 EDB0122A 1986 2013     28      0      0    .723   5.46   8.62  1.446   .454   .224   1.52   .219   .221   0
  44 EDB0122B 1984 2013     30      0      0    .660   5.06   7.89  1.522   .748   .176   1.52   .198   .155   1
  45 EDB0123A 1999 2013     15      0      0    .622   8.19  12.47  2.319   .341   .278   1.43   .249   .160   0
  46 EDB0123B 1988 2013     26      0      0    .660   4.58   8.28  1.440   .418   .277   1.59   .271   .032   1
  47 EDB0124A 1947 2013     67      2      0    .661   2.63   5.23   .998   .466   .315   2.12   .318  -.008   1
  48 EDB0124B 1959 2013     55      1      0    .696   2.79   4.73   .907   .488   .279   1.50   .265  -.000   1
  49 EDB0125A 1938 2013     76      2      0    .751   3.73   8.22  1.368   .700   .225   1.58   .235   .039   1
  50 EDB0125B 1941 2013     73      2      0    .495   2.76   7.99  1.512   .744   .286   1.91   .329   .106   1
  51 EDB0126A 1940 2011     72      2      0    .615   2.88   7.17  1.198   .568   .288   1.83   .300   .005   1
  52 EDB0126B 1942 2010     69      2      0    .568   1.91   3.94   .806   .719   .283   1.63   .242  -.017   3
  53 EDB0127A 1978 2013     36      0      0    .666   2.95   7.48  1.535   .622   .378   2.09   .396   .023   1
  54 EDB0127B 1961 2013     53      1      1    .419   2.95   9.23  1.653   .645   .363   1.98   .370   .124   0
  55 EDB0128A 1940 2013     74      2      0    .633   2.65   5.09  1.140   .696   .273   1.84   .298   .039   1
  56 EDB0128B 1941 2013     73      2      0    .698   2.26   5.22  1.006   .760   .260   1.56   .248   .019   1
  57 EDB0129A 1945 2013     69      2      0    .534   2.27   5.64  1.514   .816   .341   1.84   .349   .112   1
  58 EDB0129B 1944 2013     70      2      0    .629   2.62   6.40  1.320   .785   .298   1.85   .313   .044   1
  59 EDB0130A 1932 2013     82      2      0    .630   2.73   6.92  1.326   .595   .358   2.20   .372   .001   1
  60 EDB0130B 1935 2013     79      2      0    .636   2.31   7.02  1.537   .880   .344   1.85   .347   .068   1
  61 EDB0131A 1937 2013     77      2      0    .748   2.39   7.02  1.284   .815   .294   1.61   .246  -.064   0
  62 EDB0131B 1942 2013     72      2      0    .624   2.52   8.13  1.041   .451   .298   1.82   .274   .090   0
  63 EDB0132A 1941 2013     73      2      0    .594   3.91   8.48  1.486   .391   .319   1.79   .304  -.008   2
  64 EDB0132B 1949 2013     65      2      0    .657   4.17  11.36  2.235   .556   .360   1.95   .383   .023   1
  65 EDB0133A 1946 2013     68      2      0    .630   2.42   7.47  1.235   .730   .285   1.76   .282   .034   1
  66 EDB0133B 1938 2013     76      2      0    .710   1.98   8.47  1.326   .895   .239   1.63   .236   .037   1
  67 EDB0134A 1945 2013     69      2      0    .542   2.40   5.82  1.082   .704   .260   1.95   .297  -.000   2
  68 EDB0134B 1937 2013     77      2      0    .426   2.45   7.15  1.434   .877   .269   2.00   .288   .037   2
  69 EDB0135A 1947 2013     67      2      0    .681   2.99   7.11  1.322   .696   .286   1.48   .256   .004   1
  70 EDB0135B 1940 2013     74      2      0    .795   2.30   6.61  1.209   .851   .223   1.48   .212   .009   1
  71 EDB0136A 1956 2013     58      1      0    .559   2.95   6.65  1.248   .538   .337   1.82   .341   .036   1
  72 EDB0136B 1960 2013     54      1      0    .522   2.32   5.45  1.132   .670   .350   2.04   .355   .061   1
  73 EDB0137A 1941 2013     73      2      0    .605   2.42   5.52   .807   .586   .248   1.53   .198   .022   3
  74 EDB0137B 1938 2013     76      2      0    .418   2.26   5.63   .888   .715   .248   1.68   .233   .072   0
  75 EDB0138A 1955 2013     59      1      0    .478   5.13  15.81  3.153   .704   .367   1.85   .351   .164   0
  76 EDB0138B 1956 2013     58      1      0    .746   5.81   9.74  1.969   .520   .279   1.86   .281   .018   1
  77 EDB0139A 1989 2013     25      0      0    .642   7.00  12.19  2.227   .380   .265   1.43   .223  -.118   0
  78 EDB0139B 1990 2013     24      0      0    .573   5.28   8.36  1.540   .648   .211   1.43   .203   .134   0
  79 EDB0140A 1983 2013     31      0      0    .752   5.12   9.16  1.744   .733   .213   1.43   .206   .109   0
  80 EDB0140B 1981 2013     33      0      0    .516   5.00  11.89  2.738   .904   .185   1.37   .203   .091   1
  81 EDB0141A 1983 2013     31      0      0    .692   3.92   5.40   .861   .463   .178   1.39   .182   .204   0
  82 EDB0141B 1983 2013     31      0      0    .543   3.90   6.00   .963   .631   .168   1.48   .194   .072   1
  83 EDB0142A 1979 2013     35      0      0    .523   3.54   6.15  1.234   .682   .219   1.56   .221   .103   2
  84 EDB0142B 1986 2013     28      0      0    .457   3.47   6.28  1.310   .658   .262   1.50   .260   .055   1
  85 EDB0143A 1981 2013     33      0      0    .641   3.71   7.35  1.724   .808   .243   1.39   .239   .050   1
  86 EDB0143B 1980 2013     34      0      0    .762   3.82   7.67  1.898   .849   .220   1.39   .232   .095   1
  87 EDB0144A 1978 2013     36      0      0    .407   3.38   6.76  1.849   .885   .262   1.77   .302  -.063   2
  88 EDB0144B 1973 2013     41      0      0    .528   3.53   8.14  1.922   .879   .225   1.46   .216   .074   0
  89 EDB0145A 1971 2013     43      0      0    .303   3.76   9.40  1.328   .214   .249   2.12   .289   .013   0
  90 EDB0145B 1975 2013     39      0      0    .579   3.54   6.08  1.262   .870   .138   1.30   .136   .035   1
  91 EDB0148A 1982 2013     32      0      0    .647   4.17   7.69  1.636   .853   .183   1.45   .172   .123   0
  92 EDB0148B 1979 2013     35      0      0    .492   3.64   6.93  1.444   .789   .217   1.47   .235   .119   1
  93 EDB0149A 1980 2013     34      0      0    .789   4.79   9.87  2.244   .804   .243   1.64   .261   .068   1
  94 EDB0149B 1980 2010     31      0      0    .411   4.75   8.85  2.050   .767   .224   1.84   .240   .067   3
  95 EDB0150A 1983 2013     31      0      0    .739   5.74   9.92  1.793   .512   .276   1.53   .221   .035   2
  96 EDB0150B 1986 2013     28      0      0    .551   5.39   7.77  1.646   .559   .206   1.45   .215   .161   0
 --- -------- ---------  -----  -----  -----   ------ -----  -----  -----  -----  -----  -----  -----  -----  --
 Total or mean:           4094     52      1    .619   3.67  15.81  1.494   .667   .262   2.20   .264   .056

 DATA CHECKS (rwl.check): deu426
-----------------------------------------------------------------------------------------------------------------------------------
 rwl.check: data_files/treering/measurements/europe/deu426.rwl
 96 series, 4094 measurements, 1932-2013, 0.01 mm precision
 0 error(s), 1 warning(s), 67 note(s)
 -------------
 WARNING
   RWL_NON_ASCII (1)
     2 byte(s) outside printable ASCII
 67 note(s) not shown; see rwl.check() or the 'check' element of this report.

 NOTES
-----------------------------------------------------------------------------------------------------------------------------------
 Report generated using dplR 1.8.1 (R 4.5.2) on 2026-10-01 16:50 PDT.
 Measurement file deu426.rwl, MD5 f4702e4958fef65e345f10207e99dff1.
 Filtering: each series divided by a 32-year smoothing spline (caps()), then prewhitened with
   an AR model (order by AIC, at most 3).
 Master: biweight robust mean of the other series (leave-one-out).
 Correlation: Pearson, one-tailed, pcrit = 0.01; critical r = 0.3665 for 40-year segments.
 Segments: 40 years, lagged 20, first segment floored to 50. Lags searched: +/- 10 years.
 A segment is tested only where the series and the master cover all of it, at the dated
   position and at every lag. COFECHA also tests partial segments at the ends of a series, so
   series here may show fewer segments, and no flags can be raised at the ends of the record.
 Lags follow COFECHA: negative means rings are probably missing from the series, positive means
   false rings. A missing ring carries its lag into every segment before it, so look where the
   lag changes along a series. A B flag is a hypothesis to check on the wood; the gain says how
   seriously to take it.
 A B flag marked "weak at every lag" correlates under the critical value even at its best lag:
   the segment is weak wherever it is placed, and the shift is not evidence of a dating error.
   Treat it as a low correlation, like an A.
 Averages in the summary and the totals are weighted by the number of years in each series, as
   COFECHA's are.
 Unfiltered block and mean sensitivity: the measurements as read, and sens1().
 dplR filtered block: the series that was correlated, after filtering. COFECHA's filtered
   series is defined differently, so these three columns are not COFECHA's numbers.
 AR: order of the AR model used to prewhiten.
 Segment length reduced from 50 to 40 years: the record is only 82 years long.
 First segment floored to 50 years, not 100: at 100 no segment could be tested.
