
 COFECHA-style crossdating report: esp091
 Report generated using dplR 1.8.1 (R 4.5.2) on 2026-10-01 16:50 PDT
 Built with dplR's xdate.report(), not COFECHA; see the notes at the end.


      Measurement file name  : esp091.rwl
      MD5 of measurement file: b4ec2844b276d8d86e883c0c41126404
      Date checked           : 01OCT26
      Beginning year         : 1841
      Ending year            : 2009
      Principal investigators: Esper, J.
      Site name              : Vall de Cabanes, Pyrenees EEC02
      Species information    : PIUN Pinus uncinata Mill. ex Mirb.
      Latitude               : 42.6250 N
      Longitude              : 1.0359 E
      Elevation              : 1800 m

      Series intercorrelation: 0.505
      Avg mean sensitivity   : 0.217
      Avg standard deviation : 0.697
      Avg autocorrelation    : 0.836
      Number dated series    : 86
      Segment length tested  : 50

      Number problem segments: 12  (A 10, B 2)
      Pct problem segments   : 6.63


 CORRELATION OF SERIES BY SEGMENTS: esp091
-----------------------------------------------------------------------------------------------------------------------------------
 Correlations of  50-year dated segments, lagged  25 years
 Flags:  A = correlation under   .3281 but highest as dated;  B = correlation higher at other than dated position

 Seq Series  Time_span  1900 1925 1950 
                        1949 1974 1999 
 --- -------- ---------  ---- ---- ---- 
   1 EEC0201A 1902 2009       .65  .72 
   2 EEC0201B 1903 2009       .65  .60 
   3 EEC0202A 1859 2009  .71  .68  .64 
   4 EEC0202B 1856 2009  .70  .67  .66 
   5 EEC0203A 1885 2009  .41  .61  .59 
   6 EEC0203B 1898 2009  .53  .55  .56 
   7 EEC0205A 1896 2009  .62  .81  .76 
   8 EEC0205B 1878 2008  .62  .49  .55 
   9 EEC0206A 1874 2009  .52  .56  .69 
  10 EEC0206B 1877 2009  .66  .56  .61 
  11 EEC0207A 1874 2009  .54  .67  .73 
  12 EEC0207B 1872 2009  .34  .47  .64 
  13 EEC0208A 1879 2008  .63  .49  .57 
  14 EEC0208B 1872 2009  .65  .47  .56 
  15 EEC0210A 1868 2009  .53  .52  .41 
  16 EEC0210B 1864 2008  .34  .32A .51 
  17 EEC0212A 1889 2009  .68  .65  .72 
  18 EEC0212B 1894 2009  .75  .63  .53 
  19 EEC0213A 1879 2009  .76  .63  .56 
  20 EEC0213B 1887 2009  .71  .72  .65 
  21 EEC0214A 1884 2009  .64  .67  .67 
  22 EEC0214B 1877 2009  .66  .58  .63 
  23 EEC0215A 1879 2009  .29A .19A .30A
  24 EEC0215B 1881 2009  .43  .41  .61 
  25 EEC0216A 1877 2009  .57  .51  .63 
  26 EEC0216B 1887 2009  .64  .70  .73 
  27 EEC0217A 1910 2009       .53  .62 
  28 EEC0217B 1919 2009       .49  .48 
  29 EEC0218A 1891 2009  .56  .62  .78 
  30 EEC0218B 1894 2007  .60  .56  .56 
  31 EEC0219A 1914 2009       .57  .62 
  32 EEC0219B 1896 2009  .35  .48  .62 
  34 EEC0220B 1945 2009            .72 
  37 EEC0222A 1920 2009       .53  .62 
  38 EEC0222B 1917 2009       .54  .70 
  39 EEC0223A 1911 2009       .40  .50 
  40 EEC0223B 1910 2009       .32A .53 
  41 EEC0224A 1894 2009  .53  .62  .66 
  42 EEC0224B 1893 2009  .51  .58  .65 
  53 EEC0231A 1884 2009  .41  .29A .58 
  54 EEC0231B 1885 1999  .38  .34  .52 
  57 EEC0235A 1890 2009  .39  .33  .44 
  58 EEC0235B 1883 2009  .34B .44  .37 
  59 EEC0236A 1926 2009            .43 
  60 EEC0236B 1927 2009            .38 
  61 EEC0237A 1841 2009  .44  .47  .71 
  62 EEC0237B 1841 2009  .39  .48  .71 
  63 EEC0238A 1857 2009  .66  .56  .62 
  64 EEC0238B 1879 2009  .54  .57  .65 
  65 EEC0239A 1870 2009  .57  .56  .44 
  66 EEC0239B 1886 2009  .47  .24B .28A
  69 EEC0241A 1937 2009            .45 
  70 EEC0241B 1939 2009            .31A
  71 EEC0242A 1897 2009  .62  .64  .66 
  72 EEC0242B 1891 2009  .54  .59  .57 
  73 EEC0243A 1872 2009  .63  .56  .34 
  74 EEC0243B 1864 2009  .59  .61  .61 
  77 EEC0245A 1870 2009  .51  .53  .38 
  78 EEC0245B 1877 2009  .43  .27A .31A
  79 EEC0247A 1879 2009  .59  .62  .69 
  80 EEC0247B 1877 2003  .57  .52  .57 
  81 EEC0248A 1899 2009       .37  .37 
  82 EEC0248B 1899 2009  .42  .40  .42 
  83 EEC0249A 1864 2008  .66  .75  .66 
  84 EEC0249B 1860 2007  .58  .66  .66 
  85 EEC0250A 1864 2009  .65  .43  .38 
  86 EEC0250B 1866 2009  .43  .55  .60 
 Av segment correlation  .54  .53  .57 

 FLAGGED SEGMENTS: esp091
-----------------------------------------------------------------------------------------------------------------------------------
 Seq Series   Segment    Flag  r dated  Best lag  r at lag   Gain  Note
 --- -------- ---------  ----  -------  --------  --------  -----  -----------------
  16 EEC0210B 1925 1974     A     .323         0
  23 EEC0215A 1900 1949     A     .291         0
  23 EEC0215A 1925 1974     A     .191         0
  23 EEC0215A 1950 1999     A     .299         0
  40 EEC0223B 1925 1974     A     .323         0
  53 EEC0231A 1925 1974     A     .290         0
  58 EEC0235B 1900 1949     B     .344        10      .362   .018
  66 EEC0239B 1925 1974     B     .238        -3      .355   .117
  66 EEC0239B 1950 1999     A     .279         0
  70 EEC0241B 1950 1999     A     .311         0
  78 EEC0245B 1925 1974     A     .271         0
  78 EEC0245B 1950 1999     A     .315         0

 DESCRIPTIVE STATISTICS: esp091
-----------------------------------------------------------------------------------------------------------------------------------

                                                Corr   //-------- Unfiltered --------\\  //-- dplR filtered --\\
                           No.    No.    No.    with   Mean   Max     Std   Auto   Mean   Max     Std   Auto  AR
 Seq Series   Interval   Years  Segmt  Flags   Master  msmt   msmt    dev   corr   sens  value    dev   corr  ()
 --- -------- ---------  -----  -----  -----   ------ -----  -----  -----  -----  -----  -----  -----  -----  --
   1 EEC0201A 1902 2009    108      2      0    .707    .93   2.24   .328   .703   .216   1.68   .205  -.013   1
   2 EEC0201B 1903 2009    107      2      0    .615   1.00   2.38   .361   .670   .216   1.61   .197   .098   0
   3 EEC0202A 1859 2009    151      3      0    .646   1.35   3.61   .831   .940   .161   1.48   .163  -.023   1
   4 EEC0202B 1856 2009    154      3      0    .619   1.30   2.98   .565   .849   .177   1.48   .182  -.006   1
   5 EEC0203A 1885 2009    125      3      0    .388   1.10   2.89   .564   .889   .185   1.55   .194   .042   1
   6 EEC0203B 1898 2009    112      3      0    .535   1.20   3.74   .641   .926   .155   1.35   .157   .039   1
   7 EEC0205A 1896 2009    114      3      0    .642   1.28   4.05   .523   .705   .219   1.74   .229   .007   1
   8 EEC0205B 1878 2008    131      3      0    .529   1.04   3.96   .720   .853   .196   1.50   .179   .036   2
   9 EEC0206A 1874 2009    136      3      0    .574   1.31   6.89   .872   .858   .192   1.49   .183   .025   1
  10 EEC0206B 1877 2009    133      3      0    .590   1.37   5.12   .913   .870   .210   1.55   .199   .011   3
  11 EEC0207A 1874 2009    136      3      0    .595   1.85   4.67   .698   .802   .166   1.42   .163   .007   1
  12 EEC0207B 1872 2009    138      3      0    .473   1.70   6.82   .978   .843   .168   1.83   .176  -.025   2
  13 EEC0208A 1879 2008    130      3      0    .564   1.00   3.94   .815   .934   .237   1.74   .231   .026   1
  14 EEC0208B 1872 2009    138      3      0    .574   1.29   3.66   .993   .928   .210   1.70   .210   .034   2
  15 EEC0210A 1868 2009    142      3      0    .459    .98   4.11   .966   .962   .158   1.57   .176   .015   1
  16 EEC0210B 1864 2008    145      3      1    .427   1.00   4.10  1.079   .963   .180   1.53   .176   .005   2
  17 EEC0212A 1889 2009    121      3      0    .684   1.05   2.71   .459   .803   .218   1.61   .203   .037   0
  18 EEC0212B 1894 2009    116      3      0    .594   1.06   2.71   .468   .843   .209   1.69   .199   .098   0
  19 EEC0213A 1879 2009    131      3      0    .554   1.43   6.11   .940   .865   .205   1.85   .218  -.030   1
  20 EEC0213B 1887 2009    123      3      0    .654   1.23   2.92   .618   .905   .187   1.51   .189   .011   1
  21 EEC0214A 1884 2009    126      3      0    .622    .81   3.21   .640   .956   .198   1.68   .208   .007   1
  22 EEC0214B 1877 2009    133      3      0    .599   1.09   3.53   .607   .894   .203   1.56   .195  -.043   1
  23 EEC0215A 1879 2009    131      3      3    .270    .62   2.17   .449   .900   .173   1.51   .189   .031   1
  24 EEC0215B 1881 2009    129      3      0    .472    .75   2.51   .458   .938   .165   1.42   .169  -.015   1
  25 EEC0216A 1877 2009    133      3      0    .610   1.44   3.92   .888   .890   .176   1.53   .176   .057   3
  26 EEC0216B 1887 2009    123      3      0    .661   1.71   3.93   .774   .890   .174   1.68   .189  -.017   1
  27 EEC0217A 1910 2009    100      2      0    .490    .76   1.63   .269   .774   .186   1.50   .188  -.016   1
  28 EEC0217B 1919 2009     91      2      0    .496    .68   1.41   .283   .875   .187   1.41   .183   .040   1
  29 EEC0218A 1891 2009    119      3      0    .626   1.37   4.50   .915   .930   .187   1.46   .181  -.028   1
  30 EEC0218B 1894 2007    114      3      0    .536   1.43   5.20   .989   .893   .186   1.58   .185  -.012   1
  31 EEC0219A 1914 2009     96      2      0    .491    .91   2.14   .544   .906   .246   2.23   .297   .095   1
  32 EEC0219B 1896 2009    114      3      0    .414    .92   2.35   .438   .806   .217   1.44   .217  -.041   1
  33 EEC0220A 1953 2008     56      0      0    .707   1.35   2.24   .426   .775   .158   1.36   .168   .020   1
  34 EEC0220B 1945 2009     65      1      0    .603   1.21   2.03   .408   .726   .193   1.38   .180   .090   1
  35 EEC0221A 1975 2009     35      0      0    .452   1.22   1.67   .316   .644   .167   1.24   .185  -.014   1
  36 EEC0221B 1976 2009     34      0      0    .470   1.49   2.07   .289   .371   .161   1.20   .147  -.089   0
  37 EEC0222A 1920 2009     90      2      0    .553   1.80   5.64   .995   .834   .199   1.70   .219   .000   1
  38 EEC0222B 1917 2009     93      2      0    .603   2.67   4.81  1.022   .855   .171   1.38   .165   .007   1
  39 EEC0223A 1911 2009     99      2      0    .461    .96   3.03   .578   .929   .176   1.53   .184  -.007   3
  40 EEC0223B 1910 2009    100      2      1    .462    .87   2.38   .600   .948   .174   1.51   .181   .003   1
  41 EEC0224A 1894 2009    116      3      0    .535   1.57   4.84   .901   .812   .236   1.64   .219   .013   1
  42 EEC0224B 1893 2009    117      3      0    .561   1.92   4.79  1.089   .888   .223   1.69   .204   .115   0
  43 EEC0225A 1983 2009     27      0      0   -.037    .82   2.03   .449   .708   .292   1.59   .320   .140   1
  44 EEC0225B 1971 2009     39      0      0    .290    .60   1.69   .438   .687   .400   3.97   .630   .302   1
  45 EEC0226A 1970 2009     40      0      0    .339    .76   2.04   .497   .700   .415   1.82   .421   .011   1
  46 EEC0226B 1963 2009     47      0      0    .315    .85   1.96   .546   .646   .401   2.07   .451   .006   1
  47 EEC0227A 1961 2009     49      0      0    .367    .53   1.23   .222   .466   .312   1.93   .305   .013   2
  48 EEC0227B 1962 2009     48      0      0    .221    .75   2.16   .369   .410   .322   2.42   .341   .026   2
  49 EEC0229A 1961 2009     49      0      0    .323   1.27   1.95   .419   .350   .297   1.49   .277   .118   2
  50 EEC0229B 1953 2009     57      0      0    .273   1.08   2.06   .480   .619   .320   1.65   .309   .047   2
  51 EEC0230A 1992 2009     18      0      0    .313   1.45   2.54   .353   .078   .217   1.20   .131   .065   2
  52 EEC0230B 1990 2009     20      0      0    .088   1.45   1.99   .325   .478   .159   1.27   .189   .329   0
  53 EEC0231A 1884 2009    126      3      1    .453    .67   1.95   .467   .853   .315   2.37   .323   .020   1
  54 EEC0231B 1885 1999    115      3      0    .456    .66   2.38   .443   .872   .279   1.93   .290  -.010   1
  55 EEC0232A 1975 2009     35      0      0    .324   2.27   4.63  1.105   .838   .251   1.75   .256   .152   1
  56 EEC0232B 1978 2009     32      0      0    .366   2.94   4.67  1.300   .797   .236   1.30   .206   .030   1
  57 EEC0235A 1890 2009    120      3      0    .417   1.06   2.80   .641   .927   .203   1.54   .233  -.011   2
  58 EEC0235B 1883 2009    127      3      1    .363   1.02   3.89   .819   .913   .257   1.74   .280   .045   1
  59 EEC0236A 1926 2009     84      1      0    .442   1.18   2.67   .561   .832   .215   1.52   .226   .011   1
  60 EEC0236B 1927 2009     83      1      0    .405   1.20   2.53   .596   .824   .242   1.84   .271   .009   1
  61 EEC0237A 1841 2009    169      3      0    .572    .82   2.71   .552   .889   .228   1.60   .236  -.006   1
  62 EEC0237B 1841 2009    169      3      0    .560    .81   2.79   .574   .913   .234   1.58   .233  -.021   1
  63 EEC0238A 1857 2009    153      3      0    .461   1.74   5.31  1.230   .927   .198   1.45   .184   .014   1
  64 EEC0238B 1879 2009    131      3      0    .515   1.31   3.60   .812   .915   .196   1.50   .180   .104   0
  65 EEC0239A 1870 2009    140      3      0    .402   1.32   3.79   .819   .893   .206   1.66   .230  -.028   1
  66 EEC0239B 1886 2009    124      3      2    .340   1.16   2.78   .580   .866   .255   1.70   .245   .005   1
  67 EEC0240A 1955 2009     55      0      0    .588   1.40   2.34   .453   .696   .198   1.59   .221   .037   1
  68 EEC0240B 1958 2009     52      0      0    .544   1.02   2.25   .404   .702   .220   1.89   .244   .068   1
  69 EEC0241A 1937 2009     73      1      0    .314    .53   1.34   .309   .637   .416   2.05   .406   .003   2
  70 EEC0241B 1939 2009     71      1      1    .303    .58   2.14   .391   .664   .446   2.63   .438  -.001   3
  71 EEC0242A 1897 2009    113      3      0    .621   1.53   3.62   .798   .884   .204   1.51   .200  -.014   2
  72 EEC0242B 1891 2009    119      3      0    .555   1.24   4.47   .845   .912   .217   1.52   .220  -.023   2
  73 EEC0243A 1872 2009    138      3      0    .495   1.33   2.95   .582   .737   .236   2.03   .278   .062   1
  74 EEC0243B 1864 2009    146      3      0    .552   1.34   3.35   .548   .713   .224   1.80   .241   .025   1
  75 EEC0244A 1961 2009     49      0      0    .392    .80   2.71   .551   .511   .420   2.19   .417   .007   2
  76 EEC0244B 1959 2009     51      0      0    .317    .81   2.14   .544   .557   .440   2.05   .430   .042   1
  77 EEC0245A 1870 2009    140      3      0    .447   1.33   4.12   .740   .870   .167   1.45   .179   .023   1
  78 EEC0245B 1877 2009    133      3      2    .372   1.19   3.73   .707   .851   .178   1.81   .181   .091   3
  79 EEC0247A 1879 2009    131      3      0    .504   1.53   3.46   .715   .885   .191   2.18   .237   .138   1
  80 EEC0247B 1877 2003    127      3      0    .492   1.50   3.16   .618   .840   .209   1.64   .208   .026   1
  81 EEC0248A 1899 2009    111      2      0    .364   1.33   3.91   .624   .693   .220   2.52   .265   .011   2
  82 EEC0248B 1899 2009    111      3      0    .418   1.49   4.71   .631   .633   .223   1.80   .235   .018   1
  83 EEC0249A 1864 2008    145      3      0    .553   1.79   5.90  1.031   .883   .196   1.66   .223   .094   1
  84 EEC0249B 1860 2007    148      3      0    .547   1.67   3.91   .867   .841   .218   1.71   .250   .082   1
  85 EEC0250A 1864 2009    146      3      0    .501   1.47   5.38  1.274   .881   .276   2.04   .290  -.010   2
  86 EEC0250B 1866 2009    144      3      0    .565   1.33   3.75   .870   .875   .244   1.65   .246   .013   1
 --- -------- ---------  -----  -----  -----   ------ -----  -----  -----  -----  -----  -----  -----  -----  --
 Total or mean:           9010    181     12    .505   1.23   6.89   .697   .836   .217   3.97   .223   .023

 DATA CHECKS (rwl.check): esp091
-----------------------------------------------------------------------------------------------------------------------------------
 rwl.check: data_files/treering/measurements/europe/esp091.rwl
 86 series, 9010 measurements, 1841-2009, 0.01 mm precision
 0 error(s), 0 warning(s), 14 note(s)
 -------------
 Nothing to report at this severity.
 14 note(s) not shown; see rwl.check() or the 'check' element of this report.

 NOTES
-----------------------------------------------------------------------------------------------------------------------------------
 Report generated using dplR 1.8.1 (R 4.5.2) on 2026-10-01 16:50 PDT.
 Measurement file esp091.rwl, MD5 b4ec2844b276d8d86e883c0c41126404.
 Filtering: each series divided by a 32-year smoothing spline (caps()), then prewhitened with
   an AR model (order by AIC, at most 3).
 Master: biweight robust mean of the other series (leave-one-out).
 Correlation: Pearson, one-tailed, pcrit = 0.01; critical r = 0.3281 for 50-year segments.
 Segments: 50 years, lagged 25, first segment floored to 100. Lags searched: +/- 10 years.
 A segment is tested only where the series and the master cover all of it, at the dated
   position and at every lag. COFECHA also tests partial segments at the ends of a series, so
   series here may show fewer segments, and no flags can be raised at the ends of the record.
 Lags follow COFECHA: negative means rings are probably missing from the series, positive means
   false rings. A missing ring carries its lag into every segment before it, so look where the
   lag changes along a series. A B flag is a hypothesis to check on the wood; the gain says how
   seriously to take it.
 A B flag marked "weak at every lag" correlates under the critical value even at its best lag:
   the segment is weak wherever it is placed, and the shift is not evidence of a dating error.
   Treat it as a low correlation, like an A.
 Averages in the summary and the totals are weighted by the number of years in each series, as
   COFECHA's are.
 Unfiltered block and mean sensitivity: the measurements as read, and sens1().
 dplR filtered block: the series that was correlated, after filtering. COFECHA's filtered
   series is defined differently, so these three columns are not COFECHA's numbers.
 AR: order of the AR model used to prewhiten.
