
 COFECHA-style crossdating report: esp090
 Report generated using dplR 1.8.1 (R 4.5.2) on 2026-10-01 16:50 PDT
 Built with dplR's xdate.report(), not COFECHA; see the notes at the end.


      Measurement file name  : esp090.rwl
      MD5 of measurement file: 77ba6072723e9a4476756944c687b568
      Date checked           : 01OCT26
      Beginning year         : 1678
      Ending year            : 2009
      Principal investigators: Esper, J.
      Site name              : Vall de Cabanes, Pyrenees EEC01
      Species information    : PIUN Pinus uncinata Mill. ex Mirb.
      Latitude               : 42.6103 N
      Longitude              : 1.0297 E
      Elevation              : 2200 m

      Series intercorrelation: 0.548
      Avg mean sensitivity   : 0.216
      Avg standard deviation : 0.504
      Avg autocorrelation    : 0.772
      Number dated series    : 99
      Series crossdated      : 98
      Segment length tested  : 50

      Number problem segments: 9  (A 3, B 6; 5 of the B weak at every lag)
      Pct problem segments   : 5.08


 CORRELATION OF SERIES BY SEGMENTS: esp090
-----------------------------------------------------------------------------------------------------------------------------------
 Correlations of  50-year dated segments, lagged  25 years
 Flags:  A = correlation under   .3281 but highest as dated;  B = correlation higher at other than dated position

 Seq Series  Time_span  1700 1725 1750 1775 1800 1825 1850 1875 1900 1925 1950 
                        1749 1774 1799 1824 1849 1874 1899 1924 1949 1974 1999 
 --- -------- ---------  ---- ---- ---- ---- ---- ---- ---- ---- ---- ---- ---- 
   5 EEC0103a 1904 2009                                               .51  .69 
   6 EEC0103b 1881 2009                                          .56  .61  .63 
   7 EEC0104a 1937 2009                                                    .66 
   8 EEC0104b 1927 2009                                                    .66 
  10 EEC0106a 1943 2009                                                    .80 
  11 EEC0106b 1950 2007                                                    .76 
  12 EEC0107a 1948 2009                                                    .60 
  13 EEC0107b 1944 2009                                                    .70 
  14 EEC0108a 1946 2009                                                    .77 
  15 EEC0108b 1930 2009                                                    .83 
  16 EEC0109a 1910 2009                                               .65  .81 
  17 EEC0109b 1920 2009                                               .55  .78 
  18 EEC0110a 1895 2009                                          .26B .23B .48 
  19 EEC0110b 1909 2009                                               .31A .56 
  26 EEC0114a 1799 2009                      .48  .54  .63  .72  .75  .67  .73 
  27 EEC0114b 1809 2009                           .60  .70  .70  .68  .72  .75 
  28 EEC0115a 1930 2009                                                    .79 
  29 EEC0115b 1925 2009                                                    .85 
  30 EEC0116a 1943 2009                                                    .59 
  31 EEC0116b 1945 2009                                                    .70 
  32 EEC0117a 1928 2009                                                    .69 
  33 EEC0117b 1930 2009                                                    .83 
  34 EEC0118a 1949 2009                                                    .75 
  35 EEC0118b 1948 2009                                                    .69 
  36 EEC0119a 1950 2009                                                    .63 
  37 EEC0119b 1949 2009                                                    .69 
  39 EEC0120b 1948 2009                                                    .70 
  40 EEC0121a 1943 2009                                                    .73 
  41 EEC0121b 1941 2009                                                    .82 
  44 EEC0123a 1938 2009                                                    .81 
  45 EEC0123b 1937 2009                                                    .89 
  46 EEC0124a 1923 2009                                               .64  .80 
  48 EEC0125a 1936 2009                                                    .76 
  49 EEC0125b 1938 2009                                                    .80 
  51 EEC0126b 1948 2009                                                    .47 
  60 EEC0131a 1939 2009                                                    .49 
  61 EEC0131b 1935 2009                                                    .68 
  63 EEC0132b 1937 2009                                                    .33 
  66 EEC0134a 1950 2009                                                    .58 
  67 EEC0134b 1934 2009                                                    .61 
  70 EEC0136a 1945 2009                                                    .64 
  71 EEC0136b 1941 2009                                                    .73 
  74 EEC0138a 1938 2009                                                    .61 
  75 EEC0138b 1943 2009                                                    .65 
  77 EEC0139b 1947 2009                                                    .64 
  80 EEC0141a 1816 2009                           .77  .77  .71  .63  .77  .73 
  81 EEC0141b 1786 2009                      .82  .81  .71  .72  .73  .77  .68 
  82 EEC0142a 1702 2009       .35  .34  .44  .65  .60  .57  .64  .55  .50  .57 
  83 EEC0142b 1743 2009            .27A .32B .56  .51  .44  .62  .61  .55  .62 
  84 EEC0143a 1749 2009                 .51  .52  .63  .63  .64  .63  .72  .72 
  85 EEC0143b 1721 2009       .18B .62  .48  .51  .63  .67  .71  .64  .75  .74 
  86 EEC0144a 1944 2009                                                    .58 
  87 EEC0144b 1933 2009                                                    .60 
  88 EEC0145a 1695 1994  .45  .39  .36  .49  .67  .69  .70  .70  .44  .56      
  89 EEC0145b 1734 1992            .35  .52  .56  .47  .52  .62  .40  .02B     
  90 EEC0146a 1678 2004  .24A .36  .54  .64  .62  .69  .73  .64  .60  .78  .41 
  91 EEC0146b 1757 2007                 .76  .74  .71  .63  .62  .59  .71  .80 
  92 EEC0147a 1936 2008                                                    .67 
  93 EEC0147b 1937 2009                                                    .66 
  94 EEC0148a 1812 2009                           .34  .40  .50  .34  .46  .62 
  95 EEC0148b 1842 2009                                .50  .58  .51  .40  .47 
  96 EEC0149a 1908 2009                                               .40  .26B
  97 EEC0149b 1926 2009                                                    .37 
  98 EEC0150a 1868 2009                                     .52  .43  .74  .74 
  99 EEC0150b 1896 2009                                          .42  .75  .81 
 Av segment correlation  .35  .32  .41  .52  .61  .61  .61  .64  .54  .57  .67 

 FLAGGED SEGMENTS: esp090
-----------------------------------------------------------------------------------------------------------------------------------
 Seq Series   Segment    Flag  r dated  Best lag  r at lag   Gain  Note
 --- -------- ---------  ----  -------  --------  --------  -----  -----------------
  18 EEC0110a 1900 1949     B     .256         5      .266   .010  weak at every lag
  18 EEC0110a 1925 1974     B     .232         5      .314   .082  weak at every lag
  19 EEC0110b 1925 1974     A     .307         0
  83 EEC0142b 1750 1799     A     .272         0
  83 EEC0142b 1775 1824     B     .323        -3      .326   .003  weak at every lag
  85 EEC0143b 1725 1774     B     .184         1      .211   .027  weak at every lag
  89 EEC0145b 1925 1974     B     .016         3      .264   .248  weak at every lag
  90 EEC0146a 1700 1749     A     .245         0
  96 EEC0149a 1950 1999     B     .263         2      .350   .088

 DESCRIPTIVE STATISTICS: esp090
-----------------------------------------------------------------------------------------------------------------------------------

                                                Corr   //-------- Unfiltered --------\\  //-- dplR filtered --\\
                           No.    No.    No.    with   Mean   Max     Std   Auto   Mean   Max     Std   Auto  AR
 Seq Series   Interval   Years  Segmt  Flags   Master  msmt   msmt    dev   corr   sens  value    dev   corr  ()
 --- -------- ---------  -----  -----  -----   ------ -----  -----  -----  -----  -----  -----  -----  -----  --
   1 EEC0101a 1974 2009     36      0      0    .597   2.36   3.65   .565   .577   .174   1.42   .154   .042   0
   2 EEC0101b 1970 2009     40      0      0    .532   2.02   3.61   .763   .669   .243   1.50   .230  -.095   3
   3 EEC0102a 1980 2009     30      0      0    .244   1.33   2.30   .468   .736   .221   1.43   .232   .300   1
   4 EEC0102b 1984 2009     26      0      0    .615   1.89   3.15   .464   .423   .201   1.54   .206   .089   1
   5 EEC0103a 1904 2009    106      2      0    .566   1.23   3.01   .616   .915   .163   1.43   .171  -.013   1
   6 EEC0103b 1881 2009    129      3      0    .549   1.38   3.26   .597   .865   .170   1.51   .178  -.020   2
   7 EEC0104a 1937 2009     73      1      0    .579   1.08   2.64   .486   .830   .222   1.54   .214   .110   0
   8 EEC0104b 1927 2009     83      1      0    .485   1.04   2.11   .419   .780   .241   1.64   .234  -.009   2
   9 EEC0105a 1987 2009     23      0      0    .444    .92   2.06   .514   .831   .245   1.66   .275  -.156   1
  10 EEC0106a 1943 2009     67      1      0    .777   1.44   3.19   .664   .805   .226   1.39   .203  -.024   2
  11 EEC0106b 1950 2007     58      1      0    .767   1.40   3.32   .635   .757   .249   1.64   .231   .125   0
  12 EEC0107a 1948 2009     62      1      0    .591   1.79   3.21   .585   .710   .203   1.42   .182   .149   0
  13 EEC0107b 1944 2009     66      1      0    .631   1.82   2.85   .423   .352   .220   1.42   .183  -.006   0
  14 EEC0108a 1946 2009     64      1      0    .773   1.43   2.79   .612   .741   .260   1.44   .218  -.054   0
  15 EEC0108b 1930 2009     80      1      0    .707   1.46   2.81   .488   .643   .247   1.38   .200  -.005   0
  16 EEC0109a 1910 2009    100      2      0    .671    .83   2.15   .435   .765   .281   1.93   .272   .004   1
  17 EEC0109b 1920 2009     90      2      0    .670    .80   1.64   .341   .677   .275   1.65   .227   .001   3
  18 EEC0110a 1895 2009    115      3      2    .365    .92   1.75   .314   .715   .206   1.47   .193   .038   1
  19 EEC0110b 1909 2009    101      2      1    .404    .86   3.07   .370   .662   .231   1.81   .231   .053   2
  20 EEC0111a 1993 2009     17      0      0    .055   1.67   3.07   .832   .834   .245   1.71   .322  -.054   1
  21 EEC0111b 1982 2009     28      0      0    .443    .83   1.59   .308   .526   .299   1.81   .295   .264   0
  22 EEC0112a 1960 2009     50      0      0    .633    .45   1.01   .175   .615   .272   1.79   .262   .174   0
  23 EEC0112b 1960 2009     50      0      0    .446    .41   1.13   .247   .832   .255   1.73   .282  -.008   2
  24 EEC0113a 1975 2009     35      0      0    .467    .96   1.78   .409   .555   .313   1.44   .294   .227   0
  25 EEC0113b 1978 2009     32      0      0    .616    .87   1.79   .437   .671   .275   1.48   .276  -.067   1
  26 EEC0114a 1799 2009    211      7      0    .604   1.34   3.15   .566   .889   .165   1.70   .184   .014   1
  27 EEC0114b 1809 2009    201      6      0    .671   1.31   2.70   .502   .882   .157   1.46   .165  -.036   1
  28 EEC0115a 1930 2009     80      1      0    .652   1.59   3.27   .679   .784   .212   1.45   .197   .007   1
  29 EEC0115b 1925 2009     85      1      0    .702   1.73   3.79   .876   .889   .197   1.51   .204  -.024   1
  30 EEC0116a 1943 2009     67      1      0    .516    .88   2.19   .477   .888   .215   1.82   .227  -.033   1
  31 EEC0116b 1945 2009     65      1      0    .621   1.01   2.06   .364   .782   .197   1.63   .204  -.039   1
  32 EEC0117a 1928 2009     82      1      0    .640   1.11   2.12   .467   .713   .261   1.70   .251  -.018   1
  33 EEC0117b 1930 2009     80      1      0    .720    .92   2.13   .527   .843   .271   1.48   .239   .015   1
  34 EEC0118a 1949 2009     61      1      0    .721   1.15   2.50   .351   .407   .272   1.84   .239   .096   0
  35 EEC0118b 1948 2009     62      1      0    .662   1.32   2.77   .474   .646   .261   1.50   .233   .001   1
  36 EEC0119a 1950 2009     60      1      0    .569    .92   1.97   .336   .691   .229   1.50   .214   .174   0
  37 EEC0119b 1949 2009     61      1      0    .648    .95   1.75   .240   .211   .258   1.79   .239   .101   0
  38 EEC0120a 1951 2009     59      0      0    .699    .96   1.70   .305   .500   .267   1.56   .242   .124   0
  39 EEC0120b 1948 2009     62      1      0    .698   1.08   2.06   .333   .510   .260   1.61   .249   .019   1
  40 EEC0121a 1943 2009     67      1      0    .704   1.89   3.17   .580   .304   .310   1.52   .249  -.030   0
  41 EEC0121b 1941 2009     69      1      0    .760   2.15   4.08   .753   .556   .304   1.76   .241  -.115   0
  42 EEC0122a 1977 2009     33      0      0    .499   2.32   3.64   .571   .445   .212   1.35   .183  -.062   0
  43 EEC0122b 1972 2009     38      0      0    .462   2.06   3.27   .779   .707   .241   1.36   .200   .009   1
  44 EEC0123a 1938 2009     72      1      0    .791   1.51   2.50   .475   .430   .281   1.46   .224  -.105   0
  45 EEC0123b 1937 2009     73      1      0    .868   1.70   3.20   .611   .622   .242   1.42   .198  -.156   0
  46 EEC0124a 1923 2009     87      2      0    .156   1.45   3.20   .786   .803   .267  11.52  1.162   .594   0
  47 EEC0124b 1953 2009     57      0      0    .823   1.35   3.62   .785   .771   .298   1.53   .234  -.100   0
  48 EEC0125a 1936 2009     74      1      0    .745   1.24   2.99   .691   .819   .281   1.63   .235  -.088   0
  49 EEC0125b 1938 2009     72      1      0    .753   1.29   3.33   .833   .860   .278   1.67   .254   .088   0
  50 EEC0126a 1954 2009     56      0      0    .389   1.61   3.06   .684   .636   .255   1.58   .228   .044   0
  51 EEC0126b 1948 2009     62      1      0    .414   1.62   2.87   .534   .468   .238   1.66   .227   .050   0
  52 EEC0127a 1990 2009     20      0      0   -.006   2.33   3.65   .883   .806   .228   1.23   .198   .097   2
  53 EEC0127b 1990 2009     20      0      0   -.072   2.07   3.41   .778   .726   .264   1.66   .279   .305   1
  54 EEC0128a 1996 2009     14      0      0   -.217   2.72   4.79  1.295   .459   .319   1.99   .429   .216   0
  55 EEC0128b 1996 2009     14      0      0   -.029   3.65   5.37  1.661   .578   .350   1.63   .329   .054   0
  56 EEC0129a 1981 2008     28      0      0    .729   1.50   2.57   .736   .800   .296   1.48   .266  -.033   1
  57 EEC0129b 1975 2008     34      0      0    .403   1.60   3.24   .867   .813   .290   1.55   .279   .090   1
  58 EEC0130a 1989 2009     21      0      0    .634   2.55   3.51   .503   .551   .145   1.31   .156  -.037   1
  59 EEC0130b 1987 2009     23      0      0   -.174   2.46   4.22   .960   .737   .247   1.63   .290   .093   0
  60 EEC0131a 1939 2009     71      1      0    .230   2.03   4.26  1.174   .938   .195   3.62   .373   .340   1
  61 EEC0131b 1935 2009     75      1      0    .326   1.98   4.09  1.062   .910   .209   3.46   .358   .405   1
  62 EEC0132a 1938 2008     71                         1.43   3.04   .815   .906   .231                         
  63 EEC0132b 1937 2009     73      1      0    .175   1.48   3.59   .914   .935   .197   5.47   .591   .587   1
  64 EEC0133a 1956 2009     54      0      0    .581   2.00   2.73   .407   .206   .201   1.24   .146  -.094   3
  65 EEC0133b 1965 2009     45      0      0    .664   2.15   2.88   .319   .058   .141   1.21   .110   .108   3
  66 EEC0134a 1950 2009     60      1      0    .542   1.19   2.28   .443   .605   .264   1.48   .230   .089   0
  67 EEC0134b 1934 2009     76      1      0    .430   1.53   2.94   .564   .513   .298   1.93   .280   .022   1
  68 EEC0135a 1957 2009     53      0      0    .672   1.83   2.87   .440   .497   .179   1.34   .149  -.154   0
  69 EEC0135b 1956 2009     54      0      0    .680   1.86   3.06   .502   .603   .185   1.44   .173   .000   3
  70 EEC0136a 1945 2009     65      1      0    .525   1.36   3.18   .645   .852   .214   1.61   .219  -.030   1
  71 EEC0136b 1941 2009     69      1      0    .538   1.30   3.08   .722   .873   .233   1.61   .233   .044   1
  72 EEC0137a 1988 2009     22      0      0    .557   1.97   3.17   .654   .564   .234   1.67   .268   .109   0
  73 EEC0137b 1988 2009     22      0      0    .655   2.33   3.75   .774   .562   .275   1.54   .257  -.023   0
  74 EEC0138a 1938 2009     72      1      0    .548   2.17   3.69   .776   .852   .159   1.39   .163  -.015   1
  75 EEC0138b 1943 2009     67      1      0    .597   2.27   4.25   .801   .788   .181   1.47   .184   .045   1
  76 EEC0139a 1950 2009     60      0      0    .599   1.03   2.35   .484   .853   .219   1.48   .199  -.056   3
  77 EEC0139b 1947 2009     63      1      0    .631   1.72   4.58   .785   .704   .212   1.59   .202   .161   1
  78 EEC0140a 1981 2009     29      0      0    .593    .99   2.39   .541   .749   .359   1.75   .334   .044   0
  79 EEC0140b 1990 2009     20      0      0    .701   1.60   2.57   .567   .542   .269   1.99   .318  -.147   0
  80 EEC0141a 1816 2009    194      6      0    .682   1.11   2.22   .439   .780   .208   1.76   .210   .009   1
  81 EEC0141b 1786 2009    224      7      0    .497   1.13   2.09   .427   .764   .205   3.92   .290   .198   1
  82 EEC0142a 1702 2009    308     10      0    .474    .58   1.30   .271   .867   .220   1.76   .226  -.029   1
  83 EEC0142b 1743 2009    267      9      2    .489    .69   2.15   .404   .910   .228   1.86   .231  -.028   1
  84 EEC0143a 1749 2009    261      8      0    .618    .64   1.53   .258   .824   .191   1.67   .191  -.016   3
  85 EEC0143b 1721 2009    289     10      1    .543    .78   3.57   .489   .917   .189   1.60   .190  -.011   1
  86 EEC0144a 1944 2009     66      1      0    .570   1.44   2.48   .363   .522   .211   1.49   .192   .129   0
  87 EEC0144b 1933 2009     77      1      0    .515    .92   1.55   .212   .481   .183   1.40   .178   .011   1
  88 EEC0145a 1695 1994    300     10      0    .532    .47   1.62   .290   .896   .205   1.75   .198  -.017   2
  89 EEC0145b 1734 1992    259      8      1    .344    .50   1.61   .338   .933   .198   1.51   .182   .080   0
  90 EEC0146a 1678 2004    327     11      1    .478    .64   1.63   .312   .888   .179   1.58   .183  -.017   1
  91 EEC0146b 1757 2007    251      8      0    .653    .54   1.41   .231   .874   .180   1.53   .180   .010   1
  92 EEC0147a 1936 2008     73      1      0    .608   1.39   2.83   .558   .886   .165   1.44   .161  -.011   1
  93 EEC0147b 1937 2009     73      1      0    .625   1.62   3.21   .600   .843   .170   1.37   .178   .004   1
  94 EEC0148a 1812 2009    198      6      0    .467    .56   1.18   .227   .754   .217   1.86   .239   .012   1
  95 EEC0148b 1842 2009    168      5      0    .462   1.16   3.38   .597   .878   .204   2.65   .250  -.005   1
  96 EEC0149a 1908 2009    102      2      1    .127   2.07   4.13  1.029   .895   .201   7.69   .706   .455   1
  97 EEC0149b 1926 2009     84      1      0    .332   2.14   3.99  1.053   .888   .181   1.85   .239   .057   2
  98 EEC0150a 1868 2009    142      4      0    .652   1.75   3.75   .643   .858   .159   1.40   .152  -.010   1
  99 EEC0150b 1896 2009    114      3      0    .693   2.00   4.29   .666   .878   .141   1.51   .142  -.006   1
 --- -------- ---------  -----  -----  -----   ------ -----  -----  -----  -----  -----  -----  -----  -----  --
 Total or mean:           8629    177      9    .548   1.19   5.37   .504   .772   .216  11.52   .233   .036

 DATA CHECKS (rwl.check): esp090
-----------------------------------------------------------------------------------------------------------------------------------
 rwl.check: data_files/treering/measurements/europe/esp090.rwl
 99 series, 8629 measurements, 1678-2009, 0.01 mm precision
 0 error(s), 0 warning(s), 26 note(s)
 -------------
 Nothing to report at this severity.
 26 note(s) not shown; see rwl.check() or the 'check' element of this report.

 NOTES
-----------------------------------------------------------------------------------------------------------------------------------
 Report generated using dplR 1.8.1 (R 4.5.2) on 2026-10-01 16:50 PDT.
 Measurement file esp090.rwl, MD5 77ba6072723e9a4476756944c687b568.
 Filtering: each series divided by a 32-year smoothing spline (caps()), then prewhitened with
   an AR model (order by AIC, at most 3).
 Master: biweight robust mean of the other series (leave-one-out).
 Correlation: Pearson, one-tailed, pcrit = 0.01; critical r = 0.3281 for 50-year segments.
 Segments: 50 years, lagged 25, first segment floored to 100. Lags searched: +/- 10 years.
 A segment is tested only where the series and the master cover all of it, at the dated
   position and at every lag. COFECHA also tests partial segments at the ends of a series, so
   series here may show fewer segments, and no flags can be raised at the ends of the record.
 Lags follow COFECHA: negative means rings are probably missing from the series, positive means
   false rings. A missing ring carries its lag into every segment before it, so look where the
   lag changes along a series. A B flag is a hypothesis to check on the wood; the gain says how
   seriously to take it.
 A B flag marked "weak at every lag" correlates under the critical value even at its best lag:
   the segment is weak wherever it is placed, and the shift is not evidence of a dating error.
   Treat it as a low correlation, like an A.
 Averages in the summary and the totals are weighted by the number of years in each series, as
   COFECHA's are.
 Unfiltered block and mean sensitivity: the measurements as read, and sens1().
 dplR filtered block: the series that was correlated, after filtering. COFECHA's filtered
   series is defined differently, so these three columns are not COFECHA's numbers.
 AR: order of the AR model used to prewhiten.
 Left out of the crossdating: the 'nyrs' spline for series EEC0132a is not all positive, so
   dividing by it would give negative or infinite indices. Remove the series, or detrend the
   data yourself with detrend() and pass the indices with 'nyrs = NULL'
