
 COFECHA-style crossdating report: esp101
 Report generated using dplR 1.8.1 (R 4.5.2) on 2026-10-01 16:49 PDT
 Built with dplR's xdate.report(), not COFECHA; see the notes at the end.


      Measurement file name  : esp101.rwl
      MD5 of measurement file: 4793ef18b20ff58f0ca5251bd011982e
      Date checked           : 01OCT26
      Beginning year         : 1268
      Ending year            : 2015
      Principal investigators: Esper, J.
      Site name              : Cazorla, Provinz Jaén HEC03
      Species information    : PINI Pinus nigra J.F. Arnold
      Latitude               : 37.8096 N
      Longitude              : 2.9559 W
      Elevation              : 1800 m

      Series intercorrelation: 0.695
      Avg mean sensitivity   : 0.279
      Avg standard deviation : 0.621
      Avg autocorrelation    : 0.843
      Number dated series    : 159
      Segment length tested  : 50

      Number problem segments: 9  (A 5, B 4; 1 of the B weak at every lag)
      Pct problem segments   : 0.65


 CORRELATION OF SERIES BY SEGMENTS: esp101
-----------------------------------------------------------------------------------------------------------------------------------
 Correlations of  50-year dated segments, lagged  25 years
 Flags:  A = correlation under   .3281 but highest as dated;  B = correlation higher at other than dated position

 Seq Series  Time_span  1300 1325 1350 1375 1400 1425 1450 1475 1500 1525 1550 1575 1600 1625 1650 1675 1700 1725 1750 1775 
                        1349 1374 1399 1424 1449 1474 1499 1524 1549 1574 1599 1624 1649 1674 1699 1724 1749 1774 1799 1824 
 --- -------- ---------  ---- ---- ---- ---- ---- ---- ---- ---- ---- ---- ---- ---- ---- ---- ---- ---- ---- ---- ---- ---- 
   1 HEC0300A 1600 2015                                                                   .77  .79  .76  .79  .78  .82  .77 
   2 HEC0300B 1616 2015                                                                   .70  .70  .76  .78  .78  .80  .74 
   3 HEC0301A 1585 2015                                                              .73  .71  .83  .89  .92  .88  .80  .83 
   4 HEC0301B 1580 2015                                                              .65  .70  .81  .84  .89  .90  .81  .83 
   5 HEC0305A 1765 2015                                                                                                 .70 
   7 HEC0306A 1585 2015                                                              .70  .74  .66  .72  .78  .73  .69  .72 
   8 HEC0306B 1590 2015                                                              .74  .66  .72  .79  .70  .68  .76  .76 
   9 HEC0307A 1610 2015                                                                   .75  .80  .86  .87  .88  .88  .86 
  10 HEC0307B 1652 2015                                                                             .75  .78  .85  .87  .85 
  11 HEC0308A 1334 2015            .41  .40  .56  .59  .47  .27A .56  .73  .53  .35  .58  .77  .85  .87  .82  .76  .76  .76 
  12 HEC0308B 1268 2015            .48  .37  .43  .57  .57  .49  .61  .70  .53  .45  .59  .72  .81  .81  .84  .87  .81  .72 
  15 HEC0310A 1657 2015                                                                             .62  .64  .66  .65  .72 
  16 HEC0310B 1692 2015                                                                                  .69  .74  .67  .68 
  17 HEC0311A 1677 2015                                                                                  .73  .71  .72  .68 
  18 HEC0311B 1599 2015                                                                   .52  .73  .74  .69  .81  .75  .62 
  19 HEC0312A 1602 2015                                                                   .83  .86  .87  .85  .78  .81  .83 
  20 HEC0312B 1612 2015                                                                   .80  .81  .79  .73  .78  .76  .70 
  21 HEC0313A 1600 2015                                                                   .80  .81  .82  .75  .77  .85  .83 
  22 HEC0313B 1594 2015                                                              .76  .74  .77  .83  .73  .69  .81  .83 
  23 HEC0316A 1608 2015                                                                   .73  .75  .68  .45  .51  .75  .72 
  24 HEC0316B 1628 2015                                                                        .52  .48  .43  .50  .53  .52 
  25 HEC0318A 1601 2015                                                                   .52  .74  .80  .68  .57  .59  .67 
  26 HEC0318B 1628 2015                                                                        .80  .80  .76  .66  .69  .79 
  27 HEC0319A 1619 2015                                                                   .76  .83  .87  .77  .74  .83  .82 
  28 HEC0319B 1628 2015                                                                        .80  .75  .74  .77  .81  .82 
  29 HEC0321A 1660 2015                                                                             .82  .75  .75  .79  .76 
  30 HEC0321B 1712 2015                                                                                       .74  .78  .68 
  31 HEC0322A 1606 2015                                                                   .73  .80  .78  .74  .82  .66  .66 
  32 HEC0322B 1603 2015                                                                   .81  .82  .74  .62  .67  .75  .75 
  33 HEC0324A 1612 2015                                                                   .72  .83  .59  .39  .56  .78  .81 
  34 HEC0324B 1613 2015                                                                   .81  .80  .71  .62  .68  .75  .76 
  35 HEC0326A 1587 2015                                                              .66  .68  .76  .72  .76  .85  .86  .88 
  36 HEC0326B 1607 2015                                                                   .63  .63  .80  .73  .69  .78  .80 
  37 HEC0327A 1616 2015                                                                   .63  .79  .76  .80  .83  .78  .83 
  38 HEC0327B 1626 2015                                                                        .84  .78  .74  .82  .80  .81 
  39 HEC0329A 1590 2015                                                              .69  .85  .89  .87  .84  .85  .73  .76 
  40 HEC0329B 1600 2015                                                                   .77  .85  .86  .87  .86  .78  .82 
  41 HEC0330A 1589 2015                                                              .81  .77  .74  .68  .78  .86  .81  .84 
  42 HEC0330B 1617 2015                                                                   .78  .81  .85  .78  .74  .85  .85 
  43 HEC0331A 1370 2015                 .40  .55  .71  .63  .54  .82  .77  .71  .80  .81  .71  .73  .77  .75  .74  .74  .70 
  44 HEC0331B 1357 2015                 .49  .57  .60  .62  .59  .76  .84  .81  .75  .74  .72  .78  .72  .77  .72  .59  .64 
  47 HEC0335A 1639 2015                                                                        .59  .71  .75  .71  .70  .73 
  48 HEC0335B 1652 2015                                                                             .64  .69  .74  .65  .70 
  49 HEC0336A 1595 2015                                                              .78  .78  .79  .79  .68  .56  .61  .72 
  50 HEC0336B 1599 2015                                                                   .66  .76  .77  .66  .56  .70  .82 
  51 HEC0337A 1599 2015                                                                   .64  .69  .62  .60  .73  .75  .72 
  52 HEC0337B 1615 2015                                                                   .51  .67  .65  .67  .72  .67  .68 
  53 HEC0338A 1738 2015                                                                                            .55  .59 
  54 HEC0338B 1744 2015                                                                                            .49  .61 
  55 HEC0339A 1594 2015                                                              .82  .79  .67  .69  .83  .82  .74  .75 
  56 HEC0339B 1589 2015                                                              .65  .78  .71  .74  .84  .85  .84  .79 
  57 HEC0340A 1596 2015                                                              .74  .68  .76  .80  .80  .72  .75  .76 
  58 HEC0340B 1584 2015                                                              .77  .70  .74  .73  .62  .63  .80  .78 
  59 HEC0342A 1592 2015                                                              .61  .72  .84  .81  .75  .75  .80  .78 
  60 HEC0342B 1593 2015                                                              .79  .79  .83  .87  .84  .64  .62  .71 
  61 HEC0343A 1576 2015                                                              .72  .59  .66  .70  .76  .78  .70  .75 
  62 HEC0343B 1576 2015                                                              .73  .74  .76  .80  .84  .83  .81  .84 
  63 HEC0344A 1606 2015                                                                   .73  .84  .89  .89  .84  .79  .78 
  64 HEC0344B 1597 2015                                                              .59  .63  .80  .86  .81  .78  .65  .71 
  65 HEC0345A 1587 2015                                                              .77  .74  .80  .84  .82  .76  .74  .78 
  66 HEC0345B 1596 2015                                                              .80  .70  .80  .87  .81  .80  .84  .84 
  67 HEC0346A 1584 2015                                                              .78  .76  .86  .87  .81  .78  .82  .86 
  68 HEC0346B 1583 2015                                                              .76  .76  .79  .80  .82  .81  .82  .83 
  69 HEC0347A 1579 2015                                                              .77  .75  .79  .78  .70  .68  .75  .77 
  70 HEC0347B 1607 2015                                                                   .64  .75  .83  .82  .80  .78  .71 
  71 HEC0348Z 1694 2015                                                                                  .80  .58  .63  .63 
  72 HEC0349A 1614 2015                                                                   .81  .85  .90  .88  .67  .62  .64 
  73 HEC0349B 1593 2015                                                              .76  .81  .90  .91  .82  .64  .56  .64 
 126 HEC0376A 1615 2015                                                                   .81  .81  .76  .68  .63  .79  .79 
 127 HEC0376B 1600 1951                                                                   .79  .73  .75  .74  .56  .57  .69 
 135 HEC0381A 1616 2015                                                                   .41B .72  .79  .87  .76  .71  .82 
 136 HEC0381B 1617 2015                                                                   .75  .72  .81  .78  .59  .63  .32A
 139 HEC0384A 1628 2015                                                                        .74  .64  .59  .79  .58  .62 
 140 HEC0384B 1625 2015                                                                        .69  .69  .70  .71  .81  .83 
 141 HEC0386A 1738 2015                                                                                            .71  .72 
 142 HEC0386B 1727 2015                                                                                            .75  .76 
 143 HEC0391A 1634 2015                                                                        .70  .83  .80  .67  .70  .72 
 144 HEC0391B 1633 1972                                                                        .40  .63  .72  .70  .74  .74 
 145 HEC0392A 1739 2015                                                                                            .59  .63 
 146 HEC0392B 1738 2015                                                                                            .55  .65 
 147 HEC0393A 1577 2015                                                              .66  .57  .76  .78  .71  .71  .69  .70 
 148 HEC0393B 1594 2015                                                              .62  .57  .72  .77  .73  .68  .66  .72 
 151 HEC0395Z 1680 2015                                                                                  .77  .73  .65  .69 
 153 HEC0396B 1771 2015                                                                                                 .48 
 154 HEC0397A 1763 2015                                                                                                 .73 
 155 HEC0397B 1762 2015                                                                                                 .75 
 156 HEC0398A 1557 2015                                                         .73  .84  .81  .71  .68  .77  .86  .84  .85 
 157 HEC0398B 1599 2015                                                                   .77  .78  .80  .83  .79  .65  .71 
 158 HEC0399A 1622 2015                                                                   .55  .80  .75  .75  .82  .76  .78 
 159 HEC0399B 1646 2015                                                                        .79  .57  .55  .75  .77  .82 
 Av segment correlation            .45  .42  .53  .62  .57  .47  .69  .76  .65  .61  .72  .71  .76  .77  .75  .74  .73  .74 

 CORRELATION OF SERIES BY SEGMENTS: esp101
-----------------------------------------------------------------------------------------------------------------------------------
 Correlations of  50-year dated segments, lagged  25 years
 Flags:  A = correlation under   .3281 but highest as dated;  B = correlation higher at other than dated position

 Seq Series  Time_span  1800 1825 1850 1875 1900 1925 1950 
                        1849 1874 1899 1924 1949 1974 1999 
 --- -------- ---------  ---- ---- ---- ---- ---- ---- ---- 
   1 HEC0300A 1600 2015  .71  .81  .76  .72  .78  .71  .66 
   2 HEC0300B 1616 2015  .71  .79  .82  .75  .71  .73  .77 
   3 HEC0301A 1585 2015  .85  .77  .79  .83  .82  .80  .71 
   4 HEC0301B 1580 2015  .83  .74  .81  .78  .81  .81  .73 
   5 HEC0305A 1765 2015  .76  .65  .59  .55  .55  .52  .55 
   6 HEC0305B 1784 2015  .67  .51  .59  .55  .57  .58  .65 
   7 HEC0306A 1585 2015  .68  .58  .69  .67  .69  .70  .62 
   8 HEC0306B 1590 2015  .73  .68  .64  .63  .64  .55  .61 
   9 HEC0307A 1610 2015  .80  .76  .77  .76  .73  .72  .70 
  10 HEC0307B 1652 2015  .84  .84  .76  .75  .76  .76  .74 
  11 HEC0308A 1334 2015  .73  .69  .73  .77  .66  .59  .64 
  12 HEC0308B 1268 2015  .69  .61  .59  .63  .67  .71  .68 
  13 HEC0309A 1781 2015  .70  .78  .74  .64  .54  .62  .53 
  14 HEC0309B 1781 2015  .63  .79  .63  .48  .34  .44  .59 
  15 HEC0310A 1657 2015  .74  .72  .69  .72  .87  .81  .76 
  16 HEC0310B 1692 2015  .75  .78  .83  .84  .83  .79  .75 
  17 HEC0311A 1677 2015  .76  .78  .68  .72  .80  .85  .77 
  18 HEC0311B 1599 2015  .59  .71  .63  .65  .69  .70  .72 
  19 HEC0312A 1602 2015  .78  .70  .62  .60  .76  .81  .77 
  20 HEC0312B 1612 2015  .75  .74  .63  .70  .79  .77  .77 
  21 HEC0313A 1600 2015  .79  .72  .60  .61  .78  .74  .76 
  22 HEC0313B 1594 2015  .83  .82  .70  .70  .78  .72  .74 
  23 HEC0316A 1608 2015  .73  .74  .77  .73  .75  .70  .70 
  24 HEC0316B 1628 2015  .64  .59  .52  .66  .80  .80  .67 
  25 HEC0318A 1601 2015  .74  .77  .64  .54  .64  .58  .63 
  26 HEC0318B 1628 2015  .78  .79  .69  .61  .76  .65  .50 
  27 HEC0319A 1619 2015  .78  .70  .74  .77  .76  .78  .72 
  28 HEC0319B 1628 2015  .74  .75  .76  .79  .88  .85  .80 
  29 HEC0321A 1660 2015  .79  .82  .78  .78  .85  .87  .81 
  30 HEC0321B 1712 2015  .66  .82  .80  .77  .76  .74  .76 
  31 HEC0322A 1606 2015  .66  .60  .82  .81  .78  .79  .79 
  32 HEC0322B 1603 2015  .66  .69  .79  .80  .81  .80  .78 
  33 HEC0324A 1612 2015  .62  .55  .66  .66  .72  .60  .58 
  34 HEC0324B 1613 2015  .75  .80  .81  .77  .61  .49  .50 
  35 HEC0326A 1587 2015  .86  .86  .85  .70  .56  .75  .76 
  36 HEC0326B 1607 2015  .85  .85  .86  .74  .64  .77  .80 
  37 HEC0327A 1616 2015  .84  .82  .81  .73  .76  .82  .74 
  38 HEC0327B 1626 2015  .86  .73  .77  .82  .77  .78  .75 
  39 HEC0329A 1590 2015  .84  .80  .82  .80  .83  .85  .87 
  40 HEC0329B 1600 2015  .83  .84  .89  .82  .88  .90  .83 
  41 HEC0330A 1589 2015  .86  .85  .86  .83  .84  .85  .85 
  42 HEC0330B 1617 2015  .82  .80  .86  .88  .79  .72  .73 
  43 HEC0331A 1370 2015  .71  .58  .59  .51  .54  .55  .59 
  44 HEC0331B 1357 2015  .76  .79  .83  .82  .67  .74  .76 
  45 HEC0333A 1777 2015  .54  .54  .64  .73  .79  .86  .85 
  46 HEC0333B 1788 2015  .53  .37  .60  .71  .75  .85  .82 
  47 HEC0335A 1639 2015  .64  .58  .67  .70  .79  .80  .77 
  48 HEC0335B 1652 2015  .77  .73  .81  .79  .78  .84  .76 
  49 HEC0336A 1595 2015  .70  .58  .63  .66  .71  .76  .78 
  50 HEC0336B 1599 2015  .76  .69  .63  .66  .76  .78  .67 
  51 HEC0337A 1599 2015  .55  .56  .76  .78  .82  .76  .69 
  52 HEC0337B 1615 2015  .67  .61  .60  .66  .71  .51  .49 
  53 HEC0338A 1738 2015  .60  .71  .80  .79  .86  .82  .80 
  54 HEC0338B 1744 2015  .64  .61  .71  .80  .85  .76  .67 
  55 HEC0339A 1594 2015  .80  .73  .67  .71  .73  .76  .73 
  56 HEC0339B 1589 2015  .80  .84  .79  .77  .77  .81  .82 
  57 HEC0340A 1596 2015  .74  .70  .71  .72  .74  .83  .76 
  58 HEC0340B 1584 2015  .69  .70  .69  .64  .62  .69  .69 
  59 HEC0342A 1592 2015  .65  .65  .68  .69  .72  .66  .62 
  60 HEC0342B 1593 2015  .58  .56  .74  .80  .76  .65  .68 
  61 HEC0343A 1576 2015  .81  .76  .70  .68  .78  .71  .71 
  62 HEC0343B 1576 2015  .93  .84  .80  .73  .71  .76  .74 
  63 HEC0344A 1606 2015  .81  .79  .78  .74  .75  .58  .59 
  64 HEC0344B 1597 2015  .82  .78  .80  .80  .80  .77  .72 
  65 HEC0345A 1587 2015  .80  .79  .81  .78  .79  .79  .82 
  66 HEC0345B 1596 2015  .81  .82  .83  .81  .86  .78  .73 
  67 HEC0346A 1584 2015  .86  .71  .70  .78  .73  .70  .70 
  68 HEC0346B 1583 2015  .82  .75  .75  .76  .77  .77  .77 
  69 HEC0347A 1579 2015  .57  .50  .69  .72  .70  .59  .51 
  70 HEC0347B 1607 2015  .74  .76  .65  .69  .68  .73  .70 
  71 HEC0348Z 1694 2015  .61  .66  .80  .81  .79  .69  .71 
  72 HEC0349A 1614 2015  .66  .77  .79  .84  .69  .65  .75 
  73 HEC0349B 1593 2015  .70  .72  .72  .78  .75  .78  .84 
  74 HEC0350A 1814 2015       .60  .52  .43  .56  .57  .56 
  75 HEC0350B 1805 2015       .63  .68  .57  .45  .43B .52 
  76 HEC0351A 1793 2015  .74  .69  .58  .50  .57  .68  .67 
  77 HEC0351B 1793 2015  .67  .76  .74  .63  .54  .63  .49 
  79 HEC0352B 1949 2015                                .65 
  82 HEC0354A 1949 2015                                .69 
  86 HEC0356A 1942 2015                                .64 
  87 HEC0356B 1944 2015                                .68 
  88 HEC0357A 1938 2015                                .76 
  89 HEC0357B 1938 2015                                .57 
  90 HEC0358A 1941 2015                                .29B
  91 HEC0358B 1941 2015                                .25A
  92 HEC0359A 1938 2015                                .52 
  93 HEC0359B 1938 2015                                .54 
  94 HEC0360A 1946 2015                                .27A
  95 HEC0360B 1946 2015                                .44 
  96 HEC0361A 1946 2015                                .46 
  97 HEC0361B 1946 2015                                .58 
  98 HEC0362A 1934 2015                                .55 
 100 HEC0363A 1947 2015                                .56 
 101 HEC0363B 1947 2015                                .52 
 102 HEC0364A 1944 2015                                .61 
 103 HEC0364B 1944 2015                                .63 
 104 HEC0365A 1927 2015                                .62 
 105 HEC0365B 1927 2015                                .59 
 107 HEC0366B 1943 2015                                .63 
 110 HEC0368A 1943 2015                                .61 
 111 HEC0368B 1948 2015                                .62 
 112 HEC0369A 1942 2015                                .49 
 113 HEC0369B 1942 2015                                .58 
 114 HEC0370A 1946 2015                                .65 
 122 HEC0374A 1937 2015                                .55 
 123 HEC0374B 1937 2015                                .34 
 124 HEC0375A 1848 2015            .65  .75  .77  .80  .70 
 125 HEC0375B 1848 2015            .58  .67  .75  .82  .70 
 126 HEC0376A 1615 2015  .68  .76  .74  .67  .67  .69  .65 
 127 HEC0376B 1600 1951  .66  .66  .75  .69  .74           
 128 HEC0377A 1932 2015                                .52 
 129 HEC0377B 1932 2015                                .56 
 131 HEC0379A 1805 2015       .65  .61  .65  .66  .63  .70 
 132 HEC0379B 1805 2015       .65  .67  .62  .60  .67  .76 
 133 HEC0380A 1943 2015                                .66 
 134 HEC0380B 1943 2015                                .71 
 135 HEC0381A 1616 2015  .83  .82  .84  .80  .82  .78  .82 
 136 HEC0381B 1617 2015  .29A .80  .82  .82  .79  .79  .82 
 137 HEC0382A 1795 2015  .60  .54  .64  .72  .77  .82  .84 
 138 HEC0382B 1821 2015       .41  .42  .64  .78  .81  .78 
 139 HEC0384A 1628 2015  .88  .72  .69  .75  .80  .82  .76 
 140 HEC0384B 1625 2015  .79  .74  .70  .76  .88  .86  .86 
 141 HEC0386A 1738 2015  .75  .83  .76  .56  .54  .63  .69 
 142 HEC0386B 1727 2015  .66  .68  .72  .66  .68  .66  .70 
 143 HEC0391A 1634 2015  .74  .72  .66  .67  .75  .81  .88 
 144 HEC0391B 1633 1972  .63  .64  .76  .69  .57           
 145 HEC0392A 1739 2015  .67  .60  .56  .68  .88  .81  .76 
 146 HEC0392B 1738 2015  .74  .70  .61  .71  .85  .83  .85 
 147 HEC0393A 1577 2015  .66  .62  .64  .61  .79  .74  .55 
 148 HEC0393B 1594 2015  .73  .72  .71  .68  .87  .84  .73 
 149 HEC0394A 1776 2015  .72  .70  .67  .56  .61  .75  .73 
 150 HEC0394B 1785 2015  .73  .73  .63  .67  .73  .78  .70 
 151 HEC0395Z 1680 2015  .71  .60  .65  .68  .63  .59  .49 
 152 HEC0396A 1789 2015  .66  .67  .71  .61  .66  .73  .65 
 153 HEC0396B 1771 2015  .70  .67  .63  .62  .67  .64  .58 
 154 HEC0397A 1763 2015  .71  .73  .82  .80  .87  .88  .83 
 155 HEC0397B 1762 2015  .79  .68  .64  .70  .77  .81  .83 
 156 HEC0398A 1557 2015  .84  .61  .59  .73  .77  .61  .58 
 157 HEC0398B 1599 2015  .81  .72  .55  .40B .66  .61  .54 
 158 HEC0399A 1622 2015  .80  .75  .68  .68  .75  .77  .75 
 159 HEC0399B 1646 2015  .79  .71  .68  .71  .81  .83  .74 
 Av segment correlation  .73  .71  .71  .70  .73  .73  .67 

 FLAGGED SEGMENTS: esp101
-----------------------------------------------------------------------------------------------------------------------------------
 Seq Series   Segment    Flag  r dated  Best lag  r at lag   Gain  Note
 --- -------- ---------  ----  -------  --------  --------  -----  -----------------
  11 HEC0308A 1475 1524     A     .270         0
  75 HEC0350B 1925 1974     B     .426         3      .450   .024
  90 HEC0358A 1950 1999     B     .287         3      .319   .032  weak at every lag
  91 HEC0358B 1950 1999     A     .249         0
  94 HEC0360A 1950 1999     A     .269         0
 135 HEC0381A 1625 1674     B     .406        -3      .448   .042
 136 HEC0381B 1775 1824     A     .317         0
 136 HEC0381B 1800 1849     A     .289         0
 157 HEC0398B 1875 1924     B     .399        -3      .436   .037

 DESCRIPTIVE STATISTICS: esp101
-----------------------------------------------------------------------------------------------------------------------------------

                                                Corr   //-------- Unfiltered --------\\  //-- dplR filtered --\\
                           No.    No.    No.    with   Mean   Max     Std   Auto   Mean   Max     Std   Auto  AR
 Seq Series   Interval   Years  Segmt  Flags   Master  msmt   msmt    dev   corr   sens  value    dev   corr  ()
 --- -------- ---------  -----  -----  -----   ------ -----  -----  -----  -----  -----  -----  -----  -----  --
   1 HEC0300A 1600 2015    416     14      0    .741    .87   5.64   .959   .929   .222   2.00   .227   .016   3
   2 HEC0300B 1616 2015    400     14      0    .747    .87   5.26   .756   .928   .245   1.70   .247   .000   2
   3 HEC0301A 1585 2015    431     15      0    .795   1.05   5.22  1.033   .960   .206   1.61   .207   .002   2
   4 HEC0301B 1580 2015    436     15      0    .789   1.16   5.17  1.100   .963   .195   1.54   .186   .009   2
   5 HEC0305A 1765 2015    251      8      0    .552   1.57   3.96   .703   .761   .232   1.83   .250   .014   2
   6 HEC0305B 1784 2015    232      7      0    .642   1.56   5.13   .836   .835   .242   1.86   .250  -.009   2
   7 HEC0306A 1585 2015    431     15      0    .645    .80   4.96   .814   .925   .294   2.19   .291  -.005   3
   8 HEC0306B 1590 2015    426     15      0    .616    .74   5.56   .838   .952   .299   2.05   .302   .011   2
   9 HEC0307A 1610 2015    406     14      0    .785    .84   5.83   .682   .895   .244   1.79   .239   .010   2
  10 HEC0307B 1652 2015    364     12      0    .774    .67   2.36   .268   .667   .257   1.65   .245   .002   2
  11 HEC0308A 1334 2015    682     25      1    .612    .66   2.27   .378   .866   .233   1.73   .230   .006   3
  12 HEC0308B 1268 2015    748     25      0    .613    .72   2.86   .449   .882   .232   1.86   .237   .008   2
  13 HEC0309A 1781 2015    235      7      0    .574    .45   2.28   .327   .787   .311   2.97   .330   .010   2
  14 HEC0309B 1781 2015    235      7      0    .520    .62   2.82   .497   .797   .321   2.08   .334  -.004   2
  15 HEC0310A 1657 2015    359     12      0    .687    .77   2.75   .482   .750   .290   2.03   .288   .001   3
  16 HEC0310B 1692 2015    324     11      0    .736    .70   2.56   .418   .824   .263   1.81   .250   .019   3
  17 HEC0311A 1677 2015    339     11      0    .716    .98   2.79   .421   .760   .217   1.62   .209   .011   2
  18 HEC0311B 1599 2015    417     14      0    .668    .91   4.97   .757   .924   .228   1.76   .235   .001   2
  19 HEC0312A 1602 2015    414     14      0    .780    .61   3.52   .442   .843   .236   1.89   .227   .024   2
  20 HEC0312B 1612 2015    404     14      0    .752    .68   2.87   .457   .832   .247   1.92   .235   .009   2
  21 HEC0313A 1600 2015    416     14      0    .767    .79   3.52   .487   .856   .238   1.77   .227   .010   2
  22 HEC0313B 1594 2015    422     15      0    .759    .81   3.92   .539   .874   .242   1.70   .231  -.017   2
  23 HEC0316A 1608 2015    408     14      0    .683    .61   2.49   .320   .698   .288   1.98   .265   .005   2
  24 HEC0316B 1628 2015    388     13      0    .566    .79   2.79   .595   .776   .338   2.35   .351   .022   3
  25 HEC0318A 1601 2015    415     14      0    .654    .85   5.84   .719   .827   .304   2.70   .304   .024   2
  26 HEC0318B 1628 2015    388     13      0    .695    .95   6.65   .923   .831   .310   2.86   .307   .006   3
  27 HEC0319A 1619 2015    397     14      0    .774   1.16   6.28   .983   .901   .246   2.11   .241  -.002   2
  28 HEC0319B 1628 2015    388     13      0    .781   1.35   5.33   .702   .789   .239   2.15   .265   .005   2
  29 HEC0321A 1660 2015    356     12      0    .789   1.12   5.89   .879   .872   .290   2.28   .292   .025   1
  30 HEC0321B 1712 2015    304     10      0    .745    .70   3.68   .481   .781   .295   2.37   .314   .027   1
  31 HEC0322A 1606 2015    410     14      0    .730    .68   5.99   .733   .922   .291   2.47   .288   .004   2
  32 HEC0322B 1603 2015    413     14      0    .755    .71   3.90   .599   .861   .286   2.05   .273   .010   3
  33 HEC0324A 1612 2015    404     14      0    .640    .93   6.49  1.031   .939   .287   1.91   .273   .009   2
  34 HEC0324B 1613 2015    403     14      0    .685    .81   5.78   .843   .931   .290   1.80   .275   .031   3
  35 HEC0326A 1587 2015    429     15      0    .748    .61   5.57   .742   .933   .333   1.95   .299  -.005   2
  36 HEC0326B 1607 2015    409     14      0    .745    .52   3.64   .435   .895   .303   1.80   .277   .002   2
  37 HEC0327A 1616 2015    400     14      0    .726    .62   4.78   .552   .842   .273   2.04   .281   .010   2
  38 HEC0327B 1626 2015    390     13      0    .777    .62   3.77   .492   .849   .286   2.13   .272   .004   2
  39 HEC0329A 1590 2015    426     15      0    .816    .78   6.22  1.172   .957   .298   1.88   .269  -.001   2
  40 HEC0329B 1600 2015    416     14      0    .832    .65   4.17   .653   .904   .266   1.83   .254  -.010   2
  41 HEC0330A 1589 2015    427     15      0    .802    .81   9.92  1.054   .901   .293   1.87   .279   .010   2
  42 HEC0330B 1617 2015    399     14      0    .792    .63   4.05   .505   .875   .267   1.83   .261  -.004   2
  43 HEC0331A 1370 2015    646     24      0    .638    .57   3.45   .568   .918   .338   1.96   .315  -.003   2
  44 HEC0331B 1357 2015    659     24      0    .672    .58   3.93   .510   .865   .306   2.36   .295  -.011   2
  45 HEC0333A 1777 2015    239      7      0    .698   1.36   3.62   .644   .698   .267   2.06   .256   .074   2
  46 HEC0333B 1788 2015    228      7      0    .693   1.30   3.16   .508   .782   .211   1.64   .207   .009   2
  47 HEC0335A 1639 2015    377     13      0    .667   1.06   4.74   .669   .895   .211   1.53   .209   .054   1
  48 HEC0335B 1652 2015    364     12      0    .710   1.21   3.99   .742   .891   .213   1.58   .209   .016   3
  49 HEC0336A 1595 2015    421     15      0    .707    .88   4.65   .633   .930   .181   1.50   .173  -.013   2
  50 HEC0336B 1599 2015    417     14      0    .704    .95   3.44   .491   .874   .185   1.50   .179   .012   2
  51 HEC0337A 1599 2015    417     14      0    .700    .74   5.76   .583   .839   .282   1.93   .283   .002   2
  52 HEC0337B 1615 2015    401     14      0    .626    .64   2.19   .309   .737   .284   1.92   .279   .004   2
  53 HEC0338A 1738 2015    278      9      0    .712   1.07   2.62   .422   .770   .204   1.64   .212  -.036   3
  54 HEC0338B 1744 2015    272      9      0    .671   1.08   3.16   .470   .778   .217   1.93   .229  -.026   3
  55 HEC0339A 1594 2015    422     15      0    .738    .78   4.42   .809   .949   .243   1.79   .237   .005   2
  56 HEC0339B 1589 2015    427     15      0    .774   1.03   6.88   .997   .943   .217   1.62   .214  -.005   2
  57 HEC0340A 1596 2015    420     15      0    .743    .62   4.25   .713   .948   .233   1.88   .235   .024   1
  58 HEC0340B 1584 2015    432     15      0    .682    .64   3.83   .688   .947   .219   1.73   .219   .000   2
  59 HEC0342A 1592 2015    424     15      0    .698    .78   3.40   .580   .886   .273   1.66   .258   .006   2
  60 HEC0342B 1593 2015    423     15      0    .729    .67   3.11   .524   .903   .283   1.73   .271   .001   2
  61 HEC0343A 1576 2015    440     15      0    .710    .65   5.73   .804   .932   .344   2.33   .335   .004   2
  62 HEC0343B 1576 2015    440     15      0    .762    .63   6.53   .837   .936   .294   2.16   .294   .003   2
  63 HEC0344A 1606 2015    410     14      0    .765    .64   4.00   .511   .845   .302   2.12   .299  -.002   2
  64 HEC0344B 1597 2015    419     15      0    .744    .70   5.88   .807   .910   .368   2.21   .347  -.003   2
  65 HEC0345A 1587 2015    429     15      0    .777    .57   3.80   .514   .865   .299   2.00   .283   .008   2
  66 HEC0345B 1596 2015    420     15      0    .799    .72   5.47   .949   .933   .300   1.86   .285  -.012   3
  67 HEC0346A 1584 2015    432     15      0    .774    .74   5.55   .970   .945   .349   2.08   .325  -.013   2
  68 HEC0346B 1583 2015    433     15      0    .781    .63   4.90   .702   .911   .362   2.46   .329  -.007   2
  69 HEC0347A 1579 2015    437     15      0    .655    .75   5.18   .718   .929   .244   1.85   .236  -.004   2
  70 HEC0347B 1607 2015    409     14      0    .717    .70   3.71   .520   .868   .264   2.82   .276   .008   2
  71 HEC0348Z 1694 2015    322     11      0    .655    .74   2.58   .508   .866   .340   2.22   .346   .008   2
  72 HEC0349A 1614 2015    402     14      0    .734    .57   2.66   .493   .882   .343   2.30   .337  -.005   3
  73 HEC0349B 1593 2015    423     15      0    .751    .59   3.88   .438   .824   .304   2.26   .297   .003   2
  74 HEC0350A 1814 2015    202      6      0    .527    .27   1.68   .316   .627   .562   2.09   .502   .016   2
  75 HEC0350B 1805 2015    211      6      1    .531    .50   2.80   .475   .862   .458   3.01   .469   .010   2
  76 HEC0351A 1793 2015    223      7      0    .636    .57   2.10   .400   .857   .268   1.57   .247   .014   2
  77 HEC0351B 1793 2015    223      7      0    .579    .64   2.53   .459   .798   .340   2.07   .334   .023   2
  78 HEC0352A 1949 2015     67      0      0    .571   1.50   3.95   .729   .628   .331   1.91   .331   .025   2
  79 HEC0352B 1949 2015     67      1      0    .661   1.36   4.50   .665   .549   .321   2.07   .341   .035   1
  80 HEC0353A 1951 2015     65      0      0    .547   1.06   3.04   .757   .817   .302   1.68   .332   .295   1
  81 HEC0353B 1951 2015     65      0      0    .574   1.25   4.35   .805   .803   .301   1.92   .330   .239   1
  82 HEC0354A 1949 2015     67      1      0    .711   1.31   3.13   .684   .681   .322   1.50   .297   .041   1
  83 HEC0354B 1949 2015     67      0      0    .560    .83   2.94   .484   .451   .374   2.22   .360  -.040   2
  84 HEC0355A 1962 2015     54      0      0    .593    .78   2.44   .482   .720   .316   1.47   .256  -.058   0
  85 HEC0355B 1973 2015     43      0      0    .423    .48   1.00   .228   .647   .399   1.69   .306   .013   3
  86 HEC0356A 1942 2015     74      1      0    .609    .88   3.31   .440   .573   .303   1.81   .293   .004   1
  87 HEC0356B 1944 2015     72      1      0    .674    .88   2.96   .479   .579   .375   2.21   .350   .005   1
  88 HEC0357A 1938 2015     78      1      0    .686   1.00   2.81   .468   .546   .288   2.17   .305   .001   1
  89 HEC0357B 1938 2015     78      1      0    .572   1.26   3.98   .741   .696   .288   1.89   .289   .019   1
  90 HEC0358A 1941 2015     75      1      1    .389    .99   3.24   .611   .694   .341   2.19   .366   .048   1
  91 HEC0358B 1941 2015     75      1      1    .365    .51   2.76   .409   .560   .491   2.84   .466  -.027   2
  92 HEC0359A 1938 2015     78      1      0    .552    .78   2.05   .430   .803   .332   1.89   .296   .050   1
  93 HEC0359B 1938 2015     78      1      0    .546    .84   2.34   .499   .841   .252   2.11   .284  -.024   1
  94 HEC0360A 1946 2015     70      1      1    .300   1.19   4.88   .876   .785   .280   2.24   .328   .032   1
  95 HEC0360B 1946 2015     70      1      0    .507    .99   2.44   .508   .784   .287   1.92   .293   .006   1
  96 HEC0361A 1946 2015     70      1      0    .494   1.19   2.69   .454   .576   .245   1.61   .241   .151   0
  97 HEC0361B 1946 2015     70      1      0    .565   1.13   2.20   .395   .451   .274   1.53   .242   .066   0
  98 HEC0362A 1934 2015     82      1      0    .546   1.08   3.24   .737   .798   .328   2.12   .339   .009   2
  99 HEC0362B 1970 2015     46      0      0    .610    .74   1.98   .410   .799   .241   1.66   .240   .016   1
 100 HEC0363A 1947 2015     69      1      0    .549    .95   1.93   .357   .612   .286   1.55   .268  -.004   1
 101 HEC0363B 1947 2015     69      1      0    .569   1.23   5.37   .965   .867   .309   1.93   .291  -.058   1
 102 HEC0364A 1944 2015     72      1      0    .575   1.78   4.34   .867   .601   .358   1.96   .346   .009   1
 103 HEC0364B 1944 2015     72      1      0    .556   1.75   4.70   .808   .610   .341   1.97   .327  -.017   1
 104 HEC0365A 1927 2015     89      1      0    .604   1.57   4.07   .672   .565   .327   2.32   .330   .043   1
 105 HEC0365B 1927 2015     89      1      0    .525    .49   1.88   .349   .703   .392   2.24   .401   .017   2
 106 HEC0366A 1976 2015     40      0      0    .586   1.17   2.06   .366   .222   .336   1.61   .292   .111   0
 107 HEC0366B 1943 2015     73      1      0    .646    .84   2.93   .413   .575   .275   2.07   .301   .104   1
 108 HEC0367A 1954 2015     62      0      0    .608   2.23   4.58   .801   .636   .252   1.63   .236   .034   1
 109 HEC0367B 1954 2015     62      0      0    .715    .68   2.41   .365   .585   .332   2.18   .308   .114   0
 110 HEC0368A 1943 2015     73      1      0    .612   1.14   4.10   .578   .595   .304   1.85   .308  -.003   1
 111 HEC0368B 1948 2015     68      1      0    .633    .98   1.81   .364   .551   .288   1.88   .306   .033   1
 112 HEC0369A 1942 2015     74      1      0    .523   1.28   2.53   .488   .615   .264   1.52   .248   .154   0
 113 HEC0369B 1942 2015     74      1      0    .624   1.28   2.54   .483   .640   .254   1.59   .232   .038   2
 114 HEC0370A 1946 2015     70      1      0    .632    .93   1.84   .401   .695   .252   1.75   .264   .005   1
 115 HEC0370B 1961 2015     55      0      0    .671   1.06   1.97   .399   .478   .271   1.66   .268   .136   0
 116 HEC0371A 1957 2015     59      0      0    .549    .75   2.15   .397   .646   .320   1.75   .315   .031   1
 117 HEC0371B 1949 2015     67      0      0    .579   1.21   2.59   .492   .484   .365   1.82   .331   .001   2
 118 HEC0372A 1964 2015     52      0      0    .496   1.46   2.64   .518   .471   .354   1.60   .282  -.031   3
 119 HEC0372B 1964 2015     52      0      0    .628   1.23   2.19   .473   .467   .376   1.59   .308   .013   1
 120 HEC0373A 1973 2015     43      0      0    .427   1.15   2.55   .540   .712   .293   1.69   .298   .108   1
 121 HEC0373B 1973 2015     43      0      0    .376   1.14   2.95   .673   .778   .375   1.86   .326  -.053   3
 122 HEC0374A 1937 2015     79      1      0    .605    .74   1.90   .431   .648   .452   2.11   .379   .019   2
 123 HEC0374B 1937 2015     79      1      0    .410   1.24   4.55   .837   .679   .388   2.11   .389  -.021   1
 124 HEC0375A 1848 2015    168      5      0    .692    .58   1.73   .357   .765   .339   2.30   .329   .032   1
 125 HEC0375B 1848 2015    168      5      0    .672    .33   1.43   .318   .896   .404   2.66   .383  -.007   2
 126 HEC0376A 1615 2015    401     14      0    .699    .51   2.57   .420   .866   .387   2.03   .345   .007   2
 127 HEC0376B 1600 1951    352     12      0    .681    .45   2.74   .477   .896   .407   2.20   .371   .015   2
 128 HEC0377A 1932 2015     84      1      0    .502    .36   1.82   .296   .732   .598   2.48   .460   .012   2
 129 HEC0377B 1932 2015     84      1      0    .458    .88   2.58   .574   .774   .349   1.90   .342  -.005   1
 130 HEC0378B 1976 2015     40      0      0    .431    .63   2.58   .587   .909   .340   1.64   .326  -.014   1
 131 HEC0379A 1805 2015    211      6      0    .566    .51   4.14   .443   .749   .277   3.05   .317   .047   1
 132 HEC0379B 1805 2015    211      6      0    .628    .58   2.12   .371   .759   .296   2.63   .331  -.009   1
 133 HEC0380A 1943 2015     73      1      0    .632    .97   2.19   .380   .803   .183   1.55   .211   .081   1
 134 HEC0380B 1943 2015     73      1      0    .683   1.61   3.57   .644   .751   .244   1.51   .245   .051   1
 135 HEC0381A 1616 2015    400     14      1    .709    .45   2.46   .379   .838   .324   2.01   .310  -.014   3
 136 HEC0381B 1617 2015    399     14      2    .679    .51   2.81   .367   .791   .347   2.66   .344   .021   1
 137 HEC0382A 1795 2015    221      7      0    .728    .99   2.56   .533   .784   .283   2.00   .271   .006   2
 138 HEC0382B 1821 2015    195      6      0    .677    .88   2.24   .317   .505   .282   1.91   .256  -.006   3
 139 HEC0384A 1628 2015    388     13      0    .694    .89   4.20   .783   .924   .279   2.72   .290   .005   2
 140 HEC0384B 1625 2015    391     13      0    .760    .88   4.02   .792   .936   .251   1.72   .253  -.006   2
 141 HEC0386A 1738 2015    278      9      0    .675    .74   2.99   .451   .776   .299   1.93   .291   .005   2
 142 HEC0386B 1727 2015    289      9      0    .686    .70   2.75   .418   .717   .306   2.25   .315   .007   2
 143 HEC0391A 1634 2015    382     13      0    .737    .68   3.25   .517   .855   .295   2.38   .283  -.006   2
 144 HEC0391B 1633 1972    340     11      0    .605    .63   3.49   .481   .722   .306   2.08   .301   .026   3
 145 HEC0392A 1739 2015    277      9      0    .693    .98   2.40   .365   .614   .251   2.26   .267   .033   1
 146 HEC0392B 1738 2015    278      9      0    .724    .98   3.70   .500   .796   .249   1.76   .243  -.005   2
 147 HEC0393A 1577 2015    439     15      0    .664    .92   5.52   .814   .912   .233   2.20   .240   .001   2
 148 HEC0393B 1594 2015    422     15      0    .713   1.05   4.38   .685   .857   .234   1.88   .238   .011   2
 149 HEC0394A 1776 2015    240      7      0    .691   1.07   3.42   .533   .735   .267   1.97   .272   .007   3
 150 HEC0394B 1785 2015    231      7      0    .697   1.42   4.14   .728   .663   .298   2.09   .324   .005   2
 151 HEC0395Z 1680 2015    336     11      0    .640    .68   1.60   .215   .587   .219   1.57   .202  -.004   2
 152 HEC0396A 1789 2015    227      7      0    .646   1.49   4.41   .773   .854   .197   1.77   .201   .004   2
 153 HEC0396B 1771 2015    245      8      0    .582   1.16   4.57   .806   .890   .208   1.90   .218  -.006   2
 154 HEC0397A 1763 2015    253      8      0    .780   1.34   6.90  1.289   .925   .211   1.69   .225   .007   2
 155 HEC0397B 1762 2015    254      8      0    .732    .86   3.81   .681   .899   .286   2.28   .297  -.022   2
 156 HEC0398A 1557 2015    459     16      0    .717    .83   5.29   .766   .940   .206   1.54   .195   .000   2
 157 HEC0398B 1599 2015    417     14      1    .697    .74   3.00   .524   .926   .186   1.74   .191   .014   2
 158 HEC0399A 1622 2015    394     14      0    .716    .85   3.06   .512   .843   .253   1.87   .245   .044   2
 159 HEC0399B 1646 2015    370     13      0    .718    .76   2.88   .472   .836   .251   1.85   .257  -.004   2
 --- -------- ---------  -----  -----  -----   ------ -----  -----  -----  -----  -----  -----  -----  -----  --
 Total or mean:          43386   1388      9    .695    .81   9.92   .621   .843   .279   3.05   .274   .008

 DATA CHECKS (rwl.check): esp101
-----------------------------------------------------------------------------------------------------------------------------------
 rwl.check: data_files/treering/measurements/europe/esp101.rwl
 159 series, 43386 measurements, 1268-2015, 0.01 mm precision
 1 error(s), 2 warning(s), 7 note(s)
 -------------
 ERROR
   RWL_DATING_LAG (1)
     HEC0353A: correlates best with the master at lag -1 (r = 0.507 against r = 0.445 as dated); the series may be misdated by 1 year(s), most likely a missing ring
 -------------
 WARNING
   RWL_NON_ASCII (1)
     2 byte(s) outside printable ASCII
   RWL_SERIES_OUTLIER (1)
     HEC0374B: correlates with the rest of the collection at r = 0.169 where the collection median is 0.661 (4.6 MAD below it); it does not fit the collection it is in
 7 note(s) not shown; see rwl.check() or the 'check' element of this report.

 NOTES
-----------------------------------------------------------------------------------------------------------------------------------
 Report generated using dplR 1.8.1 (R 4.5.2) on 2026-10-01 16:49 PDT.
 Measurement file esp101.rwl, MD5 4793ef18b20ff58f0ca5251bd011982e.
 Filtering: each series divided by a 32-year smoothing spline (caps()), then prewhitened with
   an AR model (order by AIC, at most 3).
 Master: biweight robust mean of the other series (leave-one-out).
 Correlation: Pearson, one-tailed, pcrit = 0.01; critical r = 0.3281 for 50-year segments.
 Segments: 50 years, lagged 25, first segment floored to 100. Lags searched: +/- 10 years.
 A segment is tested only where the series and the master cover all of it, at the dated
   position and at every lag. COFECHA also tests partial segments at the ends of a series, so
   series here may show fewer segments, and no flags can be raised at the ends of the record.
 Lags follow COFECHA: negative means rings are probably missing from the series, positive means
   false rings. A missing ring carries its lag into every segment before it, so look where the
   lag changes along a series. A B flag is a hypothesis to check on the wood; the gain says how
   seriously to take it.
 A B flag marked "weak at every lag" correlates under the critical value even at its best lag:
   the segment is weak wherever it is placed, and the shift is not evidence of a dating error.
   Treat it as a low correlation, like an A.
 Averages in the summary and the totals are weighted by the number of years in each series, as
   COFECHA's are.
 Unfiltered block and mean sensitivity: the measurements as read, and sens1().
 dplR filtered block: the series that was correlated, after filtering. COFECHA's filtered
   series is defined differently, so these three columns are not COFECHA's numbers.
 AR: order of the AR model used to prewhiten.
