
 COFECHA-style crossdating report: finl055
 Report generated using dplR 1.8.1 (R 4.5.2) on 2026-10-01 16:53 PDT
 Built with dplR's xdate.report(), not COFECHA; see the notes at the end.


      Measurement file name  : finl055.rwl
      MD5 of measurement file: c81faa4c80f96a7e350db1d5917998fc
      Date checked           : 01OCT26
      Beginning year         : 1550
      Ending year            : 2000
      Principal investigators: Melvin, T.M.
      Site name              : Vytamoselka
      Species information    : PISY Pinus sylvestris L.
      Latitude               : 67.0800 N
      Longitude              : 27.0200 E
      Elevation              : 190 m

      Series intercorrelation: 0.635
      Avg mean sensitivity   : 0.223
      Avg standard deviation : 0.291
      Avg autocorrelation    : 0.823
      Number dated series    : 139
      Segment length tested  : 50

      Number problem segments: 16  (A 7, B 9; 4 of the B weak at every lag)
      Pct problem segments   : 1.33


 CORRELATION OF SERIES BY SEGMENTS: finl055
-----------------------------------------------------------------------------------------------------------------------------------
 Correlations of  50-year dated segments, lagged  25 years
 Flags:  A = correlation under   .3281 but highest as dated;  B = correlation higher at other than dated position

 Seq Series  Time_span  1600 1625 1650 1675 1700 1725 1750 1775 1800 1825 1850 1875 1900 1925 1950 
                        1649 1674 1699 1724 1749 1774 1799 1824 1849 1874 1899 1924 1949 1974 1999 
 --- -------- ---------  ---- ---- ---- ---- ---- ---- ---- ---- ---- ---- ---- ---- ---- ---- ---- 
   1 vy106a   1766 2000                                     .62  .64  .71  .59  .69  .83  .78  .69 
   2 vy106b   1755 2000                                     .71  .63  .53  .63  .70  .73  .80  .70 
   3 vy107a   1754 2000                                     .60  .60  .66  .33B .44  .66  .60  .38 
   4 vy107b   1716 2000                           .70  .61  .60  .73  .71  .53  .63  .61  .48  .46 
   5 vy108a   1724 2000                           .69  .76  .84  .85  .74  .62  .69  .76  .82  .80 
   6 vy108b   1724 2000                           .63  .68  .77  .74  .57  .71  .73  .68  .74  .73 
   7 vy109a   1853 2000                                                         .42  .54  .55  .52 
   8 vy109b   1763 2000                                     .47  .54  .64  .64  .56  .46  .60  .63 
   9 vy110a   1886 2000                                                              .47  .75  .74 
  10 vy110b   1915 2000                                                                   .61  .74 
  11 vy111a   1721 2000                           .49  .58  .71  .78  .65  .61  .65  .76  .80  .74 
  12 vy111b   1748 2000                                .73  .65  .63  .64  .69  .70  .80  .78  .63 
  13 vy112a   1718 2000                           .66  .75  .79  .73  .44  .48  .61  .51  .51  .52 
  15 vy112c   1755 2000                                     .70  .56  .48  .64  .61  .56  .66  .57 
  16 vy113a   1749 2000                                .71  .74  .74  .56  .43  .49  .58  .70  .64 
  17 vy113b   1758 2000                                     .77  .70  .61  .64  .60  .62  .82  .74 
  18 vy114a   1780 2000                                          .71  .62  .50  .62  .68  .68  .61 
  19 vy114b   1739 2000                                .72  .76  .80  .70  .69  .76  .75  .76  .74 
  20 vy115a   1731 2000                                .65  .71  .80  .75  .73  .69  .53  .50  .53 
  21 vy115b   1704 2000                           .51  .58  .72  .77  .74  .65  .67  .70  .79  .72 
  22 vy116a   1797 2000                                          .69  .69  .67  .67  .71  .75  .63 
  23 vy116b   1823 2000                                               .62  .60  .67  .68  .81  .74 
  24 vy117a   1665 2000                 .57  .51  .58  .49  .69  .70  .54  .60  .71  .64  .69  .71 
  25 vy117b   1672 2000                 .37  .61  .57  .52  .71  .78  .78  .60  .60  .60  .63  .68 
  26 vy118a   1851 2000                                                         .45  .48  .65  .63 
  27 vy118b   1872 2000                                                         .71  .71  .70  .57 
  28 vy119a   1739 2000                                .31A .41  .44  .57  .62  .60  .51  .46  .34 
  29 vy119b   1731 2000                                .43  .61  .65  .59  .41  .35  .48  .67  .63 
  30 vy120a   1749 2000                                .49  .52  .50  .40B .66  .75  .71  .66  .57 
  31 vy120b   1733 2000                                .58  .56  .59  .52  .75  .82  .71  .74  .71 
  32 vy121a   1755 2000                                     .58  .68  .65  .61  .66  .63  .68  .68 
  33 vy121b   1736 2000                                .65  .66  .67  .65  .65  .64  .69  .75  .65 
  34 vy122a   1723 2000                           .60  .63  .57  .64  .68  .70  .66  .57  .67  .66 
  35 vy122b   1550 1690  .72  .67                                                                  
  36 vy122c   1700 2000                           .53  .55  .64  .71  .54  .40  .47  .54  .69  .69 
  37 vy123a   1705 2000                           .75  .69  .77  .82  .61  .65  .66  .59  .72  .59 
  38 vy123b   1711 1791                           .76                                              
  39 vy123c   1728 2000                                .76  .77  .78  .56  .47  .52  .55  .62  .51 
  40 vy124a   1758 2000                                     .72  .84  .80  .65  .70  .72  .74  .72 
  41 vy124b   1783 2000                                          .82  .80  .73  .76  .72  .72  .68 
  42 vy125a   1717 2000                           .71  .66  .70  .69  .57  .61  .48  .44  .64  .60 
  43 vy125b   1709 2000                           .78  .68  .72  .66  .52  .50  .53  .67  .66  .55 
  44 vy126a   1772 2000                                     .74  .84  .73  .67  .76  .64  .72  .64 
  45 vy126b   1755 2000                                     .77  .84  .85  .78  .79  .76  .73  .52 
  46 vy127a   1639 2000            .76  .75  .75  .69  .56  .55  .58  .68  .55  .62  .71  .66  .49 
  47 vy127b   1735 2000                                .66  .71  .75  .75  .44  .40  .58  .60  .44 
  48 vy128a   1766 2000                                     .70  .69  .65  .58  .57  .64  .76  .66 
  49 vy128b   1730 2000                                .72  .77  .75  .64  .68  .73  .74  .84  .77 
  50 vy129a   1736 2000                                .34  .37  .58  .62  .47  .54  .67  .70  .70 
  51 vy129b   1767 2000                                     .42  .67  .74  .37  .43  .71  .85  .74 
  52 vy130a   1830 2000                                                    .60  .63  .70  .76  .66 
  53 vy130b   1825 2000                                                    .66  .70  .62  .69  .57 
  54 vy131a   1550 2000  .74  .69  .73  .79  .78  .59  .56  .76  .77  .74  .76  .67  .55  .67  .62 
  55 vy131b   1560 2000  .83  .69  .71  .80  .77  .64  .41  .51  .66  .76  .70  .61  .60  .72  .54 
  56 vy132a   1768 2000                                     .60  .64  .66  .60  .64  .76  .72  .59 
  57 vy132b   1731 2000                                .48  .58  .70  .67  .73  .77  .72  .74  .72 
  58 vy133a   1552 2000  .77  .75  .70  .75  .78  .70  .59  .73  .78  .73  .74  .72  .55  .66  .67 
  59 vy133b   1601 2000       .63  .73  .63  .59  .65  .39  .53  .58  .49  .65  .61  .50  .67  .71 
  60 vy134a   1681 2000                      .73  .60  .32A .58  .75  .73  .62  .60  .68  .75  .65 
  61 vy134b   1597 2000  .72  .66  .74  .74  .67  .63  .54  .68  .79  .79  .66  .66  .61  .61  .58 
  62 vy135a   1719 2000                           .75  .75  .76  .80  .82  .73  .70  .66  .74  .60 
  63 vy135b   1631 2000            .60  .61  .62  .80  .73  .69  .78  .74  .66  .70  .73  .78  .72 
  64 vy136a   1828 2000                                                    .53  .61  .66  .67  .46 
  65 vy136b   1827 2000                                                    .35B .60  .61  .61  .54 
  66 vy137a   1568 2000  .61  .51  .69  .71  .58  .61  .65  .63  .59  .41  .51  .66  .61  .65  .65 
  67 vy137b   1657 2000                 .78  .65  .64  .50  .65  .72  .48  .55  .70  .66  .64  .48 
  68 vy138a   1632 2000            .71  .67  .54  .60  .44  .71  .80  .69  .67  .69  .62  .76  .73 
  69 vy138b   1600 2000       .53  .63  .60  .73  .77  .70  .72  .79  .73  .69  .67  .52  .60  .59 
  70 vy139a   1860 2000                                                         .59  .58  .74  .64 
  71 vy139b   1867 2000                                                         .54  .64  .80  .68 
  72 vy140a   1751 2000                                     .81  .84  .69  .53  .72  .76  .72  .67 
  73 vy140b   1750 2000                                     .69  .68  .60  .68  .73  .80  .85  .75 
  74 vy141a   1765 2000                                     .66  .66  .65  .72  .79  .77  .78  .72 
  75 vy141b   1773 2000                                     .76  .83  .74  .76  .78  .73  .72  .63 
  76 vy142a   1640 2000            .71  .68  .52  .59  .56  .58  .62  .47  .46  .51  .44  .64  .54 
  77 vy142b   1620 2000       .53  .62  .61  .67  .60  .50  .67  .67  .43  .45  .43  .52  .77  .62 
  78 vy143a   1856 2000                                                         .57  .53  .56  .56 
  79 vy143b   1834 2000                                                    .59  .68  .47  .55  .74 
  80 vy144a   1753 2000                                     .71  .69  .58  .53  .70  .68  .77  .83 
  81 vy144b   1772 2000                                     .53  .67  .60  .60  .68  .63  .65  .58 
  82 vy146a   1828 2000                                                    .63  .61  .65  .70  .57 
  83 vy146b   1832 2000                                                    .41  .48  .61  .76  .68 
  84 vy147a   1747 2000                                .27B .60  .71  .76  .70  .56  .56  .72  .71 
  85 vy147b   1756 2000                                     .76  .77  .62  .59  .56  .55  .70  .70 
  86 ku166a   1784 2000                                          .33A .40  .60  .72  .72  .67  .62 
  87 ku166b   1774 1903                                     .26B .50  .60  .63                     
  88 ku166c   1936 2000                                                                        .60 
  89 ku167a   1830 2000                                                    .54  .45  .49  .67  .54 
  90 ku167b   1840 2000                                                    .45  .63  .66  .65  .56 
  91 ku168a   1622 2000       .26A .63  .70  .68  .71  .65  .67  .80  .85  .59  .55  .68  .79  .70 
  92 ku168b   1644 2000            .75  .78  .71  .74  .83  .76  .75  .64  .65  .77  .68  .72  .76 
  93 ku169a   1791 2000                                          .62  .76  .61  .67  .73  .77  .66 
  94 ku169b   1798 2000                                          .70  .59  .62  .77  .75  .82  .78 
  95 ku170a   1736 2000                                .66  .81  .85  .78  .68  .61  .56  .72  .71 
  96 ku170b   1738 2000                                .69  .75  .78  .75  .56  .52  .65  .73  .60 
  97 ku171a   1726 2000                                .66  .82  .85  .76  .66  .47  .41  .68  .65 
  98 ku171b   1717 2000                           .67  .69  .71  .74  .72  .73  .73  .63  .69  .72 
  99 ku172a   1749 2000                                     .55  .65  .58  .64  .68  .68  .74  .71 
 100 ku172b   1771 2000                                     .63  .72  .66  .62  .60  .56  .67  .69 
 101 ku173a   1732 2000                                .61  .66  .64  .54  .48  .48  .53  .70  .78 
 102 ku173b   1728 2000                                .56  .66  .75  .68  .65  .68  .69  .68  .58 
 103 ku174a   1723 2000                           .75  .71  .70  .76  .66  .58  .65  .67  .83  .82 
 104 ku174b   1724 2000                           .63  .76  .78  .84  .78  .68  .70  .74  .80  .65 
 105 ku175a   1726 2000                                .58  .62  .59  .46  .65  .71  .58  .58  .59 
 106 ku175b   1734 2000                                .55  .67  .59  .46  .65  .60  .68  .69  .56 
 107 ku176a   1724 2000                           .63  .77  .78  .76  .67  .57  .52  .41  .47  .50 
 108 ku176b   1727 2000                                .63  .58  .59  .50  .55  .59  .39  .53  .52 
 109 ku177a   1778 2000                                          .74  .67  .62  .43  .46  .58  .50 
 110 ku177b   1732 2000                                .59  .74  .70  .54  .51  .25A .19B .37  .36 
 111 ku178a   1588 2000  .57  .49  .76  .85  .73  .60  .66  .71  .72  .70  .69  .67  .55  .62  .66 
 112 ku178b   1578 2000  .70  .69  .69  .68  .72  .66  .63  .67  .68  .62  .53  .59  .71  .76  .62 
 113 ku179a   1742 2000                                .59  .75  .77  .62  .70  .70  .71  .77  .65 
 114 ku179b   1773 2000                                     .83  .80  .62  .55  .60  .61  .64  .67 
 115 ku180a   1811 2000                                               .32A .24A .45  .64  .69  .61 
 116 ku180b   1871 2000                                                         .51  .57  .67  .73 
 117 ku181a   1669 1750                 .40B .61                                                   
 118 ku181c   1756 2000                                     .79  .84  .77  .60  .66  .75  .74  .67 
 119 ku181b   1685 2000                      .75  .77  .70  .78  .81  .75  .65  .64  .65  .74  .77 
 120 ku182a   1648 2000            .74  .69  .59  .60  .75  .84  .79  .63  .67  .72  .59  .71  .72 
 121 ku182b   1648 2000            .64  .66  .59  .53  .53  .70  .69  .64  .71  .61  .51  .59  .56 
 122 ku183a   1561 2000  .69  .64  .46  .48B .69  .70  .58  .71  .76  .65  .63  .64  .73  .73  .60 
 123 ku183b   1566 1939  .73  .59  .55  .57  .54  .56  .66  .76  .74  .57  .53  .61                
 124 ku183c   1577 1665  .69                                                                       
 125 ku184a   1602 2000       .77  .81  .80  .68  .60  .53  .74  .83  .73  .52  .49  .50  .67  .53 
 126 ku184b   1614 2000       .69  .69  .76  .75  .69  .57  .71  .79  .68  .55  .58  .62  .69  .59 
 127 ku185a   1875 2000                                                              .63  .78  .64 
 128 ku185b   1900 2000                                                                   .76  .67 
 129 ku186a   1716 2000                           .66  .44  .58  .70  .69  .80  .71  .67  .82  .67 
 130 ku186b   1766 2000                                     .48  .69  .65  .60  .46  .59  .74  .72 
 131 ku187a   1639 2000            .67  .70  .69  .67  .47  .63  .75  .64  .54  .55  .58  .75  .66 
 132 ku187b   1646 2000            .62  .66  .71  .75  .57  .68  .75  .67  .51  .57  .67  .77  .62 
 133 ku188a   1550 2000  .82  .59  .75  .79  .74  .69  .36  .22B .43  .72  .46  .37  .60  .69  .58 
 134 ku188b   1595 2000  .77  .63  .81  .81  .77  .80  .65  .71  .79  .70  .57  .52  .64  .76  .66 
 136 ku189a   1862 2000                                                         .56  .67  .80  .78 
 137 ku189b   1873 2000                                                         .46  .73  .78  .68 
 138 ku190a   1599 2000       .64  .84  .84  .75  .68  .51  .69  .78  .77  .68  .68  .71  .75  .59 
 139 ku190b   1635 2000            .85  .85  .76  .77  .64  .63  .76  .76  .73  .80  .77  .79  .64 
 Av segment correlation  .72  .61  .70  .69  .68  .66  .59  .67  .71  .65  .60  .62  .63  .70  .64 

 FLAGGED SEGMENTS: finl055
-----------------------------------------------------------------------------------------------------------------------------------
 Seq Series   Segment    Flag  r dated  Best lag  r at lag   Gain  Note
 --- -------- ---------  ----  -------  --------  --------  -----  -----------------
   3 vy107a   1850 1899     B     .331        -1      .377   .046
  28 vy119a   1750 1799     A     .310         0
  30 vy120a   1825 1874     B     .401         2      .407   .007
  60 vy134a   1750 1799     A     .315         0
  65 vy136b   1850 1899     B     .351        -9      .425   .074
  84 vy147a   1750 1799     B     .266         3      .282   .017  weak at every lag
  86 ku166a   1800 1849     A     .327         0
  87 ku166b   1775 1824     B     .259         7      .277   .018  weak at every lag
  91 ku168a   1625 1674     A     .263         0
 110 ku177b   1875 1924     A     .255         0
 110 ku177b   1900 1949     B     .194         5      .271   .077  weak at every lag
 115 ku180a   1825 1874     A     .321         0
 115 ku180a   1850 1899     A     .240         0
 117 ku181a   1675 1724     B     .402         1      .427   .025
 122 ku183a   1675 1724     B     .480         3      .491   .010
 133 ku188a   1775 1824     B     .217        -7      .288   .070  weak at every lag

 DESCRIPTIVE STATISTICS: finl055
-----------------------------------------------------------------------------------------------------------------------------------

                                                Corr   //-------- Unfiltered --------\\  //-- dplR filtered --\\
                           No.    No.    No.    with   Mean   Max     Std   Auto   Mean   Max     Std   Auto  AR
 Seq Series   Interval   Years  Segmt  Flags   Master  msmt   msmt    dev   corr   sens  value    dev   corr  ()
 --- -------- ---------  -----  -----  -----   ------ -----  -----  -----  -----  -----  -----  -----  -----  --
   1 vy106a   1766 2000    235      8      0    .692    .69   1.61   .286   .782   .218   1.58   .212   .017   1
   2 vy106b   1755 2000    246      8      0    .685    .72   1.77   .347   .840   .203   1.70   .211   .029   1
   3 vy107a   1754 2000    247      8      1    .539    .47    .99   .195   .861   .190   1.68   .190  -.019   1
   4 vy107b   1716 2000    285     10      0    .601    .50   1.50   .256   .895   .191   1.65   .191  -.002   1
   5 vy108a   1724 2000    277     10      0    .758    .65   1.66   .289   .816   .210   1.69   .207  -.002   1
   6 vy108b   1724 2000    277     10      0    .699    .49   1.58   .281   .869   .214   1.63   .223   .007   1
   7 vy109a   1853 2000    148      4      0    .481    .63   2.58   .331   .868   .168   1.92   .190   .051   1
   8 vy109b   1763 2000    238      8      0    .546    .68   2.72   .390   .897   .188   1.57   .201  -.006   1
   9 vy110a   1886 2000    115      3      0    .589    .65   1.46   .356   .879   .231   1.74   .251   .031   1
  10 vy110b   1915 2000     86      2      0    .629    .85   1.58   .241   .612   .204   1.44   .187  -.020   1
  11 vy111a   1721 2000    280     10      0    .645    .50   2.14   .335   .875   .282   1.76   .277   .006   1
  12 vy111b   1748 2000    253      9      0    .685    .45   1.97   .297   .855   .256   2.05   .260   .010   1
  13 vy112a   1718 2000    283     10      0    .586    .59   1.98   .366   .917   .219   1.69   .224  -.024   1
  14 vy112b   1728 1749     22      0      0    .614    .79   1.68   .338   .819   .208   1.30   .193   .018   1
  15 vy112c   1755 2000    246      8      0    .585    .39   1.16   .201   .896   .222   1.64   .210   .043   1
  16 vy113a   1749 2000    252      9      0    .613    .61   1.85   .301   .861   .208   1.56   .210  -.010   1
  17 vy113b   1758 2000    243      8      0    .687    .55   1.36   .270   .856   .217   1.52   .215  -.023   1
  18 vy114a   1780 2000    221      7      0    .644    .56   1.25   .196   .710   .214   1.60   .205  -.002   2
  19 vy114b   1739 2000    262      9      0    .735    .57   1.47   .262   .845   .195   1.62   .195  -.023   1
  20 vy115a   1731 2000    270      9      0    .651    .48   1.15   .183   .748   .211   1.72   .216   .023   1
  21 vy115b   1704 2000    297     10      0    .664    .52   2.36   .391   .891   .269   1.77   .259   .002   1
  22 vy116a   1797 2000    204      7      0    .681    .68   1.36   .246   .783   .189   1.59   .200  -.019   1
  23 vy116b   1823 2000    178      6      0    .679    .96   2.55   .470   .902   .172   1.46   .178   .007   1
  24 vy117a   1665 2000    336     12      0    .617    .47   1.56   .247   .862   .203   2.09   .217   .004   2
  25 vy117b   1672 2000    329     12      0    .584    .54   1.48   .283   .857   .211   2.19   .223   .007   1
  26 vy118a   1851 2000    150      4      0    .583    .43    .76   .106   .569   .184   1.58   .192   .001   2
  27 vy118b   1872 2000    129      4      0    .628    .50    .89   .151   .724   .183   1.46   .184   .006   1
  28 vy119a   1739 2000    262      9      1    .432    .58   2.02   .359   .912   .199   1.61   .198   .014   1
  29 vy119b   1731 2000    270      9      0    .534    .78   1.72   .262   .757   .187   1.51   .193   .010   1
  30 vy120a   1749 2000    252      9      1    .588    .77   2.92   .506   .934   .185   1.64   .183   .010   1
  31 vy120b   1733 2000    268      9      0    .660    .80   2.47   .477   .885   .213   1.67   .199  -.009   1
  32 vy121a   1755 2000    246      8      0    .626    .82   2.45   .366   .822   .217   1.59   .223   .006   1
  33 vy121b   1736 2000    265      9      0    .659    .73   2.42   .437   .898   .217   1.65   .206   .015   2
  34 vy122a   1723 2000    278     10      0    .623    .31    .62   .092   .678   .188   1.72   .195  -.004   2
  35 vy122b   1550 1690    141      2      0    .645    .45   1.40   .301   .913   .270   1.80   .250   .017   1
  36 vy122c   1700 2000    301     10      0    .579    .30    .91   .138   .832   .218   1.76   .227  -.006   2
  37 vy123a   1705 2000    296     10      0    .636    .56   1.54   .391   .902   .257   1.99   .260   .000   1
  38 vy123b   1711 1791     81      1      0    .510    .90   1.56   .253   .594   .206   1.48   .190  -.028   3
  39 vy123c   1728 2000    273      9      0    .604    .44   1.98   .386   .931   .301   1.87   .295  -.000   1
  40 vy124a   1758 2000    243      8      0    .710    .71   1.75   .284   .736   .235   1.87   .234  -.025   1
  41 vy124b   1783 2000    218      7      0    .726    .60   1.28   .214   .611   .267   1.89   .259   .005   1
  42 vy125a   1717 2000    284     10      0    .539    .58   2.24   .508   .949   .319   2.14   .292   .011   1
  43 vy125b   1709 2000    292     10      0    .617    .65   2.58   .622   .949   .258   1.73   .245   .002   2
  44 vy126a   1772 2000    229      8      0    .708    .85   1.62   .263   .771   .163   1.49   .168   .006   1
  45 vy126b   1755 2000    246      8      0    .734    .71   1.91   .292   .818   .204   1.52   .201   .027   1
  46 vy127a   1639 2000    362     13      0    .644    .59   1.48   .220   .746   .201   1.93   .199   .005   1
  47 vy127b   1735 2000    266      9      0    .597    .56   1.20   .191   .751   .187   1.98   .194   .009   1
  48 vy128a   1766 2000    235      8      0    .649    .73   1.67   .265   .630   .247   1.90   .254  -.026   1
  49 vy128b   1730 2000    271      9      0    .724    .71   1.54   .265   .702   .231   1.66   .238   .007   1
  50 vy129a   1736 2000    265      9      0    .552    .64   1.34   .226   .771   .198   1.74   .211   .003   1
  51 vy129b   1767 2000    234      8      0    .588    .68   1.45   .230   .750   .197   1.51   .203  -.011   1
  52 vy130a   1830 2000    171      5      0    .628   1.05   1.96   .339   .791   .176   1.64   .183   .025   1
  53 vy130b   1825 2000    176      5      0    .615   1.05   1.71   .252   .630   .166   1.43   .158   .007   1
  54 vy131a   1550 2000    451     15      0    .652    .46   1.16   .208   .738   .311   1.97   .280  -.007   1
  55 vy131b   1560 2000    441     15      0    .643    .39   1.37   .188   .778   .276   1.71   .248   .006   1
  56 vy132a   1768 2000    233      8      0    .650    .58   1.46   .232   .779   .213   1.63   .209  -.021   1
  57 vy132b   1731 2000    270      9      0    .677    .64   1.36   .255   .835   .184   1.65   .196   .018   1
  58 vy133a   1552 2000    449     15      0    .669    .44   1.54   .254   .895   .227   1.87   .225   .007   2
  59 vy133b   1601 2000    400     14      0    .603    .36    .85   .203   .906   .191   2.05   .198   .002   1
  60 vy134a   1681 2000    320     11      1    .657    .36   1.06   .163   .716   .296   1.98   .277  -.004   2
  61 vy134b   1597 2000    404     15      0    .659    .47   1.28   .224   .806   .253   1.87   .246  -.004   1
  62 vy135a   1719 2000    282     10      0    .712    .68   1.71   .330   .868   .197   1.71   .210  -.001   1
  63 vy135b   1631 2000    370     13      0    .676    .67   1.69   .293   .851   .217   1.67   .207   .026   1
  64 vy136a   1828 2000    173      5      0    .525    .80   1.95   .325   .840   .177   1.55   .188   .003   2
  65 vy136b   1827 2000    174      5      1    .515    .94   1.75   .299   .786   .164   1.61   .176   .042   1
  66 vy137a   1568 2000    433     15      0    .593    .38   1.44   .235   .927   .189   1.55   .185  -.000   1
  67 vy137b   1657 2000    344     12      0    .635    .30    .81   .135   .827   .220   1.69   .210   .002   1
  68 vy138a   1632 2000    369     13      0    .671    .60   2.33   .485   .953   .196   1.96   .205  -.006   1
  69 vy138b   1600 2000    401     14      0    .618    .52   1.49   .287   .893   .197   1.67   .206   .006   1
  70 vy139a   1860 2000    141      4      0    .630    .96   2.91   .397   .805   .197   1.72   .200  -.008   1
  71 vy139b   1867 2000    134      4      0    .638   1.10   2.99   .435   .816   .189   1.46   .193  -.009   1
  72 vy140a   1751 2000    250      8      0    .701    .79   1.84   .254   .769   .181   1.61   .176   .008   2
  73 vy140b   1750 2000    251      8      0    .708    .87   1.70   .254   .736   .175   1.57   .171  -.026   1
  74 vy141a   1765 2000    236      8      0    .704    .60   1.42   .189   .577   .239   2.11   .235  -.004   1
  75 vy141b   1773 2000    228      8      0    .729    .69   1.52   .235   .609   .246   1.80   .243   .008   1
  76 vy142a   1640 2000    361     13      0    .577    .41   1.17   .236   .906   .202   1.56   .209   .129   1
  77 vy142b   1620 2000    381     14      0    .549    .45   1.19   .232   .857   .207   1.49   .204  -.014   1
  78 vy143a   1856 2000    145      4      0    .526   1.02   1.77   .214   .541   .160   1.54   .157   .020   1
  79 vy143b   1834 2000    167      5      0    .570   1.21   2.15   .287   .696   .143   1.59   .155  -.013   1
  80 vy144a   1753 2000    248      8      0    .668    .70   1.69   .275   .836   .176   1.67   .197  -.017   1
  81 vy144b   1772 2000    229      8      0    .600    .68   1.54   .210   .678   .183   2.03   .206   .026   1
  82 vy146a   1828 2000    173      5      0    .611   1.04   2.59   .500   .881   .202   1.69   .217  -.016   1
  83 vy146b   1832 2000    169      5      0    .563    .91   2.34   .460   .882   .188   1.60   .208   .053   1
  84 vy147a   1747 2000    254      9      1    .606    .91   2.00   .373   .840   .188   1.60   .186  -.003   1
  85 vy147b   1756 2000    245      8      0    .649    .95   2.15   .315   .774   .181   1.60   .177   .021   1
  86 ku166a   1784 2000    217      7      1    .533    .58   1.75   .273   .815   .206   1.98   .232  -.012   3
  87 ku166b   1774 1903    130      4      1    .510    .70   1.59   .241   .755   .194   1.54   .185   .005   1
  88 ku166c   1936 2000     65      1      0    .612    .41    .87   .138   .486   .241   1.86   .275   .019   1
  89 ku167a   1830 2000    171      5      0    .504    .81   1.63   .280   .819   .161   1.43   .165  -.017   3
  90 ku167b   1840 2000    161      5      0    .557    .73   1.21   .164   .668   .148   1.39   .150   .030   1
  91 ku168a   1622 2000    379     14      1    .630    .51   1.61   .309   .881   .228   1.92   .239  -.022   1
  92 ku168b   1644 2000    357     13      0    .721    .52   1.86   .315   .905   .199   1.76   .215  -.015   1
  93 ku169a   1791 2000    210      7      0    .624    .60   1.56   .228   .731   .223   1.58   .224   .018   1
  94 ku169b   1798 2000    203      7      0    .715    .60   1.19   .221   .724   .228   1.58   .226   .014   1
  95 ku170a   1736 2000    265      9      0    .704    .64   2.21   .309   .852   .207   1.64   .206  -.006   3
  96 ku170b   1738 2000    263      9      0    .657    .64   1.83   .347   .895   .205   1.59   .202  -.020   1
  97 ku171a   1726 2000    275      9      0    .678    .68   2.76   .412   .852   .274   1.74   .255   .010   2
  98 ku171b   1717 2000    284     10      0    .691    .71   3.07   .507   .908   .207   1.58   .210   .000   1
  99 ku172a   1749 2000    252      8      0    .588    .58   1.06   .181   .645   .219   1.56   .217  -.005   2
 100 ku172b   1771 2000    230      8      0    .647    .63   1.30   .197   .692   .216   1.61   .212  -.008   1
 101 ku173a   1732 2000    269      9      0    .608    .52   3.19   .510   .943   .208   1.94   .213   .016   1
 102 ku173b   1728 2000    273      9      0    .664    .61   3.29   .548   .930   .229   1.70   .237   .017   1
 103 ku174a   1723 2000    278     10      0    .719    .62   2.82   .560   .908   .254   1.89   .250  -.008   1
 104 ku174b   1724 2000    277     10      0    .726    .62   2.63   .522   .951   .221   1.60   .225  -.009   1
 105 ku175a   1726 2000    275      9      0    .588    .36   2.65   .401   .944   .260   1.80   .266   .009   1
 106 ku175b   1734 2000    267      9      0    .601    .39   2.56   .461   .952   .310   1.97   .295   .015   1
 107 ku176a   1724 2000    277     10      0    .591    .47   1.84   .339   .922   .254   1.76   .257  -.007   1
 108 ku176b   1727 2000    274      9      0    .539    .48   1.94   .302   .912   .194   1.57   .203  -.002   3
 109 ku177a   1778 2000    223      7      0    .585    .30    .96   .151   .757   .336   2.41   .305   .005   2
 110 ku177b   1732 2000    269      9      2    .435    .35   1.00   .213   .897   .289   1.93   .277   .001   2
 111 ku178a   1588 2000    413     15      0    .649    .50   1.52   .332   .899   .258   1.88   .245   .010   1
 112 ku178b   1578 2000    423     15      0    .629    .51   1.64   .299   .849   .225   1.86   .228  -.002   1
 113 ku179a   1742 2000    259      9      0    .692    .55   1.31   .197   .798   .189   1.69   .189  -.012   1
 114 ku179b   1773 2000    228      8      0    .687    .59   1.36   .230   .832   .186   1.70   .188  -.001   1
 115 ku180a   1811 2000    190      6      2    .440    .64   1.59   .270   .767   .234   1.84   .254   .024   1
 116 ku180b   1871 2000    130      4      0    .594    .81   1.34   .223   .631   .190   1.53   .178   .021   1
 117 ku181a   1669 1750     82      2      1    .485    .69   1.54   .291   .830   .204   1.41   .212   .108   1
 118 ku181c   1756 2000    245      8      0    .721    .35    .97   .165   .766   .251   2.01   .260   .002   2
 119 ku181b   1685 2000    316     11      0    .708    .50   1.59   .252   .837   .240   1.91   .246   .005   1
 120 ku182a   1648 2000    353     13      0    .694    .77   2.09   .387   .846   .228   1.61   .235  -.024   1
 121 ku182b   1648 2000    353     13      0    .606    .51   1.91   .385   .919   .247   1.89   .249   .008   1
 122 ku183a   1561 2000    440     15      1    .638    .31    .97   .147   .533   .389   2.51   .357   .006   1
 123 ku183b   1566 1939    374     12      0    .626    .33    .97   .175   .778   .319   2.29   .305  -.008   1
 124 ku183c   1577 1665     89      1      0    .694    .40    .86   .148   .604   .257   1.71   .267  -.045   1
 125 ku184a   1602 2000    399     14      0    .653    .66   2.01   .356   .897   .211   1.87   .201   .018   1
 126 ku184b   1614 2000    387     14      0    .680    .60   1.57   .250   .779   .228   1.69   .212   .021   1
 127 ku185a   1875 2000    126      3      0    .618   1.04   2.07   .514   .881   .178   1.63   .189   .050   1
 128 ku185b   1900 2000    101      2      0    .662   1.24   2.04   .394   .682   .198   1.60   .199   .019   1
 129 ku186a   1716 2000    285     10      0    .658    .58   1.56   .299   .832   .238   1.88   .249   .007   1
 130 ku186b   1766 2000    235      8      0    .603    .53   1.58   .348   .924   .197   2.06   .213   .008   2
 131 ku187a   1639 2000    362     13      0    .652    .42   1.15   .179   .763   .243   1.78   .222  -.002   1
 132 ku187b   1646 2000    355     13      0    .646    .38    .87   .166   .795   .230   1.74   .222   .017   3
 133 ku188a   1550 2000    451     15      1    .606    .37   1.26   .242   .909   .203   1.58   .202  -.006   1
 134 ku188b   1595 2000    406     15      0    .720    .39   1.25   .207   .872   .214   1.57   .205  -.002   1
 135 ku188c   1550 1643     94      0      0    .726    .46    .89   .146   .695   .215   1.47   .197   .090   0
 136 ku189a   1862 2000    139      4      0    .660    .67   1.33   .301   .761   .233   1.52   .220   .013   1
 137 ku189b   1873 2000    128      4      0    .624    .84   2.08   .416   .814   .227   1.52   .215   .039   1
 138 ku190a   1599 2000    402     14      0    .679    .48   1.53   .277   .879   .246   1.77   .242  -.006   3
 139 ku190b   1635 2000    366     13      0    .729    .51   1.41   .258   .843   .254   1.89   .238  -.016   1
 --- -------- ---------  -----  -----  -----   ------ -----  -----  -----  -----  -----  -----  -----  -----  --
 Total or mean:          35935   1206     16    .635    .58   3.29   .291   .823   .223   2.51   .222   .004

 DATA CHECKS (rwl.check): finl055
-----------------------------------------------------------------------------------------------------------------------------------
 rwl.check: data_files/treering/measurements/europe/finl055.rwl
 139 series, 35935 measurements, 1550-2000, 0.001 mm precision
 0 error(s), 1 warning(s), 3 note(s)
 -------------
 WARNING
   RWL_MIXED_EOL (1)
     line endings are not consistent: 1 carriage return(s) against 3782 line feed(s); mixed endings can defeat a reader
 3 note(s) not shown; see rwl.check() or the 'check' element of this report.

 NOTES
-----------------------------------------------------------------------------------------------------------------------------------
 Report generated using dplR 1.8.1 (R 4.5.2) on 2026-10-01 16:53 PDT.
 Measurement file finl055.rwl, MD5 c81faa4c80f96a7e350db1d5917998fc.
 Filtering: each series divided by a 32-year smoothing spline (caps()), then prewhitened with
   an AR model (order by AIC, at most 3).
 Master: biweight robust mean of the other series (leave-one-out).
 Correlation: Pearson, one-tailed, pcrit = 0.01; critical r = 0.3281 for 50-year segments.
 Segments: 50 years, lagged 25, first segment floored to 100. Lags searched: +/- 10 years.
 A segment is tested only where the series and the master cover all of it, at the dated
   position and at every lag. COFECHA also tests partial segments at the ends of a series, so
   series here may show fewer segments, and no flags can be raised at the ends of the record.
 Lags follow COFECHA: negative means rings are probably missing from the series, positive means
   false rings. A missing ring carries its lag into every segment before it, so look where the
   lag changes along a series. A B flag is a hypothesis to check on the wood; the gain says how
   seriously to take it.
 A B flag marked "weak at every lag" correlates under the critical value even at its best lag:
   the segment is weak wherever it is placed, and the shift is not evidence of a dating error.
   Treat it as a low correlation, like an A.
 Averages in the summary and the totals are weighted by the number of years in each series, as
   COFECHA's are.
 Unfiltered block and mean sensitivity: the measurements as read, and sens1().
 dplR filtered block: the series that was correlated, after filtering. COFECHA's filtered
   series is defined differently, so these three columns are not COFECHA's numbers.
 AR: order of the AR model used to prewhiten.
