
 COFECHA-style crossdating report: finl069
 Report generated using dplR 1.8.1 (R 4.5.2) on 2026-10-01 16:50 PDT
 Built with dplR's xdate.report(), not COFECHA; see the notes at the end.


      Measurement file name  : finl069.rwl
      MD5 of measurement file: d46c646aa8e5be4cd7ab879f133f6050
      Date checked           : 01OCT26
      Beginning year         : 1475
      Ending year            : 2006
      Principal investigators: Frank, D.C.; Esper, J.; Büntgen, U.; Wilson, R.J.S.; Verstege, A.; Nievergelt, D.; Timonen, M.
      Site name              : Kesänkijärvi
      Species information    : PISY Pinus sylvestris L.
      Latitude               : 67.5600 N
      Longitude              : 24.3000 E
      Elevation              : 450 m

      Series intercorrelation: 0.598
      Avg mean sensitivity   : 0.248
      Avg standard deviation : 0.241
      Avg autocorrelation    : 0.811
      Number dated series    : 98
      Segment length tested  : 50

      Number problem segments: 44  (A 13, B 31; 15 of the B weak at every lag)
      Pct problem segments   : 5.06


 CORRELATION OF SERIES BY SEGMENTS: finl069
-----------------------------------------------------------------------------------------------------------------------------------
 Correlations of  50-year dated segments, lagged  25 years
 Flags:  A = correlation under   .3281 but highest as dated;  B = correlation higher at other than dated position

 Seq Series  Time_span  1500 1525 1550 1575 1600 1625 1650 1675 1700 1725 1750 1775 1800 1825 1850 1875 1900 1925 1950 
                        1549 1574 1599 1624 1649 1674 1699 1724 1749 1774 1799 1824 1849 1874 1899 1924 1949 1974 1999 
 --- -------- ---------  ---- ---- ---- ---- ---- ---- ---- ---- ---- ---- ---- ---- ---- ---- ---- ---- ---- ---- ---- 
   1 119601a  1477 1877  .69  .73  .33B .44  .72  .76  .75  .68  .72  .81  .68  .42  .30A .26B                         
   2 119601b  1496 1900  .56  .67  .43  .46  .63  .71  .66  .57  .65  .74  .77  .51  .10B .14B .26A                    
   3 119602b  1517 1796       .58  .62  .69  .50  .47  .75  .77  .65  .65                                              
   4 119603a  1492 2006  .65  .60  .70  .78  .82  .78  .70  .70  .58  .65  .79  .79  .75  .54  .64  .78  .64  .64  .66 
   5 119603b  1496 2006  .60  .51B .66  .84  .85  .85  .72  .70  .62  .65  .73  .69  .77  .66  .62  .61  .61  .67  .67 
   6 119604a  1503 1997       .52  .64  .75  .63  .54  .66  .64  .63  .76  .76  .66  .49  .35B .57  .45  .32A .43      
   7 119604b  1485 1996  .65  .55  .63  .75  .70  .69  .72  .65  .64  .69  .74  .72  .66  .53  .55  .55  .47  .55      
   8 119605a  1570 2006                 .03B .01B .47  .82  .85  .76  .83  .72  .66  .63  .46  .18B .40  .56  .58  .66 
   9 119605b  1476 2006  .77  .70  .69  .29B .12B .43  .83  .82  .76  .78  .67  .62  .66  .43 -.10B .16B .56  .55  .53 
  10 119606a  1782 2006                                                              .73  .71  .63  .74  .79  .76  .66 
  11 119606b  1785 2006                                                              .69  .67  .60  .72  .83  .84  .71 
  12 119607a  1764 2006                                                         .61  .73  .48  .46  .72  .70  .68  .74 
  13 119607b  1803 2006                                                                   .57  .65  .83  .82  .66  .62 
  14 119608a  1809 2006                                                                   .69  .54  .59  .59  .63  .73 
  15 119608b  1808 2006                                                                   .76  .70  .73  .72  .70  .68 
  16 119609a  1803 2006                                                                   .53  .28B .41  .56  .69  .67 
  17 119609b  1803 2005                                                                   .74  .63  .64  .52  .63  .83 
  18 119610a  1823 2006                                                                   .49  .60  .77  .77  .73  .60 
  19 119610b  1786 2006                                                              .61  .55  .67  .68  .64  .60  .52 
  20 119612a  1791 1990                                                              .69  .63  .66  .69  .70  .75      
  21 119612as 1479 1884  .64  .66  .57  .50  .55  .68  .77  .68  .46  .53  .71  .62  .45  .40                          
  22 119612bs 1646 1898                                .77  .71  .61  .60  .67  .48  .03B-.01B                         
  23 119614a  1790 2006                                                              .72  .52  .45  .51  .47  .55  .63 
  24 119614b  1783 2006                                                              .84  .66  .72  .82  .59  .48  .64 
  25 119616b  1595 1863                      .67  .73  .80  .71  .62  .59  .45  .49  .66                               
  26 119631a  1478 1814  .67  .60  .72  .81  .77  .62  .54  .55  .73  .80  .65                                         
  27 119631b  1475 1831  .54  .63  .68  .81  .76  .66  .84  .83  .63  .60  .64  .71                                    
  28 119632a  1710 2005                                               .67  .70  .68  .65  .71  .88  .97  .94  .82  .70 
  29 119632b  1650 1889                                     .78  .76  .78  .77  .73  .82  .73                          
  30 119633a  1821 2006                                                                   .41  .53  .70  .81  .80  .73 
  31 119633b  1894 2006                                                                                  .73  .79  .75 
  32 119634a  1486 2006  .62  .46  .49  .73  .89  .28A .36  .66  .46  .63  .61  .53  .54  .40  .51  .61  .60  .62  .62 
  33 119634b  1802 2006                                                                   .50  .44  .57  .82  .80  .68 
  34 119635b  1932 2006                                                                                            .76 
  35 119636a  1874 2006                                                                                  .38  .54  .30A
  36 119636b  1872 2006                                                                             .33A .47  .61  .48 
  37 119637a  1802 2006                                                                   .50  .77  .85  .68  .68  .69 
  38 119637b  1801 2006                                                                   .43  .59  .60  .65  .68  .61 
  39 119638a  1642 1931                                .80  .66  .60  .76  .73  .63  .67  .70  .16B .02B               
  40 119638b  1537 1895            .58  .30A .31A .68  .75  .71  .70  .66  .46  .59  .67  .58                          
  41 119639a  1779 2006                                                              .68  .55  .50  .63  .68  .72  .66 
  42 119639b  1778 2006                                                              .71  .72  .75  .83  .81  .75  .67 
  43 119640b  1513 2006       .63  .61  .29B .14B .19B .61  .62  .61  .71  .61  .60  .66  .51  .60  .69  .69  .61  .59 
  44 119640a  1517 2006       .59  .65  .68  .75  .76  .77  .66  .50  .50  .56  .53  .47  .47  .56  .65  .27B .34B .74 
  45 119641b  1489 2006  .55  .73  .85  .98  .68  .44  .60  .69  .66  .63  .61  .77  .78  .64  .68  .83  .73  .62  .60 
  46 119641a  1486 2006  .62  .59  .71  .98  .69  .54  .52  .56  .65  .62  .66  .69  .68  .57  .76  .80  .69  .55  .37 
  47 119642a  1825 2006                                                                        .38  .62  .65  .63  .66 
  48 119642b  1820 2006                                                                   .46  .46  .72  .67  .63  .63 
  49 119643a  1509 1960       .69  .75  .74  .72  .74  .86  .81  .68  .74  .72  .67  .75  .55  .50  .65  .50           
  50 119643b  1509 2006       .79  .78  .78  .73  .72  .79  .72  .48  .55  .56  .60  .71  .56  .38  .53  .60  .62  .63 
  51 119645a  1657 2006                                     .67  .65  .78  .73  .64  .65  .56  .18B .46  .67  .65  .71 
  52 119645b  1681 1883                                          .37  .62  .70  .79  .83  .70                          
  53 119647a  1795 2006                                                              .39  .31A .53  .70  .73  .70  .67 
  54 119647b  1785 2006                                                              .41  .39  .63  .70  .69  .71  .71 
  55 119648a  1795 2006                                                              .35  .60  .58  .57  .71  .73  .62 
  56 119648b  1811 2006                                                                   .59  .61  .72  .82  .79  .69 
  57 119649a  1851 2006                                                                             .44  .76  .77  .63 
  58 119649b  1863 2006                                                                             .53  .73  .71  .68 
  59 1196100a 1829 2006                                                                        .60  .60  .65  .56  .55 
  60 1196100b 1830 2006                                                                        .36  .51  .70  .58  .52 
  61 1196101a 1785 2006                                                              .59  .62  .68  .71  .69  .47  .50 
  62 1196101b 1787 2006                                                              .59  .60  .42  .53  .71  .64  .58 
  63 1196102a 1798 2006                                                              .66  .66  .80  .77  .71  .70  .71 
  64 1196102b 1799 2006                                                              .63  .54  .58  .67  .68  .69  .63 
  65 1196103a 1544 1880            .32A .69  .75  .74  .84  .75  .62  .73  .51  .19B .11B .19A                         
  66 1196103b 1588 1840                      .81  .88  .79  .75  .75  .70  .51  .71                                    
  67 1196104a 1724 2006                                               .61  .66  .78  .82  .72  .65  .59  .59  .66  .72 
  68 1196104b 1799 2006                                                              .70  .52  .54  .66  .64  .67  .67 
  69 1196104c 1850 1970                                                                             .56  .45           
  70 1196105a 1764 2006                                                         .76  .78  .72  .73  .63  .61  .80  .71 
  71 1196105b 1762 2006                                                         .73  .83  .80  .77  .55  .50  .75  .75 
  72 1196106b 1483 1890  .74  .68  .80  .84  .82  .73  .60  .67  .78  .66  .59  .71  .68  .59                          
  73 1196106a 1483 1787  .76  .73  .67  .73  .74  .77  .74  .69  .68  .75                                              
  74 1196108a 1808 2006                                                                   .53  .70  .85  .79  .76  .73 
  75 1196108b 1779 2006                                                              .75  .65  .57  .83  .84  .74  .75 
  76 1196110a 1789 1985                                                              .48  .41  .52  .55  .52  .48      
  77 1196110b 1787 2006                                                              .53  .58  .36  .39  .59  .57  .36 
  78 1196112a 1791 2006                                                              .75  .75  .61  .71  .73  .68  .75 
  79 1196114a 1635 2006                                .52  .50  .49  .54  .48  .64  .70  .53  .58  .57  .47  .47  .51 
  80 1196114b 1649 2006                                .53  .51  .50  .43  .31B .53  .74  .59  .73  .76  .65  .64  .56 
  81 1196116a 1537 1810            .63  .68  .52  .46  .62  .64  .74  .78  .75                                         
  82 1196116b 1561 2005                 .74  .69  .68  .67  .69  .68  .64  .68  .80  .79  .58  .42  .26B-.09B .13B .50 
  83 1196140a 1491 1848  .35  .44  .95  .88  .77  .76  .85  .76  .58  .73  .77  .68                                    
  84 1196140b 1537 1883            .64  .77  .76  .77  .84  .78  .73  .82  .79  .80  .67  .48                          
  85 1196141a 1807 2006                                                                   .39  .59  .74  .66  .67  .68 
  86 1196141b 1852 2006                                                                             .72  .68  .73  .83 
  87 1196142a 1852 2006                                                                             .70  .69  .72  .79 
  88 1196142b 1887 2006                                                                                  .61  .68  .66 
  89 1196143a 1760 2006                                                         .55  .61  .56  .62  .79  .76  .64  .65 
  90 1196143b 1759 2006                                                         .51  .59  .64  .70  .80  .75  .63  .77 
  91 1196144a 1774 2006                                                         .63  .55  .56  .70  .77  .71  .71  .71 
  92 1196144b 1792 2006                                                              .66  .55  .56  .69  .80  .79  .63 
  93 1196145a 1797 1985                                                              .33  .10B .46  .54  .53  .64      
  94 1196145b 1780 1995                                                              .28A .38  .30A .46  .62  .69      
  95 1196240a 1836 2006                                                                        .56  .64  .65  .70  .69 
  96 1196240b 1832 2006                                                                        .39  .57  .69  .69  .52 
  97 1196241a 1837 2006                                                                        .61  .59  .57  .62  .48 
  98 1196241b 1822 2006                                                                   .55  .59  .59  .68  .65  .39 
 Av segment correlation  .63  .62  .64  .67  .64  .64  .71  .69  .63  .68  .65  .64  .61  .54  .55  .63  .64  .65  .64 

 FLAGGED SEGMENTS: finl069
-----------------------------------------------------------------------------------------------------------------------------------
 Seq Series   Segment    Flag  r dated  Best lag  r at lag   Gain  Note
 --- -------- ---------  ----  -------  --------  --------  -----  -----------------
   1 119601a  1550 1599     B     .333         2      .378   .045
   1 119601a  1800 1849     A     .301         0
   1 119601a  1825 1874     B     .260         2      .463   .203
   2 119601b  1800 1849     B     .100        -2      .292   .192  weak at every lag
   2 119601b  1825 1874     B     .140        -2      .409   .269
   2 119601b  1850 1899     A     .261         0
   5 119603b  1525 1574     B     .507        -2      .521   .014
   6 119604a  1825 1874     B     .348        -2      .389   .041
   6 119604a  1900 1949     A     .316         0
   8 119605a  1575 1624     B     .030         1      .254   .224  weak at every lag
   8 119605a  1600 1649     B     .007       -10      .343   .336
   8 119605a  1850 1899     B     .182        -1      .257   .075  weak at every lag
   9 119605b  1575 1624     B     .292         3      .332   .040
   9 119605b  1600 1649     B     .118       -10      .325   .207  weak at every lag
   9 119605b  1850 1899     B    -.101        -4      .323   .424  weak at every lag
   9 119605b  1875 1924     B     .157        -1      .236   .079  weak at every lag
  16 119609a  1850 1899     B     .279        -9      .369   .090
  22 119612bs 1800 1849     B     .034        -8      .248   .215  weak at every lag
  22 119612bs 1825 1874     B    -.013        -8      .270   .283  weak at every lag
  32 119634a  1625 1674     A     .279         0
  35 119636a  1950 1999     A     .303         0
  36 119636b  1875 1924     A     .326         0
  39 119638a  1850 1899     B     .157         2      .343   .186
  39 119638a  1875 1924     B     .020         7      .345   .325
  40 119638b  1575 1624     A     .305         0
  40 119638b  1600 1649     A     .310         0
  43 119640b  1575 1624     B     .288         7      .357   .069
  43 119640b  1600 1649     B     .145         7      .273   .128  weak at every lag
  43 119640b  1625 1674     B     .187         3      .274   .087  weak at every lag
  44 119640a  1900 1949     B     .273        -5      .303   .030  weak at every lag
  44 119640a  1925 1974     B     .340        -5      .375   .035
  51 119645a  1850 1899     B     .182         6      .344   .162
  53 119647a  1825 1874     A     .306         0
  65 1196103a 1550 1599     A     .319         0
  65 1196103a 1775 1824     B     .185         3      .234   .049  weak at every lag
  65 1196103a 1800 1849     B     .111         3      .272   .160  weak at every lag
  65 1196103a 1825 1874     A     .185         0
  80 1196114b 1750 1799     B     .314         1      .340   .026
  82 1196116b 1875 1924     B     .258        -9      .423   .166
  82 1196116b 1900 1949     B    -.091        -9      .454   .545
  82 1196116b 1925 1974     B     .129         6      .211   .082  weak at every lag
  93 1196145a 1825 1874     B     .100        -8      .231   .131  weak at every lag
  94 1196145b 1800 1849     A     .283         0
  94 1196145b 1850 1899     A     .298         0

 DESCRIPTIVE STATISTICS: finl069
-----------------------------------------------------------------------------------------------------------------------------------

                                                Corr   //-------- Unfiltered --------\\  //-- dplR filtered --\\
                           No.    No.    No.    with   Mean   Max     Std   Auto   Mean   Max     Std   Auto  AR
 Seq Series   Interval   Years  Segmt  Flags   Master  msmt   msmt    dev   corr   sens  value    dev   corr  ()
 --- -------- ---------  -----  -----  -----   ------ -----  -----  -----  -----  -----  -----  -----  -----  --
   1 119601a  1477 1877    401     14      3    .572    .43   3.08   .529   .965   .291   2.03   .288   .007   1
   2 119601b  1496 1900    405     15      3    .504    .31   2.49   .348   .956   .314   1.85   .295  -.009   3
   3 119602b  1517 1796    280      9      0    .626    .27    .73   .139   .740   .308   2.09   .294  -.008   1
   4 119603a  1492 2006    515     19      0    .694    .43   2.20   .244   .883   .218   1.61   .204   .016   3
   5 119603b  1496 2006    511     19      1    .687    .42   1.83   .197   .827   .204   1.64   .204  -.009   1
   6 119604a  1503 1997    495     17      2    .563    .29   1.09   .166   .855   .270   1.86   .255   .003   3
   7 119604b  1485 1996    512     18      0    .585    .39   2.70   .408   .957   .265   1.84   .253  -.007   1
   8 119605a  1570 2006    437     16      3    .507    .25    .70   .114   .694   .311   1.92   .286   .002   2
   9 119605b  1476 2006    531     19      4    .525    .35   2.60   .407   .958   .280   1.94   .271   .012   3
  10 119606a  1782 2006    225      7      0    .645    .55   1.37   .300   .835   .242   2.07   .256   .021   2
  11 119606b  1785 2006    222      7      0    .688    .45   1.25   .209   .809   .236   1.76   .241   .001   2
  12 119607a  1764 2006    243      8      0    .646    .80   2.06   .332   .820   .192   1.60   .202   .012   1
  13 119607b  1803 2006    204      6      0    .700    .49   1.24   .239   .807   .222   1.62   .218   .003   1
  14 119608a  1809 2006    198      6      0    .618    .68   1.76   .290   .791   .246   1.68   .239   .004   1
  15 119608b  1808 2006    199      6      0    .706    .51   1.04   .208   .750   .242   1.59   .239   .009   1
  16 119609a  1803 2006    204      6      1    .543    .39   1.07   .152   .601   .309   1.75   .274  -.010   2
  17 119609b  1803 2005    203      6      0    .669    .47   1.67   .223   .789   .235   1.92   .243  -.009   3
  18 119610a  1823 2006    184      6      0    .647    .68   1.45   .300   .807   .203   1.75   .215   .040   1
  19 119610b  1786 2006    221      7      0    .552    .60   1.66   .317   .867   .237   1.77   .242   .018   1
  20 119612a  1791 1990    200      6      0    .681    .48   1.82   .311   .848   .243   2.04   .248   .020   1
  21 119612as 1479 1884    406     14      0    .556    .33   1.32   .254   .928   .271   1.80   .262   .001   2
  22 119612bs 1646 1898    253      8      2    .460    .19    .43   .067   .537   .297   1.74   .271   .005   1
  23 119614a  1790 2006    217      7      0    .553    .45   1.11   .185   .734   .246   1.82   .256  -.002   3
  24 119614b  1783 2006    224      7      0    .670    .40    .95   .209   .845   .233   1.63   .229   .001   2
  25 119616b  1595 1863    269      9      0    .602    .34   1.46   .206   .836   .275   1.85   .270   .012   1
  26 119631a  1478 1814    337     11      0    .626    .43   2.82   .513   .972   .267   2.14   .271  -.008   1
  27 119631b  1475 1831    357     12      0    .686    .49   2.39   .466   .954   .285   1.66   .270   .011   1
  28 119632a  1710 2005    296     10      0    .726    .26    .82   .138   .825   .248   1.79   .237  -.006   1
  29 119632b  1650 1889    240      7      0    .747    .42   1.61   .284   .816   .262   2.09   .285   .014   1
  30 119633a  1821 2006    186      6      0    .619    .67   1.51   .298   .832   .205   1.59   .209  -.034   3
  31 119633b  1894 2006    113      3      0    .735    .82   1.65   .271   .754   .163   1.53   .171   .030   1
  32 119634a  1486 2006    521     19      1    .560    .29   1.84   .253   .920   .252   1.93   .255   .003   2
  33 119634b  1802 2006    205      6      0    .632    .62   1.31   .199   .734   .187   1.55   .190   .006   1
  34 119635b  1932 2006     75      1      0    .740    .54    .89   .144   .550   .196   1.51   .196   .007   1
  35 119636a  1874 2006    133      3      1    .322    .22    .51   .099   .672   .285   1.64   .264   .020   3
  36 119636b  1872 2006    135      4      1    .452    .17    .39   .079   .696   .274   1.79   .271  -.002   1
  37 119637a  1802 2006    205      6      0    .439    .40   1.29   .159   .629   .241   2.40   .249   .001   1
  38 119637b  1801 2006    206      6      0    .500    .35    .99   .167   .781   .269   1.88   .268   .003   1
  39 119638a  1642 1931    290     10      2    .495    .33   1.36   .237   .877   .310   2.02   .294   .025   1
  40 119638b  1537 1895    359     12      2    .536    .21    .73   .124   .778   .336   2.24   .324  -.005   1
  41 119639a  1779 2006    228      7      0    .540    .66   3.98   .353   .569   .218   3.08   .255   .015   1
  42 119639b  1778 2006    229      7      0    .701    .79   2.41   .454   .888   .194   1.56   .190   .009   1
  43 119640b  1513 2006    494     18      3    .523    .22   1.04   .137   .826   .296   1.89   .281   .002   3
  44 119640a  1517 2006    490     18      2    .576    .25   1.16   .139   .832   .244   2.07   .238   .012   1
  45 119641b  1489 2006    518     19      0    .666    .40   1.75   .252   .882   .245   1.88   .228  -.009   1
  46 119641a  1486 2006    521     19      0    .622    .38   1.73   .273   .906   .268   1.79   .252  -.003   1
  47 119642a  1825 2006    182      5      0    .382    .64   1.83   .303   .709   .203   3.49   .299   .005   2
  48 119642b  1820 2006    187      6      0    .579    .74   1.50   .289   .810   .190   1.59   .197  -.008   2
  49 119643a  1509 1960    452     16      0    .681    .37   1.22   .179   .820   .227   1.71   .219  -.000   2
  50 119643b  1509 2006    498     18      0    .646    .37   1.22   .198   .869   .218   1.66   .204   .006   1
  51 119645a  1657 2006    350     12      1    .621    .23    .58   .077   .605   .253   1.89   .232  -.005   2
  52 119645b  1681 1883    203      6      0    .577    .24    .52   .076   .617   .210   1.66   .208   .015   1
  53 119647a  1795 2006    212      7      1    .554    .42    .80   .152   .578   .288   1.95   .260  -.039   3
  54 119647b  1785 2006    222      7      0    .499    .38   1.40   .167   .572   .268   2.12   .279  -.002   1
  55 119648a  1795 2006    212      7      0    .535    .52   1.23   .223   .810   .205   1.69   .212   .033   1
  56 119648b  1811 2006    196      6      0    .661    .56   1.20   .207   .789   .195   1.61   .199   .007   1
  57 119649a  1851 2006    156      4      0    .371    .88   1.83   .342   .719   .212   2.37   .254   .011   2
  58 119649b  1863 2006    144      4      0    .587    .78   1.62   .314   .760   .224   2.01   .239  -.006   1
  59 1196100a 1829 2006    178      5      0    .578    .65   2.07   .284   .779   .196   2.15   .227  -.061   1
  60 1196100b 1830 2006    177      5      0    .553    .46   1.11   .162   .720   .204   1.59   .203   .019   1
  61 1196101a 1785 2006    222      7      0    .572    .42   1.28   .284   .934   .197   1.59   .204   .027   1
  62 1196101b 1787 2006    220      7      0    .562    .48   1.25   .230   .867   .193   1.69   .197   .001   3
  63 1196102a 1798 2006    209      7      0    .705    .33    .65   .106   .669   .205   1.80   .213   .029   1
  64 1196102b 1799 2006    208      7      0    .631    .34    .88   .148   .789   .226   1.77   .234   .006   1
  65 1196103a 1544 1880    337     12      4    .481    .34   1.37   .210   .803   .331   1.88   .308   .002   1
  66 1196103b 1588 1840    253      8      0    .725    .53   1.22   .241   .688   .319   1.76   .277  -.007   1
  67 1196104a 1724 2006    283     10      0    .680    .41   1.27   .215   .816   .246   1.76   .249  -.007   1
  68 1196104b 1799 2006    208      7      0    .634    .30    .84   .139   .702   .286   1.91   .273   .018   1
  69 1196104c 1850 1970    121      2      0    .320    .18    .32   .048   .444   .215   1.49   .191   .026   2
  70 1196105a 1764 2006    243      8      0    .679    .73   2.02   .386   .862   .232   1.66   .233   .020   1
  71 1196105b 1762 2006    245      8      0    .679    .76   2.29   .362   .801   .237   1.56   .223  -.013   3
  72 1196106b 1483 1890    408     14      0    .685    .40   1.66   .284   .923   .245   1.93   .242  -.017   1
  73 1196106a 1483 1787    305     10      0    .713    .43   2.09   .313   .910   .270   1.89   .265  -.019   1
  74 1196108a 1808 2006    199      6      0    .665    .72   2.00   .370   .800   .239   1.86   .243   .031   1
  75 1196108b 1779 2006    228      7      0    .704    .69   1.85   .261   .655   .234   1.89   .236   .017   1
  76 1196110a 1789 1985    197      6      0    .398    .26   1.02   .182   .867   .275   1.93   .269  -.007   1
  77 1196110b 1787 2006    220      7      0    .418    .35   1.64   .259   .839   .259   2.23   .269  -.032   3
  78 1196112a 1791 2006    216      7      0    .710    .52   1.57   .249   .786   .216   1.78   .224   .002   1
  79 1196114a 1635 2006    372     13      0    .513    .35   2.22   .294   .924   .239   1.85   .239   .030   1
  80 1196114b 1649 2006    358     13      1    .558    .39   2.46   .362   .940   .234   1.69   .237  -.025   1
  81 1196116a 1537 1810    274      9      0    .597    .34    .99   .161   .851   .236   1.91   .230   .010   2
  82 1196116b 1561 2005    445     16      3    .539    .26    .72   .122   .748   .289   1.88   .267   .009   1
  83 1196140a 1491 1848    358     12      0    .718    .49   2.00   .352   .945   .202   1.58   .201   .010   1
  84 1196140b 1537 1883    347     12      0    .735    .41    .94   .143   .732   .214   1.65   .213   .005   1
  85 1196141a 1807 2006    200      6      0    .554    .60   1.26   .256   .780   .210   1.76   .215  -.025   1
  86 1196141b 1852 2006    155      4      0    .730    .62   1.24   .219   .753   .187   1.52   .195   .002   1
  87 1196142a 1852 2006    155      4      0    .714    .62   1.24   .216   .722   .191   1.59   .200  -.003   1
  88 1196142b 1887 2006    120      3      0    .625    .50   1.11   .211   .790   .215   1.66   .225  -.004   1
  89 1196143a 1760 2006    247      8      0    .599    .44   1.12   .175   .737   .232   1.91   .217  -.012   1
  90 1196143b 1759 2006    248      8      0    .623    .37   2.01   .192   .657   .252   1.99   .267   .021   1
  91 1196144a 1774 2006    233      8      0    .670    .51   1.49   .261   .861   .220   1.71   .217  -.014   1
  92 1196144b 1792 2006    215      7      0    .666    .52   1.28   .270   .880   .209   1.57   .209   .019   1
  93 1196145a 1797 1985    189      6      1    .465    .30    .82   .124   .617   .311   1.79   .286   .018   1
  94 1196145b 1780 1995    216      6      2    .347    .34   1.66   .222   .738   .282   3.41   .319   .030   1
  95 1196240a 1836 2006    171      5      0    .604    .55   1.10   .160   .610   .204   1.53   .207   .002   1
  96 1196240b 1832 2006    175      5      0    .500    .52   1.14   .199   .746   .217   1.76   .236   .015   1
  97 1196241a 1837 2006    170      5      0    .559    .58   1.21   .244   .866   .181   1.61   .194   .045   1
  98 1196241b 1822 2006    185      6      0    .553    .52   1.34   .233   .831   .217   1.48   .217  -.041   1
 --- -------- ---------  -----  -----  -----   ------ -----  -----  -----  -----  -----  -----  -----  -----  --
 Total or mean:          26421    870     44    .598    .43   3.98   .241   .811   .248   3.49   .244   .003

 DATA CHECKS (rwl.check): finl069
-----------------------------------------------------------------------------------------------------------------------------------
 rwl.check: data_files/treering/measurements/europe/finl069.rwl
 98 series, 26421 measurements, 1475-2006, 0.001 mm precision
 0 error(s), 0 warning(s), 0 note(s)
 -------------
 Nothing to report at this severity.

 NOTES
-----------------------------------------------------------------------------------------------------------------------------------
 Report generated using dplR 1.8.1 (R 4.5.2) on 2026-10-01 16:50 PDT.
 Measurement file finl069.rwl, MD5 d46c646aa8e5be4cd7ab879f133f6050.
 Filtering: each series divided by a 32-year smoothing spline (caps()), then prewhitened with
   an AR model (order by AIC, at most 3).
 Master: biweight robust mean of the other series (leave-one-out).
 Correlation: Pearson, one-tailed, pcrit = 0.01; critical r = 0.3281 for 50-year segments.
 Segments: 50 years, lagged 25, first segment floored to 100. Lags searched: +/- 10 years.
 A segment is tested only where the series and the master cover all of it, at the dated
   position and at every lag. COFECHA also tests partial segments at the ends of a series, so
   series here may show fewer segments, and no flags can be raised at the ends of the record.
 Lags follow COFECHA: negative means rings are probably missing from the series, positive means
   false rings. A missing ring carries its lag into every segment before it, so look where the
   lag changes along a series. A B flag is a hypothesis to check on the wood; the gain says how
   seriously to take it.
 A B flag marked "weak at every lag" correlates under the critical value even at its best lag:
   the segment is weak wherever it is placed, and the shift is not evidence of a dating error.
   Treat it as a low correlation, like an A.
 Averages in the summary and the totals are weighted by the number of years in each series, as
   COFECHA's are.
 Unfiltered block and mean sensitivity: the measurements as read, and sens1().
 dplR filtered block: the series that was correlated, after filtering. COFECHA's filtered
   series is defined differently, so these three columns are not COFECHA's numbers.
 AR: order of the AR model used to prewhiten.
