
 COFECHA-style crossdating report: finl091
 Report generated using dplR 1.8.1 (R 4.5.2) on 2026-10-01 16:49 PDT
 Built with dplR's xdate.report(), not COFECHA; see the notes at the end.


      Measurement file name  : finl091.rwl
      MD5 of measurement file: fa45abc7c5d7eeb285c8947660c3699d
      Date checked           : 01OCT26
      Beginning year         : 1881
      Ending year            : 2011
      Principal investigators: Esper, J.; Holzkämper, S.; Timonen, M.
      Site name              : Melkutin
      Species information    : PISY Pinus sylvestris L.
      Latitude               : 60.7300 N
      Longitude              : 24.0600 E
      Elevation              : 120 m

      Series intercorrelation: 0.589
      Avg mean sensitivity   : 0.235
      Avg standard deviation : 0.471
      Avg autocorrelation    : 0.682
      Number dated series    : 116
      Segment length tested  : 50

      Number problem segments: 3  (A 0, B 3)
      Pct problem segments   : 1.65


 CORRELATION OF SERIES BY SEGMENTS: finl091
-----------------------------------------------------------------------------------------------------------------------------------
 Correlations of  50-year dated segments, lagged  25 years
 Flags:  A = correlation under   .3281 but highest as dated;  B = correlation higher at other than dated position

 Seq Series  Time_span  1900 1925 1950 
                        1949 1974 1999 
 --- -------- ---------  ---- ---- ---- 
   1 ELM0201A 1891 2010  .57  .56  .45 
   2 ELM0201b 1892 2011  .67  .63  .54 
   3 ELM0202A 1893 2011  .64  .59  .45 
   4 ELM0202B 1892 2011  .64  .49  .35 
   5 ELM0204A 1884 2011  .52  .47  .52 
   6 ELM0204B 1881 2011  .68  .63  .39B
   9 ELM0206a 1905 2011       .55  .47 
  10 ELM0206B 1893 2011  .65  .53  .42 
  11 ELM0207A 1901 2011       .74  .76 
  12 ELM0207B 1900 2011       .71  .71 
  13 ELM0208A 1904 2011       .82  .78 
  14 ELM0208B 1904 2011       .77  .72 
  15 ELM0209A 1922 2011       .76  .68 
  16 ELM0209B 1922 2011       .83  .69 
  17 ELM0210A 1892 2011  .64  .67  .65 
  18 ELM0210B 1894 2011  .69  .71  .73 
  19 ELM0211A 1921 2011       .79  .59 
  20 ELM0211B 1921 2011       .75  .73 
  21 ELM0213A 1895 2011  .67  .76  .75 
  22 ELM0213B 1896 2011  .70  .72  .66 
  23 ELM0215a 1907 2011       .44  .52 
  24 ELM0215b 1901 2011       .49  .57 
  25 ELM0216A 1906 2011       .53  .50 
  26 ELM0217A 1913 2011       .74  .69 
  27 ELM0217B 1913 2011       .78  .71 
  28 ELM0218A 1908 2011       .64  .62 
  29 ELM0218B 1908 2011       .53  .56 
  30 ELM0219A 1904 2011       .75  .69 
  31 ELM0219B 1905 2011       .55  .61 
  32 ELM0220A 1916 2011       .77  .71 
  33 ELM0221A 1920 2011       .70  .68 
  34 ELM0221B 1904 2011       .69  .61 
  36 ELM0223A 1921 2011       .74  .70 
  37 ELM0223B 1902 2010       .70  .65 
  40 ELM0225B 1912 2011       .60  .35 
  41 ELM0226A 1924 2011       .46  .45 
  42 ELM0226b 1923 2011            .64 
  45 ELM0228A 1945 2011            .46 
  48 ELM0229B 1948 2011            .63 
  49 ELM0230a 1897 2011  .61  .59  .40 
  50 ELM0230B 1905 2010       .65  .66 
  51 ELM0231A 1917 2011       .74  .70 
  52 ELM0231B 1914 2011       .73  .65 
  53 ELM0232A 1908 2011       .77  .70 
  54 ELM0232B 1915 2011       .54  .57 
  55 ELM0233A 1926 2011            .70 
  56 ELM0233B 1935 2011            .66 
  57 ELM0234A 1897 2011  .71  .77  .72 
  58 ELM0234B 1907 2011       .75  .70 
  59 ELM0235A 1901 2011       .68  .48 
  60 ELM0235B 1900 2011       .66  .47 
  61 ELM0236A 1909 2011       .70  .64 
  62 ELM0236B 1913 2011       .53  .59 
  63 ELM0237A 1908 2011       .64  .66 
  64 ELM0237B 1909 2011       .66  .65 
  66 ELM0241A 1900 2011       .67  .76 
  67 ELM0241B 1900 2011       .62  .67 
  68 ELM0242A 1895 2011  .53  .78  .89 
  69 ELM0242B 1915 2011       .80  .74 
  70 ELM0247A 1902 2011       .57  .64 
  71 ELM0247B 1904 2011       .68  .68 
  72 ELM0248A 1910 2011       .67  .69 
  73 ELM0248B 1911 2011       .79  .82 
  74 ELM0249A 1908 2011       .69  .65 
  75 ELM0249B 1908 2011       .69  .74 
  76 ELM0250A 1908 2011       .73  .70 
  77 ELM0250B 1904 2011       .78  .72 
  78 ELM0251A 1914 2011       .67  .53 
  79 ELM0252B 1908 2011       .65  .52 
  80 ELM0255A 1905 2011       .57  .67 
  81 ELM0255B 1905 2011       .59  .73 
  82 ELM0256A 1907 2011       .70  .72 
  83 ELM0256B 1907 2011       .77  .80 
  84 ELM0257A 1914 2011       .75  .69 
  85 ELM0257B 1912 2011       .75  .72 
  86 ELM0258A 1930 2011            .64 
  87 ELM0258B 1938 2011            .52 
  88 ELM0259A 1934 2011            .37 
  89 ELM0259B 1923 2011       .49  .58 
  94 ELM0262A 1934 2011            .71 
  95 ELM0262B 1934 2011            .74 
  98 ELM0269A 1882 2011  .56  .64  .63 
  99 ELM0269B 1882 2011  .48  .66  .70 
 100 ELM0270A 1932 2011            .56 
 101 ELM0270B 1924 2011       .65  .60 
 102 ELM0271A 1945 2010            .19B
 103 ELM0271B 1945 2009            .18B
 104 ELM0272a 1942 2011            .38 
 105 ELM0272b 1940 2011            .37 
 110 ELM0290B 1896 2011  .54  .48  .52 
 Av segment correlation  .62  .66  .61 

 FLAGGED SEGMENTS: finl091
-----------------------------------------------------------------------------------------------------------------------------------
 Seq Series   Segment    Flag  r dated  Best lag  r at lag   Gain  Note
 --- -------- ---------  ----  -------  --------  --------  -----  -----------------
   6 ELM0204B 1950 1999     B     .386         8      .396   .010
 102 ELM0271A 1950 1999     B     .192         6      .349   .157
 103 ELM0271B 1950 1999     B     .180         6      .345   .165

 DESCRIPTIVE STATISTICS: finl091
-----------------------------------------------------------------------------------------------------------------------------------

                                                Corr   //-------- Unfiltered --------\\  //-- dplR filtered --\\
                           No.    No.    No.    with   Mean   Max     Std   Auto   Mean   Max     Std   Auto  AR
 Seq Series   Interval   Years  Segmt  Flags   Master  msmt   msmt    dev   corr   sens  value    dev   corr  ()
 --- -------- ---------  -----  -----  -----   ------ -----  -----  -----  -----  -----  -----  -----  -----  --
   1 ELM0201A 1891 2010    120      3      0    .494    .87   2.95   .612   .921   .234   1.87   .240  -.010   3
   2 ELM0201b 1892 2011    120      3      0    .571    .85   3.14   .479   .824   .236   1.87   .230   .029   2
   3 ELM0202A 1893 2011    119      3      0    .535   1.08   2.98   .497   .688   .280   2.05   .279  -.020   2
   4 ELM0202B 1892 2011    120      3      0    .484   1.00   1.89   .349   .552   .256   1.62   .257   .006   2
   5 ELM0204A 1884 2011    128      3      0    .523   1.33   3.29   .651   .759   .260   1.75   .258  -.000   2
   6 ELM0204B 1881 2011    131      3      1    .587   1.28   3.68   .626   .764   .234   1.62   .245  -.010   3
   7 ELM0205a 1951 2011     61      0      0    .473    .86   1.66   .315   .758   .231   1.47   .224   .108   1
   8 ELM0205b 1954 2011     58      0      0    .342    .74   1.27   .296   .815   .215   1.43   .216   .002   3
   9 ELM0206a 1905 2011    107      2      0    .581   1.13   2.43   .392   .717   .220   1.59   .231  -.010   2
  10 ELM0206B 1893 2011    119      3      0    .530   1.35   2.77   .496   .734   .217   2.06   .235   .070   1
  11 ELM0207A 1901 2011    111      2      0    .725   1.00   2.01   .407   .797   .222   1.43   .224   .010   2
  12 ELM0207B 1900 2011    112      2      0    .651    .80   1.79   .393   .868   .232   1.50   .219   .011   2
  13 ELM0208A 1904 2011    108      2      0    .729   1.09   2.37   .400   .481   .294   1.67   .281  -.036   3
  14 ELM0208B 1904 2011    108      2      0    .723   1.20   2.33   .393   .501   .272   1.65   .255  -.019   2
  15 ELM0209A 1922 2011     90      2      0    .686   1.37   2.79   .522   .769   .203   1.50   .187   .065   2
  16 ELM0209B 1922 2011     90      2      0    .731    .97   2.31   .439   .777   .247   1.49   .231   .030   1
  17 ELM0210A 1892 2011    120      3      0    .611   1.24   2.35   .446   .658   .223   1.96   .230  -.072   3
  18 ELM0210B 1894 2011    118      3      0    .702   1.11   2.43   .470   .730   .245   1.57   .237   .030   1
  19 ELM0211A 1921 2011     91      2      0    .644   1.42   2.56   .390   .549   .218   1.52   .200  -.036   2
  20 ELM0211B 1921 2011     91      2      0    .721   1.40   2.27   .351   .425   .213   1.56   .209  -.029   3
  21 ELM0213A 1895 2011    117      3      0    .684   1.09   1.86   .316   .479   .245   1.46   .229  -.111   2
  22 ELM0213B 1896 2011    116      3      0    .674   1.09   1.97   .374   .649   .254   1.48   .220  -.067   3
  23 ELM0215a 1907 2011    105      2      0    .519   1.22   2.42   .512   .824   .222   1.41   .215   .018   3
  24 ELM0215b 1901 2011    111      2      0    .509   1.22   2.46   .419   .733   .205   1.51   .209   .002   1
  25 ELM0216A 1906 2011    106      2      0    .588    .95   2.10   .419   .795   .223   1.55   .213   .108   0
  26 ELM0217A 1913 2011     99      2      0    .686   1.45   3.09   .618   .832   .204   1.56   .202  -.052   2
  27 ELM0217B 1913 2011     99      2      0    .734   1.18   2.41   .448   .740   .206   1.40   .189   .015   3
  28 ELM0218A 1908 2011    104      2      0    .586    .76   2.09   .339   .794   .206   1.73   .213   .015   1
  29 ELM0218B 1908 2011    104      2      0    .575    .95   1.69   .310   .651   .227   1.62   .216   .049   2
  30 ELM0219A 1904 2011    108      2      0    .650   1.40   3.12   .521   .758   .214   1.60   .197  -.013   3
  31 ELM0219B 1905 2011    107      2      0    .508   1.49   3.80   .644   .770   .190   1.93   .210   .004   3
  32 ELM0220A 1916 2011     96      2      0    .716   1.35   2.23   .398   .610   .213   1.52   .204   .018   2
  33 ELM0221A 1920 2011     92      2      0    .645   1.47   3.07   .553   .791   .208   1.37   .187  -.002   2
  34 ELM0221B 1904 2011    108      2      0    .679   1.17   2.32   .414   .681   .227   1.71   .230   .021   2
  35 ELM0222A 1983 2011     29      0      0    .220    .86   2.01   .378   .585   .313   1.50   .294  -.014   1
  36 ELM0223A 1921 2011     91      2      0    .706   1.30   2.56   .529   .773   .222   1.68   .233  -.018   1
  37 ELM0223B 1902 2010    109      2      0    .624   1.10   2.08   .374   .590   .247   1.54   .255   .036   1
  38 ELM0224A 1972 2011     40      0      0    .559    .60   1.03   .195   .398   .271   1.56   .262   .071   2
  39 ELM0224B 1973 2011     39      0      0    .471    .71   1.25   .246   .304   .312   1.64   .324   .230   0
  40 ELM0225B 1912 2011    100      2      0    .503   1.31   2.33   .526   .840   .181   1.56   .187  -.031   1
  41 ELM0226A 1924 2011     88      2      0    .447   1.49   4.26   .647   .679   .257   1.89   .260   .029   1
  42 ELM0226b 1923 2011     89      1      0    .623   1.11   2.41   .492   .752   .250   1.64   .242  -.012   3
  43 ELM0227A 1956 2009     54      0      0    .362    .54   1.20   .266   .705   .305   1.73   .308  -.036   1
  44 ELM0227B 1955 2011     57      0      0    .140    .43   1.17   .244   .722   .304   1.70   .308   .044   1
  45 ELM0228A 1945 2011     67      1      0    .489   1.03   3.67   .730   .808   .240   1.65   .236   .089   3
  46 ELM0228B 1954 2011     58      0      0    .508    .76   1.98   .407   .783   .256   1.58   .271   .052   1
  47 ELM0229A 1951 2011     61      0      0    .523   2.22   4.35   .682   .521   .246   1.69   .244   .054   1
  48 ELM0229B 1948 2011     64      1      0    .608   1.42   3.29   .504   .692   .228   1.49   .216   .055   2
  49 ELM0230a 1897 2011    115      3      0    .528    .99   3.03   .453   .704   .257   2.21   .280  -.001   2
  50 ELM0230B 1905 2010    106      2      0    .657   1.52   2.68   .513   .646   .240   1.50   .221   .111   2
  51 ELM0231A 1917 2011     95      2      0    .762   1.29   2.11   .354   .581   .203   1.44   .200  -.033   1
  52 ELM0231B 1914 2011     98      2      0    .695   1.10   2.16   .374   .692   .198   1.49   .207   .030   1
  53 ELM0232A 1908 2011    104      2      0    .713   1.31   2.67   .519   .742   .237   1.49   .239   .072   1
  54 ELM0232B 1915 2011     97      2      0    .587   1.25   3.03   .571   .859   .236   1.69   .233   .079   1
  55 ELM0233A 1926 2011     86      1      0    .593   1.69   2.85   .540   .708   .201   1.49   .195   .007   3
  56 ELM0233B 1935 2011     77      1      0    .570   1.68   3.25   .641   .772   .228   1.65   .235  -.014   3
  57 ELM0234A 1897 2011    115      3      0    .714   1.70   4.04   .736   .847   .203   1.41   .195   .070   2
  58 ELM0234B 1907 2011    105      2      0    .715   1.88   3.98   .829   .801   .212   1.46   .213   .014   3
  59 ELM0235A 1901 2011    111      2      0    .524   1.21   2.27   .459   .726   .223   1.76   .241   .066   1
  60 ELM0235B 1900 2011    112      2      0    .594   1.28   2.66   .459   .640   .243   1.61   .238   .003   3
  61 ELM0236A 1909 2011    103      2      0    .661   1.23   2.47   .444   .778   .199   1.39   .186   .005   3
  62 ELM0236B 1913 2011     99      2      0    .626    .95   1.74   .292   .616   .214   1.63   .208   .036   1
  63 ELM0237A 1908 2011    104      2      0    .607   1.21   2.72   .418   .657   .233   1.71   .224   .027   2
  64 ELM0237B 1909 2011    103      2      0    .622   1.28   2.77   .519   .728   .246   1.72   .241   .101   1
  65 ELM0240A 1981 2011     31      0      0    .511   1.05   2.01   .294   .376   .192   1.93   .247  -.026   1
  66 ELM0241A 1900 2011    112      2      0    .677    .90   1.64   .302   .635   .237   1.75   .250  -.009   3
  67 ELM0241B 1900 2011    112      2      0    .634    .86   1.73   .278   .569   .252   1.64   .251  -.001   1
  68 ELM0242A 1895 2011    117      3      0    .721   1.31   2.64   .385   .544   .221   1.61   .221   .041   1
  69 ELM0242B 1915 2011     97      2      0    .732   1.59   2.55   .412   .546   .197   1.41   .195   .026   1
  70 ELM0247A 1902 2011    110      2      0    .583   1.16   2.02   .364   .727   .197   1.45   .190  -.047   3
  71 ELM0247B 1904 2011    108      2      0    .542   1.19   2.38   .444   .748   .223   1.68   .211  -.013   2
  72 ELM0248A 1910 2011    102      2      0    .565    .90   1.94   .345   .513   .292   1.85   .290   .035   1
  73 ELM0248B 1911 2011    101      2      0    .760   1.13   2.60   .467   .693   .251   1.53   .241  -.018   3
  74 ELM0249A 1908 2011    104      2      0    .629    .77   2.08   .429   .827   .258   2.44   .282   .018   2
  75 ELM0249B 1908 2011    104      2      0    .648   1.04   2.36   .519   .820   .229   1.64   .235   .063   1
  76 ELM0250A 1908 2011    104      2      0    .692   1.15   2.35   .429   .761   .200   1.55   .198   .064   1
  77 ELM0250B 1904 2011    108      2      0    .707    .98   2.09   .308   .505   .231   1.59   .224   .024   1
  78 ELM0251A 1914 2011     98      2      0    .646   1.44   2.26   .346   .549   .190   1.46   .187   .011   2
  79 ELM0252B 1908 2011    104      2      0    .604   1.16   2.23   .507   .823   .226   1.45   .213   .069   1
  80 ELM0255A 1905 2011    107      2      0    .605   1.46   3.38   .570   .763   .212   1.54   .214   .016   2
  81 ELM0255B 1905 2011    107      2      0    .586   1.13   2.39   .438   .714   .232   1.55   .231  -.005   2
  82 ELM0256A 1907 2011    105      2      0    .631   1.15   2.54   .427   .669   .243   1.61   .246   .025   1
  83 ELM0256B 1907 2011    105      2      0    .700   1.30   2.43   .475   .667   .238   1.54   .228  -.067   3
  84 ELM0257A 1914 2011     98      2      0    .623   1.34   2.37   .485   .688   .252   1.45   .229   .024   1
  85 ELM0257B 1912 2011    100      2      0    .636   1.27   2.95   .605   .780   .275   1.87   .281   .109   1
  86 ELM0258A 1930 2011     82      1      0    .675   1.60   5.12   .751   .591   .250   1.86   .253   .014   1
  87 ELM0258B 1938 2011     74      1      0    .546   1.83   3.83   .689   .754   .200   1.48   .193   .000   2
  88 ELM0259A 1934 2011     78      1      0    .381   2.26   4.39   .710   .687   .191   1.56   .178   .020   1
  89 ELM0259B 1923 2011     89      2      0    .458   2.07   3.94   .801   .745   .186   1.76   .181  -.007   0
  90 ELM0260A 1976 2011     36      0      0    .314   1.00   1.90   .296   .318   .245   1.60   .228  -.012   0
  91 ELM0260B 1976 2011     36      0      0    .489   1.11   2.19   .352   .373   .246   1.66   .244   .115   0
  92 ELM0261A 1981 2011     31      0      0   -.028   1.12   2.42   .436   .650   .246   1.53   .235   .014   1
  93 ELM0261B 1981 2011     31      0      0   -.053   1.04   2.06   .366   .644   .230   1.49   .211   .175   0
  94 ELM0262A 1934 2011     78      1      0    .726   1.44   3.39   .480   .585   .216   1.67   .214   .044   3
  95 ELM0262B 1934 2011     78      1      0    .678   1.40   3.34   .406   .293   .222   1.47   .213   .097   3
  96 ELM0268A 1971 2011     41      0      0    .673   1.06   2.67   .416   .420   .306   1.48   .254   .159   2
  97 ELM0268B 1970 2011     42      0      0    .637   1.07   1.62   .295   .296   .259   1.49   .257   .074   1
  98 ELM0269A 1882 2011    130      3      0    .439   1.24   3.94   .739   .847   .241   1.91   .249   .046   2
  99 ELM0269B 1882 2011    130      3      0    .591   1.20   4.17   .840   .911   .209   1.70   .230   .017   1
 100 ELM0270A 1932 2011     80      1      0    .657   1.71   3.30   .495   .565   .204   1.56   .204   .084   1
 101 ELM0270B 1924 2011     88      2      0    .597   1.84   3.23   .646   .651   .241   1.69   .233   .022   1
 102 ELM0271A 1945 2010     66      1      1    .270   1.12   2.18   .499   .701   .319   2.04   .323   .036   1
 103 ELM0271B 1945 2009     65      1      1    .223    .94   1.79   .399   .546   .339   2.39   .338   .052   1
 104 ELM0272a 1942 2011     70      1      0    .391   1.12   3.12   .559   .718   .280   1.67   .275   .032   1
 105 ELM0272b 1940 2011     72      1      0    .294    .89   2.31   .415   .667   .331   1.61   .301   .028   1
 106 ELM0273A 1972 2011     40      0      0    .708   1.13   2.13   .344   .433   .252   1.79   .267   .097   2
 107 ELM0273B 1972 2011     40      0      0    .646    .91   1.59   .254   .042   .297   1.81   .277  -.038   0
 108 ELM0274A 1963 2004     42      0      0    .030   1.08   2.06   .345   .532   .242   1.49   .186  -.010   3
 109 ELM0274B 1969 2011     43      0      0    .695   1.20   2.38   .432   .669   .201   1.44   .195   .037   2
 110 ELM0290B 1896 2011    116      3      0    .547   1.02   2.91   .509   .757   .289   1.90   .273  -.023   2
 111 ELM0291A 1989 2011     23      0      0    .241    .57    .97   .210  -.013   .418   1.63   .326  -.170   0
 112 ELM0291B 1994 2011     18      0      0    .651    .52    .81   .167   .437   .276   1.41   .233  -.032   0
 113 ELM0292A 1986 2011     26      0      0    .195    .49    .90   .221   .629   .331   1.47   .303   .028   3
 114 ELM0292B 1987 2011     25      0      0    .386    .54   1.03   .248   .483   .377   1.63   .390   .272   0
 115 ELM0293A 1984 2011     28      0      0    .066    .74   1.14   .178   .402   .200   1.44   .206   .047   1
 116 ELM0293B 1984 2011     28      0      0    .288    .76   1.16   .192  -.058   .257   1.59   .219  -.049   1
 --- -------- ---------  -----  -----  -----   ------ -----  -----  -----  -----  -----  -----  -----  -----  --
 Total or mean:          10130    182      3    .589   1.20   5.12   .471   .682   .235   2.44   .232   .019

 DATA CHECKS (rwl.check): finl091
-----------------------------------------------------------------------------------------------------------------------------------
 rwl.check: data_files/treering/measurements/europe/finl091.rwl
 116 series, 10130 measurements, 1881-2011, 0.01 mm precision
 1 error(s), 0 warning(s), 20 note(s)
 -------------
 ERROR
   RWL_DATING_LAG (1)
     ELM0227B: correlates best with the master at lag -1 (r = 0.36 against r = 0.271 as dated); the series may be misdated by 1 year(s), most likely a missing ring
 20 note(s) not shown; see rwl.check() or the 'check' element of this report.

 NOTES
-----------------------------------------------------------------------------------------------------------------------------------
 Report generated using dplR 1.8.1 (R 4.5.2) on 2026-10-01 16:49 PDT.
 Measurement file finl091.rwl, MD5 fa45abc7c5d7eeb285c8947660c3699d.
 Filtering: each series divided by a 32-year smoothing spline (caps()), then prewhitened with
   an AR model (order by AIC, at most 3).
 Master: biweight robust mean of the other series (leave-one-out).
 Correlation: Pearson, one-tailed, pcrit = 0.01; critical r = 0.3281 for 50-year segments.
 Segments: 50 years, lagged 25, first segment floored to 100. Lags searched: +/- 10 years.
 A segment is tested only where the series and the master cover all of it, at the dated
   position and at every lag. COFECHA also tests partial segments at the ends of a series, so
   series here may show fewer segments, and no flags can be raised at the ends of the record.
 Lags follow COFECHA: negative means rings are probably missing from the series, positive means
   false rings. A missing ring carries its lag into every segment before it, so look where the
   lag changes along a series. A B flag is a hypothesis to check on the wood; the gain says how
   seriously to take it.
 A B flag marked "weak at every lag" correlates under the critical value even at its best lag:
   the segment is weak wherever it is placed, and the shift is not evidence of a dating error.
   Treat it as a low correlation, like an A.
 Averages in the summary and the totals are weighted by the number of years in each series, as
   COFECHA's are.
 Unfiltered block and mean sensitivity: the measurements as read, and sens1().
 dplR filtered block: the series that was correlated, after filtering. COFECHA's filtered
   series is defined differently, so these three columns are not COFECHA's numbers.
 AR: order of the AR model used to prewhiten.
