
 COFECHA-style crossdating report: finl079
 Report generated using dplR 1.8.1 (R 4.5.2) on 2026-10-01 16:51 PDT
 Built with dplR's xdate.report(), not COFECHA; see the notes at the end.


      Measurement file name  : finl079.rwl
      MD5 of measurement file: 82046fbe71a8d437fbbc8b54e4ffe6a8
      Date checked           : 01OCT26
      Beginning year         : 1688
      Ending year            : 2011
      Principal investigators: Esper, J.; Holzkämper, S.; Timonen, M.
      Site name              : Ailijärvi Inari
      Species information    : PISY Pinus sylvestris L.
      Latitude               : 69.5200 N
      Longitude              : 28.5700 E
      Elevation              : 120 m

      Series intercorrelation: 0.617
      Avg mean sensitivity   : 0.265
      Avg standard deviation : 0.291
      Avg autocorrelation    : 0.831
      Number dated series    : 80
      Segment length tested  : 50

      Number problem segments: 16  (A 3, B 13; 4 of the B weak at every lag)
      Pct problem segments   : 3.91


 CORRELATION OF SERIES BY SEGMENTS: finl079
-----------------------------------------------------------------------------------------------------------------------------------
 Correlations of  50-year dated segments, lagged  25 years
 Flags:  A = correlation under   .3281 but highest as dated;  B = correlation higher at other than dated position

 Seq Series  Time_span  1700 1725 1750 1775 1800 1825 1850 1875 1900 1925 1950 
                        1749 1774 1799 1824 1849 1874 1899 1924 1949 1974 1999 
 --- -------- ---------  ---- ---- ---- ---- ---- ---- ---- ---- ---- ---- ---- 
   1 ELA0202a 1801 2011                           .67  .49  .44  .43  .54  .52 
   2 ELA0202b 1801 2011                           .65  .56  .54  .42  .32B .30B
   7 ELA0206a 1792 2011                      .67  .64  .60  .55  .55  .51  .56 
   8 ELA0206b 1795 2011                      .77  .78  .67  .56  .41  .52  .58 
   9 ELA0207a 1784 2011                      .73  .65  .64  .51  .15B .20B .22B
  10 ELA0207b 1784 2011                      .66  .65  .63  .47  .38  .75  .57 
  11 ELA0208a 1851 2011                                     .64  .55  .66  .62 
  12 ELA0208b 1815 2011                           .68  .72  .69  .58  .62  .61 
  13 ELA0209a 1821 2011                           .53  .70  .56  .34B .46  .56 
  14 ELA0209b 1821 2011                           .52  .68  .71  .66  .69  .59 
  15 ELA0210a 1805 2011                           .70  .69  .65  .69  .73  .65 
  16 ELA0210b 1804 2011                           .72  .78  .73  .63  .74  .70 
  17 ELA0211a 1788 2011                      .78  .65  .37  .42  .71  .78  .70 
  18 ELA0211b 1788 2011                      .77  .69  .70  .66  .58  .62  .60 
  19 ELA0212a 1794 2011                      .74  .71  .71  .71  .76  .84  .76 
  20 ELA0212b 1788 2011                      .67  .68  .71  .72  .71  .71  .61 
  21 ELA0213a 1807 2011                           .67  .82  .86  .74  .67  .66 
  22 ELA0213b 1804 2011                           .46  .72  .80  .79  .67  .59 
  23 ELA0214a 1809 1974                           .54  .63  .61  .48  .60      
  24 ELA0214b 1809 2011                           .34B .38  .30A .30B .68  .74 
  27 ELA0221a 1820 2011                           .56  .63  .60  .58  .54  .50 
  28 ELA0221b 1821 2011                           .49  .65  .70  .69  .58  .62 
  29 ELA0222a 1827 2011                                .80  .83  .78  .75  .68 
  30 ELA0222b 1826 2011                                .77  .73  .68  .80  .77 
  31 ELA0223a 1796 2011                      .62  .57  .69  .81  .82  .69  .56 
  32 ELA0223b 1819 2011                           .41  .68  .83  .87  .80  .70 
  33 ELA0224a 1878 2011                                          .79  .82  .67 
  34 ELA0224b 1876 2011                                          .53  .75  .79 
  37 ELA0226a 1795 2008                      .57  .64  .70  .69  .44B .10B .01B
  38 ELA0226b 1800 2011                           .60  .78  .81  .66  .66  .70 
  39 ELA0227a 1793 2011                      .73  .61  .69  .66  .57  .78  .83 
  40 ELA0227b 1793 2011                      .61  .62  .79  .80  .71  .75  .68 
  43 ELA0233a 1809 2011                           .78  .76  .77  .82  .87  .76 
  44 ELA0233b 1826 2011                                .83  .79  .64  .75  .78 
  45 ELA0234a 1835 2011                                .78  .61  .47  .63  .53 
  46 ELA0234b 1854 2011                                     .73  .80  .64  .46 
  47 ELA0235a 1797 2011                      .73  .68  .75  .79  .66  .38  .30A
  48 ELA0235b 1798 2011                      .69  .58  .69  .71  .56  .44  .32A
  49 ELA0237a 1793 2011                      .77  .66  .60  .58  .51  .76  .63 
  50 ELA0237b 1792 2011                      .76  .80  .73  .60  .41  .66  .62 
  51 ELA0239a 1854 2011                                     .66  .49  .46  .48 
  52 ELA0239b 1852 2011                                     .69  .63  .66  .59 
  53 ELA0240a 1823 2011                                .64  .66  .43  .55  .48 
  54 ELA0240b 1817 2011                           .54  .74  .74  .58  .63  .54 
  55 ELA0241a 1792 2011                      .65  .59  .71  .79  .67  .63  .50 
  56 ELA0241b 1794 2011                      .77  .76  .73  .70  .73  .79  .60 
  57 ELA0242a 1769 2011                 .72  .68  .63  .57  .67  .61  .62  .63 
  58 ELA0242b 1736 2011            .49  .83  .80  .70  .54  .61  .70  .68  .65 
  59 ELA0243a 1688 2011  .76  .74  .61  .74  .70  .59  .77  .66  .52  .74  .76 
  60 ELA0243b 1717 2011       .64  .62  .74  .65  .54  .73  .68  .62  .64  .51 
  61 ELA0244a 1769 2011                 .76  .68  .45  .62  .77  .71  .65  .66 
  62 ELA0244b 1786 2011                      .74  .65  .71  .78  .74  .78  .77 
  63 ELA0245a 1824 2011                           .58  .72  .76  .73  .67  .57 
  64 ELA0245b 1849 2011                                .69  .85  .78  .56  .38 
  65 ELA0246a 1762 2011                 .68  .58  .55  .59  .65  .56  .69  .75 
  66 ELA0246b 1695 2011  .76  .57  .66  .73  .64  .55  .59  .70  .73  .72  .61 
  71 ELA0250a 1748 2011            .56  .65  .75  .78  .83  .85  .79  .70  .63 
  72 ELA0250b 1733 2011            .67  .72  .81  .71  .69  .76  .75  .80  .72 
  73 ELA0251a 1883 2011                                          .68  .69  .70 
  74 ELA0251b 1877 2011                                          .54  .61  .56 
  77 ELA0254a 1818 2011                           .29B .23B .40  .50  .60  .56 
  78 ELA0254b 1809 2011                           .51  .36  .47  .39  .46  .63 
  79 ELA0255a 1798 2011                      .78  .68  .62  .71  .62  .62  .57 
  80 ELA0255b 1725 2011            .55  .64  .50  .38  .53  .59  .67  .64  .58 
 Av segment correlation  .76  .65  .59  .72  .70  .61  .66  .67  .61  .64  .60 

 FLAGGED SEGMENTS: finl079
-----------------------------------------------------------------------------------------------------------------------------------
 Seq Series   Segment    Flag  r dated  Best lag  r at lag   Gain  Note
 --- -------- ---------  ----  -------  --------  --------  -----  -----------------
   2 ELA0202b 1925 1974     B     .319         4      .520   .202
   2 ELA0202b 1950 1999     B     .303         4      .442   .139
   9 ELA0207a 1900 1949     B     .151         8      .400   .249
   9 ELA0207a 1925 1974     B     .203         4      .263   .060  weak at every lag
   9 ELA0207a 1950 1999     B     .221        -2      .260   .040  weak at every lag
  13 ELA0209a 1900 1949     B     .342        -7      .500   .158
  24 ELA0214b 1825 1874     B     .342         2      .361   .019
  24 ELA0214b 1875 1924     A     .296         0
  24 ELA0214b 1900 1949     B     .298         9      .323   .025  weak at every lag
  37 ELA0226a 1900 1949     B     .436         3      .549   .114
  37 ELA0226a 1925 1974     B     .099         3      .717   .617
  37 ELA0226a 1950 1999     B     .010         3      .710   .701
  47 ELA0235a 1950 1999     A     .302         0
  48 ELA0235b 1950 1999     A     .322         0
  77 ELA0254a 1825 1874     B     .295         2      .509   .214
  77 ELA0254a 1850 1899     B     .232         1      .311   .079  weak at every lag

 DESCRIPTIVE STATISTICS: finl079
-----------------------------------------------------------------------------------------------------------------------------------

                                                Corr   //-------- Unfiltered --------\\  //-- dplR filtered --\\
                           No.    No.    No.    with   Mean   Max     Std   Auto   Mean   Max     Std   Auto  AR
 Seq Series   Interval   Years  Segmt  Flags   Master  msmt   msmt    dev   corr   sens  value    dev   corr  ()
 --- -------- ---------  -----  -----  -----   ------ -----  -----  -----  -----  -----  -----  -----  -----  --
   1 ELA0202a 1801 2011    211      6      0    .537    .39   1.34   .283   .898   .252   1.97   .271  -.037   1
   2 ELA0202b 1801 2011    211      6      2    .507    .28   1.15   .205   .855   .293   1.84   .299  -.042   1
   3 ELA0203a 1997 2011     15      0      0    .357    .74   1.08   .223   .616   .241   1.39   .250   .126   0
   4 ELA0203b 1997 2011     15      0      0    .465    .79   1.19   .283   .041   .470   1.60   .362  -.346   0
   5 ELA0204a 2001 2011     11      0      0   -.038   1.15   1.88   .337   .428   .196   1.24   .168  -.387   0
   6 ELA0204b 2001 2011     11      0      0    .569   1.32   1.86   .302  -.100   .272   1.19   .114  -.025   3
   7 ELA0206a 1792 2011    220      7      0    .562    .39   2.30   .407   .914   .254   2.63   .298   .038   1
   8 ELA0206b 1795 2011    217      7      0    .559    .37   2.20   .342   .929   .235   2.13   .260   .047   1
   9 ELA0207a 1784 2011    228      7      3    .467    .34   2.35   .375   .924   .316   2.37   .340  -.014   3
  10 ELA0207b 1784 2011    228      7      0    .536    .34   2.01   .370   .935   .292   1.91   .301  -.002   1
  11 ELA0208a 1851 2011    161      4      0    .607    .46   1.19   .225   .896   .184   1.54   .192   .022   1
  12 ELA0208b 1815 2011    197      6      0    .648    .31    .77   .152   .842   .229   1.54   .229  -.009   1
  13 ELA0209a 1821 2011    191      6      1    .522    .38   1.54   .236   .873   .256   2.09   .279   .004   1
  14 ELA0209b 1821 2011    191      6      0    .634    .38   1.57   .230   .800   .276   1.80   .280  -.011   1
  15 ELA0210a 1805 2011    207      6      0    .698    .45   1.62   .278   .753   .307   2.44   .343   .019   1
  16 ELA0210b 1804 2011    208      6      0    .730    .41   1.13   .234   .790   .291   2.05   .310   .007   2
  17 ELA0211a 1788 2011    224      7      0    .604    .30   1.24   .270   .906   .285   1.90   .285   .005   3
  18 ELA0211b 1788 2011    224      7      0    .649    .29   1.40   .277   .895   .317   2.41   .321   .010   3
  19 ELA0212a 1794 2011    218      7      0    .735    .41   1.46   .255   .862   .288   1.79   .275   .024   1
  20 ELA0212b 1788 2011    224      7      0    .661    .49   1.82   .289   .766   .274   2.34   .286   .009   2
  21 ELA0213a 1807 2011    205      6      0    .732    .37   1.14   .206   .763   .294   2.60   .318   .025   3
  22 ELA0213b 1804 2011    208      6      0    .650    .34   1.57   .243   .776   .337   2.21   .352  -.045   1
  23 ELA0214a 1809 1974    166      5      0    .581    .33   1.70   .244   .799   .308   1.89   .317   .002   1
  24 ELA0214b 1809 2011    203      6      3    .434    .28   1.38   .245   .838   .393   2.45   .400   .030   1
  25 ELA0216a 2001 2011     11      0      0    .046   1.00   1.64   .357   .701   .249   1.48   .221   .286   0
  26 ELA0216b 2001 2011     11      0      0    .496   1.08   1.50   .453   .659   .334   1.43   .305   .031   2
  27 ELA0221a 1820 2011    192      6      0    .571    .36   1.71   .332   .919   .308   1.77   .304   .007   1
  28 ELA0221b 1821 2011    191      6      0    .611    .33   1.42   .266   .888   .271   2.25   .311  -.011   3
  29 ELA0222a 1827 2011    185      5      0    .750    .44   2.20   .351   .860   .295   2.37   .309   .003   1
  30 ELA0222b 1826 2011    186      5      0    .722    .39   1.32   .235   .819   .277   2.30   .295   .037   1
  31 ELA0223a 1796 2011    216      7      0    .658    .59   2.12   .341   .850   .243   1.74   .248  -.028   1
  32 ELA0223b 1819 2011    193      6      0    .707    .58   1.47   .220   .712   .227   1.82   .232  -.023   1
  33 ELA0224a 1878 2011    134      3      0    .587    .65   1.65   .340   .835   .248   2.28   .260   .012   2
  34 ELA0224b 1876 2011    136      3      0    .634    .58   1.44   .267   .822   .242   1.71   .239  -.001   1
  35 ELA0225a 2002 2011     10      0      0    .143   1.05   1.43   .205  -.256   .213   1.23   .101   .500   2
  36 ELA0225b 2002 2011     10      0      0   -.015   1.03   1.34   .241   .115   .286   1.29   .228   .059   0
  37 ELA0226a 1795 2008    214      7      3    .474    .50   1.31   .276   .831   .249   1.87   .274  -.016   1
  38 ELA0226b 1800 2011    212      6      0    .667    .34   1.65   .231   .826   .272   2.06   .303   .010   1
  39 ELA0227a 1793 2011    219      7      0    .683    .49   1.60   .249   .781   .246   1.79   .256   .022   1
  40 ELA0227b 1793 2011    219      7      0    .665    .53   1.26   .215   .726   .241   1.93   .235   .011   3
  41 ELA0230a 1997 2011     15      0      0    .316    .96   1.45   .300   .517   .239   1.39   .229   .277   0
  42 ELA0230b 1997 2011     15      0      0    .448   1.04   1.53   .211   .423   .162   1.28   .166   .379   0
  43 ELA0233a 1809 2011    203      6      0    .750    .43   1.39   .275   .828   .301   2.08   .316   .006   2
  44 ELA0233b 1826 2011    186      5      0    .732    .40   1.25   .215   .785   .281   2.12   .284   .024   1
  45 ELA0234a 1835 2011    177      5      0    .592    .65   1.56   .274   .795   .211   1.61   .215   .050   1
  46 ELA0234b 1854 2011    158      4      0    .620    .77   1.62   .311   .743   .238   1.61   .243   .027   1
  47 ELA0235a 1797 2011    215      7      1    .618    .31   2.67   .365   .913   .304   2.26   .331   .012   1
  48 ELA0235b 1798 2011    214      7      1    .591    .36   2.78   .422   .913   .289   2.44   .314  -.015   1
  49 ELA0237a 1793 2011    219      7      0    .615    .36   1.65   .330   .936   .245   1.73   .249  -.023   1
  50 ELA0237b 1792 2011    220      7      0    .635    .42   1.77   .359   .893   .293   2.12   .307   .019   1
  51 ELA0239a 1854 2011    158      4      0    .576    .49   1.41   .270   .877   .212   1.65   .203   .009   2
  52 ELA0239b 1852 2011    160      4      0    .643    .47   1.28   .229   .888   .194   1.54   .199   .010   1
  53 ELA0240a 1823 2011    189      5      0    .566    .72   2.31   .421   .880   .213   1.69   .220   .009   3
  54 ELA0240b 1817 2011    195      6      0    .617    .65   1.58   .246   .716   .228   1.95   .237   .019   1
  55 ELA0241a 1792 2011    220      7      0    .638    .36   1.76   .318   .923   .261   2.00   .269   .012   1
  56 ELA0241b 1794 2011    218      7      0    .715    .40   2.08   .378   .935   .226   1.76   .242   .012   1
  57 ELA0242a 1769 2011    243      8      0    .624    .64   2.02   .337   .843   .218   1.74   .219   .003   1
  58 ELA0242b 1736 2011    276      9      0    .642    .59   1.78   .332   .867   .201   1.56   .194   .025   3
  59 ELA0243a 1688 2011    324     11      0    .671    .46   2.38   .340   .872   .283   1.85   .282   .012   3
  60 ELA0243b 1717 2011    295     10      0    .618    .47   1.45   .320   .883   .277   2.07   .272  -.011   1
  61 ELA0244a 1769 2011    243      8      0    .662    .54   1.74   .276   .781   .271   2.04   .293   .011   1
  62 ELA0244b 1786 2011    226      7      0    .698    .60   1.82   .288   .735   .283   2.39   .297  -.036   1
  63 ELA0245a 1824 2011    188      6      0    .682    .56   1.48   .286   .804   .274   1.89   .283   .020   1
  64 ELA0245b 1849 2011    163      5      0    .646    .86   2.51   .486   .826   .262   2.18   .282   .016   1
  65 ELA0246a 1762 2011    250      8      0    .628    .43   1.34   .246   .850   .252   2.23   .268  -.012   1
  66 ELA0246b 1695 2011    317     11      0    .669    .50   1.91   .354   .880   .264   2.42   .286  -.008   1
  67 ELA0248a 1972 2011     40      0      0    .430   1.23   2.29   .294   .532   .154   1.50   .162  -.051   3
  68 ELA0248b 1972 2011     40      0      0    .179   1.34   2.09   .344   .556   .165   1.27   .144   .031   3
  69 ELA0249a 1968 2011     44      0      0   -.027   1.03   1.89   .421   .877   .168   1.32   .179   .075   1
  70 ELA0249b 1968 2011     44      0      0    .281    .92   1.57   .300   .709   .192   1.43   .177   .198   0
  71 ELA0250a 1748 2011    264      9      0    .694    .47   1.36   .268   .791   .274   2.17   .287   .006   1
  72 ELA0250b 1733 2011    279      9      0    .733    .54   1.32   .256   .812   .241   1.76   .248  -.017   1
  73 ELA0251a 1883 2011    129      3      0    .683    .65   1.64   .316   .791   .247   1.71   .268   .067   1
  74 ELA0251b 1877 2011    135      3      0    .621    .72   1.58   .290   .714   .245   1.56   .248   .007   2
  75 ELA0253a 1979 2011     33      0      0    .306   1.32   2.10   .352   .591   .189   1.48   .190   .021   2
  76 ELA0253b 1979 2011     33      0      0   -.003   1.38   1.95   .274   .047   .198   1.38   .191  -.028   0
  77 ELA0254a 1818 2011    194      6      2    .436    .32   1.69   .319   .955   .277   1.95   .292  -.034   1
  78 ELA0254b 1809 2011    203      6      0    .481    .29   1.59   .285   .934   .293   1.67   .283   .110   2
  79 ELA0255a 1798 2011    214      7      0    .645    .40   1.43   .176   .607   .283   2.24   .281  -.002   1
  80 ELA0255b 1725 2011    287      9      0    .568    .42   1.31   .220   .809   .265   1.96   .256   .007   1
 --- -------- ---------  -----  -----  -----   ------ -----  -----  -----  -----  -----  -----  -----  -----  --
 Total or mean:          13759    409     16    .617    .47   2.78   .291   .831   .265   2.63   .275   .007

 DATA CHECKS (rwl.check): finl079
-----------------------------------------------------------------------------------------------------------------------------------
 rwl.check: data_files/treering/measurements/europe/finl079.rwl
 80 series, 13759 measurements, 1688-2011, 0.01 mm precision
 0 error(s), 1 warning(s), 20 note(s)
 -------------
 WARNING
   RWL_REPEATED_VALUE (1)
     ELA0235a: 0.01 repeated in 6 consecutive rings, 1843-1848; a constant stretch is a placeholder, not a measurement
 20 note(s) not shown; see rwl.check() or the 'check' element of this report.

 NOTES
-----------------------------------------------------------------------------------------------------------------------------------
 Report generated using dplR 1.8.1 (R 4.5.2) on 2026-10-01 16:51 PDT.
 Measurement file finl079.rwl, MD5 82046fbe71a8d437fbbc8b54e4ffe6a8.
 Filtering: each series divided by a 32-year smoothing spline (caps()), then prewhitened with
   an AR model (order by AIC, at most 3).
 Master: biweight robust mean of the other series (leave-one-out).
 Correlation: Pearson, one-tailed, pcrit = 0.01; critical r = 0.3281 for 50-year segments.
 Segments: 50 years, lagged 25, first segment floored to 100. Lags searched: +/- 10 years.
 A segment is tested only where the series and the master cover all of it, at the dated
   position and at every lag. COFECHA also tests partial segments at the ends of a series, so
   series here may show fewer segments, and no flags can be raised at the ends of the record.
 Lags follow COFECHA: negative means rings are probably missing from the series, positive means
   false rings. A missing ring carries its lag into every segment before it, so look where the
   lag changes along a series. A B flag is a hypothesis to check on the wood; the gain says how
   seriously to take it.
 A B flag marked "weak at every lag" correlates under the critical value even at its best lag:
   the segment is weak wherever it is placed, and the shift is not evidence of a dating error.
   Treat it as a low correlation, like an A.
 Averages in the summary and the totals are weighted by the number of years in each series, as
   COFECHA's are.
 Unfiltered block and mean sensitivity: the measurements as read, and sens1().
 dplR filtered block: the series that was correlated, after filtering. COFECHA's filtered
   series is defined differently, so these three columns are not COFECHA's numbers.
 AR: order of the AR model used to prewhiten.
