
 COFECHA-style crossdating report: finl034
 Report generated using dplR 1.8.1 (R 4.5.2) on 2026-10-01 16:53 PDT
 Built with dplR's xdate.report(), not COFECHA; see the notes at the end.


      Measurement file name  : finl034.rwl
      MD5 of measurement file: dd4659846ad29c961a5ecc07997f7ebb
      Date checked           : 01OCT26
      Beginning year         : 559
      Ending year            : 1732
      Principal investigators: Meriläinen, J.; Lindholm, M.; Timonen, M.
      Site name              : Herajärvi Makkola Kerimäki subfossil
      Species information    : PISY Pinus sylvestris L.
      Latitude               : 61.9700 N
      Longitude              : 28.8300 E
      Elevation              : 91 m

      Series intercorrelation: 0.559
      Avg mean sensitivity   : 0.171
      Avg standard deviation : 0.427
      Avg autocorrelation    : 0.871
      Number dated series    : 214
      Segment length tested  : 50

      Number problem segments: 20  (A 7, B 13; 3 of the B weak at every lag)
      Pct problem segments   : 2.35


 CORRELATION OF SERIES BY SEGMENTS: finl034
-----------------------------------------------------------------------------------------------------------------------------------
 Correlations of  50-year dated segments, lagged  25 years
 Flags:  A = correlation under   .3281 but highest as dated;  B = correlation higher at other than dated position

 Seq Series  Time_span   600  625  650  675  700  725  750  775  800  825  850  875  900  925  950  975 1000 1025 1050 1075 
                         649  674  699  724  749  774  799  824  849  874  899  924  949  974  999 1024 1049 1074 1099 1124 
 --- -------- ---------  ---- ---- ---- ---- ---- ---- ---- ---- ---- ---- ---- ---- ---- ---- ---- ---- ---- ---- ---- ---- 
   7 OLC2461B  898  994                                                              .54  .50                               
   8 OLC2462A  670  826                 .68  .62  .55  .48  .40                                                             
   9 OLC2462B  670  839                 .78  .69  .42  .39  .51                                                             
  10 OLC2463A  664  794                 .57  .63  .64                                                                       
  11 OLC2463B  664  799                 .69  .77  .74  .66                                                                  
  12 OLC2464A  763  949                                     .42  .41  .48  .47  .42  .59                                    
  15 OLC2468A  662  758                 .41  .39                                                                            
  16 OLC2468B  662  754                 .44  .48                                                                            
  17 OLC2469A  857  949                                                         .53  .59                                    
  22 OLC2472A  988 1083                                                                                  .58  .53           
  23 OLC2472B  988 1136                                                                                  .50  .55  .48  .34 
  24 OLC2473A  870 1028                                                         .78  .49  .37  .54  .63                     
  25 OLC2473B  867 1049                                                         .75  .70  .65  .56  .52  .49                
  26 OLC2474A  726  901                                .54  .57  .60  .50B .15B                                             
  27 OLC2474B  727  822                                .58                                                                  
  32 OLC2482A  756  995                                     .69  .71  .68  .46B .39B .68  .57                               
  33 OLC2482B  748  985                                .64  .75  .71  .69  .60  .51  .66  .49                               
  34 OLC2483B  769  858                                     .27A .49                                                        
  40 OLC2490A  872  958                                                         .36  .63                                    
  41 OLC2490B  872  996                                                         .57  .55  .53                               
  42 OLC2493A  608  789       .18A .42  .64  .60  .54                                                                       
  43 OLC2493B  653  831                 .52  .57  .59  .48  .40                                                             
  44 OLC2494A  678  836                      .60  .65  .69  .69                                                             
  45 OLC2494B  678  817                      .57  .78  .75                                                                  
  47 OLC2496A  917 1064                                                                   .56  .70  .60  .57                
  48 OLC2496B  917 1060                                                                   .43  .59  .49  .42                
  56 OLC2504A 1027 1163                                                                                            .52  .47 
  57 OLC2504B 1027 1146                                                                                            .46  .40 
  70 OLC2521A  823  991                                                    .68  .58  .50  .53                               
  71 OLC2521B  823  962                                               .33  .57  .60  .44                                    
  72 OLC2525B  682  823                      .52  .58  .63                                                                  
  76 OLC2532A  897 1011                                                              .58  .66  .66                          
  77 OLC2533A  609  838       .67  .67  .58  .48  .45  .39  .34B                                                            
  78 OLC2533B  609  835       .61  .61  .62  .63  .61  .62  .60                                                             
  79 OLC2534A  885 1051                                                              .60  .74  .59  .46  .62                
  80 OLC2534B  885 1034                                                              .59  .77  .54  .40                     
  89 OLC2546A  807  966                                               .60  .68  .65  .61                                    
  90 OLC2546B  807  956                                               .67  .68  .66  .58                                    
  91 OLC2548A  912 1074                                                                   .62  .63  .63  .67  .60           
  92 OLC2548B  912 1084                                                                   .65  .68  .65  .63  .58           
  93 OLC2556B  864  952                                                         .66  .65                                    
  94 OLC2558A  857  951                                                         .68  .73                                    
  95 OLC2559A  666  790                 .58  .56  .75                                                                       
  96 OLC2559B  666  761                 .52  .70                                                                            
  99 OLC2562A  835 1021                                                    .41  .10B .32A .51  .50                          
 100 OLC2562B  835 1014                                                    .51  .42  .46  .52  .51                          
 101 OLC2567A  847 1031                                                    .38  .39  .47  .58  .68  .54                     
 102 OLC2568A  766  975                                     .36  .66  .56  .47  .57  .70  .74                               
 103 OLC2568B  766  953                                     .47  .54  .59  .68  .67  .54                                    
 104 OLC2853C  825  924                                                    .49  .57                                         
 105 OLC2857B 1047 1165                                                                                            .51  .55 
 115 OLC2888B  867  980                                                         .54  .50  .45                               
 116 OLC2890A  869  989                                                         .66  .60  .34                               
 117 OLC2891A  860 1004                                                         .57  .59  .46  .28A                         
 126 OLC2904A  698  806                      .33  .59  .51                                                                  
 129 OLC2912A  861  950                                                         .49  .52                                    
 137 OLC2929B  784  890                                          .64  .39                                                   
 138 OLC2930A  900 1086                                                                   .60  .49  .40  .46  .60           
 139 OLC2930B  900 1159                                                                   .62  .53  .53  .57  .52  .60  .57 
 145 OLC2937A  758  891                                     .63  .62  .54                                                   
 146 OLC2939B  864 1024                                                         .57  .60  .60  .57  .43                     
 154 OLC2975A  854  983                                                         .48  .63  .55                               
 155 OLC2975B  854  980                                                         .54  .52  .45                               
 157 OLC2978A  762  875                                     .61  .58  .41B                                                  
 160 OLC2981B  717  860                           .54  .65  .53  .50                                                        
 162 OLC2986A  973 1089                                                                             .59  .45  .30B          
 163 OLC2986C  973 1105                                                                             .57  .46  .41  .49      
 167 OLC2989A  677  795                      .54  .56                                                                       
 168 OLC2990B  859  950                                                         .69  .52                                    
 174 OLC2996A  895 1096                                                              .67  .68  .52  .51  .51  .41           
 177 OLC2998A  861 1128                                                         .63  .61  .61  .71  .74  .66  .60  .38  .07B
 178 OLC2998B  861 1111                                                         .56  .70  .70  .64  .68  .55  .35  .53      
 183 OLC3014B  673  812                      .58  .55  .58                                                                  
 186 OLC3018A  896 1066                                                              .42  .62  .65  .59  .68                
 187 OLC3018B  896 1042                                                              .50  .69  .73  .52                     
 191 OLC3026A  859 1011                                                         .26A .50  .51  .63                          
 192 OLC3026B  860  999                                                         .32A .65  .62  .58                          
 204 OLC3050A  831 1023                                                    .67  .52  .49  .56  .65                          
 Av segment correlation       .49  .57  .59  .57  .60  .57  .52  .59  .54  .53  .54  .57  .57  .59  .55  .55  .49  .50  .40 

 CORRELATION OF SERIES BY SEGMENTS: finl034
-----------------------------------------------------------------------------------------------------------------------------------
 Correlations of  50-year dated segments, lagged  25 years
 Flags:  A = correlation under   .3281 but highest as dated;  B = correlation higher at other than dated position

 Seq Series  Time_span  1100 1125 1150 1175 1200 1225 1250 1275 1300 1325 1350 1375 1400 1425 1450 1475 1500 1525 1550 1575 
                        1149 1174 1199 1224 1249 1274 1299 1324 1349 1374 1399 1424 1449 1474 1499 1524 1549 1574 1599 1624 
 --- -------- ---------  ---- ---- ---- ---- ---- ---- ---- ---- ---- ---- ---- ---- ---- ---- ---- ---- ---- ---- ---- ---- 
   1 OLC2451A 1175 1299                      .59  .43  .64                                                                  
   2 OLC2451B 1175 1262                      .59                                                                            
   4 OLC2453A 1561 1685                                                                                                 .43 
   5 OLC2458A 1346 1442                                                    .58  .60                                         
   6 OLC2458B 1346 1449                                                    .55  .59  .46                                    
  13 OLC2466A 1341 1457                                                    .50  .60  .61                                    
  14 OLC2466B 1341 1463                                                    .59  .63  .70                                    
  18 OLC2470A 1232 1455                                .68  .71  .79  .71  .57  .61  .68                                    
  19 OLC2470B 1231 1369                                .75  .60  .63                                                        
  20 OLC2471A 1559 1705                                                                                                 .60 
  21 OLC2471B 1559 1662                                                                                                 .43 
  28 OLC2476B 1401 1495                                                                   .59                               
  29 OLC2480A 1171 1340                 .44  .46  .49  .59  .65                                                             
  30 OLC2480B 1171 1374                 .45  .52  .48  .53  .69  .65  .57                                                   
  31 OLC2481A 1501 1639                                                                                       .50  .46  .47 
  35 OLC2486A 1170 1353                 .55  .56  .37  .47  .63  .68                                                        
  36 OLC2486B 1170 1312                 .62  .75  .45  .48                                                                  
  37 OLC2487A 1436 1578                                                                        .50  .52  .69  .68           
  38 OLC2489A 1113 1242       .49  .38  .41                                                                                 
  39 OLC2489B 1087 1250  .51  .49  .33  .55  .53                                                                            
  46 OLC2495A 1254 1349                                     .64  .65                                                        
  49 OLC2498A 1253 1382                                     .64  .73  .73                                                   
  50 OLC2498B 1253 1371                                     .64  .78                                                        
  51 OLC2499B 1243 1401                                .66  .76  .76  .64  .43                                              
  52 OLC2500A 1283 1378                                          .55  .56                                                   
  53 OLC2500B 1283 1375                                          .66  .75                                                   
  54 OLC2501A 1337 1475                                                    .59  .64  .68  .57                               
  55 OLC2501B 1337 1484                                                    .53  .59  .61  .44                               
  56 OLC2504A 1027 1163  .43                                                                                                
  58 OLC2508A 1173 1339                 .43  .39  .47  .39  .39                                                             
  59 OLC2508B 1173 1368                 .27B .31B .37  .28A .41  .53                                                        
  60 OLC2509A 1224 1350                                .43  .52  .68                                                        
  61 OLC2509B 1224 1370                           .42  .59  .68  .77                                                        
  62 OLC2511A 1489 1578                                                                                  .68  .57           
  63 OLC2512A 1266 1552                                     .70  .75  .67  .69  .74  .74  .71  .71  .63  .59                
  64 OLC2512B 1266 1515                                     .66  .68  .71  .65  .60  .49  .54  .74                          
  65 OLC2514A 1522 1621                                                                                       .67  .62      
  66 OLC2514B 1522 1628                                                                                       .66  .76  .68 
  67 OLC2517A 1255 1434                                     .73  .76  .64  .61  .49                                         
  68 OLC2518A 1276 1433                                          .72  .79  .75  .61                                         
  69 OLC2518B 1276 1448                                          .77  .79  .69  .55                                         
  73 OLC2528A 1496 1634                                                                                  .57  .50  .46  .68 
  75 OLC2531A 1412 1580                                                                   .35  .63  .66  .52  .52           
  81 OLC2536A 1237 1328                                .64  .58                                                             
  82 OLC2537A 1535 1624                                                                                            .57  .56 
  83 OLC2539A 1194 1280                      .51  .52                                                                       
  84 OLC2540A 1169 1270                 .50  .55                                                                            
  85 OLC2541A 1268 1418                                     .74  .80  .75  .71                                              
  86 OLC2541B 1268 1406                                     .81  .83  .80  .76                                              
  87 OLC2543A 1186 1327                      .59  .67  .71  .66                                                             
  88 OLC2543B 1186 1307                      .60  .62  .69                                                                  
  97 OLC2561A 1536 1679                                                                                            .58  .64 
  98 OLC2561B 1536 1669                                                                                            .60  .58 
 105 OLC2857B 1047 1165  .43                                                                                                
 106 OLC2865A 1550 1697                                                                                                 .59 
 107 OLC2865B 1550 1694                                                                                                 .53 
 108 OLC2879A 1339 1482                                                    .48  .70  .73  .50                               
 109 OLC2879B 1339 1462                                                    .60  .57  .58                                    
 110 OLC2880A 1294 1421                                          .76  .84  .78                                              
 111 OLC2881A 1520 1659                                                                                       .61  .58  .46 
 112 OLC2881B 1520 1663                                                                                       .64  .67  .54 
 113 OLC2882A 1386 1550                                                              .75  .73  .63  .52  .47                
 114 OLC2882B 1386 1570                                                              .71  .63  .77  .69  .58                
 118 OLC2892A 1236 1379                                .52  .60  .65  .64                                                   
 119 OLC2893A 1507 1624                                                                                       .60  .62  .53 
 120 OLC2893B 1507 1620                                                                                       .63  .63      
 121 OLC2894A 1279 1433                                          .79  .83  .71  .61                                         
 122 OLC2894B 1279 1433                                          .66  .80  .70  .57                                         
 123 OLC2895A 1525 1628                                                                                            .58  .64 
 124 OLC2895B 1525 1626                                                                                            .64  .66 
 125 OLC2896A 1255 1444                                     .81  .82  .75  .66  .53                                         
 127 OLC2907A 1324 1440                                               .70  .60  .54                                         
 128 OLC2907B 1324 1419                                               .73  .71                                              
 130 OLC2916B 1500 1732                                                                                       .59  .45  .60 
 131 OLC2919A 1154 1397                 .46  .57  .61  .59  .66  .74  .58                                                   
 132 OLC2919B 1154 1468                 .44  .57  .65  .63  .69  .77  .74  .64  .55  .37                                    
 133 OLC2922A 1281 1388                                          .74  .78                                                   
 134 OLC2922B 1281 1382                                          .63  .64                                                   
 135 OLC2924B 1542 1650                                                                                            .44  .56 
 136 OLC2925A 1188 1405                      .52  .62  .70  .71  .75  .67  .54                                              
 139 OLC2930B  900 1159  .54                                                                                                
 140 OLC2932A 1458 1611                                                                             .62  .57  .67  .69      
 141 OLC2932B 1458 1583                                                                             .66  .67  .81           
 142 OLC2934A 1274 1411                                     .44  .63  .64  .61                                              
 143 OLC2934B 1274 1413                                          .61  .55  .55                                              
 144 OLC2936A 1358 1474                                                         .65  .68  .60                               
 147 OLC2943A 1223 1454                           .71  .59  .56  .71  .68  .61  .61  .46                                    
 148 OLC2943B 1223 1445                           .61  .56  .53  .64  .59  .40  .47                                         
 149 OLC2947A 1365 1570                                                         .70  .53  .46  .59  .50  .45                
 150 OLC2949A 1204 1341                           .56  .53  .56                                                             
 151 OLC2950A 1394 1542                                                              .67  .67  .68  .59                     
 152 OLC2952A 1357 1510                                                         .63  .54  .44  .63                          
 153 OLC2952B 1357 1491                                                         .64  .68  .55                               
 156 OLC2977B 1434 1607                                                                        .45  .54  .63  .68  .53      
 158 OLC2980A 1366 1550                                                         .57  .77  .67  .83  .72  .58                
 159 OLC2980B 1366 1495                                                         .63  .73  .54                               
 161 OLC2984B 1371 1527                                                         .67  .74  .71  .51  .45                     
 164 OLC2987A 1385 1608                                                              .64  .61  .63  .61  .71  .68  .56      
 165 OLC2987B 1385 1559                                                              .58  .57  .66  .62  .63                
 166 OLC2988B 1230 1368                                .52  .59  .65                                                        
 169 OLC2991A 1276 1390                                          .74  .61                                                   
 170 OLC2991B 1276 1372                                          .75                                                        
 171 OLC2992A 1326 1527                                                    .72  .67  .44  .46  .39  .05B                    
 172 OLC2995A 1395 1558                                                              .58  .61  .49  .44  .48                
 173 OLC2995B 1395 1593                                                              .64  .62  .52  .49  .56  .55           
 175 OLC2997A 1246 1506                                .64  .60  .57  .62  .55  .50  .59  .57  .41                          
 176 OLC2997B 1246 1503                                .59  .53  .57  .66  .51  .55  .66  .64  .33B                         
 181 OLC3002B 1462 1615                                                                             .72  .65  .65  .58      
 182 OLC3003A 1466 1698                                                                             .68  .62  .61  .61  .56 
 184 OLC3015A 1521 1640                                                                                       .50  .52  .64 
 185 OLC3015B 1521 1642                                                                                       .61  .61  .68 
 188 OLC3021A 1423 1577                                                                   .49  .66  .68  .62  .66           
 189 OLC3023A 1522 1615                                                                                       .40  .49      
 190 OLC3023B 1522 1625                                                                                       .44  .48  .62 
 193 OLC3029B 1509 1646                                                                                       .77  .64  .53 
 194 OLC3032B 1177 1353                      .51  .47  .60  .58  .61                                                        
 195 OLC3036B 1506 1612                                                                                       .70  .49      
 196 OLC3037A 1197 1345                      .46  .52  .57  .54                                                             
 197 OLC3037B 1197 1353                      .57  .60  .51  .53  .62                                                        
 198 OLC3046A 1425 1576                                                                        .53  .60  .69  .71           
 199 OLC3046B 1425 1590                                                                        .64  .56  .58  .71           
 200 OLC3047A 1390 1563                                                              .67  .57  .66  .68  .60                
 201 OLC3047B 1390 1515                                                              .61  .60  .75                          
 202 OLC3049A 1230 1433                                .70  .80  .75  .71  .51  .53                                         
 203 OLC3049B 1230 1383                                .69  .76  .66  .58                                                   
 205 OLC3053A 1248 1359                                .52  .68  .76                                                        
 206 OLC3053B 1248 1404                                     .72  .72  .63  .47                                              
 207 OLC3055B 1292 1422                                          .65  .76  .56                                              
 208 OLC3057A 1499 1624                                                                                       .65  .61  .52 
 209 OLC3058A 1269 1525                                     .66  .73  .72  .63  .63  .60  .65  .73  .74                     
 210 OLC3058B 1269 1496                                     .48  .54  .62  .66  .49  .43  .63                               
 211 OLC3059A 1179 1357                      .59  .69  .62  .65  .66                                                        
 212 OLC3059B 1179 1368                      .48  .57  .46  .49  .57                                                        
 213 OLC3060A 1509 1621                                                                                       .71  .67      
 214 OLC3060B 1509 1603                                                                                       .53  .69      
 Av segment correlation  .48  .49  .36  .47  .53  .54  .58  .63  .69  .69  .61  .60  .62  .58  .60  .58  .60  .62  .58  .57 

 CORRELATION OF SERIES BY SEGMENTS: finl034
-----------------------------------------------------------------------------------------------------------------------------------
 Correlations of  50-year dated segments, lagged  25 years
 Flags:  A = correlation under   .3281 but highest as dated;  B = correlation higher at other than dated position

 Seq Series  Time_span  1600 1625 1650 1675 
                        1649 1674 1699 1724 
 --- -------- ---------  ---- ---- ---- ---- 
   4 OLC2453A 1561 1685  .52  .47           
  20 OLC2471A 1559 1705  .53  .54  .60      
  21 OLC2471B 1559 1662  .55                
  74 OLC2529B 1580 1669  .68                
  97 OLC2561A 1536 1679  .73  .75           
  98 OLC2561B 1536 1669  .67                
 106 OLC2865A 1550 1697  .50  .60           
 107 OLC2865B 1550 1694  .56  .51           
 111 OLC2881A 1520 1659  .66                
 112 OLC2881B 1520 1663  .55                
 130 OLC2916B 1500 1732  .66  .58  .58      
 135 OLC2924B 1542 1650  .68                
 179 OLC2999B 1591 1686  .57  .62           
 180 OLC3001B 1598 1684  .50  .80           
 182 OLC3003A 1466 1698  .56  .64           
 Av segment correlation  .59  .61  .59      

 FLAGGED SEGMENTS: finl034
-----------------------------------------------------------------------------------------------------------------------------------
 Seq Series   Segment    Flag  r dated  Best lag  r at lag   Gain  Note
 --- -------- ---------  ----  -------  --------  --------  -----  -----------------
  26 OLC2474A  825  874     B     .497         1      .504   .008
  26 OLC2474A  850  899     B     .146         1      .554   .408
  32 OLC2482A  850  899     B     .455        -1      .477   .022
  32 OLC2482A  875  924     B     .393        -1      .426   .033
  34 OLC2483B  775  824     A     .270         0
  42 OLC2493A  625  674     A     .184         0
  59 OLC2508B 1175 1224     B     .271         5      .286   .015  weak at every lag
  59 OLC2508B 1200 1249     B     .308         5      .328   .020  weak at every lag
  59 OLC2508B 1250 1299     A     .282         0
  77 OLC2533A  775  824     B     .335         2      .351   .016
  99 OLC2562A  875  924     B     .097         6      .292   .195  weak at every lag
  99 OLC2562A  900  949     A     .320         0
 117 OLC2891A  950  999     A     .280         0
 157 OLC2978A  825  874     B     .410         3      .445   .035
 162 OLC2986A 1025 1074     B     .300         3      .355   .055
 171 OLC2992A 1475 1524     B     .048         2      .547   .499
 176 OLC2997B 1450 1499     B     .326       -10      .412   .086
 177 OLC2998A 1075 1124     B     .066        -1      .471   .405
 191 OLC3026A  875  924     A     .259         0
 192 OLC3026B  875  924     A     .316         0

 DESCRIPTIVE STATISTICS: finl034
-----------------------------------------------------------------------------------------------------------------------------------

                                                Corr   //-------- Unfiltered --------\\  //-- dplR filtered --\\
                           No.    No.    No.    with   Mean   Max     Std   Auto   Mean   Max     Std   Auto  AR
 Seq Series   Interval   Years  Segmt  Flags   Master  msmt   msmt    dev   corr   sens  value    dev   corr  ()
 --- -------- ---------  -----  -----  -----   ------ -----  -----  -----  -----  -----  -----  -----  -----  --
   1 OLC2451A 1175 1299    125      3      0    .577    .84   2.08   .478   .936   .183   1.42   .191   .021   1
   2 OLC2451B 1175 1262     88      1      0    .556    .86   2.06   .539   .938   .178   1.38   .182  -.016   3
   3 OLC2452B  559  659    101      0      0    .485   1.21   2.73   .517   .860   .165   1.68   .185   .009   3
   4 OLC2453A 1561 1685    125      3      0    .397    .83   2.72   .469   .922   .145   1.51   .154  -.013   1
   5 OLC2458A 1346 1442     97      2      0    .547    .94   2.43   .480   .911   .149   1.38   .153  -.015   3
   6 OLC2458B 1346 1449    104      3      0    .480    .83   2.56   .516   .957   .130   1.27   .131  -.042   3
   7 OLC2461B  898  994     97      2      0    .521    .97   3.27   .673   .959   .175   1.43   .181   .031   1
   8 OLC2462A  670  826    157      5      0    .554    .65   1.07   .168   .503   .210   1.50   .190   .090   0
   9 OLC2462B  670  839    170      5      0    .555    .60   1.01   .157   .604   .175   1.44   .175  -.001   1
  10 OLC2463A  664  794    131      3      0    .605    .65   1.05   .155   .607   .172   1.45   .166  -.012   3
  11 OLC2463B  664  799    136      4      0    .689    .65   1.01   .140   .459   .182   1.49   .175  -.021   3
  12 OLC2464A  763  949    187      6      0    .469   1.21   2.95   .660   .953   .132   1.36   .132   .028   1
  13 OLC2466A 1341 1457    117      3      0    .545    .90   1.77   .230   .682   .154   1.47   .165   .046   1
  14 OLC2466B 1341 1463    123      3      0    .572    .93   1.90   .416   .894   .158   1.56   .172   .009   2
  15 OLC2468A  662  758     97      2      0    .442   1.15   1.92   .338   .685   .196   1.43   .195   .046   1
  16 OLC2468B  662  754     93      2      0    .442   1.11   2.12   .426   .747   .202   1.44   .212   .023   3
  17 OLC2469A  857  949     93      2      0    .535    .95   2.73   .491   .925   .147   1.40   .159   .049   1
  18 OLC2470A 1232 1455    224      7      0    .643    .77   3.33   .627   .954   .212   1.73   .228   .022   1
  19 OLC2470B 1231 1369    139      3      0    .616    .93   3.54   .782   .964   .166   1.48   .167   .042   1
  20 OLC2471A 1559 1705    147      4      0    .423    .58   1.34   .226   .732   .236   1.79   .226  -.015   2
  21 OLC2471B 1559 1662    104      2      0    .497    .41    .89   .162   .655   .264   1.63   .252  -.001   2
  22 OLC2472A  988 1083     96      2      0    .480    .75   1.75   .329   .726   .242   1.76   .230   .035   1
  23 OLC2472B  988 1136    149      4      0    .429    .52   1.95   .366   .888   .223   1.58   .225   .006   1
  24 OLC2473A  870 1028    159      5      0    .546    .49   1.23   .215   .861   .172   1.57   .171  -.004   2
  25 OLC2473B  867 1049    183      6      0    .608    .49   1.48   .240   .870   .170   1.67   .175   .001   2
  26 OLC2474A  726  901    176      5      2    .486    .69   1.75   .312   .872   .176   1.73   .190  -.001   2
  27 OLC2474B  727  822     96      1      0    .569    .72   2.09   .372   .881   .199   1.49   .207   .063   1
  28 OLC2476B 1401 1495     95      1      0    .634   1.28   2.78   .678   .929   .174   1.42   .179   .092   1
  29 OLC2480A 1171 1340    170      5      0    .520    .78   2.55   .392   .906   .163   1.49   .165  -.015   3
  30 OLC2480B 1171 1374    204      7      0    .515    .61   1.72   .269   .875   .163   1.49   .170   .034   1
  31 OLC2481A 1501 1639    139      3      0    .446   1.15   2.43   .520   .928   .142   1.64   .154  -.000   2
  32 OLC2482A  756  995    240      7      2    .616    .69   1.31   .215   .808   .158   1.65   .168   .020   2
  33 OLC2482B  748  985    238      8      0    .603    .50   1.19   .193   .826   .153   1.55   .160   .005   1
  34 OLC2483B  769  858     90      2      1    .357   1.40   2.96   .466   .831   .153   1.53   .162   .023   1
  35 OLC2486A 1170 1353    184      6      0    .555    .52   2.18   .327   .899   .206   1.79   .212  -.026   1
  36 OLC2486B 1170 1312    143      4      0    .586    .48   2.17   .379   .937   .216   1.56   .218   .021   2
  37 OLC2487A 1436 1578    143      4      0    .583    .85   2.29   .370   .914   .155   1.39   .153   .005   3
  38 OLC2489A 1113 1242    130      3      0    .447    .91   1.43   .237   .706   .167   1.55   .161   .002   2
  39 OLC2489B 1087 1250    164      5      0    .431    .86   1.84   .306   .745   .180   1.75   .187  -.056   3
  40 OLC2490A  872  958     87      2      0    .541    .94   1.83   .378   .867   .166   1.40   .159   .014   3
  41 OLC2490B  872  996    125      3      0    .523    .66   2.05   .428   .933   .193   1.44   .189   .002   3
  42 OLC2493A  608  789    182      5      1    .391    .65   1.08   .144   .632   .152   1.54   .153   .002   2
  43 OLC2493B  653  831    179      5      0    .465    .64   1.08   .146   .709   .140   1.38   .143   .009   1
  44 OLC2494A  678  836    159      4      0    .595    .97   2.80   .507   .939   .124   1.31   .128  -.035   3
  45 OLC2494B  678  817    140      3      0    .626   1.13   2.77   .463   .902   .143   1.41   .145  -.007   2
  46 OLC2495A 1254 1349     96      2      0    .651   1.12   2.89   .483   .831   .184   1.36   .176   .036   1
  47 OLC2496A  917 1064    148      4      0    .538    .81   2.72   .498   .955   .121   1.37   .122   .046   1
  48 OLC2496B  917 1060    144      4      0    .461    .77   2.83   .530   .960   .138   1.32   .144   .037   1
  49 OLC2498A 1253 1382    130      3      0    .616    .94   3.51   .649   .923   .207   1.51   .193  -.002   3
  50 OLC2498B 1253 1371    119      2      0    .668   1.07   3.54   .644   .906   .190   1.48   .197   .037   2
  51 OLC2499B 1243 1401    159      5      0    .627    .76   2.55   .577   .933   .264   1.68   .264   .008   2
  52 OLC2500A 1283 1378     96      2      0    .525   1.21   2.17   .404   .701   .196   1.57   .205  -.015   3
  53 OLC2500B 1283 1375     93      2      0    .612   1.23   2.04   .335   .574   .201   1.61   .219   .030   1
  54 OLC2501A 1337 1475    139      4      0    .563    .87   1.95   .316   .767   .191   1.61   .210   .006   1
  55 OLC2501B 1337 1484    148      4      0    .502    .96   2.45   .342   .803   .162   1.63   .181   .013   2
  56 OLC2504A 1027 1163    137      3      0    .445    .79   2.78   .541   .953   .143   1.44   .158  -.020   3
  57 OLC2504B 1027 1146    120      2      0    .471    .82   3.34   .635   .967   .157   1.50   .173   .073   1
  58 OLC2508A 1173 1339    167      5      0    .443    .71   1.47   .244   .685   .223   1.68   .228   .006   1
  59 OLC2508B 1173 1368    196      6      3    .384    .62   1.71   .271   .807   .202   1.62   .207  -.015   1
  60 OLC2509A 1224 1350    127      3      0    .582    .85   2.80   .674   .942   .182   1.47   .190  -.004   3
  61 OLC2509B 1224 1370    147      4      0    .594   1.02   2.50   .475   .876   .198   1.56   .190  -.009   1
  62 OLC2511A 1489 1578     90      2      0    .523   1.61   2.99   .682   .909   .155   1.33   .160  -.009   2
  63 OLC2512A 1266 1552    287     10      0    .691    .74   3.93   .512   .929   .167   1.47   .172   .005   3
  64 OLC2512B 1266 1515    250      8      0    .645    .76   3.56   .509   .928   .170   1.54   .169   .030   1
  65 OLC2514A 1522 1621    100      2      0    .613   1.26   3.11   .669   .934   .145   1.41   .146   .046   1
  66 OLC2514B 1522 1628    107      3      0    .652   1.14   3.04   .621   .931   .145   1.36   .133  -.025   2
  67 OLC2517A 1255 1434    180      5      0    .637    .72   3.53   .649   .948   .199   1.59   .198   .016   2
  68 OLC2518A 1276 1433    158      4      0    .698    .77   2.06   .344   .811   .198   1.71   .212   .024   2
  69 OLC2518B 1276 1448    173      4      0    .690    .80   2.42   .367   .823   .199   1.68   .210  -.012   2
  70 OLC2521A  823  991    169      4      0    .564   1.09   2.29   .414   .917   .126   1.34   .126   .021   3
  71 OLC2521B  823  962    140      4      0    .427   1.17   2.54   .536   .938   .143   1.42   .149   .053   1
  72 OLC2525B  682  823    142      3      0    .441   1.22   2.55   .440   .863   .152   1.46   .152  -.022   2
  73 OLC2528A 1496 1634    139      4      0    .549   1.09   2.53   .446   .858   .189   1.46   .186   .039   1
  74 OLC2529B 1580 1669     90      1      0    .601   1.05   1.88   .291   .789   .137   1.38   .140   .004   1
  75 OLC2531A 1412 1580    169      5      0    .496    .80   1.86   .326   .873   .169   1.54   .176  -.009   1
  76 OLC2532A  897 1011    115      3      0    .632   1.16   3.22   .781   .956   .163   1.62   .174   .013   3
  77 OLC2533A  609  838    230      7      1    .514    .43   1.92   .333   .930   .230   1.84   .240   .008   1
  78 OLC2533B  609  835    227      7      0    .589    .44   1.46   .245   .893   .223   1.75   .230   .008   1
  79 OLC2534A  885 1051    167      5      0    .563    .57   1.33   .252   .813   .218   1.69   .231   .043   1
  80 OLC2534B  885 1034    150      4      0    .529    .51   1.01   .154   .654   .206   1.64   .207   .036   1
  81 OLC2536A 1237 1328     92      2      0    .622   1.22   3.28   .743   .938   .203   1.56   .218  -.001   2
  82 OLC2537A 1535 1624     90      2      0    .560   1.12   2.93   .594   .893   .164   1.38   .169   .013   1
  83 OLC2539A 1194 1280     87      2      0    .517   1.53   2.69   .401   .732   .157   1.40   .156  -.045   2
  84 OLC2540A 1169 1270    102      2      0    .536   1.13   2.33   .318   .805   .145   1.37   .145   .009   1
  85 OLC2541A 1268 1418    151      4      0    .715    .56   1.80   .280   .902   .158   1.47   .157   .037   1
  86 OLC2541B 1268 1406    139      4      0    .786    .65   2.00   .279   .826   .177   1.64   .173   .021   1
  87 OLC2543A 1186 1327    142      4      0    .623    .90   2.07   .406   .931   .128   1.50   .146  -.024   1
  88 OLC2543B 1186 1307    122      3      0    .648    .91   2.16   .360   .923   .135   1.44   .141   .030   1
  89 OLC2546A  807  966    160      4      0    .594    .92   1.74   .251   .709   .168   1.53   .172   .057   3
  90 OLC2546B  807  956    150      4      0    .592    .99   2.00   .296   .802   .149   1.44   .158   .058   3
  91 OLC2548A  912 1074    163      5      0    .603    .63   2.02   .366   .941   .140   1.56   .149   .009   1
  92 OLC2548B  912 1084    173      5      0    .605    .67   2.00   .327   .899   .156   1.41   .160   .015   2
  93 OLC2556B  864  952     89      2      0    .607   1.01   2.60   .505   .932   .163   1.39   .165   .017   2
  94 OLC2558A  857  951     95      2      0    .681   1.00   2.05   .392   .874   .158   1.36   .160   .114   1
  95 OLC2559A  666  790    125      3      0    .650   1.08   2.12   .289   .592   .188   1.58   .187   .022   1
  96 OLC2559B  666  761     96      2      0    .604   1.06   2.16   .469   .855   .184   1.39   .186   .019   1
  97 OLC2561A 1536 1679    144      4      0    .681    .85   2.04   .320   .866   .147   1.48   .149  -.012   2
  98 OLC2561B 1536 1669    134      3      0    .610    .83   2.27   .346   .860   .178   1.51   .177   .026   1
  99 OLC2562A  835 1021    187      5      2    .435    .92   1.69   .314   .810   .162   1.38   .170  -.004   2
 100 OLC2562B  835 1014    180      5      0    .520    .98   1.91   .252   .709   .156   1.55   .162  -.003   2
 101 OLC2567A  847 1031    185      6      0    .513    .73   1.70   .300   .796   .197   2.05   .218   .004   2
 102 OLC2568A  766  975    210      7      0    .477    .66   1.19   .243   .840   .169   1.76   .172   .037   1
 103 OLC2568B  766  953    188      6      0    .485    .60   1.40   .301   .893   .185   1.49   .193   .042   1
 104 OLC2853C  825  924    100      2      0    .514   1.60   3.59   .678   .887   .165   1.34   .161   .012   3
 105 OLC2857B 1047 1165    119      3      0    .477    .83   2.97   .605   .943   .181   1.49   .182  -.028   2
 106 OLC2865A 1550 1697    148      3      0    .590    .99   1.98   .348   .827   .173   1.35   .166   .002   3
 107 OLC2865B 1550 1694    145      3      0    .550    .91   1.89   .277   .751   .181   1.47   .175  -.011   3
 108 OLC2879A 1339 1482    144      4      0    .560    .91   2.22   .314   .770   .173   1.71   .188   .041   1
 109 OLC2879B 1339 1462    124      3      0    .559    .83   1.76   .307   .779   .187   1.59   .210  -.003   1
 110 OLC2880A 1294 1421    128      3      0    .655    .98   2.11   .311   .813   .147   1.45   .140   .002   3
 111 OLC2881A 1520 1659    140      4      0    .548    .69   1.67   .251   .812   .151   1.47   .161  -.010   2
 112 OLC2881B 1520 1663    144      4      0    .566    .73   1.68   .262   .833   .154   1.41   .159  -.013   2
 113 OLC2882A 1386 1550    165      5      0    .596    .96   2.85   .580   .959   .137   1.35   .140  -.006   2
 114 OLC2882B 1386 1570    185      5      0    .618    .95   2.97   .561   .952   .139   1.41   .147   .043   1
 115 OLC2888B  867  980    114      3      0    .476    .60   2.00   .401   .968   .138   1.40   .147   .009   1
 116 OLC2890A  869  989    121      3      0    .468   1.06   2.59   .458   .917   .131   1.44   .139   .057   1
 117 OLC2891A  860 1004    145      4      1    .448   1.09   2.06   .383   .877   .132   1.36   .134   .013   2
 118 OLC2892A 1236 1379    144      4      0    .559   1.16   2.94   .467   .842   .176   1.53   .192   .022   1
 119 OLC2893A 1507 1624    118      3      0    .581   1.13   4.76   .745   .921   .149   1.47   .155   .044   1
 120 OLC2893B 1507 1620    114      2      0    .555   1.19   3.76   .675   .926   .163   1.42   .160  -.016   3
 121 OLC2894A 1279 1433    155      4      0    .725    .79   2.82   .397   .838   .198   1.65   .207   .011   2
 122 OLC2894B 1279 1433    155      4      0    .660    .78   2.29   .368   .808   .198   1.53   .202   .002   2
 123 OLC2895A 1525 1628    104      2      0    .589   1.17   2.74   .634   .940   .131   1.24   .128   .024   1
 124 OLC2895B 1525 1626    102      2      0    .676   1.10   2.52   .596   .943   .124   1.24   .114  -.003   2
 125 OLC2896A 1255 1444    190      5      0    .701    .78   4.17   .674   .945   .224   1.67   .218   .019   2
 126 OLC2904A  698  806    109      3      0    .417   1.11   2.08   .396   .701   .208   1.51   .211   .071   1
 127 OLC2907A 1324 1440    117      3      0    .571   1.07   2.11   .435   .823   .189   1.40   .184   .023   1
 128 OLC2907B 1324 1419     96      2      0    .624   1.09   2.23   .405   .812   .168   1.38   .166  -.018   1
 129 OLC2912A  861  950     90      2      0    .439   1.19   2.55   .424   .811   .157   1.44   .166   .007   1
 130 OLC2916B 1500 1732    233      6      0    .506    .53   2.48   .397   .964   .161   1.49   .165  -.012   2
 131 OLC2919A 1154 1397    244      7      0    .556    .50   1.39   .230   .864   .163   1.49   .166   .016   3
 132 OLC2919B 1154 1468    315     10      0    .559    .55   1.60   .215   .817   .167   1.50   .170  -.003   1
 133 OLC2922A 1281 1388    108      2      0    .676   1.36   2.65   .447   .748   .180   1.47   .188  -.023   3
 134 OLC2922B 1281 1382    102      2      0    .610   1.00   2.76   .540   .856   .189   1.61   .192   .018   3
 135 OLC2924B 1542 1650    109      3      0    .565    .83   2.88   .588   .959   .149   1.41   .158  -.005   1
 136 OLC2925A 1188 1405    218      7      0    .625    .70   2.04   .386   .947   .145   1.59   .152  -.003   1
 137 OLC2929B  784  890    107      2      0    .526    .71   2.12   .426   .858   .213   1.52   .195   .034   3
 138 OLC2930A  900 1086    187      5      0    .479    .75   2.50   .496   .950   .151   1.42   .156   .015   1
 139 OLC2930B  900 1159    260      8      0    .527    .76   2.81   .487   .941   .166   1.64   .178   .039   1
 140 OLC2932A 1458 1611    154      4      0    .542    .62   2.60   .498   .947   .180   1.46   .186   .076   1
 141 OLC2932B 1458 1583    126      3      0    .682    .83   2.69   .506   .916   .206   1.44   .208   .007   1
 142 OLC2934A 1274 1411    138      4      0    .552    .87   2.98   .514   .887   .203   1.46   .185   .009   1
 143 OLC2934B 1274 1413    140      3      0    .587    .85   2.40   .437   .895   .194   1.56   .191  -.010   3
 144 OLC2936A 1358 1474    117      3      0    .611   1.23   3.01   .681   .940   .138   1.44   .141   .030   2
 145 OLC2937A  758  891    134      3      0    .513   1.08   2.86   .441   .890   .166   1.57   .169   .044   1
 146 OLC2939B  864 1024    161      5      0    .521    .44   1.65   .353   .955   .198   1.59   .209  -.028   3
 147 OLC2943A 1223 1454    232      8      0    .591    .88   3.82   .716   .955   .173   1.57   .171   .001   1
 148 OLC2943B 1223 1445    223      7      0    .540    .71   4.31   .787   .968   .152   1.84   .166  -.026   1
 149 OLC2947A 1365 1570    206      6      0    .524    .70   2.67   .554   .954   .183   1.59   .192   .008   3
 150 OLC2949A 1204 1341    138      3      0    .538    .74   2.36   .484   .936   .164   1.36   .170   .002   3
 151 OLC2950A 1394 1542    149      4      0    .606    .76   3.88   .688   .949   .152   1.42   .162   .084   1
 152 OLC2952A 1357 1510    154      4      0    .565    .87   2.80   .596   .966   .129   1.34   .142   .063   1
 153 OLC2952B 1357 1491    135      3      0    .615   1.16   3.19   .744   .967   .127   1.40   .138   .001   2
 154 OLC2975A  854  983    130      3      0    .496    .86   1.84   .363   .897   .150   1.56   .158  -.009   1
 155 OLC2975B  854  980    127      3      0    .484    .89   1.96   .355   .861   .156   1.54   .173   .000   1
 156 OLC2977B 1434 1607    174      5      0    .489    .84   3.03   .553   .954   .137   1.44   .144   .006   2
 157 OLC2978A  762  875    114      3      1    .537   1.12   2.15   .340   .800   .153   1.43   .157   .015   3
 158 OLC2980A 1366 1550    185      6      0    .624    .84   3.10   .470   .919   .141   1.48   .149  -.015   3
 159 OLC2980B 1366 1495    130      3      0    .607    .99   3.40   .728   .951   .160   1.56   .170  -.014   3
 160 OLC2981B  717  860    144      4      0    .526    .96   1.99   .384   .904   .139   1.51   .151   .011   3
 161 OLC2984B 1371 1527    157      5      0    .603    .63   2.73   .458   .959   .141   1.34   .142   .003   2
 162 OLC2986A  973 1089    117      3      1    .430    .74   2.18   .329   .877   .183   1.42   .183  -.001   1
 163 OLC2986C  973 1105    133      4      0    .498    .74   2.00   .366   .900   .187   1.53   .199   .008   2
 164 OLC2987A 1385 1608    224      7      0    .627    .70   2.22   .349   .924   .130   1.42   .137  -.002   3
 165 OLC2987B 1385 1559    175      5      0    .574    .50   2.00   .319   .929   .152   1.44   .162  -.008   3
 166 OLC2988B 1230 1368    139      3      0    .557    .91   2.45   .481   .915   .187   1.56   .204  -.021   2
 167 OLC2989A  677  795    119      2      0    .600   1.35   3.12   .720   .941   .140   1.34   .152  -.021   3
 168 OLC2990B  859  950     92      2      0    .566    .90   2.64   .528   .951   .149   1.34   .146   .020   2
 169 OLC2991A 1276 1390    115      2      0    .634    .93   2.12   .467   .868   .184   1.58   .188   .024   3
 170 OLC2991B 1276 1372     97      1      0    .584    .93   2.19   .376   .829   .161   1.34   .154   .055   1
 171 OLC2992A 1326 1527    202      6      1    .443    .55   3.14   .521   .912   .182   1.58   .189  -.007   1
 172 OLC2995A 1395 1558    164      5      0    .506    .61   2.11   .504   .954   .184   2.32   .210   .002   2
 173 OLC2995B 1395 1593    199      6      0    .537    .63   2.31   .420   .941   .169   1.41   .176   .001   2
 174 OLC2996A  895 1096    202      6      0    .468   1.00   2.79   .534   .916   .186   1.69   .200  -.000   2
 175 OLC2997A 1246 1506    261      9      0    .551    .51   1.30   .261   .845   .227   1.83   .236  -.011   2
 176 OLC2997B 1246 1503    258      9      1    .536    .53   1.53   .280   .849   .235   1.79   .248   .030   1
 177 OLC2998A  861 1128    268      9      1    .477    .75   3.34   .552   .961   .148   1.51   .158   .010   1
 178 OLC2998B  861 1111    251      8      0    .594    .88   3.42   .573   .956   .145   1.40   .152  -.001   2
 179 OLC2999B 1591 1686     96      2      0    .560    .93   1.61   .283   .790   .176   1.39   .171   .002   2
 180 OLC3001B 1598 1684     87      2      0    .631    .99   1.86   .465   .894   .181   1.53   .180   .097   1
 181 OLC3002B 1462 1615    154      4      0    .637    .76   2.75   .490   .938   .146   1.45   .156   .007   2
 182 OLC3003A 1466 1698    233      7      0    .579    .72   1.75   .364   .915   .167   1.36   .167   .012   1
 183 OLC3014B  673  812    140      3      0    .491   1.29   3.04   .579   .842   .214   1.73   .219   .017   3
 184 OLC3015A 1521 1640    120      3      0    .580    .89   2.07   .318   .800   .170   1.53   .177   .027   1
 185 OLC3015B 1521 1642    122      3      0    .622    .88   2.10   .381   .860   .173   1.53   .180  -.009   1
 186 OLC3018A  896 1066    171      5      0    .578    .77   2.03   .358   .814   .211   1.60   .232  -.007   2
 187 OLC3018B  896 1042    147      4      0    .530    .52    .94   .163   .693   .202   1.52   .194   .013   2
 188 OLC3021A 1423 1577    155      5      0    .617    .85   2.35   .437   .924   .153   1.59   .163  -.014   2
 189 OLC3023A 1522 1615     94      2      0    .426   1.10   2.30   .498   .911   .153   1.28   .152  -.056   2
 190 OLC3023B 1522 1625    104      3      0    .519   1.09   2.45   .571   .923   .162   1.49   .156  -.073   3
 191 OLC3026A  859 1011    153      4      1    .446   1.00   3.65   .587   .954   .130   1.42   .132  -.033   3
 192 OLC3026B  860  999    140      4      1    .527   1.05   3.57   .644   .969   .125   1.31   .124  -.017   1
 193 OLC3029B 1509 1646    138      3      0    .620    .95   2.42   .464   .903   .162   1.53   .161   .001   3
 194 OLC3032B 1177 1353    177      5      0    .554    .69   1.73   .357   .902   .161   1.39   .157  -.018   3
 195 OLC3036B 1506 1612    107      2      0    .454    .96   1.81   .296   .557   .244   1.54   .216   .024   0
 196 OLC3037A 1197 1345    149      4      0    .552    .75   1.66   .241   .799   .166   1.61   .175  -.001   1
 197 OLC3037B 1197 1353    157      5      0    .556    .74   1.73   .270   .843   .163   1.43   .166  -.019   1
 198 OLC3046A 1425 1576    152      4      0    .628    .87   3.41   .566   .909   .188   1.42   .187  -.026   3
 199 OLC3046B 1425 1590    166      4      0    .603    .76   3.80   .569   .936   .186   1.49   .181  -.016   3
 200 OLC3047A 1390 1563    174      5      0    .570    .87   3.30   .683   .972   .136   1.44   .149   .045   1
 201 OLC3047B 1390 1515    126      3      0    .643   1.01   3.23   .770   .966   .148   1.39   .159   .058   1
 202 OLC3049A 1230 1433    204      6      0    .618    .87   2.51   .469   .915   .164   1.59   .181  -.041   1
 203 OLC3049B 1230 1383    154      4      0    .630    .80   2.34   .546   .967   .164   1.40   .171  -.024   1
 204 OLC3050A  831 1023    193      5      0    .545   1.02   2.21   .356   .902   .119   1.30   .122   .004   3
 205 OLC3053A 1248 1359    112      3      0    .664    .89   2.65   .653   .935   .239   1.55   .223   .002   1
 206 OLC3053B 1248 1404    157      4      0    .608    .97   2.91   .567   .912   .197   1.54   .212  -.020   3
 207 OLC3055B 1292 1422    131      3      0    .561   1.12   2.26   .446   .844   .190   1.56   .199   .027   1
 208 OLC3057A 1499 1624    126      3      0    .561   1.22   2.66   .544   .936   .131   1.29   .129  -.031   2
 209 OLC3058A 1269 1525    257      9      0    .669    .69   3.59   .508   .939   .168   1.52   .169  -.003   2
 210 OLC3058B 1269 1496    228      7      0    .553    .61   3.29   .525   .948   .191   1.63   .195  -.013   2
 211 OLC3059A 1179 1357    179      5      0    .601    .93   1.67   .406   .919   .151   1.45   .162  -.018   1
 212 OLC3059B 1179 1368    190      5      0    .484    .79   1.44   .284   .868   .153   1.57   .161  -.008   2
 213 OLC3060A 1509 1621    113      2      0    .536   1.17   1.95   .274   .614   .161   1.38   .166   .028   1
 214 OLC3060B 1509 1603     95      2      0    .520   1.13   2.03   .292   .699   .163   1.45   .161  -.012   2
 --- -------- ---------  -----  -----  -----   ------ -----  -----  -----  -----  -----  -----  -----  -----  --
 Total or mean:          31863    851     20    .559    .84   4.76   .427   .871   .171   2.32   .176   .008

 DATA CHECKS (rwl.check): finl034
-----------------------------------------------------------------------------------------------------------------------------------
 rwl.check: data_files/treering/measurements/europe/finl034.rwl
 214 series, 31863 measurements, 559-1732, 0.01 mm precision
 0 error(s), 0 warning(s), 2 note(s)
 -------------
 Nothing to report at this severity.
 2 note(s) not shown; see rwl.check() or the 'check' element of this report.

 NOTES
-----------------------------------------------------------------------------------------------------------------------------------
 Report generated using dplR 1.8.1 (R 4.5.2) on 2026-10-01 16:53 PDT.
 Measurement file finl034.rwl, MD5 dd4659846ad29c961a5ecc07997f7ebb.
 Filtering: each series divided by a 32-year smoothing spline (caps()), then prewhitened with
   an AR model (order by AIC, at most 3).
 Master: biweight robust mean of the other series (leave-one-out).
 Correlation: Pearson, one-tailed, pcrit = 0.01; critical r = 0.3281 for 50-year segments.
 Segments: 50 years, lagged 25, first segment floored to 100. Lags searched: +/- 10 years.
 A segment is tested only where the series and the master cover all of it, at the dated
   position and at every lag. COFECHA also tests partial segments at the ends of a series, so
   series here may show fewer segments, and no flags can be raised at the ends of the record.
 Lags follow COFECHA: negative means rings are probably missing from the series, positive means
   false rings. A missing ring carries its lag into every segment before it, so look where the
   lag changes along a series. A B flag is a hypothesis to check on the wood; the gain says how
   seriously to take it.
 A B flag marked "weak at every lag" correlates under the critical value even at its best lag:
   the segment is weak wherever it is placed, and the shift is not evidence of a dating error.
   Treat it as a low correlation, like an A.
 Averages in the summary and the totals are weighted by the number of years in each series, as
   COFECHA's are.
 Unfiltered block and mean sensitivity: the measurements as read, and sens1().
 dplR filtered block: the series that was correlated, after filtering. COFECHA's filtered
   series is defined differently, so these three columns are not COFECHA's numbers.
 AR: order of the AR model used to prewhiten.
