
 COFECHA-style crossdating report: germ246
 Report generated using dplR 1.8.1 (R 4.5.2) on 2026-10-01 16:52 PDT
 Built with dplR's xdate.report(), not COFECHA; see the notes at the end.


      Measurement file name  : germ246.rwl
      MD5 of measurement file: ff33a696caed85aec81992d4cd7e954f
      Date checked           : 01OCT26
      Beginning year         : 1856
      Ending year            : 2012
      Principal investigators: Esper, J.; Kochbeck, M.
      Site name              : Westerwald 9
      Species information    : PCAB Picea abies (L.) H. Karst.
      Latitude               : 50.7015 N
      Longitude              : 8.2329 E
      Elevation              : 334 m

      Series intercorrelation: 0.688
      Avg mean sensitivity   : 0.289
      Avg standard deviation : 0.490
      Avg autocorrelation    : 0.681
      Number dated series    : 110
      Segment length tested  : 50

      Number problem segments: 2  (A 1, B 1)
      Pct problem segments   : 0.61


 CORRELATION OF SERIES BY SEGMENTS: germ246
-----------------------------------------------------------------------------------------------------------------------------------
 Correlations of  50-year dated segments, lagged  25 years
 Flags:  A = correlation under   .3281 but highest as dated;  B = correlation higher at other than dated position

 Seq Series  Time_span  1900 1925 1950 
                        1949 1974 1999 
 --- -------- ---------  ---- ---- ---- 
   1 EDW0901a 1862 2012  .86  .87  .81 
   2 EDW0901b 1861 2012  .72  .78  .83 
   3 EDW0902a 1863 2012  .65  .73  .75 
   4 EDW0902b 1862 2012  .64  .73  .69 
   5 EDW0903a 1861 2012  .68  .74  .60 
   6 EDW0903b 1861 2012  .72  .76  .80 
   7 EDW0904a 1860 2012  .90  .83  .82 
   8 EDW0904b 1859 2012  .80  .78  .74 
   9 EDW0905a 1886 2012  .81  .85  .86 
  10 EDW0905b 1886 2012  .78  .77  .80 
  11 EDW0906a 1877 2012  .75  .78  .80 
  12 EDW0906b 1877 2012  .47  .70  .75 
  13 EDW0907a 1860 2012  .81  .74  .77 
  14 EDW0907b 1860 2012  .67  .73  .80 
  15 EDW0908a 1875 2012  .76  .68  .73 
  16 EDW0908b 1875 2012  .73  .75  .80 
  17 EDW0909a 1862 2012  .84  .86  .77 
  18 EDW0909b 1861 2012  .66  .80  .76 
  19 EDW0910a 1862 2012  .75  .74  .79 
  20 EDW0910b 1863 2012  .67  .69  .80 
  21 EDW0911a 1896 2012  .79  .78  .74 
  22 EDW0911b 1896 2012  .77  .74  .79 
  23 EDW0912a 1862 2011  .72  .77  .79 
  24 EDW0912b 1863 2012  .70  .81  .73 
  25 EDW0913a 1858 2012  .67  .71  .77 
  26 EDW0913b 1857 2012  .61  .70  .82 
  27 EDW0917a 1887 2012  .56  .73  .83 
  28 EDW0917b 1887 2012  .73  .74  .76 
  29 EDW0918a 1879 2012  .73  .74  .68 
  30 EDW0918b 1879 2012  .43  .55  .74 
  31 EDW0919a 1883 2012  .70  .68  .65 
  32 EDW0920a 1860 2012  .66  .75  .75 
  33 EDW0920b 1860 2012  .62  .75  .80 
  34 EDW0921a 1865 2012  .75  .78  .72 
  35 EDW0921b 1865 2012  .71  .77  .82 
  36 EDW0922a 1872 2012  .80  .75  .61 
  37 EDW0923a 1863 2012  .79  .76  .68 
  38 EDW0923b 1863 2012  .78  .87  .79 
  39 EDW0924a 1860 2012  .70  .71  .74 
  40 EDW0924b 1860 2012  .68  .70  .77 
  41 EDW0925a 1870 2012  .76  .81  .64 
  42 EDW0925b 1875 2012  .68  .69  .56 
  43 EDW0926a 1861 2012  .67  .66  .79 
  44 EDW0926b 1860 2012  .61  .66  .74 
  45 EDW0927a 1860 2012  .76  .81  .81 
  46 EDW0927b 1868 2012  .77  .71  .64 
  47 EDW0928a 1859 2012  .59  .68  .72 
  48 EDW0928b 1858 2010  .66  .69  .72 
  49 EDW0930a 1860 2012  .58  .73  .73 
  50 EDW0930b 1860 2012  .54  .62  .74 
  51 EDW0931a 1915 2012       .85  .78 
  52 EDW0931b 1913 2012       .72  .65 
  53 EDW0932a 1881 2012  .70  .70  .72 
  54 EDW0932b 1881 2012  .82  .79  .67 
  55 EDW0933a 1862 2012  .75  .73  .67 
  56 EDW0933b 1868 2012  .67  .23B .31A
  57 EDW0934a 1862 2012  .80  .82  .76 
  58 EDW0934b 1869 2012  .86  .84  .70 
  59 EDW0935a 1879 2012  .67  .57  .70 
  60 EDW0935b 1879 2012  .82  .81  .75 
  61 EDW0936a 1861 2012  .58  .68  .77 
  62 EDW0936b 1862 2012  .53  .73  .81 
  63 EDW0937a 1863 2012  .55  .77  .76 
  64 EDW0937b 1863 2012  .57  .77  .47 
  65 EDW0938a 1861 2012  .81  .79  .79 
  66 EDW0938b 1861 2012  .76  .66  .66 
  67 EDW0939a 1894 2012  .70  .63  .66 
  68 EDW0939b 1894 2012  .53  .61  .77 
  69 EDW0940a 1864 2012  .78  .80  .74 
  70 EDW0940b 1864 2012  .54  .70  .73 
  71 EDW0941a 1863 2007  .74  .66  .66 
  72 EDW0941b 1867 2012  .67  .64  .60 
  73 EDW0942a 1880 2012  .58  .59  .62 
  74 EDW0942b 1881 2012  .59  .60  .52 
  75 EDW0943a 1868 2012  .73  .63  .63 
  76 EDW0943b 1859 2012  .79  .76  .73 
  77 EDW0944a 1874 2007  .63  .63  .67 
  78 EDW0944b 1871 2012  .74  .47  .39 
  79 EDW0945a 1892 2012  .57  .60  .52 
  80 EDW0945b 1892 2012  .56  .69  .58 
  81 EDW0946a 1888 2012  .46  .58  .77 
  82 EDW0946b 1889 2012  .43  .69  .74 
  83 EDW0947a 1887 2012  .48  .62  .72 
  84 EDW0947b 1885 2012  .61  .64  .67 
  85 EDW0948a 1861 2012  .83  .74  .64 
  86 EDW0948b 1861 2012  .82  .75  .61 
  87 EDW0949a 1863 2012  .66  .66  .71 
  88 EDW0949b 1881 2012  .65  .68  .70 
  89 EDW0950a 1862 2012  .62  .66  .69 
  90 EDW0950b 1862 2009  .61  .69  .48 
  91 EDW0951a 1864 2012  .85  .78  .73 
  92 EDW0951b 1867 2012  .79  .77  .71 
  93 EDW0952a 1856 2012  .59  .74  .69 
  94 EDW0952b 1859 2012  .72  .72  .74 
  95 EDW0953a 1858 2012  .84  .78  .70 
  96 EDW0953b 1858 2012  .73  .69  .63 
  97 EDW0954a 1860 2012  .62  .74  .82 
  98 EDW0954b 1885 2012  .56  .70  .86 
  99 EDW0955a 1872 2012  .66  .71  .72 
 100 EDW0955b 1889 2012  .71  .78  .75 
 101 EDW0956a 1862 2000  .46  .59  .66 
 102 EDW0956b 1877 1995  .61  .70      
 103 EDW0957a 1862 2012  .73  .69  .78 
 104 EDW0957b 1862 2012  .82  .83  .86 
 105 EDW0959a 1875 2012  .77  .81  .79 
 106 EDW0959b 1862 2012  .81  .80  .80 
 107 EDW0960a 1861 2012  .74  .70  .70 
 108 EDW0960b 1861 2012  .64  .72  .56 
 109 EDW0961a 1865 2012  .68  .77  .70 
 110 EDW0961b 1883 2012  .78  .83  .77 
 Av segment correlation  .69  .72  .72 

 FLAGGED SEGMENTS: germ246
-----------------------------------------------------------------------------------------------------------------------------------
 Seq Series   Segment    Flag  r dated  Best lag  r at lag   Gain  Note
 --- -------- ---------  ----  -------  --------  --------  -----  -----------------
  56 EDW0933b 1925 1974     B     .234         8      .364   .130
  56 EDW0933b 1950 1999     A     .314         0

 DESCRIPTIVE STATISTICS: germ246
-----------------------------------------------------------------------------------------------------------------------------------

                                                Corr   //-------- Unfiltered --------\\  //-- dplR filtered --\\
                           No.    No.    No.    with   Mean   Max     Std   Auto   Mean   Max     Std   Auto  AR
 Seq Series   Interval   Years  Segmt  Flags   Master  msmt   msmt    dev   corr   sens  value    dev   corr  ()
 --- -------- ---------  -----  -----  -----   ------ -----  -----  -----  -----  -----  -----  -----  -----  --
   1 EDW0901a 1862 2012    151      3      0    .784    .97   6.41   .729   .770   .310   1.85   .317  -.050   1
   2 EDW0901b 1861 2012    152      3      0    .804    .95   6.73   .826   .738   .315   1.92   .313  -.024   1
   3 EDW0902a 1863 2012    150      3      0    .686    .73   3.33   .481   .635   .330   2.07   .328  -.007   3
   4 EDW0902b 1862 2012    151      3      0    .666    .67   3.33   .473   .717   .307   2.17   .332   .002   2
   5 EDW0903a 1861 2012    152      3      0    .670    .79   3.45   .582   .813   .292   1.71   .287   .016   1
   6 EDW0903b 1861 2012    152      3      0    .755    .79   4.62   .674   .803   .328   1.91   .333  -.009   1
   7 EDW0904a 1860 2012    153      3      0    .850    .90   5.20   .658   .808   .320   1.79   .312   .012   1
   8 EDW0904b 1859 2012    154      3      0    .630    .95   6.13   .778   .774   .336   1.78   .319  -.021   1
   9 EDW0905a 1886 2012    127      3      0    .806    .84   2.12   .380   .641   .286   1.78   .291   .012   1
  10 EDW0905b 1886 2012    127      3      0    .779    .82   2.24   .335   .637   .286   1.67   .281   .012   1
  11 EDW0906a 1877 2012    136      3      0    .768    .99   2.73   .398   .494   .289   2.01   .298  -.010   1
  12 EDW0906b 1877 2012    136      3      0    .657    .60   1.85   .282   .560   .288   2.74   .312   .006   2
  13 EDW0907a 1860 2012    153      3      0    .757   1.00   3.91   .589   .782   .249   1.93   .273  -.030   1
  14 EDW0907b 1860 2012    153      3      0    .735    .81   2.88   .503   .717   .266   1.86   .279  -.008   1
  15 EDW0908a 1875 2012    138      3      0    .714    .62   1.44   .257   .456   .347   1.99   .333   .028   1
  16 EDW0908b 1875 2012    138      3      0    .736    .67   1.73   .328   .702   .306   1.97   .318   .031   1
  17 EDW0909a 1862 2012    151      3      0    .756    .68   3.78   .507   .773   .317   2.01   .307   .021   3
  18 EDW0909b 1861 2012    152      3      0    .649    .68   3.53   .512   .693   .295   2.27   .291   .037   1
  19 EDW0910a 1862 2012    151      3      0    .791    .88   4.29   .483   .546   .333   1.79   .291   .018   3
  20 EDW0910b 1863 2012    150      3      0    .740    .81   4.32   .470   .527   .305   1.95   .294   .022   1
  21 EDW0911a 1896 2012    117      3      0    .768    .93   2.10   .361   .429   .319   2.20   .334   .009   1
  22 EDW0911b 1896 2012    117      3      0    .790    .83   2.06   .342   .511   .316   1.78   .310   .001   1
  23 EDW0912a 1862 2011    150      3      0    .748    .75   2.61   .425   .688   .293   1.75   .294   .010   3
  24 EDW0912b 1863 2012    150      3      0    .707    .92   2.98   .547   .734   .308   1.65   .317  -.007   2
  25 EDW0913a 1858 2012    155      3      0    .709   1.51   4.83   .953   .796   .287   2.16   .298   .040   1
  26 EDW0913b 1857 2012    156      3      0    .709    .87   4.88   .672   .762   .275   2.00   .302  -.001   1
  27 EDW0917a 1887 2012    126      3      0    .732    .77   1.71   .293   .516   .290   2.09   .295  -.001   3
  28 EDW0917b 1887 2012    126      3      0    .763    .93   2.40   .393   .533   .332   2.18   .335   .040   1
  29 EDW0918a 1879 2012    134      3      0    .701    .63   1.62   .263   .513   .332   1.91   .312  -.019   2
  30 EDW0918b 1879 2012    134      3      0    .617    .52   1.43   .283   .694   .342   2.37   .319   .000   1
  31 EDW0919a 1883 2012    130      3      0    .574    .61   1.74   .355   .797   .289   1.85   .287   .036   1
  32 EDW0920a 1860 2012    153      3      0    .710    .72   2.81   .393   .756   .274   2.11   .278   .013   1
  33 EDW0920b 1860 2012    153      3      0    .694   1.12   3.32   .490   .752   .216   1.82   .226  -.001   3
  34 EDW0921a 1865 2012    148      3      0    .734    .67   3.05   .364   .607   .320   1.70   .294   .083   0
  35 EDW0921b 1865 2012    148      3      0    .759    .73   3.60   .466   .621   .307   2.27   .316   .016   1
  36 EDW0922a 1872 2012    141      3      0    .666    .83   2.23   .440   .748   .301   1.92   .284   .023   1
  37 EDW0923a 1863 2012    150      3      0    .711    .93   2.63   .515   .827   .256   1.75   .249   .014   1
  38 EDW0923b 1863 2012    150      3      0    .778   1.08   3.25   .550   .744   .252   1.83   .259  -.021   1
  39 EDW0924a 1860 2012    153      3      0    .704    .84   4.28   .499   .775   .250   1.78   .265  -.014   1
  40 EDW0924b 1860 2012    153      3      0    .714   1.38   4.90   .709   .728   .266   1.97   .287  -.016   2
  41 EDW0925a 1870 2012    143      3      0    .676    .85   2.49   .476   .808   .265   1.78   .276   .011   1
  42 EDW0925b 1875 2012    138      3      0    .566    .86   2.53   .479   .819   .235   1.58   .250   .042   1
  43 EDW0926a 1861 2012    152      3      0    .731    .99   4.51   .459   .670   .243   1.77   .237  -.050   1
  44 EDW0926b 1860 2012    153      3      0    .692    .78   5.06   .556   .838   .267   1.69   .259  -.003   3
  45 EDW0927a 1860 2012    153      3      0    .783   1.64   3.94   .657   .550   .263   1.78   .279  -.005   1
  46 EDW0927b 1868 2012    145      3      0    .697   1.03   2.73   .363   .521   .258   1.91   .258  -.004   1
  47 EDW0928a 1859 2012    154      3      0    .703    .75   3.79   .464   .797   .265   1.98   .280   .040   1
  48 EDW0928b 1858 2010    153      3      0    .730   1.22   5.00   .815   .810   .275   1.91   .288   .013   1
  49 EDW0930a 1860 2012    153      3      0    .689   1.04   4.97   .597   .814   .215   1.60   .229   .001   3
  50 EDW0930b 1860 2012    153      3      0    .588    .70   4.31   .496   .867   .255   1.55   .238   .002   2
  51 EDW0931a 1915 2012     98      2      0    .732   1.13   3.25   .626   .631   .377   2.11   .385  -.030   1
  52 EDW0931b 1913 2012    100      2      0    .610   1.06   2.28   .511   .643   .326   2.08   .312  -.045   3
  53 EDW0932a 1881 2012    132      3      0    .704    .93   2.13   .363   .507   .290   1.85   .292   .039   1
  54 EDW0932b 1881 2012    132      3      0    .714    .88   1.93   .363   .672   .280   1.84   .269   .025   1
  55 EDW0933a 1862 2012    151      3      0    .609    .96   3.00   .393   .481   .300   2.46   .311   .010   2
  56 EDW0933b 1868 2012    145      3      2    .477   1.06   2.68   .508   .721   .261   2.00   .288   .001   1
  57 EDW0934a 1862 2012    151      3      0    .766   1.55   5.51   .878   .700   .309   2.02   .331   .006   1
  58 EDW0934b 1869 2012    144      3      0    .733   1.00   2.99   .504   .644   .291   2.53   .331  -.010   1
  59 EDW0935a 1879 2012    134      3      0    .709   1.04   2.28   .400   .631   .277   1.80   .278  -.011   1
  60 EDW0935b 1879 2012    134      3      0    .766    .91   2.06   .296   .474   .251   1.83   .262   .023   1
  61 EDW0936a 1861 2012    152      3      0    .639    .84   2.44   .362   .571   .290   1.96   .282   .003   1
  62 EDW0936b 1862 2012    151      3      0    .690   1.16   2.74   .459   .536   .284   1.76   .263  -.024   1
  63 EDW0937a 1863 2012    150      3      0    .590    .53   2.11   .325   .648   .321   2.36   .350   .003   3
  64 EDW0937b 1863 2012    150      3      0    .513    .95   4.66   .703   .772   .297   2.13   .312  -.004   3
  65 EDW0938a 1861 2012    152      3      0    .763    .68   6.65   .652   .804   .319   1.95   .309  -.017   1
  66 EDW0938b 1861 2012    152      3      0    .684    .78   5.39   .663   .798   .326   2.00   .338   .028   1
  67 EDW0939a 1894 2012    119      3      0    .606    .88   2.90   .424   .547   .294   3.32   .363  -.036   1
  68 EDW0939b 1894 2012    119      3      0    .651    .80   1.82   .353   .558   .311   2.81   .360  -.021   1
  69 EDW0940a 1864 2012    149      3      0    .705    .73   1.85   .380   .723   .261   1.75   .282   .014   1
  70 EDW0940b 1864 2012    149      3      0    .557    .57   1.58   .287   .670   .302   2.68   .341   .030   1
  71 EDW0941a 1863 2007    145      3      0    .679    .85   2.37   .400   .563   .320   2.54   .331  -.003   1
  72 EDW0941b 1867 2012    146      3      0    .650    .74   2.13   .411   .734   .292   2.15   .325   .004   2
  73 EDW0942a 1880 2012    133      3      0    .565    .60   1.53   .344   .807   .280   1.95   .286  -.012   1
  74 EDW0942b 1881 2012    132      3      0    .507    .54   2.27   .404   .854   .266   2.01   .299   .001   1
  75 EDW0943a 1868 2012    145      3      0    .555    .57   1.56   .310   .611   .318   2.29   .358  -.021   1
  76 EDW0943b 1859 2012    154      3      0    .722    .72   3.75   .427   .675   .323   2.34   .330  -.017   1
  77 EDW0944a 1874 2007    134      3      0    .647   1.03   3.66   .609   .743   .330   2.11   .328   .119   0
  78 EDW0944b 1871 2012    142      3      0    .476    .96   5.48   .963   .798   .381   2.01   .365   .018   2
  79 EDW0945a 1892 2012    121      3      0    .598    .98   2.57   .468   .662   .300   1.82   .297  -.001   1
  80 EDW0945b 1892 2012    121      3      0    .575   1.06   2.75   .553   .670   .316   2.19   .313  -.006   1
  81 EDW0946a 1888 2012    125      3      0    .619   1.04   2.20   .362   .619   .235   1.73   .258  -.010   2
  82 EDW0946b 1889 2012    124      3      0    .589    .68   1.35   .240   .597   .242   1.62   .240  -.012   2
  83 EDW0947a 1887 2012    126      3      0    .638    .61   1.88   .312   .746   .279   1.86   .292   .058   3
  84 EDW0947b 1885 2012    128      3      0    .640    .73   1.57   .271   .570   .252   2.39   .280  -.009   3
  85 EDW0948a 1861 2012    152      3      0    .664    .78   4.10   .641   .697   .314   1.70   .292   .017   1
  86 EDW0948b 1861 2012    152      3      0    .652    .90   4.16   .608   .601   .322   1.79   .305  -.003   1
  87 EDW0949a 1863 2012    150      3      0    .721    .71   1.71   .283   .595   .285   1.86   .289  -.008   1
  88 EDW0949b 1881 2012    132      3      0    .639    .58   1.34   .263   .654   .262   1.81   .275  -.048   1
  89 EDW0950a 1862 2012    151      3      0    .699    .75   2.68   .477   .711   .320   2.04   .331   .011   2
  90 EDW0950b 1862 2009    148      3      0    .558    .55   2.16   .402   .707   .314   2.11   .353   .038   1
  91 EDW0951a 1864 2012    149      3      0    .757    .87   1.97   .420   .767   .252   1.95   .277  -.049   1
  92 EDW0951b 1867 2012    146      3      0    .707    .89   2.12   .372   .640   .287   1.83   .287  -.002   1
  93 EDW0952a 1856 2012    157      3      0    .565    .78   4.15   .617   .731   .287   1.97   .297   .021   1
  94 EDW0952b 1859 2012    154      3      0    .655    .64   4.55   .594   .893   .250   2.00   .273   .012   1
  95 EDW0953a 1858 2012    155      3      0    .715    .88   4.57   .635   .894   .228   1.77   .244   .031   1
  96 EDW0953b 1858 2012    155      3      0    .623   1.12   4.77   .859   .920   .224   1.59   .233   .041   1
  97 EDW0954a 1860 2012    153      3      0    .731    .82   3.07   .396   .677   .257   2.04   .282  -.045   1
  98 EDW0954b 1885 2012    128      3      0    .735    .95   2.08   .349   .620   .269   1.84   .263   .036   2
  99 EDW0955a 1872 2012    141      3      0    .654   1.32   3.77   .576   .529   .281   2.16   .294  -.018   3
 100 EDW0955b 1889 2012    124      3      0    .719   1.38   3.47   .633   .690   .279   1.89   .304  -.012   2
 101 EDW0956a 1862 2000    139      3      0    .630    .94   4.76   .574   .628   .281   2.10   .298   .010   1
 102 EDW0956b 1877 1995    119      2      0    .665    .50   1.62   .256   .516   .335   2.39   .357  -.003   1
 103 EDW0957a 1862 2012    151      3      0    .745    .87   4.39   .490   .709   .294   1.85   .276   .007   2
 104 EDW0957b 1862 2012    151      3      0    .820   1.07   4.64   .539   .722   .261   1.67   .240   .009   1
 105 EDW0959a 1875 2012    138      3      0    .759    .99   1.80   .337   .469   .293   1.76   .285  -.015   1
 106 EDW0959b 1862 2012    151      3      0    .786   1.06   4.10   .524   .619   .279   2.03   .300  -.002   1
 107 EDW0960a 1861 2012    152      3      0    .734    .73   5.49   .706   .821   .281   2.16   .290  -.000   1
 108 EDW0960b 1861 2012    152      3      0    .614    .72   4.22   .457   .528   .306   2.82   .343   .016   1
 109 EDW0961a 1865 2012    148      3      0    .689    .89   1.94   .378   .635   .294   1.94   .295  -.001   1
 110 EDW0961b 1883 2012    130      3      0    .742   1.59   3.31   .489   .449   .237   1.78   .241   .026   1
 --- -------- ---------  -----  -----  -----   ------ -----  -----  -----  -----  -----  -----  -----  -----  --
 Total or mean:          15686    327      2    .688    .88   6.73   .490   .681   .289   3.32   .296   .004

 DATA CHECKS (rwl.check): germ246
-----------------------------------------------------------------------------------------------------------------------------------
 rwl.check: data_files/treering/measurements/europe/germ246.rwl
 110 series, 15686 measurements, 1856-2012, 0.01 mm precision
 0 error(s), 0 warning(s), 0 note(s)
 -------------
 Nothing to report at this severity.

 NOTES
-----------------------------------------------------------------------------------------------------------------------------------
 Report generated using dplR 1.8.1 (R 4.5.2) on 2026-10-01 16:52 PDT.
 Measurement file germ246.rwl, MD5 ff33a696caed85aec81992d4cd7e954f.
 Filtering: each series divided by a 32-year smoothing spline (caps()), then prewhitened with
   an AR model (order by AIC, at most 3).
 Master: biweight robust mean of the other series (leave-one-out).
 Correlation: Pearson, one-tailed, pcrit = 0.01; critical r = 0.3281 for 50-year segments.
 Segments: 50 years, lagged 25, first segment floored to 100. Lags searched: +/- 10 years.
 A segment is tested only where the series and the master cover all of it, at the dated
   position and at every lag. COFECHA also tests partial segments at the ends of a series, so
   series here may show fewer segments, and no flags can be raised at the ends of the record.
 Lags follow COFECHA: negative means rings are probably missing from the series, positive means
   false rings. A missing ring carries its lag into every segment before it, so look where the
   lag changes along a series. A B flag is a hypothesis to check on the wood; the gain says how
   seriously to take it.
 A B flag marked "weak at every lag" correlates under the critical value even at its best lag:
   the segment is weak wherever it is placed, and the shift is not evidence of a dating error.
   Treat it as a low correlation, like an A.
 Averages in the summary and the totals are weighted by the number of years in each series, as
   COFECHA's are.
 Unfiltered block and mean sensitivity: the measurements as read, and sens1().
 dplR filtered block: the series that was correlated, after filtering. COFECHA's filtered
   series is defined differently, so these three columns are not COFECHA's numbers.
 AR: order of the AR model used to prewhiten.
