
 COFECHA-style crossdating report: germ245
 Report generated using dplR 1.8.1 (R 4.5.2) on 2026-10-01 16:50 PDT
 Built with dplR's xdate.report(), not COFECHA; see the notes at the end.


      Measurement file name  : germ245.rwl
      MD5 of measurement file: c9c4f0b1a3c1a443ebdac86366302bcc
      Date checked           : 01OCT26
      Beginning year         : 1878
      Ending year            : 2012
      Principal investigators: Esper, J.; Kochbeck, M.
      Site name              : Westerwald 8
      Species information    : PCAB Picea abies (L.) H. Karst.
      Latitude               : 50.6906 N
      Longitude              : 8.1590 E
      Elevation              : 530 m

      Series intercorrelation: 0.648
      Avg mean sensitivity   : 0.320
      Avg standard deviation : 1.374
      Avg autocorrelation    : 0.686
      Number dated series    : 93
      Segment length tested  : 50

      Number problem segments: 0  (A 0, B 0)
      Pct problem segments   : 0.00


 CORRELATION OF SERIES BY SEGMENTS: germ245
-----------------------------------------------------------------------------------------------------------------------------------
 Correlations of  50-year dated segments, lagged  25 years
 Flags:  A = correlation under   .3281 but highest as dated;  B = correlation higher at other than dated position

 Seq Series  Time_span  1900 1925 1950 
                        1949 1974 1999 
 --- -------- ---------  ---- ---- ---- 
   1 EDW0801a 1908 2012       .62  .76 
   2 EDW0801b 1927 2012            .81 
   3 EDW0802a 1890 2012  .63  .59  .61 
   4 EDW0802b 1889 2012  .72  .65  .57 
   5 EDW0803a 1883 2012  .71  .72  .74 
   6 EDW0803b 1894 2012  .70  .67  .62 
   7 EDW0804a 1943 2012            .60 
   8 EDW0804b 1881 2012  .68  .60  .68 
   9 EDW0805b 1928 2012            .52 
  10 EDW0806a 1885 2012  .69  .58  .73 
  11 EDW0806b 1921 2012       .70  .79 
  13 EDW0807b 1897 2012  .72  .69  .77 
  14 EDW0808a 1896 2012  .58  .35  .41 
  15 EDW0810a 1878 2012  .74  .76  .71 
  16 EDW0810b 1890 2012  .66  .68  .71 
  17 EDW0811a 1879 2012  .76  .68  .64 
  18 EDW0811b 1879 2012  .60  .61  .65 
  19 EDW0812a 1930 2012            .51 
  20 EDW0812b 1942 2012            .46 
  21 EDW0813a 1901 2012       .52  .44 
  22 EDW0813b 1885 2012  .71  .54  .54 
  24 EDW0814b 1888 2012  .62  .57  .46 
  27 EDW0816a 1887 2012  .74  .74  .79 
  28 EDW0816b 1904 2012       .82  .82 
  29 EDW0817a 1897 2012  .58  .52  .48 
  30 EDW0817b 1899 2012  .65  .57  .65 
  31 EDW0818a 1879 2012  .66  .65  .75 
  32 EDW0818b 1895 2012  .70  .67  .76 
  33 EDW0819a 1890 2012  .63  .65  .60 
  34 EDW0819b 1888 2012  .48  .58  .55 
  35 EDW0820a 1900 2012       .59  .64 
  36 EDW0821a 1884 2012  .44  .55  .74 
  37 EDW0821b 1903 2012       .73  .64 
  38 EDW0822a 1913 2012       .62  .73 
  39 EDW0822b 1932 2012            .63 
  48 EDW0827a 1950 2012            .69 
  61 EDW0833b 1950 2012            .55 
  69 EDW0837b 1948 2012            .68 
  84 EDW0845a 1884 2012  .47  .60  .71 
  85 EDW0845b 1885 2012  .41  .52  .66 
  86 EDW0846a 1879 2012  .64  .67  .65 
  87 EDW0846b 1933 2012            .60 
  88 EDW0848a 1927 2012            .67 
  90 EDW0849a 1901 2012       .66  .68 
  91 EDW0849b 1878 2012  .48  .41  .53 
  92 EDW0850a 1904 2012       .64  .71 
  93 EDW0850b 1910 2012       .73  .75 
 Av segment correlation  .63  .62  .65 

 FLAGGED SEGMENTS: germ245
-----------------------------------------------------------------------------------------------------------------------------------
 None.

 DESCRIPTIVE STATISTICS: germ245
-----------------------------------------------------------------------------------------------------------------------------------

                                                Corr   //-------- Unfiltered --------\\  //-- dplR filtered --\\
                           No.    No.    No.    with   Mean   Max     Std   Auto   Mean   Max     Std   Auto  AR
 Seq Series   Interval   Years  Segmt  Flags   Master  msmt   msmt    dev   corr   sens  value    dev   corr  ()
 --- -------- ---------  -----  -----  -----   ------ -----  -----  -----  -----  -----  -----  -----  -----  --
   1 EDW0801a 1908 2012    105      2      0    .687   2.99   7.56  1.200   .589   .301   1.80   .289  -.018   2
   2 EDW0801b 1927 2012     86      1      0    .790   3.65   6.72  1.329   .425   .345   1.67   .305   .046   1
   3 EDW0802a 1890 2012    123      3      0    .644   2.41   6.89  1.137   .585   .330   2.03   .336   .034   1
   4 EDW0802b 1889 2012    124      3      0    .600   2.72   6.70  1.207   .700   .271   1.62   .261  -.036   3
   5 EDW0803a 1883 2012    130      3      0    .707   2.67   6.76  1.289   .565   .375   2.07   .356   .010   3
   6 EDW0803b 1894 2012    119      3      0    .625   2.35   6.64  1.182   .636   .341   2.06   .335   .041   3
   7 EDW0804a 1943 2012     70      1      0    .655   1.46   2.73   .489   .483   .303   1.57   .270  -.021   1
   8 EDW0804b 1881 2012    132      3      0    .648   2.29   8.01  1.141   .672   .283   2.19   .281   .026   1
   9 EDW0805b 1928 2012     85      1      0    .641   1.68   4.85   .940   .688   .312   1.79   .286   .055   3
  10 EDW0806a 1885 2012    128      3      0    .721   2.15   5.23   .849   .592   .299   1.89   .287  -.001   3
  11 EDW0806b 1921 2012     92      2      0    .790   2.25   5.32   .914   .654   .276   1.88   .276   .023   1
  12 EDW0807a 1959 2012     54      0      0    .771   2.40   3.82   .781   .413   .327   1.50   .279   .120   0
  13 EDW0807b 1897 2012    116      3      0    .779   2.40   4.39   .828   .509   .286   1.74   .274   .039   1
  14 EDW0808a 1896 2012    117      3      0    .520   2.42   8.81  1.174   .712   .287   2.21   .283  -.018   3
  15 EDW0810a 1878 2012    135      3      0    .773   2.22   4.89  1.029   .734   .314   1.86   .296   .005   3
  16 EDW0810b 1890 2012    123      3      0    .708   2.13   4.61  1.154   .813   .328   1.93   .305  -.002   3
  17 EDW0811a 1879 2012    134      3      0    .692   2.18   7.09  1.312   .782   .344   1.81   .305  -.008   1
  18 EDW0811b 1879 2012    134      3      0    .645   2.15   5.44  1.272   .765   .347   1.78   .299  -.004   3
  19 EDW0812a 1930 2012     83      1      0    .532   1.73   3.72   .562   .363   .294   1.98   .290   .155   0
  20 EDW0812b 1942 2012     71      1      0    .614   1.75   3.31   .707   .509   .325   1.51   .300   .024   1
  21 EDW0813a 1901 2012    112      2      0    .606   2.32   6.02   .993   .589   .329   1.77   .302  -.005   1
  22 EDW0813b 1885 2012    128      3      0    .650   1.81   3.97   .709   .655   .279   1.71   .257  -.009   1
  23 EDW0814a 1951 2012     62      0      0    .641   1.69   3.43   .756   .475   .403   1.80   .383   .006   1
  24 EDW0814b 1888 2012    125      3      0    .590   2.22   6.29  1.055   .606   .365   1.88   .324  -.015   2
  25 EDW0815a 1960 2012     53      0      0    .536   1.49   7.56  1.496   .840   .519   2.36   .508  -.011   1
  26 EDW0815b 1963 2012     50      0      0    .456   2.11   7.05  1.453   .544   .533   2.35   .507   .045   2
  27 EDW0816a 1887 2012    126      3      0    .787   2.76   6.76  1.259   .672   .321   1.71   .306   .045   1
  28 EDW0816b 1904 2012    109      2      0    .833   2.47   5.49   .968   .555   .314   1.80   .287   .017   2
  29 EDW0817a 1897 2012    116      3      0    .556   1.99   5.29  1.103   .729   .369   2.14   .351   .003   1
  30 EDW0817b 1899 2012    114      3      0    .672   1.86   5.13  1.027   .733   .384   2.01   .345   .022   1
  31 EDW0818a 1879 2012    134      3      0    .650   2.57   5.92  1.186   .695   .315   1.79   .297  -.001   1
  32 EDW0818b 1895 2012    118      3      0    .735   3.04   7.38  1.379   .755   .273   1.63   .258  -.017   3
  33 EDW0819a 1890 2012    123      3      0    .542   1.23   3.44   .602   .744   .303   1.97   .305   .024   1
  34 EDW0819b 1888 2012    125      3      0    .491   1.41   4.12   .807   .757   .344   2.00   .353   .056   1
  35 EDW0820a 1900 2012    113      2      0    .548   2.06   8.12  1.447   .754   .360   2.23   .385   .045   1
  36 EDW0821a 1884 2012    129      3      0    .650   2.28   6.47  1.359   .843   .278   1.87   .279  -.005   1
  37 EDW0821b 1903 2012    110      2      0    .676   2.90   6.17  1.190   .618   .300   1.70   .276   .009   2
  38 EDW0822a 1913 2012    100      2      0    .634   3.36   9.73  1.708   .551   .356   2.02   .372   .017   2
  39 EDW0822b 1932 2012     81      1      0    .675   4.21   7.19  1.630   .455   .346   1.61   .314   .026   3
  40 EDW0823a 1961 2012     52      0      0    .554   5.73  17.80  2.934   .699   .338   1.74   .324   .047   1
  41 EDW0823b 1952 2012     61      0      0    .654   3.92   9.43  1.707   .515   .314   1.80   .313  -.014   2
  42 EDW0824a 1954 2012     59      0      0    .676   5.03   8.97  1.628   .447   .292   1.83   .267   .009   2
  43 EDW0824b 1951 2012     62      0      0    .601   3.79   9.75  1.936   .785   .246   1.60   .204  -.055   3
  44 EDW0825a 1951 2012     62      0      0    .560   2.66   7.68  1.977   .778   .417   2.13   .364   .032   3
  45 EDW0825b 1948 2012     65      0      0    .535   2.93   8.04  2.340   .881   .352   1.91   .319   .020   3
  46 EDW0826a 1953 2012     60      0      0    .781   3.61  11.58  2.433   .769   .313   1.79   .302   .053   1
  47 EDW0826b 1956 2012     57      0      0    .775   4.77  12.25  2.410   .752   .299   1.49   .253   .014   3
  48 EDW0827a 1950 2012     63      1      0    .752   2.85   7.82  1.769   .778   .343   1.75   .326   .122   0
  49 EDW0827b 1952 2012     61      0      0    .793   3.03   8.22  2.350   .838   .317   2.23   .341   .035   1
  50 EDW0828a 1959 2012     54      0      0    .601   3.63   7.38  1.476   .672   .270   1.95   .280   .013   3
  51 EDW0828b 1958 2012     55      0      0    .584   3.63   7.30  1.772   .692   .304   2.25   .320  -.037   3
  52 EDW0829a 1954 2012     59      0      0    .529   2.38   7.63  1.405   .776   .249   2.04   .253  -.075   0
  53 EDW0829b 1952 2012     61      0      0    .646   2.57   6.20  1.335   .757   .271   1.79   .266   .043   1
  54 EDW0830a 1952 2012     61      0      0    .631   4.53   9.88  1.645   .473   .290   2.02   .276   .173   0
  55 EDW0830b 1960 2012     53      0      0    .770   3.48   7.34  1.238   .509   .273   1.61   .253   .024   1
  56 EDW0831a 1951 2012     62      0      0    .713   2.47   6.76  1.385   .709   .330   2.21   .314  -.000   3
  57 EDW0831b 1957 2012     56      0      0    .651   2.69   6.86  1.372   .727   .288   1.68   .283  -.021   1
  58 EDW0832a 1952 2012     61      0      0    .626   4.01   8.91  1.581   .492   .310   2.31   .329   .063   1
  59 EDW0832b 1956 2012     57      0      0    .570   2.77   5.84  1.316   .712   .264   2.15   .293  -.015   2
  60 EDW0833a 1958 2012     55      0      0    .752   4.47   7.20  1.193   .269   .261   1.67   .233   .045   0
  61 EDW0833b 1950 2012     63      1      0    .663   3.25   7.67  1.768   .773   .318   1.62   .261   .039   0
  62 EDW0834a 1952 2012     61      0      0    .664   3.43  11.45  2.192   .802   .332   1.86   .309   .024   1
  63 EDW0834b 1951 2012     62      0      0    .615   2.71   8.09  1.978   .888   .312   1.76   .313   .088   1
  64 EDW0835a 1951 2012     62      0      0    .644   2.86   7.71  1.736   .815   .321   1.74   .301   .068   2
  65 EDW0835b 1952 2012     61      0      0    .633   2.36   7.07  1.748   .856   .279   1.74   .299   .097   1
  66 EDW0836a 1950 2012     63      0      0    .697   3.45   8.11  2.015   .783   .317   1.76   .307   .046   1
  67 EDW0836b 1950 2012     63      0      0    .538   3.12  11.20  2.597   .730   .378   1.83   .363  -.009   1
  68 EDW0837a 1954 2012     59      0      0    .766   3.89  10.42  2.260   .804   .352   1.77   .303   .051   0
  69 EDW0837b 1948 2012     65      1      0    .749   2.61   7.97  1.549   .766   .351   1.71   .287   .053   0
  70 EDW0838a 1950 2012     63      0      0    .770   3.74   8.90  1.873   .597   .429   1.69   .351   .061   2
  71 EDW0838b 1952 2012     61      0      0    .795   3.60   9.43  1.793   .709   .327   1.54   .303   .065   1
  72 EDW0839a 1958 2012     55      0      0    .569   2.06   9.96  1.646   .775   .286   1.86   .290   .131   1
  73 EDW0839b 1954 2012     59      0      0    .606   2.98   7.01  1.338   .760   .304   1.78   .266   .010   2
  74 EDW0840a 1961 2012     52      0      0    .491   4.91  10.64  2.384   .752   .284   1.65   .284   .067   1
  75 EDW0840b 1956 2012     57      0      0    .692   3.61   9.16  1.803   .581   .356   1.83   .297   .046   3
  76 EDW0841a 1953 2012     60      0      0    .596   2.71   6.63  1.679   .817   .309   1.54   .280   .036   1
  77 EDW0841b 1955 2012     58      0      0    .625   3.62  10.42  2.221   .742   .367   1.81   .350   .052   1
  78 EDW0842a 1951 2012     62      0      0    .688   3.10   9.63  2.400   .899   .258   2.00   .272   .062   1
  79 EDW0842b 1949 2012     64      0      0    .674   3.87   9.98  2.410   .784   .314   2.17   .336   .011   3
  80 EDW0843a 1954 2012     59      0      0    .503   1.98   7.99  1.769   .920   .242   1.94   .261   .091   1
  81 EDW0843b 1956 2012     57      0      0    .608   3.08   7.92  1.640   .861   .220   1.82   .220  -.018   2
  82 EDW0844a 1951 2012     62      0      0    .624   3.90   7.10  1.299   .367   .299   1.78   .296   .157   0
  83 EDW0844b 1951 2012     62      0      0    .709   3.24   6.98  1.338   .478   .349   1.60   .271  -.098   2
  84 EDW0845a 1884 2012    129      3      0    .659   2.23   4.72  1.167   .761   .337   1.97   .333   .003   2
  85 EDW0845b 1885 2012    128      3      0    .590   2.23   6.91  1.303   .766   .332   2.08   .335  -.003   2
  86 EDW0846a 1879 2012    134      3      0    .680   2.30   5.76  1.095   .681   .297   1.77   .300   .011   1
  87 EDW0846b 1933 2012     80      1      0    .643   1.64   3.98   .861   .713   .351   1.75   .335  -.010   2
  88 EDW0848a 1927 2012     86      1      0    .526   2.06   5.08   .954   .620   .281   1.90   .292  -.027   1
  89 EDW0848b 1952 2012     61      0      0    .504   2.29   4.85  1.032   .588   .361   1.91   .371  -.026   1
  90 EDW0849a 1901 2012    112      2      0    .588   3.06   8.44  1.945   .838   .316   1.91   .306   .013   1
  91 EDW0849b 1878 2012    135      3      0    .510   2.15   7.23  1.617   .865   .300   2.80   .342  -.075   1
  92 EDW0850a 1904 2012    109      2      0    .649   1.87   5.55  1.101   .810   .285   1.86   .279   .006   1
  93 EDW0850b 1910 2012    103      2      0    .668   2.22   9.45  1.802   .850   .321   1.96   .301  -.004   3
 --- -------- ---------  -----  -----  -----   ------ -----  -----  -----  -----  -----  -----  -----  -----  --
 Total or mean:           7892    109      0    .648   2.65  17.80  1.374   .686   .320   2.80   .306   .019

 DATA CHECKS (rwl.check): germ245
-----------------------------------------------------------------------------------------------------------------------------------
 rwl.check: data_files/treering/measurements/europe/germ245.rwl
 93 series, 7892 measurements, 1878-2012, 0.01 mm precision
 0 error(s), 0 warning(s), 0 note(s)
 -------------
 Nothing to report at this severity.

 NOTES
-----------------------------------------------------------------------------------------------------------------------------------
 Report generated using dplR 1.8.1 (R 4.5.2) on 2026-10-01 16:50 PDT.
 Measurement file germ245.rwl, MD5 c9c4f0b1a3c1a443ebdac86366302bcc.
 Filtering: each series divided by a 32-year smoothing spline (caps()), then prewhitened with
   an AR model (order by AIC, at most 3).
 Master: biweight robust mean of the other series (leave-one-out).
 Correlation: Pearson, one-tailed, pcrit = 0.01; critical r = 0.3281 for 50-year segments.
 Segments: 50 years, lagged 25, first segment floored to 100. Lags searched: +/- 10 years.
 A segment is tested only where the series and the master cover all of it, at the dated
   position and at every lag. COFECHA also tests partial segments at the ends of a series, so
   series here may show fewer segments, and no flags can be raised at the ends of the record.
 Lags follow COFECHA: negative means rings are probably missing from the series, positive means
   false rings. A missing ring carries its lag into every segment before it, so look where the
   lag changes along a series. A B flag is a hypothesis to check on the wood; the gain says how
   seriously to take it.
 A B flag marked "weak at every lag" correlates under the critical value even at its best lag:
   the segment is weak wherever it is placed, and the shift is not evidence of a dating error.
   Treat it as a low correlation, like an A.
 Averages in the summary and the totals are weighted by the number of years in each series, as
   COFECHA's are.
 Unfiltered block and mean sensitivity: the measurements as read, and sens1().
 dplR filtered block: the series that was correlated, after filtering. COFECHA's filtered
   series is defined differently, so these three columns are not COFECHA's numbers.
 AR: order of the AR model used to prewhiten.
