
 COFECHA-style crossdating report: germ223
 Report generated using dplR 1.8.1 (R 4.5.2) on 2026-10-01 16:49 PDT
 Built with dplR's xdate.report(), not COFECHA; see the notes at the end.


      Measurement file name  : germ223.rwl
      MD5 of measurement file: f51ff7f92101bc516996de126efffbc9
      Date checked           : 01OCT26
      Beginning year         : 1965
      Ending year            : 2015
      Principal investigators: Carl, C.
      Site name              : Kranichfeld
      Species information    : PSME Pseudotsuga menziesii (Mirb.) Franco
      Latitude               : 50.8776 N
      Longitude              : 11.2105 E
      Elevation              : 337 m

      Series intercorrelation: 0.618
      Avg mean sensitivity   : 0.202
      Avg standard deviation : 1.381
      Avg autocorrelation    : 0.646
      Number dated series    : 281
      Series crossdated      : 279
      Segment length tested  : 24

      Number problem segments: 64  (A 28, B 36; 26 of the B weak at every lag)
      Pct problem segments   : 17.83


 CORRELATION OF SERIES BY SEGMENTS: germ223
-----------------------------------------------------------------------------------------------------------------------------------
 Correlations of  24-year dated segments, lagged  12 years
 Flags:  A = correlation under   .4716 but highest as dated;  B = correlation higher at other than dated position

 Seq Series  Time_span  1970 1982 
                        1993 2005 
 --- -------- ---------  ---- ---- 
   1 02401pA  1971 2015       .55 
   2 02401pB  1977 2015       .72 
   3 02402A   1971 2015       .57 
   4 02402B   1966 2015  .47  .78 
   5 02403pA  1973 2015       .89 
   6 02403pB  1971 2015       .82 
   7 02404A   1971 2015       .48 
   8 02404B   1971 2015       .51 
   9 02405A   1970 2015       .78 
  10 02405B   1975 2015       .62 
  11 02406pA  1971 2015       .70 
  12 02406pB  1974 2015       .72 
  13 02407pA  1973 2015       .68 
  14 02407pB  1968 2015  .01B .40B
  15 02408A   1971 2015       .87 
  16 02408B   1967 2015  .69  .84 
  17 02409A   1972 2015       .69 
  18 02409B   1972 2015       .47A
  19 02410A   1969 2015  .54  .72 
  20 02410B   1972 2015       .80 
  21 02601A   1971 2015       .77 
  22 02601B   1969 2015       .76 
  23 02602A   1968 2015  .68  .44A
  24 02602B   1969 2015  .69  .71 
  25 02603A   1973 2015       .81 
  26 02603B   1967 2015  .80  .77 
  27 02604A   1976 2015       .86 
  28 02604B   1976 2015       .71 
  29 02605A   1974 2015       .77 
  30 02605B   1975 2015       .50 
  31 02606A   1972 2015       .85 
  32 02606B   1967 2015  .73  .75 
  33 02607A   1967 2015  .23B .79 
  34 02607B   1974 2015       .76 
  35 02608A   1968 2015  .49  .75 
  36 02608B   1974 2015       .72 
  37 02609A   1968 2015  .55  .58 
  38 02609B   1972 2015       .82 
  39 02610A   1969 2015       .51 
  40 02610B   1967 2015  .52  .65 
  41 03101A   1971 2015       .52 
  42 03101B   1968 2015  .26B .67 
  43 03102A   1970 2015       .80 
  44 03102B   1973 2015       .61 
  45 03103A   1978 2015       .74 
  46 03103B   1967 2015  .08B .76 
  47 03104A   1980 2015       .46A
  48 03104B   1968 2015  .56  .61 
  49 03105A   1973 2015       .63 
  50 03105B   1967 2015  .38A .54 
  53 03107A   1968 2015  .47A .64 
  54 03107B   1968 2015  .49  .73 
  55 03108A   1970 2015       .83 
  56 03108B   1975 2015       .71 
  57 03109A   1970 2015       .66 
  58 03109B   1971 2015       .68 
  59 03110A   1966 2015  .62  .68 
  60 03110B   1967 2015  .14B .62 
  61 03201A   1967 2015  .47B .66 
  62 03201B   1971 2015       .86 
  63 03202A   1967 2015  .33A .41B
  64 03202B   1978 2015       .67 
  65 03203A   1975 2015       .84 
  66 03203B   1971 2015       .51 
  67 03204A   1971 2015       .76 
  68 03204B   1974 2015       .81 
  69 03205A   1976 2015       .83 
  71 03206A   1974 2015       .61 
  72 03206B   1973 2015       .66 
  73 03207A   1976 2015       .79 
  74 03207B   1978 2015       .71 
  76 03208B   1976 2015       .74 
  77 03209A   1971 2015       .88 
  78 03209B   1976 2015       .89 
  79 03210A   1976 2015       .52 
  80 03210B   1978 2015       .71 
  81 03401A   1969 2015       .79 
  82 03401B   1974 2015       .66 
  83 03402A   1970 2015       .48B
  84 03402B   1969 2015       .58 
  85 03403A   1973 2015       .84 
  86 03403B   1972 2015       .37A
  87 03404A   1975 2015       .61 
  88 03404B   1967 2015  .55  .74 
  89 03405A   1978 2015       .49 
  90 03405B   1977 2015       .38B
  91 03406A   1973 2015       .65 
  92 03406B   1972 2015       .71 
  93 03407A   1973 2015       .79 
  94 03407B   1975 2015       .48 
  95 03408A   1974 2015       .89 
  96 03409A   1974 2015       .70 
  97 03409B   1979 2015       .77 
  98 03410A   1971 2015       .62 
  99 03410B   1971 2015       .75 
 100 10001A   1969 2015       .51 
 101 10001B   1969 2015       .63 
 102 10002A   1969 2015  .65  .77 
 103 10002B   1979 2015       .66 
 104 10003A   1970 2015       .61 
 105 10003B   1968 2015  .66  .70 
 106 10004A   1973 2015       .65 
 107 10004B   1972 2015       .53 
 108 10005A   1975 2015       .72 
 109 10005B   1970 2015       .73 
 110 10006A   1969 2015  .23B .61 
 111 10006B   1974 2015       .45B
 112 10007A   1970 2015       .83 
 113 10007B   1966 2015  .57  .63 
 114 10008A   1969 2015  .56  .73 
 115 10008B   1968 2015  .45A .79 
 116 10009A   1972 2015       .59 
 117 10009B   1971 2015       .64 
 118 10010A   1974 2015       .23B
 119 10010B   1970 2015       .38B
 120 10101A   1973 2015       .77 
 121 10101B   1969 2015  .44A .76 
 122 10102A   1969 2015  .53  .86 
 123 10102B   1966 2015  .57  .75 
 124 10103A   1968 2015  .75  .68 
 125 10103B   1975 2015       .70 
 126 10104A   1970 2015       .66 
 127 10104B   1976 2015       .83 
 128 10105A   1976 2015       .51 
 129 10105B   1973 2015       .72 
 130 10106A   1972 2015       .82 
 131 10106B   1968 2015  .61  .77 
 132 10107A   1973 2015       .67 
 134 10108A   1971 2015       .76 
 135 10108B   1976 2015       .68 
 136 10109A   1974 2015       .80 
 137 10109B   1973 2015       .85 
 138 10110A   1971 2015       .73 
 139 10110B   1972 2015       .60 
 140 20001A   1968 2015  .65  .72 
 141 20001B   1972 2015       .84 
 142 20002A   1974 2015       .73 
 143 20002B   1970 2015       .82 
 144 20003A   1970 2015       .76 
 145 20003B   1968 2015  .54  .79 
 146 20004A   1971 2015       .61 
 147 20004B   1976 2015       .74 
 148 20005A   1973 2015       .81 
 149 20005B   1966 2015  .78  .68 
 150 20006A   1968 2015  .33B .64 
 151 20006B   1968 2015  .32A .56 
 152 20007A   1966 2015  .08B .67 
 153 20007B   1968 2015  .31A .49B
 154 20008A   1969 2015       .56 
 155 20008B   1972 2015       .56 
 156 20009A   1973 2015       .83 
 157 20009B   1975 2015       .78 
 158 20010A   1975 2015       .62 
 159 20010B   1976 2015       .32B
 160 20301A   1970 2015  .13B .43A
 161 20301B   1977 2015       .59 
 162 20302A   1970 2015       .60 
 163 20302B   1981 2015       .72 
 164 20303A   1970 2015       .73 
 165 20303B   1973 2015       .80 
 166 20304A   1970 2015  .40B .65 
 167 20304B   1974 2015       .77 
 168 20305A   1968 2015  .18B .56 
 169 20305B   1969 2015  .24B .49 
 170 20306A   1975 2015       .87 
 171 20306B   1974 2015       .74 
 172 20307A   1967 2015  .38A .67 
 173 20307B   1973 2015       .65 
 174 20308A   1966 2015  .42A .51 
 175 20308B   1965 2015  .06B .40B
 176 20309A   1971 2015       .73 
 177 20309B   1974 2015       .70 
 178 20310A   1970 2015       .38A
 179 20310B   1968 2015  .68  .71 
 180 20601A   1969 2015 -.14B .47A
 181 20601B   1972 2015       .72 
 183 20602B   1965 2014  .58  .65 
 184 20602C   1968 2015  .48  .52 
 185 20603pA  1973 2015       .72 
 186 20603pB  1976 2015       .63 
 187 20604A   1968 2015  .04B .53 
 188 20604B   1968 2015  .36A .45A
 189 20605pA  1977 2015       .78 
 190 20605pB  1976 2015       .81 
 191 20606pA  1972 2015       .63 
 192 20606pB  1972 2015       .76 
 194 20607pB  1976 2015       .79 
 195 20608A   1971 2015       .79 
 196 20608B   1971 2015       .50 
 197 20609A   1969 2015  .81  .74 
 198 20609B   1978 2015       .73 
 199 20610A   1971 2015       .77 
 200 20610B   1973 2015       .80 
 201 20701pA  1972 2015       .72 
 202 20701pB  1973 2015       .64 
 203 20702A   1965 2015  .40A .61 
 204 20702B   1969 2015  .41A .43A
 205 20703A   1968 2015  .48  .86 
 206 20703B   1967 2015  .53  .75 
 207 20704A   1972 2015       .62 
 208 20704B   1968 2015  .27B .62 
 209 20705pA  1977 2015       .79 
 210 20705pB  1970 2015       .50 
 211 20706pA  1970 2015  .56  .78 
 212 20706pB  1967 2015  .65  .77 
 213 20707pA  1970 2015       .78 
 214 20707pB  1973 2015       .62 
 215 20708A   1966 2015  .59  .79 
 216 20708B   1968 2015  .64  .74 
 217 20709A   1972 2015       .63 
 218 20709B   1968 2015  .45A .69 
 219 20710A   1968 2015  .50  .78 
 220 20710B   1972 2015       .67 
 221 21301A   1970 2015       .79 
 222 21301B   1969 2015  .08B .49 
 223 21302A   1973 2015       .84 
 224 21302B   1971 2015       .83 
 225 21303A   1972 2015       .64 
 226 21303B   1969 2015  .18B .60 
 227 21304pA  1969 2015       .45A
 228 21304pB  1974 2015       .52 
 229 21305A   1971 2015       .63 
 230 21305B   1968 2015  .59  .71 
 231 21306pA  1976 2015       .66 
 232 21306pB  1979 2015       .66 
 233 21307pA  1975 2015       .52 
 234 21307pB  1975 2015       .74 
 235 21308pA  1966 2015  .08B .47A
 236 21308pB  1975 2015       .44A
 237 21309A   1967 2015  .23B .70 
 238 21309B   1967 2015  .26B .62 
 239 21310A   1972 2015       .64 
 240 21310B   1968 2015  .19B .92 
 241 30001pA  1973 2015       .73 
 242 30001pB  1973 2015       .65 
 243 30002A   1971 2015       .89 
 244 30002B   1973 2015       .79 
 245 30003A   1978 2015       .73 
 246 30003pB  1974 2015       .69 
 247 30004A   1972 2015       .73 
 248 30004B   1978 2015       .76 
 249 30005A   1973 2015       .68 
 250 30005B   1972 2015       .60 
 251 30006pA  1975 2015       .70 
 252 30006pB  1971 2015       .74 
 253 30007pA  1981 2015       .86 
 254 30007pB  1980 2015       .86 
 255 30008pA  1973 2015       .57 
 256 30008pB  1972 2015       .69 
 257 30009A   1968 2015  .37A .67 
 258 30009B   1967 2015  .30B .61 
 259 30010A   1973 2015       .75 
 260 30010B   1971 2015       .81 
 261 30101A   1977 2015       .71 
 262 30101B   1974 2015       .78 
 263 30102A   1976 2015       .91 
 264 30102B   1979 2015       .85 
 265 30103A   1967 2015  .46A .80 
 266 30103B   1971 2015       .73 
 267 30104A   1968 2015  .51  .77 
 268 30104B   1971 2015       .64 
 269 30105A   1968 2015  .17B .79 
 270 30105B   1972 2015       .75 
 271 30106A   1969 2015  .70  .84 
 272 30106B   1969 2015  .63  .62 
 273 30107A   1967 2015  .35B .67 
 274 30107B   1968 2015  .77  .82 
 275 30108A   1969 2015  .64  .80 
 276 30108B   1970 2015       .72 
 277 30109A   1970 2015       .83 
 278 30109B   1972 2015       .49 
 279 30110A   1970 2015       .71 
 280 03408B   1968 2015  .51  .79 
 281 30110B   1965 2015  .62  .45A
 Av segment correlation  .44  .68 

 FLAGGED SEGMENTS: germ223
-----------------------------------------------------------------------------------------------------------------------------------
 Seq Series   Segment    Flag  r dated  Best lag  r at lag   Gain  Note
 --- -------- ---------  ----  -------  --------  --------  -----  -----------------
  14 02407pB  1970 1993     B     .006        10      .268   .262  weak at every lag
  14 02407pB  1982 2005     B     .395        10      .407   .012  weak at every lag
  18 02409B   1982 2005     A     .466         0
  23 02602A   1982 2005     A     .439         0
  33 02607A   1970 1993     B     .233         5      .321   .088  weak at every lag
  42 03101B   1970 1993     B     .261        -3      .462   .201  weak at every lag
  46 03103B   1970 1993     B     .077        -3      .377   .300  weak at every lag
  47 03104A   1982 2005     A     .457         0
  50 03105B   1970 1993     A     .380         0
  53 03107A   1970 1993     A     .468         0
  60 03110B   1970 1993     B     .142         4      .289   .147  weak at every lag
  61 03201A   1970 1993     B     .468         2      .607   .139
  63 03202A   1970 1993     A     .335         0
  63 03202A   1982 2005     B     .407        10      .413   .007  weak at every lag
  83 03402A   1982 2005     B     .478         5      .508   .030
  86 03403B   1982 2005     A     .372         0
  90 03405B   1982 2005     B     .384         5      .550   .166
 110 10006A   1970 1993     B     .227        -2      .699   .472
 111 10006B   1982 2005     B     .452        10      .468   .016  weak at every lag
 115 10008B   1970 1993     A     .447         0
 118 10010A   1982 2005     B     .233        -5      .349   .117  weak at every lag
 119 10010B   1982 2005     B     .378       -10      .449   .071  weak at every lag
 121 10101B   1970 1993     A     .443         0
 150 20006A   1970 1993     B     .329        -5      .394   .065  weak at every lag
 151 20006B   1970 1993     A     .325         0
 152 20007A   1970 1993     B     .076         6      .344   .268  weak at every lag
 153 20007B   1970 1993     A     .315         0
 153 20007B   1982 2005     B     .488        -2      .507   .018
 159 20010B   1982 2005     B     .318       -10      .473   .155
 160 20301A   1970 1993     B     .129        -3      .387   .258  weak at every lag
 160 20301A   1982 2005     A     .432         0
 166 20304A   1970 1993     B     .403        -5      .501   .098
 168 20305A   1970 1993     B     .180         6      .221   .041  weak at every lag
 169 20305B   1970 1993     B     .237         9      .253   .016  weak at every lag
 172 20307A   1970 1993     A     .376         0
 174 20308A   1970 1993     A     .416         0
 175 20308B   1970 1993     B     .064         8      .341   .277  weak at every lag
 175 20308B   1982 2005     B     .397        10      .397   .000  weak at every lag
 178 20310A   1982 2005     A     .384         0
 180 20601A   1970 1993     B    -.138         8      .395   .533  weak at every lag
 180 20601A   1982 2005     A     .469         0
 187 20604A   1970 1993     B     .036        -2      .539   .503
 188 20604B   1970 1993     A     .361         0
 188 20604B   1982 2005     A     .454         0
 203 20702A   1970 1993     A     .397         0
 204 20702B   1970 1993     A     .411         0
 204 20702B   1982 2005     A     .434         0
 208 20704B   1970 1993     B     .268        -3      .504   .236
 218 20709B   1970 1993     A     .450         0
 222 21301B   1970 1993     B     .076        -1      .378   .302  weak at every lag
 226 21303B   1970 1993     B     .185        -2      .547   .362
 227 21304pA  1982 2005     A     .445         0
 235 21308pA  1970 1993     B     .082         4      .369   .287  weak at every lag
 235 21308pA  1982 2005     A     .468         0
 236 21308pB  1982 2005     A     .437         0
 237 21309A   1970 1993     B     .233         6      .293   .060  weak at every lag
 238 21309B   1970 1993     B     .256        10      .348   .092  weak at every lag
 240 21310B   1970 1993     B     .186        -5      .303   .117  weak at every lag
 257 30009A   1970 1993     A     .368         0
 258 30009B   1970 1993     B     .299         3      .376   .077  weak at every lag
 265 30103A   1970 1993     A     .459         0
 269 30105A   1970 1993     B     .171         5      .271   .100  weak at every lag
 273 30107A   1970 1993     B     .349        -5      .409   .060  weak at every lag
 281 30110B   1982 2005     A     .452         0

 DESCRIPTIVE STATISTICS: germ223
-----------------------------------------------------------------------------------------------------------------------------------

                                                Corr   //-------- Unfiltered --------\\  //-- dplR filtered --\\
                           No.    No.    No.    with   Mean   Max     Std   Auto   Mean   Max     Std   Auto  AR
 Seq Series   Interval   Years  Segmt  Flags   Master  msmt   msmt    dev   corr   sens  value    dev   corr  ()
 --- -------- ---------  -----  -----  -----   ------ -----  -----  -----  -----  -----  -----  -----  -----  --
   1 02401pA  1971 2015     45      1      0    .594   3.86   6.05   .848   .296   .193   1.46   .177   .026   0
   2 02401pB  1977 2015     39      1      0    .626   4.92   7.33  1.275   .492   .211   1.40   .196   .120   0
   3 02402A   1971 2015     45      1      0    .612   4.52   7.86  1.333   .466   .245   1.75   .235   .163   0
   4 02402B   1966 2015     50      2      0    .610   3.32   6.77  1.040   .621   .201   1.65   .232   .024   1
   5 02403pA  1973 2015     43      1      0    .719   4.42   6.37   .972   .413   .193   1.32   .160  -.082   0
   6 02403pB  1971 2015     45      1      0    .741   5.52   9.65  1.573   .597   .202   1.45   .191   .101   0
   7 02404A   1971 2015     45      1      0    .429   4.60   8.80  1.746   .602   .311   1.65   .290   .153   0
   8 02404B   1971 2015     45      1      0    .483   3.61   6.53  1.447   .741   .270   1.51   .264   .083   1
   9 02405A   1970 2015     46      1      0    .638   3.74   6.94  1.510   .688   .287   1.50   .284   .014   1
  10 02405B   1975 2015     41      1      0    .485   3.74   6.87  1.447   .741   .246   1.99   .276   .064   0
  11 02406pA  1971 2015     45      1      0    .698   3.76   6.70  1.313   .779   .171   1.35   .172   .130   0
  12 02406pB  1974 2015     42      1      0    .626   4.18   7.15  1.510   .777   .181   1.33   .184   .057   1
  13 02407pA  1973 2015     43      1      0    .702   4.80  10.90  2.204   .758   .216   1.57   .227   .055   0
  14 02407pB  1968 2015     48      2      2    .419   4.60  11.05  2.321   .866   .189   1.38   .197   .010   1
  15 02408A   1971 2015     45      1      0    .791   3.66   6.77  1.188   .532   .218   1.65   .243   .022   2
  16 02408B   1967 2015     49      2      0    .771   4.25   7.65  1.190   .508   .215   1.49   .230  -.025   1
  17 02409A   1972 2015     44      1      0    .567   4.65  10.35  2.229   .774   .213   1.61   .221   .075   0
  18 02409B   1972 2015     44      1      1    .474   5.85  10.28  1.935   .611   .240   1.49   .227   .167   0
  19 02410A   1969 2015     47      2      0    .675   3.30   5.64   .996   .601   .204   1.48   .216  -.040   1
  20 02410B   1972 2015     44      1      0    .776   3.58   5.59   .943   .497   .197   1.40   .210   .018   1
  21 02601A   1971 2015     45      1      0    .662   4.74   7.52  1.263   .315   .252   1.49   .244   .188   0
  22 02601B   1969 2015     47      1      0    .666   3.94   6.29  1.090   .368   .241   1.42   .215  -.008   2
  23 02602A   1968 2015     48      2      1    .520   2.93   4.83   .967   .449   .268   1.52   .269   .152   0
  24 02602B   1969 2015     47      2      0    .619   3.05   6.15  1.175   .485   .301   1.76   .306   .182   0
  25 02603A   1973 2015     43      1      0    .770   3.65   5.88  1.039   .657   .205   1.30   .189   .000   1
  26 02603B   1967 2015     49      2      0    .697   4.44   7.94  1.369   .644   .212   1.52   .199  -.040   1
  27 02604A   1976 2015     40      1      0    .749   5.28  11.24  1.874   .536   .250   1.71   .251  -.032   1
  28 02604B   1976 2015     40      1      0    .739   5.15  10.50  1.663   .700   .207   1.50   .202   .015   1
  29 02605A   1974 2015     42      1      0    .624   4.44   7.15  1.323   .594   .219   1.41   .202   .133   0
  30 02605B   1975 2015     41      1      0    .531   4.58   8.01  1.458   .379   .275   1.58   .269   .150   0
  31 02606A   1972 2015     44      1      0    .764   4.08   6.99  1.143   .659   .180   1.37   .163   .160   0
  32 02606B   1967 2015     49      2      0    .654   4.53   6.25  1.051   .683   .147   1.26   .138   .101   0
  33 02607A   1967 2015     49      2      1    .511   4.93   8.62  1.499   .610   .214   1.44   .205   .082   1
  34 02607B   1974 2015     42      1      0    .764   4.55   7.24  1.242   .545   .180   1.41   .181   .094   0
  35 02608A   1968 2015     48      2      0    .617   4.35   7.57  1.343   .749   .172   1.33   .165   .057   1
  36 02608B   1974 2015     42      1      0    .680   3.85   6.12  1.081   .705   .177   1.31   .174   .009   1
  37 02609A   1968 2015     48      2      0    .582   3.21   5.31  1.060   .773   .162   1.32   .147  -.067   2
  38 02609B   1972 2015     44      1      0    .831   4.17   6.66  1.210   .639   .179   1.48   .188  -.039   1
  39 02610A   1969 2015     47      1      0    .633   4.48   8.19  1.631   .764   .214   1.53   .201  -.012   2
  40 02610B   1967 2015     49      2      0    .659   4.88   9.47  1.894   .612   .230   1.87   .250   .117   0
  41 03101A   1971 2015     45      1      0    .549   2.83   5.90  1.216   .725   .232   1.52   .209  -.065   1
  42 03101B   1968 2015     48      2      1    .509   2.56   6.01  1.294   .807   .234   1.61   .239   .011   1
  43 03102A   1970 2015     46      1      0    .663   4.29   8.13  1.616   .730   .190   1.53   .200  -.055   2
  44 03102B   1973 2015     43      1      0    .602   3.80   7.59  1.499   .705   .191   1.51   .190   .025   0
  45 03103A   1978 2015     38      1      0    .743   4.46   8.28  1.792   .844   .178   1.30   .179  -.021   1
  46 03103B   1967 2015     49      2      1    .499   3.90   8.57  1.746   .738   .228   1.62   .246  -.054   1
  47 03104A   1980 2015     36      1      1    .543   4.35   6.21  1.084   .539   .190   1.41   .189   .170   0
  48 03104B   1968 2015     48      2      0    .560   3.18  11.74  1.741   .704   .232   1.52   .221   .020   2
  49 03105A   1973 2015     43      1      0    .579   4.09   7.66  1.238   .706   .168   1.38   .164   .260   2
  50 03105B   1967 2015     49      2      1    .476   4.49   8.55  1.595   .645   .244   1.57   .249   .000   2
  51 03106A   1970 2015     46                         3.57   7.20  2.074   .931   .194                         
  52 03106B   1971 2015     45                         2.98   6.19  1.828   .958   .185                         
  53 03107A   1968 2015     48      2      1    .030   2.96   6.34  1.703   .899   .204   6.81   .993   .839   1
  54 03107B   1968 2015     48      2      0    .399   2.97   5.40  1.443   .906   .188   2.24   .287   .276   2
  55 03108A   1970 2015     46      1      0    .589   2.91   5.40  1.334   .858   .206   2.04   .243  -.022   1
  56 03108B   1975 2015     41      1      0    .515   2.96   6.01  1.451   .858   .213   2.11   .275   .105   2
  57 03109A   1970 2015     46      1      0    .611   2.94   4.92  1.076   .845   .188   1.54   .196  -.037   1
  58 03109B   1971 2015     45      1      0    .629   2.64   5.11  1.067   .875   .164   1.51   .178  -.012   1
  59 03110A   1966 2015     50      2      0    .566   2.31   6.43  1.351   .925   .171   1.37   .164  -.021   3
  60 03110B   1967 2015     49      2      1    .467   3.63   5.54  1.199   .715   .220   1.65   .223   .075   0
  61 03201A   1967 2015     49      2      1    .605   4.85   7.67  1.365   .710   .176   1.46   .175   .014   1
  62 03201B   1971 2015     45      1      0    .781   5.06   8.68  1.508   .696   .166   1.51   .169  -.004   1
  63 03202A   1967 2015     49      2      2    .524   3.95   7.29  1.050   .360   .216   1.78   .222  -.025   1
  64 03202B   1978 2015     38      1      0    .747   5.10   7.88  1.180   .594   .169   1.35   .157   .175   0
  65 03203A   1975 2015     41      1      0    .744   3.85   8.81  2.026   .829   .198   1.48   .207   .033   1
  66 03203B   1971 2015     45      1      0   -.062   3.12   5.94  1.654   .815   .243   8.09  1.101   .667   0
  67 03204A   1971 2015     45      1      0    .664   3.84   5.89   .979   .701   .152   1.40   .159   .045   1
  68 03204B   1974 2015     42      1      0    .708   5.12   8.78  1.639   .759   .174   1.45   .176  -.068   1
  69 03205A   1976 2015     40      1      0    .772   5.32   9.03  1.418   .458   .193   1.59   .208  -.043   1
  70 03205B   1987 2015     29      0      0    .609   5.18   7.94  1.909   .777   .205   1.50   .172  -.079   0
  71 03206A   1974 2015     42      1      0    .299   4.20   6.67  1.592   .830   .179   1.69   .200   .247   0
  72 03206B   1973 2015     43      1      0    .584   4.14   6.15  1.118   .717   .172   1.33   .162   .153   0
  73 03207A   1976 2015     40      1      0    .785   5.50   9.06  2.140   .839   .189   1.43   .175   .016   1
  74 03207B   1978 2015     38      1      0    .647   6.59  10.96  2.691   .821   .221   1.57   .199   .082   0
  75 03208A   1988 2015     28      0      0    .755   2.81   3.96   .621   .171   .231   1.39   .180  -.092   2
  76 03208B   1976 2015     40      1      0    .729   2.61   6.99  1.276   .790   .260   1.52   .259   .060   1
  77 03209A   1971 2015     45      1      0    .740   4.13   8.53  1.872   .796   .193   1.72   .242   .062   1
  78 03209B   1976 2015     40      1      0    .796   4.41   7.48  1.623   .656   .205   1.65   .231  -.071   1
  79 03210A   1976 2015     40      1      0    .551   3.52   6.01   .867   .581   .189   1.29   .160  -.156   3
  80 03210B   1978 2015     38      1      0    .705   4.21   7.16  1.182   .448   .247   1.51   .231  -.010   3
  81 03401A   1969 2015     47      1      0    .621   3.94   7.51  1.270   .593   .224   1.46   .217  -.045   2
  82 03401B   1974 2015     42      1      0    .689   5.41   9.82  1.562   .399   .269   1.54   .234   .132   0
  83 03402A   1970 2015     46      1      1    .460   3.96   6.43  1.223   .694   .182   1.62   .207   .115   1
  84 03402B   1969 2015     47      1      0    .582   4.16   7.72  1.332   .751   .195   1.34   .178  -.016   3
  85 03403A   1973 2015     43      1      0    .745   4.51   6.63  1.065   .487   .189   1.43   .182  -.038   2
  86 03403B   1972 2015     44      1      1    .531   3.65   5.94   .959   .641   .163   1.50   .151   .032   2
  87 03404A   1975 2015     41      1      0    .604   4.45   7.54  1.650   .681   .257   1.59   .247   .005   1
  88 03404B   1967 2015     49      2      0    .627   4.50   6.93  1.129   .548   .185   1.48   .190  -.017   1
  89 03405A   1978 2015     38      1      0    .593   5.59   8.56  1.732   .489   .279   1.44   .238   .161   0
  90 03405B   1977 2015     39      1      1    .480   6.95  11.52  2.183   .537   .253   1.62   .225   .200   0
  91 03406A   1973 2015     43      1      0    .653   4.91  11.91  2.335   .738   .239   1.68   .248   .031   1
  92 03406B   1972 2015     44      1      0    .661   5.13   9.94  2.613   .848   .244   1.59   .231   .059   1
  93 03407A   1973 2015     43      1      0    .708   5.57   9.37  1.962   .734   .194   1.37   .184   .195   0
  94 03407B   1975 2015     41      1      0    .512   6.07  12.63  2.203   .579   .226   1.61   .194  -.116   0
  95 03408A   1974 2015     42      1      0    .687   4.45   6.74   .887   .421   .173   1.40   .168   .019   1
  96 03409A   1974 2015     42      1      0    .662   4.61   7.00  1.175   .644   .174   1.35   .161   .173   0
  97 03409B   1979 2015     37      1      0    .735   4.83   7.03  1.258   .737   .134   1.26   .138   .003   2
  98 03410A   1971 2015     45      1      0    .594   4.99   7.89  1.562   .608   .244   1.41   .215   .087   1
  99 03410B   1971 2015     45      1      0    .719   5.68   9.68  1.682   .546   .224   1.49   .223  -.024   1
 100 10001A   1969 2015     47      1      0    .617   2.94   7.19  1.327   .765   .197   1.72   .214  -.023   2
 101 10001B   1969 2015     47      1      0    .553   3.45   7.26  1.342   .654   .254   1.57   .246   .005   2
 102 10002A   1969 2015     47      2      0    .745   3.32   5.24   .834   .516   .184   1.49   .191  -.010   1
 103 10002B   1979 2015     37      1      0    .652   3.93   6.41   .963   .364   .207   1.48   .192   .050   0
 104 10003A   1970 2015     46      1      0    .651   3.06   5.32   .807   .589   .176   1.66   .189  -.048   1
 105 10003B   1968 2015     48      2      0    .686   3.29   6.22   .998   .669   .184   1.53   .190  -.040   1
 106 10004A   1973 2015     43      1      0    .491   2.87   4.37   .764   .716   .161   1.34   .142   .004   0
 107 10004B   1972 2015     44      1      0    .579   3.36   5.05   .855   .697   .147   1.31   .154   .025   1
 108 10005A   1975 2015     41      1      0    .651   3.97   7.79  1.559   .827   .182   1.40   .173  -.099   1
 109 10005B   1970 2015     46      1      0    .640   4.81   9.20  1.601   .682   .215   1.68   .206   .040   1
 110 10006A   1969 2015     47      2      1    .628   4.94   8.48  1.459   .595   .203   1.55   .204   .066   0
 111 10006B   1974 2015     42      1      1    .611   4.45  10.41  1.927   .698   .247   1.71   .251   .171   0
 112 10007A   1970 2015     46      1      0    .766   4.19   6.50  1.242   .755   .158   1.28   .160  -.041   1
 113 10007B   1966 2015     50      2      0    .588   3.74   6.60  1.283   .823   .169   1.34   .159   .022   1
 114 10008A   1969 2015     47      2      0    .674   4.04   8.95  1.611   .717   .224   1.68   .239   .062   1
 115 10008B   1968 2015     48      2      1    .667   4.42   8.74  1.778   .695   .219   1.63   .229   .040   1
 116 10009A   1972 2015     44      1      0    .613   3.94   6.94  1.215   .646   .203   1.43   .199   .184   0
 117 10009B   1971 2015     45      1      0    .608   3.49   6.08  1.238   .624   .234   1.45   .245   .068   1
 118 10010A   1974 2015     42      1      1    .427   4.02   7.95  1.580   .761   .214   1.49   .220   .068   1
 119 10010B   1970 2015     46      1      1    .566   4.33   7.43  1.258   .647   .204   1.55   .196   .036   1
 120 10101A   1973 2015     43      1      0    .789   3.37   6.39  1.285   .654   .266   1.36   .236   .030   2
 121 10101B   1969 2015     47      2      1    .629   2.70   6.12  1.231   .663   .264   1.43   .267   .022   1
 122 10102A   1969 2015     47      2      0    .656   4.03   7.08  1.182   .532   .227   1.50   .227   .155   0
 123 10102B   1966 2015     50      2      0    .635   3.43   6.70  1.177   .688   .210   1.76   .224   .027   1
 124 10103A   1968 2015     48      2      0    .698   2.69   3.93   .614   .380   .203   1.41   .198   .001   1
 125 10103B   1975 2015     41      1      0    .641   2.69   4.59   .685   .464   .192   1.39   .174   .113   2
 126 10104A   1970 2015     46      1      0    .620   2.49   4.40   .857   .507   .269   1.53   .269   .058   1
 127 10104B   1976 2015     40      1      0    .754   3.62   6.26  1.013   .639   .186   1.48   .193   .012   1
 128 10105A   1976 2015     40      1      0    .361   3.44   5.22   .952   .833   .132   1.34   .140   .128   1
 129 10105B   1973 2015     43      1      0    .458   4.46   8.99  1.227   .445   .215   1.75   .221   .161   0
 130 10106A   1972 2015     44      1      0    .800   3.06   4.84  1.001   .783   .179   1.34   .177  -.099   3
 131 10106B   1968 2015     48      2      0    .629   2.84   5.27  1.021   .739   .193   1.47   .211  -.052   1
 132 10107A   1973 2015     43      1      0    .435   3.12   7.37   .942   .170   .217   1.79   .222  -.016   0
 133 10107B   1984 2015     32      0      0    .666   4.86   7.76  1.259   .436   .229   1.43   .208   .167   0
 134 10108A   1971 2015     45      1      0    .654   3.07   5.30  1.004   .553   .253   1.49   .236  -.001   2
 135 10108B   1976 2015     40      1      0    .605   2.52   4.24   .798   .500   .259   1.44   .231   .015   2
 136 10109A   1974 2015     42      1      0    .673   3.80   5.75   .796   .356   .189   1.44   .179   .169   0
 137 10109B   1973 2015     43      1      0    .638   4.63   7.23   .960   .491   .161   1.39   .160   .200   0
 138 10110A   1971 2015     45      1      0    .645   3.67   7.19  1.261   .509   .282   1.57   .261   .155   0
 139 10110B   1972 2015     44      1      0    .645   3.23   4.96   .989   .504   .266   1.47   .241   .056   2
 140 20001A   1968 2015     48      2      0    .666   3.50   5.88  1.314   .871   .156   1.47   .167  -.057   1
 141 20001B   1972 2015     44      1      0    .785   4.20   7.73  1.348   .762   .174   1.39   .174  -.016   1
 142 20002A   1974 2015     42      1      0    .639   5.09   8.67  1.649   .784   .177   1.46   .170   .174   0
 143 20002B   1970 2015     46      1      0    .773   3.93   7.11  1.443   .774   .181   1.44   .194  -.022   1
 144 20003A   1970 2015     46      1      0    .756   3.67   6.98  1.403   .874   .167   1.41   .163  -.002   1
 145 20003B   1968 2015     48      2      0    .689   3.46   6.19  1.221   .821   .180   1.33   .185  -.031   1
 146 20004A   1971 2015     45      1      0    .666   3.28   8.25  1.595   .869   .160   1.61   .189  -.016   2
 147 20004B   1976 2015     40      1      0    .709   3.66   7.63  1.639   .775   .203   1.43   .199  -.035   1
 148 20005A   1973 2015     43      1      0    .746   3.57   7.60  1.397   .844   .168   1.40   .168   .026   1
 149 20005B   1966 2015     50      2      0    .716   3.38   6.78  1.294   .812   .173   1.48   .186   .069   1
 150 20006A   1968 2015     48      2      1    .457   3.92   7.12  1.235   .196   .263   1.71   .267   .025   0
 151 20006B   1968 2015     48      2      1    .532   4.64   7.46  1.417   .422   .232   1.44   .214   .045   2
 152 20007A   1966 2015     50      2      1    .560   3.22   5.78  1.122   .650   .227   1.48   .234   .079   1
 153 20007B   1968 2015     48      2      2    .455   3.26   6.36  1.159   .643   .237   1.50   .244   .149   1
 154 20008A   1969 2015     47      1      0    .492   3.83   6.21  1.065   .509   .231   1.48   .220  -.090   3
 155 20008B   1972 2015     44      1      0    .572   5.17   8.69  1.395   .543   .187   1.51   .187  -.012   3
 156 20009A   1973 2015     43      1      0    .622   4.82   6.79  1.013   .274   .201   1.36   .174  -.002   0
 157 20009B   1975 2015     41      1      0    .667   4.56   7.05  1.166   .326   .235   1.43   .193  -.091   0
 158 20010A   1975 2015     41      1      0    .648   5.76   9.98  1.945   .572   .234   1.53   .231   .181   0
 159 20010B   1976 2015     40      1      1    .465   5.31   8.50  1.410   .453   .231   1.46   .220   .041   1
 160 20301A   1970 2015     46      2      2    .432   5.43   7.81  1.328   .431   .223   1.45   .197   .107   0
 161 20301B   1977 2015     39      1      0    .578   4.84   7.51  1.316   .482   .248   1.55   .205  -.139   0
 162 20302A   1970 2015     46      1      0    .441   3.52   7.23  1.135   .506   .255   1.92   .247  -.002   3
 163 20302B   1981 2015     35      1      0    .728   3.61   5.20   .751   .485   .167   1.28   .157   .121   0
 164 20303A   1970 2015     46      1      0    .675   5.82   8.97  2.050   .741   .212   1.38   .163  -.016   1
 165 20303B   1973 2015     43      1      0    .746   5.07  10.09  2.332   .775   .220   1.45   .191  -.012   0
 166 20304A   1970 2015     46      2      1    .528   4.51   6.75  1.068   .587   .164   1.35   .169   .113   0
 167 20304B   1974 2015     42      1      0    .714   3.57   6.16  1.017   .729   .151   1.50   .173  -.040   1
 168 20305A   1968 2015     48      2      1    .480   4.13   6.25  1.050   .547   .203   1.40   .186   .007   1
 169 20305B   1969 2015     47      2      1    .425   4.54   7.92  1.387   .542   .237   1.57   .220   .042   1
 170 20306A   1975 2015     41      1      0    .840   5.23   8.58  1.859   .866   .161   1.37   .159   .026   2
 171 20306B   1974 2015     42      1      0    .742   5.25   7.98  1.478   .739   .165   1.46   .181   .195   0
 172 20307A   1967 2015     49      2      1    .617   4.88   7.56  1.220   .463   .208   1.40   .201   .194   0
 173 20307B   1973 2015     43      1      0    .693   3.91   5.56   .930   .462   .209   1.56   .204   .210   0
 174 20308A   1966 2015     50      2      1    .553   4.23   7.99  1.570   .807   .191   1.33   .160   .060   0
 175 20308B   1965 2015     51      2      2    .548   3.96   7.69  1.374   .707   .177   1.69   .193   .095   0
 176 20309A   1971 2015     45      1      0    .551   5.29   9.46  1.894   .850   .160   1.40   .178  -.033   1
 177 20309B   1974 2015     42      1      0    .664   5.90   9.77  1.952   .791   .161   1.61   .190   .064   1
 178 20310A   1970 2015     46      1      1    .520   3.91   6.56  1.006   .648   .166   1.38   .176  -.067   3
 179 20310B   1968 2015     48      2      0    .710   4.51   6.73   .907   .540   .156   1.42   .154  -.020   1
 180 20601A   1969 2015     47      2      2    .286   4.57   7.21  1.227   .544   .236   1.38   .202   .034   0
 181 20601B   1972 2015     44      1      0    .649   4.65   6.87  1.146   .184   .265   1.39   .192  -.018   1
 182 20602A   1985 2015     31      0      0    .574   4.18   5.64  1.013   .726   .134   1.19   .124   .087   0
 183 20602B   1965 2014     50      2      0    .676   3.76   5.37   .983   .539   .211   1.37   .202  -.021   1
 184 20602C   1968 2015     48      2      0    .545   4.36   6.61   .962   .480   .175   1.31   .157   .067   0
 185 20603pA  1973 2015     43      1      0    .723   5.34   8.35  1.797   .725   .186   1.60   .211  -.093   3
 186 20603pB  1976 2015     40      1      0    .567   6.51  10.54  1.752   .681   .175   1.29   .157  -.104   3
 187 20604A   1968 2015     48      2      1    .400   4.52   7.07  1.232   .572   .212   1.39   .181   .055   0
 188 20604B   1968 2015     48      2      2    .475   3.90   5.87   .798   .319   .172   1.69   .189   .069   0
 189 20605pA  1977 2015     39      1      0    .690   6.73  10.11  1.715   .680   .172   1.30   .153   .058   0
 190 20605pB  1976 2015     40      1      0    .665   5.02   8.10  1.520   .561   .199   1.50   .206   .104   0
 191 20606pA  1972 2015     44      1      0    .634   5.38   9.16  1.368   .483   .187   1.43   .197  -.133   3
 192 20606pB  1972 2015     44      1      0    .729   3.84   5.86  1.082   .501   .200   1.45   .210  -.067   3
 193 20607pA  1985 2015     31      0      0    .579   7.07  12.81  1.760   .325   .201   1.59   .188  -.021   0
 194 20607pB  1976 2015     40      1      0    .713   5.71   8.47  1.304   .624   .158   1.30   .148  -.056   1
 195 20608A   1971 2015     45      1      0    .680   3.56   5.60   .997   .662   .188   1.50   .173   .009   1
 196 20608B   1971 2015     45      1      0    .328   3.88   6.61  1.168   .567   .191   1.49   .199   .001   3
 197 20609A   1969 2015     47      2      0    .785   3.18   7.99  1.500   .811   .209   1.62   .203   .000   1
 198 20609B   1978 2015     38      1      0    .581   3.85   6.40  1.406   .730   .234   1.60   .213  -.041   0
 199 20610A   1971 2015     45      1      0    .660   3.63   6.79  1.420   .669   .247   1.88   .264   .178   0
 200 20610B   1973 2015     43      1      0    .608   3.64   6.12  1.117   .488   .231   1.46   .211  -.021   0
 201 20701pA  1972 2015     44      1      0    .613   4.72   7.15  1.038   .343   .198   1.46   .168  -.043   0
 202 20701pB  1973 2015     43      1      0    .664   6.06   8.47  1.349   .540   .180   1.31   .137  -.140   0
 203 20702A   1965 2015     51      2      1    .599   4.57   7.65  1.728   .791   .216   1.67   .208   .073   0
 204 20702B   1969 2015     47      2      2    .576   4.12   7.91  2.013   .873   .218   1.55   .187  -.058   0
 205 20703A   1968 2015     48      2      0    .614   4.14   7.36  1.565   .789   .194   1.54   .184   .049   0
 206 20703B   1967 2015     49      2      0    .616   4.93   7.54  1.403   .524   .208   1.48   .179  -.176   0
 207 20704A   1972 2015     44      1      0    .637   5.68   9.98  1.725   .577   .212   1.84   .222  -.014   1
 208 20704B   1968 2015     48      2      1    .445   4.58   7.86  1.391   .566   .218   1.45   .202   .058   1
 209 20705pA  1977 2015     39      1      0    .656   6.03  10.21  1.614   .337   .235   1.59   .238   .216   0
 210 20705pB  1970 2015     46      1      0    .458   4.05   5.98   .997   .593   .175   1.30   .177  -.006   1
 211 20706pA  1970 2015     46      2      0    .685   4.27   8.12  1.666   .713   .211   1.41   .202   .126   0
 212 20706pB  1967 2015     49      2      0    .648   4.17   8.05  1.551   .734   .197   1.46   .171  -.099   0
 213 20707pA  1970 2015     46      1      0    .581   4.38   7.55  1.333   .712   .194   1.46   .189   .049   1
 214 20707pB  1973 2015     43      1      0    .562   5.00   7.41  1.630   .785   .167   1.31   .172   .015   1
 215 20708A   1966 2015     50      2      0    .755   3.24   5.53  1.217   .806   .186   1.44   .196  -.030   1
 216 20708B   1968 2015     48      2      0    .740   3.53   6.36  1.293   .668   .207   1.55   .237   .023   1
 217 20709A   1972 2015     44      1      0    .520   4.03   6.92  1.559   .829   .188   1.49   .188  -.053   1
 218 20709B   1968 2015     48      2      1    .501   4.20   7.85  1.448   .757   .179   1.57   .166  -.055   1
 219 20710A   1968 2015     48      2      0    .685   2.58   5.44  1.152   .894   .154   1.47   .172   .082   1
 220 20710B   1972 2015     44      1      0    .469   2.80   6.00  1.199   .752   .195   1.32   .189  -.083   3
 221 21301A   1970 2015     46      1      0    .712   5.02  10.95  2.030   .683   .225   1.74   .233  -.001   1
 222 21301B   1969 2015     47      2      1    .247   4.56   8.86  1.813   .680   .195   1.65   .209  -.011   1
 223 21302A   1973 2015     43      1      0    .786   5.21   8.19  1.192   .560   .167   1.40   .165  -.053   1
 224 21302B   1971 2015     45      1      0    .812   4.29   6.61  1.102   .653   .168   1.39   .173  -.063   1
 225 21303A   1972 2015     44      1      0    .567   3.95   7.46  1.207   .701   .176   1.28   .155   .131   0
 226 21303B   1969 2015     47      2      1    .460   4.53   9.91  1.480   .596   .198   1.54   .204   .105   0
 227 21304pA  1969 2015     47      1      1    .484   3.95   8.10  1.897   .823   .204   1.42   .186  -.085   3
 228 21304pB  1974 2015     42      1      0    .651   4.71   9.53  2.169   .835   .202   1.38   .182   .163   0
 229 21305A   1971 2015     45      1      0    .630   3.18   6.16  1.405   .742   .234   1.66   .238   .089   1
 230 21305B   1968 2015     48      2      0    .638   3.94   7.50  1.149   .643   .172   1.51   .178   .009   1
 231 21306pA  1976 2015     40      1      0    .519   5.54   8.07  1.729   .502   .231   1.37   .216   .122   0
 232 21306pB  1979 2015     37      1      0    .522   6.96   9.55  1.669   .267   .233   1.35   .207  -.030   0
 233 21307pA  1975 2015     41      1      0    .580   6.45  11.45  1.861   .627   .205   1.38   .174  -.054   2
 234 21307pB  1975 2015     41      1      0    .635   6.23  11.47  1.753   .565   .189   1.54   .178   .015   0
 235 21308pA  1966 2015     50      2      2    .282   3.75   9.03  1.683   .687   .238   1.71   .247   .015   1
 236 21308pB  1975 2015     41      1      1    .529   4.29   7.91  1.647   .663   .256   1.57   .250   .127   0
 237 21309A   1967 2015     49      2      1    .533   3.37   7.41  1.290   .541   .290   1.71   .289  -.002   1
 238 21309B   1967 2015     49      2      1    .428   3.43   5.83  1.118   .552   .257   1.93   .274  -.010   1
 239 21310A   1972 2015     44      1      0    .594   2.99   5.48  1.130   .825   .179   1.34   .167  -.043   0
 240 21310B   1968 2015     48      2      1    .578   3.62   6.09   .974   .558   .191   1.48   .188   .117   0
 241 30001pA  1973 2015     43      1      0    .536   4.43   8.42  2.042   .898   .160   1.33   .171   .015   1
 242 30001pB  1973 2015     43      1      0    .710   5.93   9.52  1.936   .795   .156   1.40   .158  -.014   1
 243 30002A   1971 2015     45      1      0    .866   4.33   7.69  1.442   .779   .177   1.49   .184  -.084   1
 244 30002B   1973 2015     43      1      0    .828   4.34   6.73  1.152   .656   .184   1.52   .177   .024   1
 245 30003A   1978 2015     38      1      0    .656   6.85  10.17  1.815   .695   .161   1.50   .157   .059   0
 246 30003pB  1974 2015     42      1      0    .692   4.32   7.04  1.472   .735   .191   1.56   .184  -.119   3
 247 30004A   1972 2015     44      1      0    .741   4.28   8.42  1.423   .721   .185   1.64   .197  -.040   1
 248 30004B   1978 2015     38      1      0    .724   4.78   7.48  1.384   .648   .183   1.43   .178  -.002   2
 249 30005A   1973 2015     43      1      0    .544   4.76   7.04  1.130   .411   .195   1.39   .194   .203   0
 250 30005B   1972 2015     44      1      0    .645   4.60   6.80  1.174   .738   .147   1.31   .154  -.001   1
 251 30006pA  1975 2015     41      1      0    .556   5.72   9.17  1.825   .677   .190   1.31   .196   .057   1
 252 30006pB  1971 2015     45      1      0    .622   5.12   8.82  1.625   .620   .228   1.46   .235   .027   1
 253 30007pA  1981 2015     35      1      0    .771   7.37  10.93  1.549   .436   .171   1.36   .159   .156   0
 254 30007pB  1980 2015     36      1      0    .761   7.19  10.14  1.485   .415   .169   1.34   .182  -.074   1
 255 30008pA  1973 2015     43      1      0    .659   5.61   8.80  1.982   .595   .253   1.47   .244   .176   0
 256 30008pB  1972 2015     44      1      0    .653   5.29   9.25  1.567   .644   .202   1.46   .195   .120   0
 257 30009A   1968 2015     48      2      1    .467   3.02   5.13  1.023   .513   .246   1.65   .265   .017   1
 258 30009B   1967 2015     49      2      1    .507   3.71   6.26  1.194   .689   .197   1.46   .207  -.031   1
 259 30010A   1973 2015     43      1      0    .671   3.52   6.31  1.039   .308   .269   1.70   .270   .219   0
 260 30010B   1971 2015     45      1      0    .823   4.26   6.14  1.051   .379   .232   1.43   .188  -.111   0
 261 30101A   1977 2015     39      1      0    .656   4.87   8.78  1.732   .651   .231   1.69   .242   .069   0
 262 30101B   1974 2015     42      1      0    .687   5.43   9.14  1.891   .713   .218   1.47   .223  -.014   2
 263 30102A   1976 2015     40      1      0    .827   5.60   9.55  1.481   .378   .214   1.56   .232  -.027   1
 264 30102B   1979 2015     37      1      0    .769   4.03   6.21  1.055   .562   .196   1.48   .197  -.009   1
 265 30103A   1967 2015     49      2      1    .595   4.05   8.23  1.322   .821   .125   1.26   .121   .063   0
 266 30103B   1971 2015     45      1      0    .694   2.89   5.44  1.031   .881   .140   1.35   .147   .018   1
 267 30104A   1968 2015     48      2      0    .705   3.68   6.88  1.744   .907   .160   1.49   .167   .016   1
 268 30104B   1971 2015     45      1      0    .623   4.36   7.84  1.728   .833   .200   1.52   .184   .151   0
 269 30105A   1968 2015     48      2      1    .483   3.36   5.51  1.156   .753   .193   1.30   .184   .039   2
 270 30105B   1972 2015     44      1      0    .704   3.65   5.87  1.240   .773   .181   1.45   .188   .003   1
 271 30106A   1969 2015     47      2      0    .759   3.94   7.62  1.566   .864   .172   1.35   .166  -.049   1
 272 30106B   1969 2015     47      2      0    .699   4.34   7.76  1.616   .777   .209   1.36   .194   .147   0
 273 30107A   1967 2015     49      2      1    .600   5.14   7.52  1.383   .739   .151   1.33   .159   .008   1
 274 30107B   1968 2015     48      2      0    .766   4.75   7.61  1.401   .787   .160   1.50   .160   .019   2
 275 30108A   1969 2015     47      2      0    .694   3.24   5.65  1.035   .776   .165   1.55   .198   .069   1
 276 30108B   1970 2015     46      1      0    .659   3.33   5.72   .988   .694   .164   1.47   .194   .046   1
 277 30109A   1970 2015     46      1      0    .799   4.37   7.23  1.116   .571   .194   1.47   .191  -.015   1
 278 30109B   1972 2015     44      1      0    .556   4.35   9.62  1.466   .723   .164   1.85   .204   .022   1
 279 30110A   1970 2015     46      1      0    .714   4.34   7.59  1.487   .857   .154   1.46   .160   .020   1
 280 03408B   1968 2015     48      2      0    .659   4.47   6.23   .931   .466   .172   1.40   .165   .029   1
 281 30110B   1965 2015     51      2      1    .537   3.81   7.39  1.079   .802   .129   1.34   .146   .123   1
 --- -------- ---------  -----  -----  -----   ------ -----  -----  -----  -----  -----  -----  -----  -----  --
 Total or mean:          12441    359     64    .618   4.23  12.81  1.381   .646   .202   8.09   .206   .039

 DATA CHECKS (rwl.check): germ223
-----------------------------------------------------------------------------------------------------------------------------------
 rwl.check: data_files/treering/measurements/europe/germ223.rwl
 281 series, 12441 measurements, 1965-2015, 0.01 mm precision
 1 error(s), 0 warning(s), 309 note(s)
 -------------
 ERROR
   RWL_DATING_LAG (1)
     21308pA: correlates best with the master at lag 4 (r = 0.402 against r = 0.239 as dated); the series may be misdated by 4 year(s), most likely a false ring or a ring measured twice
 309 note(s) not shown; see rwl.check() or the 'check' element of this report.

 NOTES
-----------------------------------------------------------------------------------------------------------------------------------
 Report generated using dplR 1.8.1 (R 4.5.2) on 2026-10-01 16:49 PDT.
 Measurement file germ223.rwl, MD5 f51ff7f92101bc516996de126efffbc9.
 Filtering: each series divided by a 32-year smoothing spline (caps()), then prewhitened with
   an AR model (order by AIC, at most 3).
 Master: biweight robust mean of the other series (leave-one-out).
 Correlation: Pearson, one-tailed, pcrit = 0.01; critical r = 0.4716 for 24-year segments.
 Segments: 24 years, lagged 12, first segment floored to 10. Lags searched: +/- 10 years.
 A segment is tested only where the series and the master cover all of it, at the dated
   position and at every lag. COFECHA also tests partial segments at the ends of a series, so
   series here may show fewer segments, and no flags can be raised at the ends of the record.
 Lags follow COFECHA: negative means rings are probably missing from the series, positive means
   false rings. A missing ring carries its lag into every segment before it, so look where the
   lag changes along a series. A B flag is a hypothesis to check on the wood; the gain says how
   seriously to take it.
 A B flag marked "weak at every lag" correlates under the critical value even at its best lag:
   the segment is weak wherever it is placed, and the shift is not evidence of a dating error.
   Treat it as a low correlation, like an A.
 Averages in the summary and the totals are weighted by the number of years in each series, as
   COFECHA's are.
 Unfiltered block and mean sensitivity: the measurements as read, and sens1().
 dplR filtered block: the series that was correlated, after filtering. COFECHA's filtered
   series is defined differently, so these three columns are not COFECHA's numbers.
 AR: order of the AR model used to prewhiten.
 Left out of the crossdating: the 'nyrs' spline for series 03106A is not all positive, so
   dividing by it would give negative or infinite indices. Remove the series, or detrend the
   data yourself with detrend() and pass the indices with 'nyrs = NULL'
 Left out of the crossdating: the 'nyrs' spline for series 03106B is not all positive, so
   dividing by it would give negative or infinite indices. Remove the series, or detrend the
   data yourself with detrend() and pass the indices with 'nyrs = NULL'
 Segment length reduced from 50 to 24 years: the record is only 51 years long.
 First segment floored to 10 years, not 100: at 100 no segment could be tested.
