
 COFECHA-style crossdating report: germ234
 Report generated using dplR 1.8.1 (R 4.5.2) on 2026-10-01 16:50 PDT
 Built with dplR's xdate.report(), not COFECHA; see the notes at the end.


      Measurement file name  : germ234.rwl
      MD5 of measurement file: 0d27fe76d950537f44b57743a4b97d62
      Date checked           : 01OCT26
      Beginning year         : 1917
      Ending year            : 2012
      Principal investigators: Esper, J.; Kochbeck, M.
      Site name              : Hallgarten
      Species information    : PCAB Picea abies (L.) H. Karst.
      Latitude               : 50.0493 N
      Longitude              : 8.0083 E
      Elevation              : 540 m

      Series intercorrelation: 0.681
      Avg mean sensitivity   : 0.260
      Avg standard deviation : 0.830
      Avg autocorrelation    : 0.710
      Number dated series    : 91
      Segment length tested  : 48

      Number problem segments: 0  (A 0, B 0)
      Pct problem segments   : 0.00


 CORRELATION OF SERIES BY SEGMENTS: germ234
-----------------------------------------------------------------------------------------------------------------------------------
 Correlations of  48-year dated segments, lagged  24 years
 Flags:  A = correlation under   .3348 but highest as dated;  B = correlation higher at other than dated position

 Seq Series  Time_span  1950 
                        1997 
 --- -------- ---------  ---- 
   1 EDH0401A 1921 2012  .69 
   2 EDH0401B 1927 2012  .61 
   3 EDH0402A 1931 2012  .77 
   4 EDH0402B 1926 2012  .79 
   5 EDH0403A 1931 2012  .75 
   6 EDH0403B 1928 2012  .76 
   7 EDH0404A 1925 2012  .42 
   8 EDH0404B 1926 2012  .63 
   9 EDH0405A 1923 2012  .56 
  10 EDH0405B 1933 2012  .60 
  11 EDH0406A 1941 2012  .68 
  12 EDH0406B 1940 2012  .62 
  13 EDH0408A 1928 2012  .62 
  14 EDH0408B 1927 2012  .77 
  15 EDH0409A 1933 2012  .60 
  16 EDH0409B 1931 2012  .52 
  18 EDH0410B 1943 2012  .78 
  19 EDH0411A 1926 2012  .56 
  21 EDH0412A 1928 2012  .70 
  22 EDH0412B 1928 2012  .68 
  23 EDH0413A 1928 2012  .76 
  24 EDH0413B 1927 2012  .80 
  25 EDH0414A 1928 2012  .67 
  26 EDH0414B 1938 2012  .56 
  27 EDH0415A 1940 2012  .65 
  28 EDH0415B 1925 2012  .59 
  29 EDH0416A 1925 2012  .69 
  30 EDH0416B 1940 2012  .67 
  31 EDH0421A 1925 2012  .57 
  32 EDH0421B 1926 2012  .77 
  33 EDH0422A 1923 2012  .80 
  34 EDH0422B 1928 2012  .69 
  35 EDH0423A 1920 2012  .70 
  36 EDH0423B 1933 2012  .62 
  37 EDH0424A 1935 2012  .69 
  38 EDH0424B 1946 2012  .60 
  39 EDH0425A 1927 2012  .70 
  40 EDH0425B 1948 2012  .67 
  41 EDH0426A 1925 2012  .72 
  42 EDH0426B 1943 2012  .74 
  43 EDH0427A 1917 2012  .67 
  45 EDH0428A 1936 2012  .71 
  46 EDH0428B 1920 2012  .71 
  47 EDH0429A 1928 2012  .70 
  48 EDH0429B 1936 2012  .68 
  49 EDH0432A 1930 2012  .49 
  50 EDH0432B 1928 2012  .66 
  51 EDH0434A 1921 2012  .84 
  52 EDH0434B 1921 2012  .86 
  53 EDH0436A 1928 2012  .62 
  54 EDH0436B 1925 2012  .51 
  55 EDH0441A 1935 2012  .46 
  56 EDH0442A 1927 2012  .68 
  57 EDH0442B 1931 2012  .71 
  60 EDH0444A 1931 2012  .52 
  61 EDH0444B 1934 2012  .44 
  62 EDH0446A 1926 2012  .56 
  63 EDH0446B 1940 2012  .59 
  66 EDH0448A 1943 2012  .58 
  67 EDH0448B 1945 2012  .56 
  68 EDH0449A 1925 2012  .60 
  69 EDH0449B 1934 2012  .75 
  70 EDH0450A 1925 2012  .71 
  71 EDH0451A 1928 2012  .55 
  75 EDH0454B 1925 2012  .70 
  76 EDH0455A 1929 2012  .73 
  77 EDH0455B 1928 2012  .70 
  78 EDH0464A 1925 2012  .71 
  79 EDH0464B 1925 2012  .76 
  80 EDH0466A 1923 2012  .81 
  81 EDH0466B 1927 2012  .79 
  82 EDH0467A 1928 2012  .73 
  83 EDH0467B 1942 2012  .68 
  84 EDH0468A 1941 2012  .48 
  85 EDH0468B 1927 2012  .56 
  86 EDH0472A 1941 2012  .77 
  88 EDH0473A 1931 2012  .73 
  89 EDH0473B 1929 2012  .77 
  90 EDH0474A 1928 2012  .62 
  91 EDH0474B 1931 2012  .65 
 Av segment correlation  .66 

 FLAGGED SEGMENTS: germ234
-----------------------------------------------------------------------------------------------------------------------------------
 None.

 DESCRIPTIVE STATISTICS: germ234
-----------------------------------------------------------------------------------------------------------------------------------

                                                Corr   //-------- Unfiltered --------\\  //-- dplR filtered --\\
                           No.    No.    No.    with   Mean   Max     Std   Auto   Mean   Max     Std   Auto  AR
 Seq Series   Interval   Years  Segmt  Flags   Master  msmt   msmt    dev   corr   sens  value    dev   corr  ()
 --- -------- ---------  -----  -----  -----   ------ -----  -----  -----  -----  -----  -----  -----  -----  --
   1 EDH0401A 1921 2012     92      1      0    .676   1.70   3.03   .609   .704   .239   1.78   .249   .074   1
   2 EDH0401B 1927 2012     86      1      0    .633   1.83   3.70   .617   .642   .232   1.61   .240   .050   1
   3 EDH0402A 1931 2012     82      1      0    .751   2.32   4.86   .920   .677   .271   1.72   .259   .067   1
   4 EDH0402B 1926 2012     87      1      0    .741   2.12   7.94  1.120   .777   .249   1.56   .243   .125   1
   5 EDH0403A 1931 2012     82      1      0    .732   2.16   5.39   .878   .611   .289   1.53   .279   .040   1
   6 EDH0403B 1928 2012     85      1      0    .772   1.74   4.81  1.079   .879   .276   1.81   .290   .093   1
   7 EDH0404A 1925 2012     88      1      0    .514   1.12   4.81   .921   .911   .260   1.50   .242   .142   0
   8 EDH0404B 1926 2012     87      1      0    .688   1.56   4.51   .949   .906   .212   1.65   .242   .026   1
   9 EDH0405A 1923 2012     90      1      0    .632   1.49   5.18  1.222   .918   .296   1.71   .287   .039   1
  10 EDH0405B 1933 2012     80      1      0    .672   1.17   4.50   .885   .886   .308   2.04   .306   .051   1
  11 EDH0406A 1941 2012     72      1      0    .760   2.39   5.16   .818   .680   .224   1.55   .222   .029   1
  12 EDH0406B 1940 2012     73      1      0    .664   2.33   4.22   .816   .620   .251   1.54   .252   .004   1
  13 EDH0408A 1928 2012     85      1      0    .661   1.50   3.85   .676   .732   .272   1.94   .265   .025   1
  14 EDH0408B 1927 2012     86      1      0    .734   1.10   4.33   .519   .746   .235   1.49   .218   .056   1
  15 EDH0409A 1933 2012     80      1      0    .656   1.80   4.22   .850   .767   .252   1.89   .246   .025   1
  16 EDH0409B 1931 2012     82      1      0    .627   1.25   3.60   .560   .804   .230   1.69   .235   .033   1
  17 EDH0410A 1957 2012     56      0      0    .587   3.27   5.02   .943   .596   .211   1.73   .223   .019   3
  18 EDH0410B 1943 2012     70      1      0    .807   1.93   2.97   .518   .633   .175   1.44   .192   .009   1
  19 EDH0411A 1926 2012     87      1      0    .658   1.34   3.59   .698   .830   .264   1.74   .266   .020   1
  20 EDH0411B 1955 2010     56      0      0    .589   1.70   3.31   .646   .574   .277   1.99   .304  -.038   2
  21 EDH0412A 1928 2012     85      1      0    .700   2.43   7.53  1.171   .827   .243   1.80   .238   .052   1
  22 EDH0412B 1928 2012     85      1      0    .690   1.92   3.19   .646   .636   .233   1.58   .248   .072   1
  23 EDH0413A 1928 2012     85      1      0    .699   1.67   3.65   .775   .735   .317   2.14   .337   .020   1
  24 EDH0413B 1927 2012     86      1      0    .788   1.93   5.60   .804   .741   .251   1.69   .240  -.072   3
  25 EDH0414A 1928 2012     85      1      0    .714   1.79   3.47   .700   .798   .216   1.62   .218   .014   1
  26 EDH0414B 1938 2012     75      1      0    .613   1.80   4.05   .807   .806   .208   1.59   .216   .013   3
  27 EDH0415A 1940 2012     73      1      0    .676   2.89   6.76  1.384   .744   .264   1.68   .270   .061   1
  28 EDH0415B 1925 2012     88      1      0    .612   1.42   3.60   .670   .841   .217   1.50   .218   .005   1
  29 EDH0416A 1925 2012     88      1      0    .700   1.62   4.58   .799   .759   .248   1.62   .249   .012   1
  30 EDH0416B 1940 2012     73      1      0    .708   1.42   3.82   .628   .763   .231   1.62   .235  -.010   3
  31 EDH0421A 1925 2012     88      1      0    .672   1.31   5.04   .860   .881   .280   1.63   .282   .014   1
  32 EDH0421B 1926 2012     87      1      0    .744   1.62   4.52   .769   .752   .296   1.83   .286   .031   1
  33 EDH0422A 1923 2012     90      1      0    .735   1.63   4.77   .870   .756   .267   1.61   .256   .146   0
  34 EDH0422B 1928 2012     85      1      0    .700   1.99   5.14   .960   .693   .300   1.69   .294  -.010   2
  35 EDH0423A 1920 2012     93      1      0    .712   1.62   4.39  1.010   .900   .249   1.61   .255   .081   1
  36 EDH0423B 1933 2012     80      1      0    .659   1.74   3.60   .857   .729   .294   2.00   .288  -.008   3
  37 EDH0424A 1935 2012     78      1      0    .650   1.59   3.07   .519   .596   .251   1.59   .248   .019   1
  38 EDH0424B 1946 2012     67      1      0    .615   3.49   8.71  1.463   .478   .337   1.93   .314   .023   1
  39 EDH0425A 1927 2012     86      1      0    .723   1.46   3.09   .625   .757   .238   1.92   .247   .052   1
  40 EDH0425B 1948 2012     65      1      0    .585   2.24   3.79   .816   .577   .282   1.76   .268  -.012   1
  41 EDH0426A 1925 2012     88      1      0    .782   1.75   3.90   .630   .631   .257   1.49   .250   .031   1
  42 EDH0426B 1943 2012     70      1      0    .780   2.11   4.21   .709   .581   .259   1.61   .255   .041   1
  43 EDH0427A 1917 2012     96      1      0    .709   1.42   2.80   .488   .696   .217   1.50   .217  -.001   2
  44 EDH0427B 1960 2012     53      0      0    .681   3.46  10.20  2.090   .766   .278   1.96   .297  -.048   2
  45 EDH0428A 1936 2012     77      1      0    .753   1.68   3.44   .648   .728   .240   1.62   .234   .039   1
  46 EDH0428B 1920 2012     93      1      0    .763   1.95   4.14   .782   .792   .198   1.72   .214  -.063   3
  47 EDH0429A 1928 2012     85      1      0    .689   1.36   3.70   .686   .755   .328   1.57   .303   .004   1
  48 EDH0429B 1936 2012     77      1      0    .630   1.47   2.67   .566   .514   .319   1.94   .320   .003   1
  49 EDH0432A 1930 2012     83      1      0    .557   1.44   3.85   .727   .837   .253   1.56   .264   .049   1
  50 EDH0432B 1928 2012     85      1      0    .690   2.12   4.62  1.033   .791   .276   1.66   .269  -.027   1
  51 EDH0434A 1921 2012     92      1      0    .744   1.79   5.09   .771   .739   .250   1.67   .249  -.025   1
  52 EDH0434B 1921 2012     92      1      0    .764   2.26   4.54   .762   .564   .236   1.86   .259  -.021   1
  53 EDH0436A 1928 2012     85      1      0    .706   2.34   4.79   .918   .759   .217   1.61   .224   .056   1
  54 EDH0436B 1925 2012     88      1      0    .633   2.53   5.74   .941   .707   .219   1.63   .229   .054   1
  55 EDH0441A 1935 2012     78      1      0    .535   2.03   4.85   .934   .714   .245   1.79   .255   .034   1
  56 EDH0442A 1927 2012     86      1      0    .726   1.81   3.87   .778   .744   .225   1.74   .247  -.003   1
  57 EDH0442B 1931 2012     82      1      0    .768   2.52   5.11   .925   .417   .307   1.59   .286   .021   1
  58 EDH0443A 1999 2012     14      0      0    .664   2.32   3.21   .594   .228   .264   1.45   .198  -.336   0
  59 EDH0443B 1999 2012     14      0      0    .559   2.54   3.66   .609   .078   .257   1.27   .133  -.037   1
  60 EDH0444A 1931 2012     82      1      0    .554   1.71   3.26   .601   .675   .252   1.60   .240   .008   2
  61 EDH0444B 1934 2012     79      1      0    .503   2.17   5.35   .907   .514   .291   1.77   .267   .067   0
  62 EDH0446A 1926 2012     87      1      0    .621   1.72   3.75   .615   .583   .266   1.63   .252  -.015   1
  63 EDH0446B 1940 2012     73      1      0    .616   2.45   5.78  1.034   .546   .309   1.91   .321   .019   1
  64 EDH0447A 1950 2012     63      0      0    .621   1.26   2.30   .455   .679   .271   1.45   .242  -.048   1
  65 EDH0447B 1968 2012     45      0      0    .751   1.42   2.72   .559   .689   .264   1.57   .257  -.028   1
  66 EDH0448A 1943 2012     70      1      0    .619   1.54   4.94   .916   .587   .373   2.41   .384  -.056   3
  67 EDH0448B 1945 2012     68      1      0    .633   1.18   2.09   .414   .488   .290   1.54   .289  -.034   1
  68 EDH0449A 1925 2012     88      1      0    .602   2.45   5.37   .990   .625   .288   1.80   .288   .034   2
  69 EDH0449B 1934 2012     79      1      0    .780   2.86   6.50  1.111   .549   .292   1.61   .272   .065   1
  70 EDH0450A 1925 2012     88      1      0    .681   1.28   3.94   .837   .816   .370   1.85   .337   .062   1
  71 EDH0451A 1928 2012     85      1      0    .548   2.75   9.24  1.524   .728   .269   1.98   .300   .058   1
  72 EDH0451B 1973 2012     40      0      0    .474   1.74   5.00   .806   .634   .263   1.82   .272   .017   1
  73 EDH0453A 2000 2012     13      0      0    .614   2.78   3.43   .692  -.032   .320   1.34   .220  -.341   0
  74 EDH0453B 2000 2012     13      0      0    .812   2.57   4.05   .697   .199   .287   1.56   .268   .188   0
  75 EDH0454B 1925 2012     88      1      0    .684   1.74   4.56   .892   .796   .308   1.68   .288   .027   1
  76 EDH0455A 1929 2012     84      1      0    .722   1.40   4.58   .682   .815   .259   1.68   .251   .035   1
  77 EDH0455B 1928 2012     85      1      0    .699   1.70   4.41   .694   .754   .243   1.76   .257   .033   1
  78 EDH0464A 1925 2012     88      1      0    .704   1.58   3.71   .650   .708   .247   1.60   .252  -.010   2
  79 EDH0464B 1925 2012     88      1      0    .769   1.65   4.71   .855   .761   .265   1.98   .281   .029   1
  80 EDH0466A 1923 2012     90      1      0    .743   1.59   4.54   .917   .890   .225   1.55   .223   .025   1
  81 EDH0466B 1927 2012     86      1      0    .754   1.70   3.31   .658   .692   .257   1.82   .264   .090   1
  82 EDH0467A 1928 2012     85      1      0    .754   1.99   3.70   .789   .656   .264   1.74   .264   .002   2
  83 EDH0467B 1942 2012     71      1      0    .688   3.36   7.77  1.693   .720   .313   2.30   .315  -.039   3
  84 EDH0468A 1941 2012     72      1      0    .496   2.25   6.16  1.328   .820   .255   1.62   .259   .064   1
  85 EDH0468B 1927 2012     86      1      0    .624   1.64   3.39   .665   .777   .236   1.55   .234   .002   1
  86 EDH0472A 1941 2012     72      1      0    .755   1.90   4.01   .705   .738   .223   1.61   .241   .072   1
  87 EDH0472B 1958 2012     55      0      0    .743   2.11   4.31   .739   .687   .228   1.75   .233  -.056   3
  88 EDH0473A 1931 2012     82      1      0    .735   2.80   4.68   .670   .410   .210   1.45   .205   .003   1
  89 EDH0473B 1929 2012     84      1      0    .769   2.14   3.47   .699   .714   .211   1.61   .206  -.033   1
  90 EDH0474A 1928 2012     85      1      0    .579   1.92   4.25   .748   .640   .259   1.97   .268  -.014   1
  91 EDH0474B 1931 2012     82      1      0    .639   2.15   4.69   .824   .589   .270   2.05   .293  -.004   1
 --- -------- ---------  -----  -----  -----   ------ -----  -----  -----  -----  -----  -----  -----  -----  --
 Total or mean:           7042     80      0    .681   1.89  10.20   .830   .710   .260   2.41   .260   .023

 DATA CHECKS (rwl.check): germ234
-----------------------------------------------------------------------------------------------------------------------------------
 rwl.check: data_files/treering/measurements/europe/germ234.rwl
 91 series, 7042 measurements, 1917-2012, 0.01 mm precision
 0 error(s), 0 warning(s), 6 note(s)
 -------------
 Nothing to report at this severity.
 6 note(s) not shown; see rwl.check() or the 'check' element of this report.

 NOTES
-----------------------------------------------------------------------------------------------------------------------------------
 Report generated using dplR 1.8.1 (R 4.5.2) on 2026-10-01 16:50 PDT.
 Measurement file germ234.rwl, MD5 0d27fe76d950537f44b57743a4b97d62.
 Filtering: each series divided by a 32-year smoothing spline (caps()), then prewhitened with
   an AR model (order by AIC, at most 3).
 Master: biweight robust mean of the other series (leave-one-out).
 Correlation: Pearson, one-tailed, pcrit = 0.01; critical r = 0.3348 for 48-year segments.
 Segments: 48 years, lagged 24, first segment floored to 50. Lags searched: +/- 10 years.
 A segment is tested only where the series and the master cover all of it, at the dated
   position and at every lag. COFECHA also tests partial segments at the ends of a series, so
   series here may show fewer segments, and no flags can be raised at the ends of the record.
 Lags follow COFECHA: negative means rings are probably missing from the series, positive means
   false rings. A missing ring carries its lag into every segment before it, so look where the
   lag changes along a series. A B flag is a hypothesis to check on the wood; the gain says how
   seriously to take it.
 A B flag marked "weak at every lag" correlates under the critical value even at its best lag:
   the segment is weak wherever it is placed, and the shift is not evidence of a dating error.
   Treat it as a low correlation, like an A.
 Averages in the summary and the totals are weighted by the number of years in each series, as
   COFECHA's are.
 Unfiltered block and mean sensitivity: the measurements as read, and sens1().
 dplR filtered block: the series that was correlated, after filtering. COFECHA's filtered
   series is defined differently, so these three columns are not COFECHA's numbers.
 AR: order of the AR model used to prewhiten.
 Segment length reduced from 50 to 48 years: the record is only 96 years long.
 First segment floored to 50 years, not 100: at 100 no segment could be tested.
