
 COFECHA-style crossdating report: germ243
 Report generated using dplR 1.8.1 (R 4.5.2) on 2026-10-01 16:50 PDT
 Built with dplR's xdate.report(), not COFECHA; see the notes at the end.


      Measurement file name  : germ243.rwl
      MD5 of measurement file: df6c7ed76a8679564eb8dd95da0b06b5
      Date checked           : 01OCT26
      Beginning year         : 1880
      Ending year            : 2010
      Principal investigators: Esper, J.; Kochbeck, M.
      Site name              : Westerwald
      Species information    : PCAB Picea abies (L.) H. Karst.
      Latitude               : 50.4393 N
      Longitude              : 7.7556 E
      Elevation              : 420 m

      Series intercorrelation: 0.653
      Avg mean sensitivity   : 0.247
      Avg standard deviation : 0.819
      Avg autocorrelation    : 0.722
      Number dated series    : 80
      Segment length tested  : 50

      Number problem segments: 2  (A 2, B 0)
      Pct problem segments   : 1.12


 CORRELATION OF SERIES BY SEGMENTS: germ243
-----------------------------------------------------------------------------------------------------------------------------------
 Correlations of  50-year dated segments, lagged  25 years
 Flags:  A = correlation under   .3281 but highest as dated;  B = correlation higher at other than dated position

 Seq Series  Time_span  1900 1925 1950 
                        1949 1974 1999 
 --- -------- ---------  ---- ---- ---- 
   1 EDW0401a 1905 2010       .68  .76 
   2 EDW0401b 1925 2010            .74 
   3 EDW0402a 1915 2010       .60  .57 
   4 EDW0402b 1901 2010       .59  .46 
   5 EDW0403b 1927 2010            .62 
   6 EDW0404a 1934 2010            .61 
   7 EDW0404b 1936 2010            .56 
   8 EDW0405a 1911 2010       .64  .60 
   9 EDW0405b 1903 2010       .71  .76 
  10 EDW0406a 1905 2010       .80  .70 
  11 EDW0406b 1915 2010       .76  .77 
  12 EDW0407a 1899 2010  .61  .57  .73 
  13 EDW0407b 1893 2010  .68  .64  .81 
  14 EDW0408a 1887 2010  .74  .73  .79 
  15 EDW0408b 1887 2010  .75  .71  .69 
  16 EDW0409a 1914 2010       .65  .73 
  17 EDW0409b 1912 2010       .63  .81 
  18 EDW0410a 1922 2010       .36  .74 
  19 EDW0410b 1889 2010  .60  .66  .69 
  20 EDW0411a 1896 2010  .74  .58  .64 
  21 EDW0411b 1900 2010       .58  .48 
  22 EDW0412a 1892 2010  .70  .62  .58 
  23 EDW0412b 1903 2010       .61  .69 
  24 EDW0413a 1900 2010       .66  .72 
  25 EDW0413b 1896 2010  .82  .80  .66 
  26 EDW0414a 1896 2010  .63  .67  .69 
  27 EDW0414b 1908 2010       .61  .70 
  28 EDW0415a 1892 2010  .63  .64  .75 
  29 EDW0415b 1891 2010  .46  .68  .84 
  30 EDW0416a 1915 2010       .69  .69 
  31 EDW0416b 1915 2010       .75  .77 
  32 EDW0417a 1880 2010  .48  .61  .70 
  33 EDW0417b 1917 2010       .53  .70 
  34 EDW0418b 1889 2010  .68  .68  .65 
  35 EDW0419a 1929 2010            .39 
  36 EDW0419b 1890 2010  .53  .47  .56 
  37 EDW0420b 1896 2010  .74  .69  .59 
  38 EDW0421a 1929 2010            .77 
  39 EDW0421b 1939 2010            .67 
  40 EDW0422a 1892 2010  .53  .58  .52 
  41 EDW0422b 1892 2010  .31A .38  .53 
  42 EDW0423a 1906 2010       .69  .65 
  43 EDW0423b 1896 2010  .63  .59  .56 
  44 EDW0424a 1897 2010  .68  .69  .73 
  45 EDW0424b 1902 2010       .70  .75 
  46 EDW0426b 1915 2010       .67  .61 
  47 EDW0427a 1910 2010       .59  .60 
  48 EDW0428a 1903 2010       .69  .68 
  49 EDW0428b 1903 2010       .59  .70 
  50 EDW0429a 1929 2010            .52 
  51 EDW0429b 1917 2010       .64  .57 
  52 EDW0430a 1899 2010  .84  .63  .59 
  53 EDW0430b 1899 2010  .64  .48  .41 
  54 EDW0431a 1911 2010       .70  .65 
  55 EDW0431b 1906 2010       .76  .64 
  56 EDW0433a 1918 2010       .62  .68 
  57 EDW0433b 1918 2010       .51  .40 
  58 EDW0434a 1903 2010       .58  .51 
  59 EDW0434b 1899 2010       .65  .56 
  60 EDW0435a 1912 2010       .66  .69 
  61 EDW0435b 1909 2010       .61  .59 
  62 EDW0436a 1900 2010       .74  .80 
  63 EDW0436b 1899 2010       .68  .67 
  64 EDW0439a 1890 2010  .75  .77  .73 
  65 EDW0439b 1899 2010  .73  .75  .76 
  66 EDW0441a 1909 2010       .71  .69 
  67 EDW0441b 1896 2010  .46  .27A .55 
  68 EDW0442a 1901 2010       .65  .69 
  69 EDW0442b 1909 2010       .59  .68 
  70 EDW0443a 1907 2010       .58  .67 
  71 EDW0443b 1898 2010  .53  .53  .67 
  72 EDW0444a 1916 2010       .62  .70 
  73 EDW0444b 1901 2010       .56  .51 
  74 EDW0447b 1932 2010            .78 
  75 EDW0449a 1931 2010            .75 
  76 EDW0449b 1898 2010  .49  .70  .75 
  77 EDW0451a 1903 2010       .69  .77 
  78 EDW0451b 1893 2010  .79  .69  .71 
  79 EDW0452a 1890 2010  .56  .49  .64 
  80 EDW0452b 1895 2010  .70  .71  .71 
 Av segment correlation  .63  .63  .66 

 FLAGGED SEGMENTS: germ243
-----------------------------------------------------------------------------------------------------------------------------------
 Seq Series   Segment    Flag  r dated  Best lag  r at lag   Gain  Note
 --- -------- ---------  ----  -------  --------  --------  -----  -----------------
  41 EDW0422b 1900 1949     A     .314         0
  67 EDW0441b 1925 1974     A     .266         0

 DESCRIPTIVE STATISTICS: germ243
-----------------------------------------------------------------------------------------------------------------------------------

                                                Corr   //-------- Unfiltered --------\\  //-- dplR filtered --\\
                           No.    No.    No.    with   Mean   Max     Std   Auto   Mean   Max     Std   Auto  AR
 Seq Series   Interval   Years  Segmt  Flags   Master  msmt   msmt    dev   corr   sens  value    dev   corr  ()
 --- -------- ---------  -----  -----  -----   ------ -----  -----  -----  -----  -----  -----  -----  -----  --
   1 EDW0401a 1905 2010    106      2      0    .753   1.62   3.68   .616   .687   .222   1.73   .246  -.038   3
   2 EDW0401b 1925 2010     86      1      0    .615   1.77   4.10   .773   .656   .281   2.11   .307  -.020   1
   3 EDW0402a 1915 2010     96      2      0    .581   1.18   2.27   .480   .761   .230   2.03   .250  -.004   1
   4 EDW0402b 1901 2010    110      2      0    .386   1.15   4.28   .698   .845   .221   1.95   .220  -.029   3
   5 EDW0403b 1927 2010     84      1      0    .571   2.35   5.41  1.003   .817   .212   1.61   .225  -.043   1
   6 EDW0404a 1934 2010     77      1      0    .638   1.66   6.56  1.342   .834   .377   2.06   .377  -.021   2
   7 EDW0404b 1936 2010     75      1      0    .616   2.54   5.49  1.141   .614   .356   1.66   .325   .027   1
   8 EDW0405a 1911 2010    100      2      0    .690   1.76   4.10   .722   .780   .234   1.62   .243   .037   1
   9 EDW0405b 1903 2010    108      2      0    .774   1.82   4.72   .948   .867   .220   1.66   .209   .003   1
  10 EDW0406a 1905 2010    106      2      0    .765   1.21   3.23   .522   .792   .237   1.70   .240   .023   1
  11 EDW0406b 1915 2010     96      2      0    .809   1.60   3.03   .478   .630   .202   1.51   .218   .007   1
  12 EDW0407a 1899 2010    112      3      0    .682   1.81   3.42   .605   .737   .207   1.61   .215   .023   1
  13 EDW0407b 1893 2010    118      3      0    .748   2.02   5.33   .890   .783   .233   1.57   .221   .022   1
  14 EDW0408a 1887 2010    124      3      0    .772   2.09   4.85   .873   .703   .246   1.74   .244   .015   1
  15 EDW0408b 1887 2010    124      3      0    .729   2.01   5.52   .980   .741   .273   1.73   .259   .036   1
  16 EDW0409a 1914 2010     97      2      0    .635   1.74   7.33   .926   .759   .214   1.80   .241  -.019   2
  17 EDW0409b 1912 2010     99      2      0    .649   2.26   8.81  1.074   .605   .264   2.38   .296  -.002   2
  18 EDW0410a 1922 2010     89      2      0    .579   1.98   4.83   .739   .565   .260   1.77   .254  -.003   2
  19 EDW0410b 1889 2010    122      3      0    .677   1.76   4.38   .739   .782   .217   1.64   .222   .017   3
  20 EDW0411a 1896 2010    115      3      0    .694   1.87   3.96   .756   .848   .185   1.56   .197  -.017   3
  21 EDW0411b 1900 2010    111      2      0    .571   1.64   4.00   .578   .757   .201   1.45   .195  -.037   3
  22 EDW0412a 1892 2010    119      3      0    .554   1.53   6.14  1.170   .894   .253   1.94   .271  -.013   2
  23 EDW0412b 1903 2010    108      2      0    .650   2.12   5.18  1.010   .640   .313   2.08   .337  -.001   2
  24 EDW0413a 1900 2010    111      2      0    .696   1.49   5.88   .991   .925   .233   1.57   .223  -.003   3
  25 EDW0413b 1896 2010    115      3      0    .704   1.37   4.32   .904   .921   .221   1.51   .215   .008   1
  26 EDW0414a 1896 2010    115      3      0    .659   1.70   3.99   .875   .807   .292   1.89   .302  -.026   1
  27 EDW0414b 1908 2010    103      2      0    .708   2.45   6.24  1.142   .737   .306   1.69   .294   .010   1
  28 EDW0415a 1892 2010    119      3      0    .716   1.79   3.87   .712   .633   .259   1.68   .276   .053   1
  29 EDW0415b 1891 2010    120      3      0    .679   1.78   4.42   .730   .617   .256   1.76   .274   .005   2
  30 EDW0416a 1915 2010     96      2      0    .749   1.29   2.49   .417   .669   .223   1.43   .222   .006   1
  31 EDW0416b 1915 2010     96      2      0    .758   1.19   1.84   .302   .482   .215   1.43   .214   .042   1
  32 EDW0417a 1880 2010    131      3      0    .629   1.73   4.96   .912   .827   .231   1.77   .252   .006   2
  33 EDW0417b 1917 2010     94      2      0    .657   1.88   2.91   .444   .374   .210   1.55   .196   .115   0
  34 EDW0418b 1889 2010    122      3      0    .637   2.21   6.33  1.315   .763   .309   2.69   .339   .054   1
  35 EDW0419a 1929 2010     82      1      0    .476   2.89   7.01  1.323   .594   .315   1.78   .338   .014   2
  36 EDW0419b 1890 2010    121      3      0    .566   2.16   6.53   .998   .678   .285   1.84   .312  -.023   2
  37 EDW0420b 1896 2010    115      3      0    .643   1.71   5.07   .945   .780   .296   2.54   .318   .062   1
  38 EDW0421a 1929 2010     82      1      0    .758   1.34   2.87   .520   .521   .323   1.79   .305   .012   1
  39 EDW0421b 1939 2010     72      1      0    .698   2.67   8.93  1.608   .768   .327   1.73   .284  -.011   0
  40 EDW0422a 1892 2010    119      3      0    .535   1.97   5.69   .890   .829   .194   1.84   .222   .038   1
  41 EDW0422b 1892 2010    119      3      1    .395   1.82   5.02   .910   .721   .236   2.05   .282  -.023   3
  42 EDW0423a 1906 2010    105      2      0    .690   1.88   5.17   .926   .731   .272   2.09   .327  -.016   3
  43 EDW0423b 1896 2010    115      3      0    .620   2.31   5.10   .935   .734   .253   1.54   .250   .035   1
  44 EDW0424a 1897 2010    114      3      0    .739   1.89   4.64   .709   .755   .214   1.61   .218  -.037   3
  45 EDW0424b 1902 2010    109      2      0    .744   2.39   4.61   .785   .682   .212   1.61   .225  -.039   3
  46 EDW0426b 1915 2010     96      2      0    .686   1.19   2.53   .465   .585   .272   1.84   .301   .019   1
  47 EDW0427a 1910 2010    101      2      0    .652   2.78   6.89  1.041   .763   .195   1.53   .201   .014   1
  48 EDW0428a 1903 2010    108      2      0    .678   1.43   2.67   .548   .681   .246   1.77   .269   .049   1
  49 EDW0428b 1903 2010    108      2      0    .652   1.36   2.65   .606   .691   .307   1.79   .320   .002   2
  50 EDW0429a 1929 2010     82      1      0    .590   2.06   7.51  1.220   .750   .293   1.86   .312   .006   3
  51 EDW0429b 1917 2010     94      2      0    .652   1.27   2.74   .515   .726   .216   1.66   .230  -.002   2
  52 EDW0430a 1899 2010    112      3      0    .629   1.30   3.22   .807   .857   .289   1.81   .297   .008   1
  53 EDW0430b 1899 2010    112      3      0    .439    .97   4.32   .802   .872   .350   2.19   .342   .012   1
  54 EDW0431a 1911 2010    100      2      0    .685   1.38   3.07   .565   .724   .252   1.77   .259  -.010   1
  55 EDW0431b 1906 2010    105      2      0    .713   1.75   3.61   .669   .751   .210   1.86   .241   .021   1
  56 EDW0433a 1918 2010     93      2      0    .680   1.76   3.67   .463   .480   .206   1.64   .204  -.045   3
  57 EDW0433b 1918 2010     93      2      0    .542   2.87   6.48  1.061   .714   .211   1.80   .220  -.002   2
  58 EDW0434a 1903 2010    108      2      0    .569   1.59   3.30   .602   .769   .193   1.51   .204  -.030   3
  59 EDW0434b 1899 2010    112      2      0    .597   2.10   6.89   .928   .802   .194   1.71   .201   .005   3
  60 EDW0435a 1912 2010     99      2      0    .707   2.29   5.26   .912   .705   .259   1.74   .262  -.019   2
  61 EDW0435b 1909 2010    102      2      0    .589   1.73   4.90  1.047   .835   .215   1.67   .217  -.007   2
  62 EDW0436a 1900 2010    111      2      0    .764   1.54   4.60   .771   .823   .254   1.77   .259   .029   1
  63 EDW0436b 1899 2010    112      2      0    .605   1.25   3.31   .820   .884   .267   1.79   .280  -.010   2
  64 EDW0439a 1890 2010    121      3      0    .654   1.55   4.10   .697   .752   .250   1.83   .279   .044   1
  65 EDW0439b 1899 2010    112      3      0    .716   2.37   6.85  1.114   .653   .290   2.12   .332   .081   1
  66 EDW0441a 1909 2010    102      2      0    .631   1.68   3.11   .531   .630   .194   1.49   .192   .003   1
  67 EDW0441b 1896 2010    115      3      1    .488   2.22   4.61   .716   .489   .227   1.82   .245   .005   2
  68 EDW0442a 1901 2010    110      2      0    .716   2.13   6.29  1.041   .821   .240   1.70   .255   .079   1
  69 EDW0442b 1909 2010    102      2      0    .631   2.56   5.05   .996   .588   .270   1.99   .279  -.001   3
  70 EDW0443a 1907 2010    104      2      0    .545   2.27   4.58   .843   .559   .274   1.76   .277   .054   1
  71 EDW0443b 1898 2010    113      3      0    .582   1.97   4.98   .843   .751   .243   1.75   .246   .072   1
  72 EDW0444a 1916 2010     95      2      0    .669   2.12   4.27   .877   .755   .225   1.77   .239   .057   1
  73 EDW0444b 1901 2010    110      2      0    .592   1.76   3.85   .764   .803   .207   1.46   .203   .029   1
  74 EDW0447b 1932 2010     79      1      0    .748   1.42   2.51   .423   .358   .284   1.74   .266   .114   0
  75 EDW0449a 1931 2010     80      1      0    .772   2.87   5.55  1.073   .724   .232   1.65   .247   .018   1
  76 EDW0449b 1898 2010    113      3      0    .657   2.21   4.04   .707   .561   .235   1.75   .246   .006   1
  77 EDW0451a 1903 2010    108      2      0    .796   1.73   4.04   .773   .707   .261   1.90   .279   .015   1
  78 EDW0451b 1893 2010    118      3      0    .759   2.13   5.12   .847   .674   .243   1.57   .255   .037   1
  79 EDW0452a 1890 2010    121      3      0    .620   1.40   4.38   .710   .801   .245   1.54   .242  -.004   2
  80 EDW0452b 1895 2010    116      3      0    .705   1.60   4.60   .612   .688   .221   1.69   .229   .058   1
 --- -------- ---------  -----  -----  -----   ------ -----  -----  -----  -----  -----  -----  -----  -----  --
 Total or mean:           8424    179      2    .653   1.84   8.93   .819   .722   .247   2.69   .257   .012

 DATA CHECKS (rwl.check): germ243
-----------------------------------------------------------------------------------------------------------------------------------
 rwl.check: data_files/treering/measurements/europe/germ243.rwl
 80 series, 8424 measurements, 1880-2010, 0.01 mm precision
 0 error(s), 0 warning(s), 0 note(s)
 -------------
 Nothing to report at this severity.

 NOTES
-----------------------------------------------------------------------------------------------------------------------------------
 Report generated using dplR 1.8.1 (R 4.5.2) on 2026-10-01 16:50 PDT.
 Measurement file germ243.rwl, MD5 df6c7ed76a8679564eb8dd95da0b06b5.
 Filtering: each series divided by a 32-year smoothing spline (caps()), then prewhitened with
   an AR model (order by AIC, at most 3).
 Master: biweight robust mean of the other series (leave-one-out).
 Correlation: Pearson, one-tailed, pcrit = 0.01; critical r = 0.3281 for 50-year segments.
 Segments: 50 years, lagged 25, first segment floored to 100. Lags searched: +/- 10 years.
 A segment is tested only where the series and the master cover all of it, at the dated
   position and at every lag. COFECHA also tests partial segments at the ends of a series, so
   series here may show fewer segments, and no flags can be raised at the ends of the record.
 Lags follow COFECHA: negative means rings are probably missing from the series, positive means
   false rings. A missing ring carries its lag into every segment before it, so look where the
   lag changes along a series. A B flag is a hypothesis to check on the wood; the gain says how
   seriously to take it.
 A B flag marked "weak at every lag" correlates under the critical value even at its best lag:
   the segment is weak wherever it is placed, and the shift is not evidence of a dating error.
   Treat it as a low correlation, like an A.
 Averages in the summary and the totals are weighted by the number of years in each series, as
   COFECHA's are.
 Unfiltered block and mean sensitivity: the measurements as read, and sens1().
 dplR filtered block: the series that was correlated, after filtering. COFECHA's filtered
   series is defined differently, so these three columns are not COFECHA's numbers.
 AR: order of the AR model used to prewhiten.
