
 COFECHA-style crossdating report: grc050
 Report generated using dplR 1.8.1 (R 4.5.2) on 2026-10-01 16:50 PDT
 Built with dplR's xdate.report(), not COFECHA; see the notes at the end.


      Measurement file name  : grc050.rwl
      MD5 of measurement file: 3f845c3aeadda9ea4d3c889a0efc371a
      Date checked           : 01OCT26
      Beginning year         : 1165
      Ending year            : 2017
      Principal investigators: Esper, J.
      Site name              : Valia Kalda EHV07
      Species information    : PIHE Pinus heldreichii Christ
      Latitude               : 39.9308 N
      Longitude              : 21.1586 E
      Elevation              : 1900 m

      Series intercorrelation: 0.617
      Avg mean sensitivity   : 0.226
      Avg standard deviation : 0.403
      Avg autocorrelation    : 0.791
      Number dated series    : 61
      Segment length tested  : 50

      Number problem segments: 43  (A 13, B 30; 9 of the B weak at every lag)
      Pct problem segments   : 6.44


 CORRELATION OF SERIES BY SEGMENTS: grc050
-----------------------------------------------------------------------------------------------------------------------------------
 Correlations of  50-year dated segments, lagged  25 years
 Flags:  A = correlation under   .3281 but highest as dated;  B = correlation higher at other than dated position

 Seq Series  Time_span  1200 1225 1250 1275 1300 1325 1350 1375 1400 1425 1450 1475 1500 1525 1550 1575 1600 1625 1650 1675 
                        1249 1274 1299 1324 1349 1374 1399 1424 1449 1474 1499 1524 1549 1574 1599 1624 1649 1674 1699 1724 
 --- -------- ---------  ---- ---- ---- ---- ---- ---- ---- ---- ---- ---- ---- ---- ---- ---- ---- ---- ---- ---- ---- ---- 
   1 EHV0701a 1497 2017                                                              .35  .68  .73  .71  .66  .71  .83  .74 
   2 EHV0701b 1471 2017                                                         .50  .59  .63  .63  .59  .59  .65  .68  .67 
   3 EHV0702a 1478 2017                                                              .55  .65  .61  .60  .56  .58  .67  .64 
   5 EHV0703a 1450 2017                                                         .57  .62  .22B .30A .57  .58  .51  .60  .62 
   7 EHV0704a 1433 2017                                                    .40  .51  .58  .55  .72  .71  .50  .62  .68  .60 
   8 EHV0704b 1482 2017                                                              .56  .59  .52  .60  .50  .65  .72  .46 
  12 EHV0706b 1664 2017                                                                                                 .28B
  13 EHV0707a 1495 2017                                                              .75  .70  .82  .81  .61  .66  .84  .80 
  14 EHV0707b 1526 2017                                                                        .73  .74  .74  .73  .74  .71 
  15 EHV0708a 1451 2017                                                         .59  .61  .59  .73  .69  .54  .57  .63  .49 
  16 EHV0708b 1447 2017                                                    .48  .59  .68  .68  .70  .78  .67  .66  .64  .57 
  17 EHV0709a 1626 2017                                                                                            .80  .70 
  19 EHV0710a 1438 2017                                                    .71  .67  .55  .62  .82  .76  .53  .75  .78  .70 
  20 EHV0710b 1254 2017                 .40B .51  .35B .24B .09B .10B .32A .69  .72  .67  .72  .83  .70  .57  .77  .83  .68 
  21 EHV0711a 1226 1553            .85  .78  .73  .73  .81  .77  .56  .29B .05B .12B .26B                                   
  22 EHV0711b 1226 1548            .67  .60  .64  .75  .80  .69  .54  .21B-.01B .37                                         
  23 EHV0712z 1294 1659                      .51  .32B .33  .45  .33B .40  .65  .72  .70  .66  .70  .69  .54                
  24 EHV0714a 1330 1569                                .80  .65  .57  .35  .46  .55  .50                                    
  25 EHV0714b 1332 1577                                .76  .66  .62  .42  .45  .55  .51  .60                               
  26 EHV0715z 1474 1645                                                              .75  .68  .83  .89                     
  27 EHV0716z 1420 1641                                               .23A .57  .68  .76  .72  .78  .80                     
  28 EHV0717a 1322 1623                           .75  .77  .78  .77  .67  .70  .74  .72  .59  .62                          
  29 EHV0717b 1322 1628                           .73  .77  .78  .77  .75  .80  .78  .65  .54  .65  .71                     
  30 EHV0718z 1450 1614                                                         .71  .81  .74  .80                          
  31 EHV0719z 1268 1659                 .65  .64  .75  .82  .84  .81  .63  .63  .67  .50  .40  .63  .65  .57                
  32 EHV0720a 1264 1637                 .69  .60  .64  .71  .77  .81  .80  .70  .45  .41  .63  .74  .62                     
  33 EHV0720b 1287 1624                      .67  .68  .79  .77  .78  .75  .30A .19B .32A .42  .67  .68                     
  34 EHV0721a 1308 1576                           .77  .76  .76  .78  .77  .69  .64  .54  .52                               
  35 EHV0721b 1307 1551                           .80  .73  .69  .69  .60  .63  .61  .48                                    
  36 EHV0722z 1234 1526            .75  .70  .73  .54  .51  .65  .72  .69  .70  .65                                         
  37 EHV0723a 1244 1460            .55  .64  .61  .70  .66  .61  .63                                                        
  38 EHV0723b 1244 1477            .61  .67  .62  .65  .65  .66  .64  .49                                                   
  39 EHV0724z 1211 1526       .52  .57  .63  .66  .62  .64  .68  .62  .46  .45  .61                                         
  40 EHV0725z 1279 1509                      .44  .61  .68  .37  .50  .75  .67                                              
  41 EHV0726a 1193 1251  .51                                                                                                
  42 EHV0726b 1165 1250  .37                                                                                                
  43 EHV0727a 1376 1610                                          .72  .74  .77  .69  .67  .72  .67                          
  44 EHV0727b 1377 1577                                          .67  .67  .66  .68  .63  .58                               
  45 EHV0728a 1318 1641                           .61  .60  .34B .12B .28B .61  .65  .58  .39  .49  .51                     
  46 EHV0728b 1318 1641                           .57  .57  .48  .49  .52  .42  .53  .49  .33A .54  .55                     
  47 EHV0729z 1243 1555            .49  .66  .56  .40B .49  .69  .52  .32A .59  .70  .56                                    
  48 EHV0730a 1249 1501            .69  .78  .70  .70  .69  .60B .56  .56  .75                                              
  50 EHV0731a 1295 1721                      .79  .84  .80  .77  .82  .66  .61  .73  .75  .80  .87  .80  .73  .74  .76      
  51 EHV0731b 1296 1720                      .73  .81  .73  .61  .72  .67  .77  .76  .80  .77  .82  .85  .69  .66  .68      
  52 EHV0732z 1249 1697            .60  .73  .69  .17B .18B .50  .40  .33A .55  .66  .68  .75  .64  .55  .47  .59           
  53 EHV0733z 1538 1719                                                                        .73  .69  .68  .80  .83      
  54 EHV0734a 1374 1685                                     .54  .59  .52  .63  .61  .60  .69  .80  .81  .48  .60           
  55 EHV0734b 1374 1693                                     .60  .57  .50  .54  .49  .52  .74  .76  .72  .53  .68           
  56 EHV0735a 1254 1454                 .48  .45  .75  .81  .67  .62                                                        
  57 EHV0735b 1254 1401                 .58  .55  .79  .79                                                                  
  60 EHV0737a 1331 1639                                .77  .86  .79  .69  .63  .70  .72  .66  .78  .82                     
  61 EHV0737b 1332 1673                                .81  .80  .73  .67  .68  .68  .67  .72  .73  .73  .73                
 Av segment correlation  .44  .52  .64  .64  .62  .64  .67  .64  .61  .54  .57  .60  .60  .62  .70  .70  .59  .66  .73  .62 

 CORRELATION OF SERIES BY SEGMENTS: grc050
-----------------------------------------------------------------------------------------------------------------------------------
 Correlations of  50-year dated segments, lagged  25 years
 Flags:  A = correlation under   .3281 but highest as dated;  B = correlation higher at other than dated position

 Seq Series  Time_span  1700 1725 1750 1775 1800 1825 1850 1875 1900 1925 1950 
                        1749 1774 1799 1824 1849 1874 1899 1924 1949 1974 1999 
 --- -------- ---------  ---- ---- ---- ---- ---- ---- ---- ---- ---- ---- ---- 
   1 EHV0701a 1497 2017  .56  .61  .73  .73  .68  .67  .65  .57  .61  .67  .55 
   2 EHV0701b 1471 2017  .68  .72  .72  .69  .67  .65  .76  .75  .68  .63  .22B
   3 EHV0702a 1478 2017  .41  .61  .78  .82  .86  .82  .78  .69  .62  .54  .43 
   4 EHV0702b 1715 2017       .51  .61  .71  .56  .43  .67  .69  .54  .52  .45 
   5 EHV0703a 1450 2017  .57  .63  .72  .83  .77  .72  .84  .84  .76  .64  .33A
   6 EHV0703b 1709 2017       .48  .58  .62  .58B .74  .85  .74  .62  .65  .54 
   7 EHV0704a 1433 2017  .50  .64  .67  .71  .80  .69  .67  .66  .44  .44  .57 
   8 EHV0704b 1482 2017  .41  .63  .72  .70  .73  .75  .77  .82  .60  .50  .61 
   9 EHV0705a 1791 2017                      .53  .59  .75  .79  .69  .68  .42 
  10 EHV0705b 1700 2017       .26A .25B .33B .62  .66  .62  .69  .53  .56  .56 
  11 EHV0706a 1745 2017            .32A .53  .61  .52  .69  .75  .71  .71  .71 
  12 EHV0706b 1664 2017  .15B .44  .53  .68  .77  .60  .71  .80  .88  .78  .69 
  13 EHV0707a 1495 2017  .72  .75  .82  .87  .83  .85  .84  .76  .66  .73  .74 
  14 EHV0707b 1526 2017  .73  .74  .78  .76  .77  .81  .87  .88  .83  .87  .84 
  15 EHV0708a 1451 2017  .36  .65  .70  .69  .68  .64  .71  .72  .73  .75  .72 
  16 EHV0708b 1447 2017  .72  .79  .65  .60  .70  .77  .75  .71  .69  .66  .63 
  17 EHV0709a 1626 2017  .57  .57  .62  .78  .78  .74  .87  .89  .70  .69  .77 
  18 EHV0709b 1847 2017                                .77  .84  .70  .69  .67 
  19 EHV0710a 1438 2017  .34B .35  .60  .73  .76  .65  .73  .75  .53  .54  .39B
  20 EHV0710b 1254 2017  .30A .49  .65  .75  .75  .79  .86  .77  .66  .78  .74 
  58 EHV0736a 1732 1842            .42  .51                                    
  59 EHV0736b 1732 1799            .32A                                        
 Av segment correlation  .50  .58  .61  .69  .71  .69  .76  .76  .66  .65  .58 

 FLAGGED SEGMENTS: grc050
-----------------------------------------------------------------------------------------------------------------------------------
 Seq Series   Segment    Flag  r dated  Best lag  r at lag   Gain  Note
 --- -------- ---------  ----  -------  --------  --------  -----  -----------------
   2 EHV0701b 1950 1999     B     .217         1      .280   .064  weak at every lag
   5 EHV0703a 1525 1574     B     .223         8      .225   .002  weak at every lag
   5 EHV0703a 1550 1599     A     .298         0
   5 EHV0703a 1950 1999     A     .325         0
   6 EHV0703b 1800 1849     B     .581         4      .582   .001
  10 EHV0705b 1725 1774     A     .260         0
  10 EHV0705b 1750 1799     B     .250        -2      .394   .144
  10 EHV0705b 1775 1824     B     .332         4      .358   .026
  11 EHV0706a 1750 1799     A     .317         0
  12 EHV0706b 1675 1724     B     .283         1      .369   .085
  12 EHV0706b 1700 1749     B     .149        -5      .313   .164  weak at every lag
  19 EHV0710a 1700 1749     B     .342        -7      .350   .008
  19 EHV0710a 1950 1999     B     .390        -1      .408   .017
  20 EHV0710b 1275 1324     B     .403         2      .460   .056
  20 EHV0710b 1325 1374     B     .346         4      .451   .105
  20 EHV0710b 1350 1399     B     .244         4      .478   .234
  20 EHV0710b 1375 1424     B     .088         3      .443   .355
  20 EHV0710b 1400 1449     B     .105        -1      .241   .136  weak at every lag
  20 EHV0710b 1425 1474     A     .317         0
  20 EHV0710b 1700 1749     A     .301         0
  21 EHV0711a 1425 1474     B     .293         1      .521   .228
  21 EHV0711a 1450 1499     B     .050         3      .154   .105  weak at every lag
  21 EHV0711a 1475 1524     B     .121         2      .329   .208
  21 EHV0711a 1500 1549     B     .265         2      .406   .141
  22 EHV0711b 1425 1474     B     .207         1      .500   .293
  22 EHV0711b 1450 1499     B    -.006         1      .435   .441
  23 EHV0712z 1325 1374     B     .323        -9      .323   .000  weak at every lag
  23 EHV0712z 1400 1449     B     .331         4      .355   .025
  27 EHV0716z 1425 1474     A     .232         0
  33 EHV0720b 1450 1499     A     .295         0
  33 EHV0720b 1475 1524     B     .189        -4      .289   .100  weak at every lag
  33 EHV0720b 1500 1549     A     .323         0
  45 EHV0728a 1375 1424     B     .340        -8      .417   .077
  45 EHV0728a 1400 1449     B     .125         7      .492   .367
  45 EHV0728a 1425 1474     B     .276         7      .359   .083
  46 EHV0728b 1525 1574     A     .326         0
  47 EHV0729z 1325 1374     B     .404        -8      .421   .017
  47 EHV0729z 1425 1474     A     .323         0
  48 EHV0730a 1375 1424     B     .602        -4      .606   .004
  52 EHV0732z 1325 1374     B     .169         6      .259   .090  weak at every lag
  52 EHV0732z 1350 1399     B     .179         2      .235   .057  weak at every lag
  52 EHV0732z 1425 1474     A     .328         0
  59 EHV0736b 1750 1799     A     .319         0

 DESCRIPTIVE STATISTICS: grc050
-----------------------------------------------------------------------------------------------------------------------------------

                                                Corr   //-------- Unfiltered --------\\  //-- dplR filtered --\\
                           No.    No.    No.    with   Mean   Max     Std   Auto   Mean   Max     Std   Auto  AR
 Seq Series   Interval   Years  Segmt  Flags   Master  msmt   msmt    dev   corr   sens  value    dev   corr  ()
 --- -------- ---------  -----  -----  -----   ------ -----  -----  -----  -----  -----  -----  -----  -----  --
   1 EHV0701a 1497 2017    521     19      0    .628   1.23   4.12   .687   .884   .191   1.72   .187  -.000   3
   2 EHV0701b 1471 2017    547     20      1    .603   1.22   3.26   .588   .824   .196   1.82   .192  -.007   3
   3 EHV0702a 1478 2017    540     19      0    .634   1.29   6.38   .881   .843   .219   2.33   .230  -.000   2
   4 EHV0702b 1715 2017    303     10      0    .572   1.43   6.37   .888   .866   .204   2.16   .231   .010   1
   5 EHV0703a 1450 2017    568     20      3    .578   1.21   4.64   .702   .829   .221   1.85   .229  -.010   3
   6 EHV0703b 1709 2017    309     10      1    .584   1.78   5.95   .794   .811   .194   1.88   .226  -.030   1
   7 EHV0704a 1433 2017    585     21      0    .574    .75   2.42   .350   .802   .214   1.75   .217   .006   1
   8 EHV0704b 1482 2017    536     19      0    .603    .86   3.37   .456   .835   .198   1.84   .206  -.002   2
   9 EHV0705a 1791 2017    227      7      0    .623   1.65   3.42   .467   .674   .176   1.64   .190  -.026   1
  10 EHV0705b 1700 2017    318     10      3    .408   1.54   4.22   .873   .881   .224   2.01   .244   .021   1
  11 EHV0706a 1745 2017    273      9      1    .606   1.68   4.58   .671   .763   .200   1.80   .212   .009   1
  12 EHV0706b 1664 2017    354     12      2    .590   1.48   3.68   .496   .764   .174   1.75   .188   .004   2
  13 EHV0707a 1495 2017    523     19      0    .759    .90   2.81   .381   .811   .211   1.64   .202   .012   1
  14 EHV0707b 1526 2017    492     17      0    .764    .81   2.26   .342   .800   .210   1.66   .204   .004   1
  15 EHV0708a 1451 2017    567     20      0    .632    .81   3.75   .514   .885   .225   1.95   .221   .002   2
  16 EHV0708b 1447 2017    571     21      0    .654    .91   4.54   .731   .910   .221   1.98   .232  -.007   1
  17 EHV0709a 1626 2017    392     13      0    .747    .53   1.83   .209   .615   .273   1.90   .251  -.000   1
  18 EHV0709b 1847 2017    171      5      0    .722    .57   1.80   .253   .702   .271   1.88   .254  -.019   1
  19 EHV0710a 1438 2017    580     21      2    .584    .39    .97   .152   .641   .288   1.76   .251  -.002   2
  20 EHV0710b 1254 2017    764     28      7    .563    .45   1.81   .198   .764   .254   1.89   .240  -.007   1
  21 EHV0711a 1226 1553    328     11      4    .559    .47   3.21   .415   .858   .252   2.20   .242   .006   3
  22 EHV0711b 1226 1548    323     10      2    .553    .50   3.10   .402   .882   .257   1.85   .238  -.000   3
  23 EHV0712z 1294 1659    366     13      2    .508    .62   2.51   .356   .863   .241   1.95   .242   .007   2
  24 EHV0714a 1330 1569    240      7      0    .612    .42   1.05   .198   .768   .271   1.70   .255  -.017   1
  25 EHV0714b 1332 1577    246      8      0    .616    .39   1.16   .184   .740   .290   1.82   .261  -.003   1
  26 EHV0715z 1474 1645    172      4      0    .780    .94   2.11   .309   .524   .258   1.64   .239  -.018   3
  27 EHV0716z 1420 1641    222      7      1    .552    .79   1.86   .423   .874   .233   1.96   .239   .058   1
  28 EHV0717a 1322 1623    302     10      0    .700    .66   2.09   .307   .828   .217   2.00   .239   .031   1
  29 EHV0717b 1322 1628    307     11      0    .718    .66   1.66   .281   .778   .236   1.77   .241   .002   3
  30 EHV0718z 1450 1614    165      4      0    .598    .93   3.52   .408   .760   .216   1.88   .223  -.005   3
  31 EHV0719z 1268 1659    392     14      0    .667    .40   2.38   .222   .776   .226   1.68   .213   .028   3
  32 EHV0720a 1264 1637    374     13      0    .628    .68   1.48   .258   .754   .228   1.66   .217  -.009   1
  33 EHV0720b 1287 1624    338     12      3    .574    .65   1.92   .314   .853   .217   1.62   .212   .006   1
  34 EHV0721a 1308 1576    269      9      0    .691    .45    .83   .142   .570   .236   1.66   .231  -.011   1
  35 EHV0721b 1307 1551    245      8      0    .648    .43   1.11   .167   .654   .253   1.81   .239  -.000   1
  36 EHV0722z 1234 1526    293     10      0    .657    .40   1.45   .263   .859   .271   1.65   .253  -.009   1
  37 EHV0723a 1244 1460    217      7      0    .600    .61   1.39   .199   .706   .189   1.60   .179   .054   1
  38 EHV0723b 1244 1477    234      8      0    .600    .61   1.63   .254   .802   .196   1.59   .191   .056   1
  39 EHV0724z 1211 1526    316     11      0    .504    .57   2.85   .373   .884   .250   1.60   .228   .005   1
  40 EHV0725z 1279 1509    231      7      0    .586    .94   2.00   .336   .724   .218   1.60   .227  -.008   1
  41 EHV0726a 1193 1251     59      1      0    .538   1.13   2.76   .473   .725   .219   1.67   .262   .034   1
  42 EHV0726b 1165 1250     86      1      0    .467   1.27   3.85   .715   .714   .290   1.84   .285  -.049   3
  43 EHV0727a 1376 1610    235      7      0    .645    .64   1.51   .314   .816   .224   1.47   .206   .062   1
  44 EHV0727b 1377 1577    201      6      0    .545    .51   1.70   .278   .798   .225   2.31   .224   .068   0
  45 EHV0728a 1318 1641    324     11      3    .475    .71   2.49   .399   .884   .195   1.62   .187   .024   1
  46 EHV0728b 1318 1641    324     11      1    .498    .72   2.48   .375   .878   .189   1.54   .182   .004   1
  47 EHV0729z 1243 1555    313     11      2    .506    .74   2.65   .393   .830   .205   1.92   .209   .067   2
  48 EHV0730a 1249 1501    253      9      1    .670    .84   3.07   .570   .907   .197   1.67   .201  -.003   1
  49 EHV0730b 1241 1286     46      0      0    .655   1.99   2.93   .489   .432   .186   1.46   .170  -.015   0
  50 EHV0731a 1295 1721    427     15      0    .762    .55   1.44   .227   .727   .229   1.82   .220   .031   3
  51 EHV0731b 1296 1720    425     15      0    .725    .54   1.28   .229   .769   .219   1.95   .222   .013   3
  52 EHV0732z 1249 1697    449     16      3    .506    .39   1.19   .194   .763   .274   1.99   .258   .009   1
  53 EHV0733z 1538 1719    182      5      0    .761   1.01   2.60   .428   .785   .206   1.72   .200   .017   2
  54 EHV0734a 1374 1685    312     11      0    .598    .56   1.37   .251   .774   .242   1.86   .255  -.028   1
  55 EHV0734b 1374 1693    320     11      0    .595    .64   1.84   .317   .805   .226   2.15   .249   .020   1
  56 EHV0735a 1254 1454    201      6      0    .655    .98   2.13   .350   .772   .187   1.47   .170   .008   3
  57 EHV0735b 1254 1401    148      4      0    .706   1.03   2.05   .393   .763   .205   1.60   .197   .099   0
  58 EHV0736a 1732 1842    111      2      0    .408   1.04   3.12   .689   .822   .252   1.53   .226   .108   0
  59 EHV0736b 1732 1799     68      1      1    .317   1.64   3.30   .730   .690   .265   1.46   .231   .050   0
  60 EHV0737a 1331 1639    309     10      0    .720    .46   1.88   .182   .673   .216   1.76   .224   .040   3
  61 EHV0737b 1332 1673    342     11      0    .709    .42   2.08   .191   .658   .228   1.78   .223   .062   3
 --- -------- ---------  -----  -----  -----   ------ -----  -----  -----  -----  -----  -----  -----  -----  --
 Total or mean:          19856    668     43    .617    .80   6.38   .403   .791   .226   2.33   .223   .009

 DATA CHECKS (rwl.check): grc050
-----------------------------------------------------------------------------------------------------------------------------------
 rwl.check: data_files/treering/measurements/europe/grc050.rwl
 61 series, 19856 measurements, 1165-2017, 0.01 mm precision
 0 error(s), 0 warning(s), 2 note(s)
 -------------
 Nothing to report at this severity.
 2 note(s) not shown; see rwl.check() or the 'check' element of this report.

 NOTES
-----------------------------------------------------------------------------------------------------------------------------------
 Report generated using dplR 1.8.1 (R 4.5.2) on 2026-10-01 16:50 PDT.
 Measurement file grc050.rwl, MD5 3f845c3aeadda9ea4d3c889a0efc371a.
 Filtering: each series divided by a 32-year smoothing spline (caps()), then prewhitened with
   an AR model (order by AIC, at most 3).
 Master: biweight robust mean of the other series (leave-one-out).
 Correlation: Pearson, one-tailed, pcrit = 0.01; critical r = 0.3281 for 50-year segments.
 Segments: 50 years, lagged 25, first segment floored to 100. Lags searched: +/- 10 years.
 A segment is tested only where the series and the master cover all of it, at the dated
   position and at every lag. COFECHA also tests partial segments at the ends of a series, so
   series here may show fewer segments, and no flags can be raised at the ends of the record.
 Lags follow COFECHA: negative means rings are probably missing from the series, positive means
   false rings. A missing ring carries its lag into every segment before it, so look where the
   lag changes along a series. A B flag is a hypothesis to check on the wood; the gain says how
   seriously to take it.
 A B flag marked "weak at every lag" correlates under the critical value even at its best lag:
   the segment is weak wherever it is placed, and the shift is not evidence of a dating error.
   Treat it as a low correlation, like an A.
 Averages in the summary and the totals are weighted by the number of years in each series, as
   COFECHA's are.
 Unfiltered block and mean sensitivity: the measurements as read, and sens1().
 dplR filtered block: the series that was correlated, after filtering. COFECHA's filtered
   series is defined differently, so these three columns are not COFECHA's numbers.
 AR: order of the AR model used to prewhiten.
