
 COFECHA-style crossdating report: nor033
 Report generated using dplR 1.8.1 (R 4.5.2) on 2026-10-01 16:50 PDT
 Built with dplR's xdate.report(), not COFECHA; see the notes at the end.


      Measurement file name  : nor033.rwl
      MD5 of measurement file: a223b95700ec99779a9b6de90882c7e4
      Date checked           : 01OCT26
      Beginning year         : 1775
      Ending year            : 2011
      Principal investigators: Esper, J.
      Site name              : Laevajoki ENL01
      Species information    : PISY Pinus sylvestris L.
      Latitude               : 69.9300 N
      Longitude              : 26.4500 E
      Elevation              : 110 m

      Series intercorrelation: 0.576
      Avg mean sensitivity   : 0.218
      Avg standard deviation : 0.415
      Avg autocorrelation    : 0.745
      Number dated series    : 101
      Segment length tested  : 50

      Number problem segments: 4  (A 0, B 4; 3 of the B weak at every lag)
      Pct problem segments   : 2.33


 CORRELATION OF SERIES BY SEGMENTS: nor033
-----------------------------------------------------------------------------------------------------------------------------------
 Correlations of  50-year dated segments, lagged  25 years
 Flags:  A = correlation under   .3281 but highest as dated;  B = correlation higher at other than dated position

 Seq Series  Time_span  1800 1825 1850 1875 1900 1925 1950 
                        1849 1874 1899 1924 1949 1974 1999 
 --- -------- ---------  ---- ---- ---- ---- ---- ---- ---- 
   3 ENL0102A 1775 2011  .01B .06B .64  .70  .69  .64  .52 
   4 ENL0102B 1775 2011  .18B .43  .67  .71  .71  .59  .45 
   5 ENL0103A 1871 2011                 .75  .71  .78  .76 
   6 ENL0103B 1858 2011                 .71  .68  .68  .71 
   7 ENL0105A 1831 2011            .45  .35  .42  .75  .72 
   8 ENL0105B 1829 2011            .58  .59  .62  .78  .69 
  11 ENL0107A 1937 2011                                .64 
  12 ENL0107B 1932 2011                                .75 
  19 ENL0111A 1909 2011                           .57  .55 
  20 ENL0111B 1904 2011                           .75  .62 
  21 ENL0112A 1827 2011            .47  .72  .71  .73  .56 
  22 ENL0112B 1850 2011                 .69  .64  .49  .51 
  25 ENL0114A 1875 2011                      .74  .74  .78 
  26 ENL0114B 1874 2011                      .57  .73  .72 
  33 ENL0118A 1898 2011                      .56  .60  .57 
  34 ENL0118B 1891 2011                      .60  .65  .70 
  35 ENL0118C 1843 2011            .38  .70  .64  .69  .68 
  36 ENL0119A 1931 2011                                .78 
  37 ENL0119B 1931 2011                                .70 
  38 ENL0120A 1806 2011       .59  .80  .83  .83  .84  .80 
  39 ENL0120B 1827 2011            .63  .81  .79  .72  .69 
  40 ENL0121A 1833 2011            .77  .75  .73  .68  .61 
  41 ENL0121B 1836 2011            .70  .67  .67  .64  .63 
  42 ENL0122A 1867 2011                 .82  .86  .81  .70 
  43 ENL0122B 1854 2011                 .79  .76  .73  .71 
  48 ENL0125A 1847 2011            .57  .77  .76  .72  .74 
  49 ENL0125B 1845 2011            .68  .78  .81  .80  .80 
  54 ENL0128A 1941 2011                                .68 
  55 ENL0128B 1941 2011                                .60 
  56 ENL0129A 1909 2011                           .65  .74 
  57 ENL0129B 1909 2011                           .65  .63 
  58 ENL0130A 1921 2011                           .42  .56 
  59 ENL0130B 1921 2011                           .36  .61 
  62 ENL0132A 1890 2011                      .68  .69  .71 
  63 ENL0132B 1839 2011            .20B .48  .79  .80  .77 
  68 ENL0135A 1875 2011                      .76  .73  .70 
  69 ENL0135B 1870 2011                 .70  .67  .69  .71 
  70 ENL0136A 1929 2011                                .34 
  71 ENL0136B 1929 2011                                .43 
  72 ENL0137A 1938 2011                                .64 
  73 ENL0137B 1934 2011                                .70 
  86 ENL0144A 1847 2011            .81  .79  .68  .74  .80 
  87 ENL0144B 1832 2011            .59  .67  .73  .80  .75 
  90 ENL0146A 1938 2011                                .57 
  91 ENL0146B 1938 2011                                .68 
  92 ENL0147A 1888 2011                      .69  .60  .50 
  93 ENL0147B 1886 2011                      .68  .74  .74 
  94 ENL0148A 1825 2011            .38  .73  .75  .77  .69 
  95 ENL0148B 1812 2011       .41  .63  .69  .61  .75  .75 
  96 ENL0149A 1830 2011            .78  .78  .77  .83  .72 
  97 ENL0149B 1854 2011                 .77  .76  .80  .80 
 Av segment correlation  .10  .37  .60  .71  .70  .70  .67 

 FLAGGED SEGMENTS: nor033
-----------------------------------------------------------------------------------------------------------------------------------
 Seq Series   Segment    Flag  r dated  Best lag  r at lag   Gain  Note
 --- -------- ---------  ----  -------  --------  --------  -----  -----------------
   3 ENL0102A 1800 1849     B     .008        -1      .335   .327
   3 ENL0102A 1825 1874     B     .057        -7      .311   .254  weak at every lag
   4 ENL0102B 1800 1849     B     .184        -1      .266   .082  weak at every lag
  63 ENL0132B 1850 1899     B     .202       -10      .237   .035  weak at every lag

 DESCRIPTIVE STATISTICS: nor033
-----------------------------------------------------------------------------------------------------------------------------------

                                                Corr   //-------- Unfiltered --------\\  //-- dplR filtered --\\
                           No.    No.    No.    with   Mean   Max     Std   Auto   Mean   Max     Std   Auto  AR
 Seq Series   Interval   Years  Segmt  Flags   Master  msmt   msmt    dev   corr   sens  value    dev   corr  ()
 --- -------- ---------  -----  -----  -----   ------ -----  -----  -----  -----  -----  -----  -----  -----  --
   1 ENL0101A 1991 2011     21      0      0    .334   1.89   2.88   .705   .800   .228   1.33   .188   .005   2
   2 ENL0101B 1991 2011     21      0      0    .425   1.80   2.54   .656   .702   .215   1.53   .240   .089   2
   3 ENL0102A 1775 2011    237      7      2    .370    .41   1.37   .285   .845   .309   2.37   .343  -.014   1
   4 ENL0102B 1775 2011    237      7      1    .464    .31   1.69   .233   .838   .359   2.05   .361   .017   1
   5 ENL0103A 1871 2011    141      4      0    .696    .70   2.94   .449   .910   .183   1.53   .179   .017   1
   6 ENL0103B 1858 2011    154      4      0    .668    .64   1.56   .269   .808   .210   1.59   .199   .015   1
   7 ENL0105A 1831 2011    181      5      0    .474    .79   1.86   .221   .628   .191   1.67   .199  -.019   3
   8 ENL0105B 1829 2011    183      5      0    .621    .81   1.90   .256   .677   .197   1.52   .204   .018   1
   9 ENL0106A 1982 2011     30      0      0    .356   1.08   1.44   .214   .630   .130   1.27   .127   .021   2
  10 ENL0106B 1982 2011     30      0      0    .470   1.26   2.20   .372   .767   .156   1.39   .148   .053   1
  11 ENL0107A 1937 2011     75      1      0    .657   1.54   2.79   .430   .584   .194   1.43   .172   .046   2
  12 ENL0107B 1932 2011     80      1      0    .724   1.49   3.14   .716   .854   .194   1.60   .192   .049   2
  13 ENL0108A 1994 2011     18      0      0    .571   1.43   2.33   .547   .428   .286   1.33   .294  -.003   2
  14 ENL0108B 1994 2011     18      0      0    .664   1.70   2.76   .616   .646   .220   1.43   .230  -.112   1
  15 ENL0109A 1974 2011     38      0      0    .248   1.09   1.95   .363   .605   .245   1.54   .248   .169   3
  16 ENL0109B 1974 2011     38      0      0    .372   1.14   1.78   .381   .659   .250   1.49   .210  -.055   3
  17 ENL0110A 1991 2011     21      0      0    .451   1.13   2.00   .469   .560   .295   1.56   .319   .094   1
  18 ENL0110B 1991 2011     21      0      0    .523   1.14   1.95   .533   .754   .266   1.39   .281   .134   1
  19 ENL0111A 1909 2011    103      2      0    .541   1.12   2.59   .469   .848   .180   1.72   .196   .074   1
  20 ENL0111B 1904 2011    108      2      0    .583   1.12   2.91   .544   .876   .180   1.49   .198   .041   1
  21 ENL0112A 1827 2011    185      5      0    .528    .66   1.95   .344   .819   .247   2.16   .279   .006   2
  22 ENL0112B 1850 2011    162      4      0    .525    .58   1.46   .232   .684   .244   1.90   .255   .014   2
  23 ENL0113A 1993 2011     19      0      0    .562   1.71   2.91   .624   .728   .262   1.31   .244   .115   1
  24 ENL0113B 1993 2011     19      0      0    .447   1.74   2.77   .607   .673   .235   1.40   .237   .047   1
  25 ENL0114A 1875 2011    137      3      0    .717    .91   1.69   .275   .661   .197   1.72   .199   .006   2
  26 ENL0114B 1874 2011    138      3      0    .631    .96   1.82   .351   .733   .210   1.74   .212   .063   3
  27 ENL0115A 1985 2011     27      0      0    .496   1.49   2.53   .415   .555   .189   1.60   .230   .238   1
  28 ENL0115B 1985 2011     27      0      0    .470   1.32   2.04   .441   .585   .254   1.43   .271   .162   1
  29 ENL0116A 1970 2011     42      0      0    .293   2.00   3.41   .654   .667   .214   1.46   .222   .022   2
  30 ENL0116B 1970 2011     42      0      0    .014   1.84   3.96   .864   .701   .276   1.73   .294   .027   2
  31 ENL0117A 1986 2011     26      0      0    .344   1.34   2.12   .447   .518   .255   1.51   .259   .167   1
  32 ENL0117B 1986 2011     26      0      0    .313   1.55   2.80   .626   .619   .272   1.49   .281   .144   1
  33 ENL0118A 1898 2011    114      3      0    .569    .56   1.04   .160   .499   .226   1.84   .230   .026   1
  34 ENL0118B 1891 2011    121      3      0    .669    .52   1.00   .168   .513   .223   1.91   .257   .014   1
  35 ENL0118C 1843 2011    169      5      0    .546    .35    .74   .113   .393   .275   1.95   .272   .010   2
  36 ENL0119A 1931 2011     81      1      0    .730   1.57   3.09   .478   .571   .215   1.60   .223  -.003   1
  37 ENL0119B 1931 2011     81      1      0    .672   1.40   2.67   .600   .755   .228   1.71   .276  -.004   2
  38 ENL0120A 1806 2011    206      6      0    .667    .88   2.00   .372   .722   .234   2.58   .275  -.021   2
  39 ENL0120B 1827 2011    185      5      0    .696   1.02   2.25   .373   .709   .212   1.72   .220  -.002   2
  40 ENL0121A 1833 2011    179      5      0    .694    .93   2.27   .492   .889   .198   1.74   .203   .015   3
  41 ENL0121B 1836 2011    176      5      0    .648   1.11   2.54   .457   .851   .180   1.68   .181   .050   3
  42 ENL0122A 1867 2011    145      4      0    .774   1.21   4.24   .719   .906   .183   1.63   .190  -.006   1
  43 ENL0122B 1854 2011    158      4      0    .681   1.43   7.57  1.280   .933   .201   1.56   .206   .004   1
  44 ENL0123A 2002 2011     10      0      0   -.241   1.03   1.51   .451   .623   .271   1.30   .332   .448   1
  45 ENL0123B 2002 2011     10      0      0   -.226    .95   1.41   .366   .586   .268   1.36   .290   .143   1
  46 ENL0124A 2001 2011     11      0      0   -.187   1.21   2.18   .643   .349   .452   1.76   .514   .335   0
  47 ENL0124B 2001 2009      9      0      0   -.094   1.19   1.74   .395   .413   .276   1.27   .224   .264   0
  48 ENL0125A 1847 2011    165      5      0    .711    .73   1.70   .266   .662   .218   1.77   .238   .012   2
  49 ENL0125B 1845 2011    167      5      0    .753    .86   3.25   .510   .899   .188   1.68   .200   .015   1
  50 ENL0126A 1983 2011     29      0      0    .491   1.93   2.69   .447   .646   .176   1.39   .159   .139   0
  51 ENL0126B 1983 2011     29      0      0    .440   1.81   2.54   .347   .290   .192   1.37   .172   .156   0
  52 ENL0127A 1994 2011     18      0      0    .213   1.99   2.81   .582   .721   .194   1.29   .180  -.021   1
  53 ENL0127B 1994 2011     18      0      0    .070   2.07   3.10   .653   .755   .186   1.32   .189  -.172   1
  54 ENL0128A 1941 2011     71      1      0    .654   1.18   2.10   .404   .761   .172   1.62   .184  -.034   2
  55 ENL0128B 1941 2011     71      1      0    .589   1.09   2.02   .345   .746   .163   1.50   .189   .032   1
  56 ENL0129A 1909 2011    103      2      0    .599   1.19   2.67   .563   .903   .168   1.68   .186   .050   1
  57 ENL0129B 1909 2011    103      2      0    .520   1.17   2.79   .568   .736   .256   2.45   .296   .015   2
  58 ENL0130A 1921 2011     91      2      0    .368    .48   1.22   .250   .695   .254   1.96   .253   .060   0
  59 ENL0130B 1921 2011     91      2      0    .362    .43   1.27   .237   .731   .268   2.09   .280   .032   1
  60 ENL0131A 1992 2011     20      0      0    .279    .69   1.15   .293   .540   .279   1.62   .335   .250   0
  61 ENL0131B 1992 2010     19      0      0    .385    .70   1.26   .255   .138   .301   1.78   .337   .054   0
  62 ENL0132A 1890 2011    122      3      0    .679   1.42   2.42   .433   .778   .158   1.45   .168  -.007   2
  63 ENL0132B 1839 2011    173      5      1    .493    .71   1.45   .288   .791   .208   2.10   .234  -.009   2
  64 ENL0133A 1995 2011     17      0      0    .357   1.53   2.57   .602   .742   .268   1.36   .280   .295   1
  65 ENL0133B 1995 2011     17      0      0    .048   1.91   3.32   .900   .831   .245   1.50   .223  -.237   2
  66 ENL0134A 1989 2011     23      0      0    .552   1.74   2.92   .731   .774   .219   1.32   .239   .077   1
  67 ENL0134B 1989 2011     23      0      0    .479   1.86   2.81   .628   .689   .215   1.35   .207  -.035   1
  68 ENL0135A 1875 2011    137      3      0    .748    .39   1.49   .243   .850   .255   1.66   .245   .022   2
  69 ENL0135B 1870 2011    142      4      0    .695    .49   1.96   .297   .836   .244   1.72   .256   .009   3
  70 ENL0136A 1929 2011     83      1      0    .294    .46    .99   .183   .661   .214   1.86   .244   .067   1
  71 ENL0136B 1929 2011     83      1      0    .323    .39   1.04   .176   .677   .213   1.67   .222   .064   1
  72 ENL0137A 1938 2011     74      1      0    .607   1.24   2.04   .370   .714   .168   1.47   .173   .034   2
  73 ENL0137B 1934 2011     78      1      0    .700   1.16   2.24   .347   .733   .154   1.31   .149   .073   1
  74 ENL0138A 2004 2011      8      0      0    .194   1.34   2.11   .634   .249   .331   1.44   .396   .121   0
  75 ENL0138B 2004 2011      8      0      0    .272   1.31   1.94   .489   .241   .253   1.30   .312   .044   0
  76 ENL0139A 1987 2011     25      0      0    .489   1.64   2.00   .278   .112   .181   1.25   .162   .021   0
  77 ENL0139B 1987 2011     25      0      0    .602   1.63   2.39   .327   .336   .182   1.39   .181   .228   0
  78 ENL0140A 1964 2011     48      0      0    .584   2.03   3.46   .705   .834   .177   1.29   .190   .395   1
  79 ENL0140B 1962 2011     50      0      0    .541   1.77   3.20   .667   .838   .182   1.29   .173   .087   2
  80 ENL0141A 1997 2011     15      0      0    .669   2.21   3.77   .830   .704   .235   1.32   .246   .039   1
  81 ENL0141B 1997 2011     15      0      0    .611   2.29   3.54   .808   .815   .192   1.31   .173  -.298   2
  82 ENL0142A 1994 2011     18      0      0    .545   1.65   2.69   .461   .575   .178   1.53   .198   .089   1
  83 ENL0142B 1994 2011     18      0      0   -.014   1.30   1.92   .377   .549   .223   1.48   .230   .144   1
  84 ENL0143A 1988 2011     24      0      0    .270   1.65   2.61   .508   .767   .162   1.38   .186   .137   1
  85 ENL0143B 1988 2011     24      0      0    .396   1.91   2.86   .495   .568   .178   1.37   .189   .274   0
  86 ENL0144A 1847 2011    165      5      0    .751    .89   2.37   .441   .887   .171   1.53   .185   .022   3
  87 ENL0144B 1832 2011    180      5      0    .678    .98   2.81   .588   .920   .186   1.56   .186   .026   1
  88 ENL0145A 1963 2011     49      0      0    .663   2.15   4.23   .473   .429   .156   1.86   .187   .044   1
  89 ENL0145B 1963 2011     49      0      0    .651   2.03   3.46   .479   .659   .151   1.54   .164   .083   1
  90 ENL0146A 1938 2011     74      1      0    .559   1.14   1.98   .398   .731   .207   1.55   .213  -.063   1
  91 ENL0146B 1938 2011     74      1      0    .645   1.46   3.34   .583   .812   .192   1.55   .204  -.001   1
  92 ENL0147A 1888 2011    124      3      0    .531   1.48   3.21   .705   .856   .227   1.71   .223   .019   3
  93 ENL0147B 1886 2011    126      3      0    .637    .93   2.96   .523   .805   .210   1.89   .258   .001   2
  94 ENL0148A 1825 2011    187      5      0    .585    .92   2.98   .449   .775   .234   1.94   .255   .023   2
  95 ENL0148B 1812 2011    200      6      0    .493    .79   3.08   .460   .842   .247   1.77   .255  -.013   2
  96 ENL0149A 1830 2011    182      5      0    .671    .78   1.69   .293   .740   .219   1.75   .225   .014   2
  97 ENL0149B 1854 2011    158      4      0    .735    .97   2.21   .365   .750   .208   2.01   .218   .016   2
  98 ENL0150A 1997 2011     15      0      0   -.221   1.14   1.80   .277   .543   .193   1.39   .204   .111   1
  99 ENL0150B 1997 2011     15      0      0    .162   1.36   1.99   .345   .590   .176   1.43   .197  -.083   1
 100 ENL0151A 1980 2011     32      0      0    .383   1.60   2.94   .463   .473   .255   1.57   .233   .095   1
 101 ENL0151B 1980 2011     32      0      0    .531   1.42   2.82   .428   .554   .173   1.71   .215   .071   2
 --- -------- ---------  -----  -----  -----   ------ -----  -----  -----  -----  -----  -----  -----  -----  --
 Total or mean:           8167    172      4    .576    .98   7.57   .415   .745   .218   2.58   .230   .026

 DATA CHECKS (rwl.check): nor033
-----------------------------------------------------------------------------------------------------------------------------------
 rwl.check: data_files/treering/measurements/europe/nor033.rwl
 101 series, 8167 measurements, 1775-2011, 0.01 mm precision
 0 error(s), 0 warning(s), 49 note(s)
 -------------
 Nothing to report at this severity.
 49 note(s) not shown; see rwl.check() or the 'check' element of this report.

 NOTES
-----------------------------------------------------------------------------------------------------------------------------------
 Report generated using dplR 1.8.1 (R 4.5.2) on 2026-10-01 16:50 PDT.
 Measurement file nor033.rwl, MD5 a223b95700ec99779a9b6de90882c7e4.
 Filtering: each series divided by a 32-year smoothing spline (caps()), then prewhitened with
   an AR model (order by AIC, at most 3).
 Master: biweight robust mean of the other series (leave-one-out).
 Correlation: Pearson, one-tailed, pcrit = 0.01; critical r = 0.3281 for 50-year segments.
 Segments: 50 years, lagged 25, first segment floored to 100. Lags searched: +/- 10 years.
 A segment is tested only where the series and the master cover all of it, at the dated
   position and at every lag. COFECHA also tests partial segments at the ends of a series, so
   series here may show fewer segments, and no flags can be raised at the ends of the record.
 Lags follow COFECHA: negative means rings are probably missing from the series, positive means
   false rings. A missing ring carries its lag into every segment before it, so look where the
   lag changes along a series. A B flag is a hypothesis to check on the wood; the gain says how
   seriously to take it.
 A B flag marked "weak at every lag" correlates under the critical value even at its best lag:
   the segment is weak wherever it is placed, and the shift is not evidence of a dating error.
   Treat it as a low correlation, like an A.
 Averages in the summary and the totals are weighted by the number of years in each series, as
   COFECHA's are.
 Unfiltered block and mean sensitivity: the measurements as read, and sens1().
 dplR filtered block: the series that was correlated, after filtering. COFECHA's filtered
   series is defined differently, so these three columns are not COFECHA's numbers.
 AR: order of the AR model used to prewhiten.
