
 COFECHA-style crossdating report: norw010
 Report generated using dplR 1.8.1 (R 4.5.2) on 2026-10-01 16:56 PDT
 Built with dplR's xdate.report(), not COFECHA; see the notes at the end.


      Measurement file name  : norw010.rwl
      MD5 of measurement file: 4ad8396226e8afdea7be0aaf7b172c31
      Date checked           : 01OCT26
      Beginning year         : 877
      Ending year            : 1994
      Principal investigators: Kirchhefer, A.J.
      Site name              : Forfjorddalen 2
      Species information    : PISY Pinus sylvestris L.
      Latitude               : 68.8000 N
      Longitude              : 15.7300 E
      Elevation              : 110 m

      Series intercorrelation: 0.678
      Avg mean sensitivity   : 0.247
      Avg standard deviation : 0.239
      Avg autocorrelation    : 0.763
      Number dated series    : 71
      Segment length tested  : 50

      Number problem segments: 3  (A 2, B 1)
      Pct problem segments   : 0.50


 CORRELATION OF SERIES BY SEGMENTS: norw010
-----------------------------------------------------------------------------------------------------------------------------------
 Correlations of  50-year dated segments, lagged  25 years
 Flags:  A = correlation under   .3281 but highest as dated;  B = correlation higher at other than dated position

 Seq Series  Time_span   900  925  950  975 1000 1025 1050 1075 1100 1125 1150 1175 1200 1225 1250 1275 1300 1325 1350 1375 
                         949  974  999 1024 1049 1074 1099 1124 1149 1174 1199 1224 1249 1274 1299 1324 1349 1374 1399 1424 
 --- -------- ---------  ---- ---- ---- ---- ---- ---- ---- ---- ---- ---- ---- ---- ---- ---- ---- ---- ---- ---- ---- ---- 
  23 ff213a   1239 1438                                                                        .53  .67  .73  .68  .67  .58 
  24 ff213b   1245 1409                                                                        .74  .70  .68  .58  .63      
  29 ff217a   1175 1320                                                              .55  .76  .72                          
  30 ff217b   1151 1271                                                         .61  .64                                    
  53 ff252b   1282 1617                                                                                  .73  .74  .71  .56 
  54 ff253a   1323 1575                                                                                       .61  .43  .42 
  56 ff254a   1342 1576                                                                                            .64  .66 
  57 ff254b   1342 1576                                                                                            .48  .62 
  58 ff255a   1199 1454                                                              .72  .72  .73  .54  .58  .60  .65  .57 
  59 ff255b   1144 1412                                                    .50  .63  .70  .73  .70  .56  .57  .57  .51      
  60 ff256a   1277 1536                                                                                  .75  .73  .75  .70 
  61 ff256b   1357 1536                                                                                                 .82 
  62 ff257b   1359 1521                                                                                                 .76 
  64 ff258a   1241 1406                                                                        .78  .71  .80  .75  .77      
  65 ff258b   1244 1413                                                                        .72  .63  .73  .72  .76      
  66 ff259a    877 1077            .30A .72  .73  .65                                                                       
  67 ff259b    945 1295            .30A .72  .73  .65                      .52  .55  .58  .68                               
  68 ff260b   1297 1557                                                                                  .68  .69  .74  .65 
  69 ff260c   1254 1530                                                                             .62  .77  .88  .76  .61 
  70 ff263a   1358 1900                                                                                                 .60 
 Av segment correlation            .30  .72  .73  .65                      .51  .60  .64  .72  .71  .63  .70  .69  .65  .63 

 CORRELATION OF SERIES BY SEGMENTS: norw010
-----------------------------------------------------------------------------------------------------------------------------------
 Correlations of  50-year dated segments, lagged  25 years
 Flags:  A = correlation under   .3281 but highest as dated;  B = correlation higher at other than dated position

 Seq Series  Time_span  1400 1425 1450 1475 1500 1525 1550 1575 1600 1625 1650 1675 1700 1725 1750 1775 1800 1825 1850 1875 
                        1449 1474 1499 1524 1549 1574 1599 1624 1649 1674 1699 1724 1749 1774 1799 1824 1849 1874 1899 1924 
 --- -------- ---------  ---- ---- ---- ---- ---- ---- ---- ---- ---- ---- ---- ---- ---- ---- ---- ---- ---- ---- ---- ---- 
   1 ff201a   1470 1674                 .35  .77  .75  .78  .83  .79  .74                                                   
   2 ff201b   1483 1601                      .74  .77  .71                                                                  
   3 ff202a   1593 1858                                          .78  .71  .63  .76  .81  .77  .68  .62  .62                
   4 ff202b   1568 1849                                     .56  .62  .58  .54  .71  .79  .76  .75  .74  .73                
   5 ff203a   1785 1992                                                                                  .71  .66  .81  .86 
   6 ff203b   1848 1992                                                                                            .78  .76 
   7 ff204a   1693 1992                                                              .58  .61  .73  .79  .80  .92  .88  .85 
   8 ff204b   1692 1992                                                              .68  .70  .68  .66  .72  .87  .89  .85 
   9 ff205a   1776 1992                                                                                  .39  .52  .72  .72 
  10 ff205b   1777 1992                                                                                  .40  .49  .67  .75 
  11 ff207a   1723 1992                                                                   .71  .80  .81  .73  .77  .80  .81 
  12 ff207b   1701 1992                                                                   .72  .78  .78  .70  .77  .74  .72 
  13 ff208a   1755 1992                                                                             .62  .60  .63  .73  .72 
  14 ff208b   1782 1992                                                                                  .59  .72  .80  .77 
  15 ff209a   1751 1992                                                                             .71  .75  .78  .83  .79 
  16 ff209b   1746 1992                                                                        .83  .80  .74  .60  .66  .77 
  17 ff210a   1794 1992                                                                                  .64  .70  .77  .79 
  18 ff210b   1781 1992                                                                                  .56  .79  .83  .80 
  19 ff211a   1782 1993                                                                                  .55  .47  .69  .78 
  20 ff211b   1767 1993                                                                             .48  .57  .56  .81  .76 
  21 ff212a   1723 1993                                                                   .64  .54  .44  .62  .69  .72  .72 
  22 ff212b   1724 1993                                                                   .68  .46  .34  .58  .53  .61  .70 
  25 ff214a   1521 1647                           .73  .80  .89                                                             
  26 ff214b   1441 1692            .50  .65  .75  .68  .73  .75  .72  .75                                                   
  27 ff216a   1686 1993                                                              .75  .66  .69  .69  .59  .54  .61  .64 
  28 ff216b   1690 1993                                                              .56  .45  .56  .72  .66  .68  .73  .74 
  31 ff218a   1407 1813       .62  .55  .44  .61  .66  .64  .68  .67  .62  .64  .76  .69  .59  .69                          
  32 ff218b   1439 1844            .64  .62  .64  .48  .46  .63  .59  .68  .65  .71  .75  .74  .71  .65                     
  33 ff220a   1704 1992                                                                   .73  .74  .84  .75  .74  .77  .73 
  34 ff220b   1708 1992                                                                   .68  .74  .80  .76  .75  .82  .85 
  35 ff221a   1507 1993                           .78  .60  .67  .69  .61  .63  .75  .72  .73  .74  .63  .65  .58  .58  .52 
  36 ff221b   1483 1856                      .63  .64  .54  .68  .70  .64  .67  .77  .80  .76  .72  .73  .74                
  37 ff222a   1561 1955                                     .67  .72  .74  .74  .83  .76  .70  .78  .78  .79  .73  .73  .75 
  38 ff222b   1553 1764                                     .82  .79  .74  .74  .79  .80                                    
  39 ff223a   1745 1992                                                                        .63  .71  .71  .71  .79  .78 
  40 ff223b   1739 1992                                                                        .48  .61  .72  .72  .81  .84 
  41 ff224a   1701 1992                                                                   .56  .69  .81  .74  .69  .77  .75 
  42 ff224b   1692 1992                                                              .38  .49  .66  .65  .68  .74  .69  .63 
  43 ff225a   1699 1993                                                                   .82  .75  .70  .60  .63  .79  .62 
  44 ff225b   1669 1993                                                         .51  .69  .76  .64  .65  .57  .52  .69  .67 
  45 ff228a   1685 1992                                                              .50  .64  .74  .61  .56  .73  .75  .69 
  46 ff228b   1723 1992                                                                   .74  .63  .35  .47  .75  .85  .86 
  47 ff229a   1602 1992                                               .60  .70  .79  .75  .58  .58  .75  .80  .82  .82  .82 
  48 ff229b   1641 1992                                                    .52  .68  .73  .77  .76  .64  .63  .75  .71  .69 
  49 ff230a   1639 1992                                                    .33  .63  .76  .73  .70  .75  .76  .81  .74  .63 
  50 ff230b   1685 1992                                                              .67  .61  .68  .74  .75  .74  .66  .63 
  51 ff251a   1608 1994                                               .57  .57  .77  .83  .71  .59  .71  .71  .71  .75  .75 
  52 ff252a   1395 1610  .52  .64  .70  .53  .66  .74  .71                                                                  
  53 ff252b   1282 1617  .52  .63  .65  .51  .68  .78  .75                                                                  
  54 ff253a   1323 1575  .62  .67  .69  .73  .65  .50                                                                       
  55 ff253c   1402 1531       .76  .75  .63                                                                                 
  56 ff254a   1342 1576  .47  .40  .37B .45  .68  .55                                                                       
  57 ff254b   1342 1576  .69  .57  .45  .39  .72  .68                                                                       
  58 ff255a   1199 1454  .49                                                                                                
  60 ff256a   1277 1536  .60  .72  .75  .67                                                                                 
  61 ff256b   1357 1536  .67  .65  .69  .70                                                                                 
  62 ff257b   1359 1521  .66  .68  .55                                                                                      
  63 ff257c   1444 1639            .54  .60  .68  .66  .71  .72                                                             
  68 ff260b   1297 1557  .59  .73  .71  .66  .79                                                                            
  69 ff260c   1254 1530  .57  .58  .59  .60                                                                                 
  70 ff263a   1358 1900  .65  .74  .65  .58  .79  .73  .61  .68  .68  .67  .71  .76  .70  .54  .48  .54  .62  .76  .84      
  71 ff263b   1375 1727  .66  .81  .78  .60  .79  .75  .59  .64  .66  .60  .46  .64                                         
 Av segment correlation  .59  .66  .62  .57  .71  .68  .66  .71  .70  .66  .61  .72  .70  .67  .68  .67  .66  .69  .75  .74 

 CORRELATION OF SERIES BY SEGMENTS: norw010
-----------------------------------------------------------------------------------------------------------------------------------
 Correlations of  50-year dated segments, lagged  25 years
 Flags:  A = correlation under   .3281 but highest as dated;  B = correlation higher at other than dated position

 Seq Series  Time_span  1900 1925 
                        1949 1974 
 --- -------- ---------  ---- ---- 
   5 ff203a   1785 1992  .84  .86 
   6 ff203b   1848 1992  .64  .68 
   7 ff204a   1693 1992  .87  .90 
   8 ff204b   1692 1992  .81  .80 
   9 ff205a   1776 1992  .81  .86 
  10 ff205b   1777 1992  .73  .77 
  11 ff207a   1723 1992  .82  .81 
  12 ff207b   1701 1992  .82  .82 
  13 ff208a   1755 1992  .61  .61 
  14 ff208b   1782 1992  .74  .78 
  15 ff209a   1751 1992  .76  .85 
  16 ff209b   1746 1992  .75  .82 
  17 ff210a   1794 1992  .86  .87 
  18 ff210b   1781 1992  .80  .86 
  19 ff211a   1782 1993  .80  .79 
  20 ff211b   1767 1993  .70  .85 
  21 ff212a   1723 1993  .79  .62 
  22 ff212b   1724 1993  .81  .73 
  27 ff216a   1686 1993  .65  .65 
  28 ff216b   1690 1993  .80  .84 
  33 ff220a   1704 1992  .77  .84 
  34 ff220b   1708 1992  .81  .86 
  35 ff221a   1507 1993  .42  .42 
  37 ff222a   1561 1955  .64      
  39 ff223a   1745 1992  .77  .79 
  40 ff223b   1739 1992  .75  .65 
  41 ff224a   1701 1992  .71  .75 
  42 ff224b   1692 1992  .66  .73 
  43 ff225a   1699 1993  .44  .55 
  44 ff225b   1669 1993  .47  .45 
  45 ff228a   1685 1992  .79  .88 
  46 ff228b   1723 1992  .86  .89 
  47 ff229a   1602 1992  .77  .71 
  48 ff229b   1641 1992  .81  .86 
  49 ff230a   1639 1992  .61  .68 
  50 ff230b   1685 1992  .68  .75 
  51 ff251a   1608 1994  .69  .55 
 Av segment correlation  .73  .75 

 FLAGGED SEGMENTS: norw010
-----------------------------------------------------------------------------------------------------------------------------------
 Seq Series   Segment    Flag  r dated  Best lag  r at lag   Gain  Note
 --- -------- ---------  ----  -------  --------  --------  -----  -----------------
  56 ff254a   1450 1499     B     .371         5      .385   .015
  66 ff259a    950  999     A     .299         0
  67 ff259b    950  999     A     .299         0

 DESCRIPTIVE STATISTICS: norw010
-----------------------------------------------------------------------------------------------------------------------------------

                                                Corr   //-------- Unfiltered --------\\  //-- dplR filtered --\\
                           No.    No.    No.    with   Mean   Max     Std   Auto   Mean   Max     Std   Auto  AR
 Seq Series   Interval   Years  Segmt  Flags   Master  msmt   msmt    dev   corr   sens  value    dev   corr  ()
 --- -------- ---------  -----  -----  -----   ------ -----  -----  -----  -----  -----  -----  -----  -----  --
   1 ff201a   1470 1674    205      7      0    .648    .38    .87   .181   .720   .282   1.66   .279  -.003   1
   2 ff201b   1483 1601    119      3      0    .741    .55   1.06   .189   .382   .305   1.73   .302   .027   1
   3 ff202a   1593 1858    266      9      0    .705    .67   1.82   .278   .752   .234   1.66   .230   .010   2
   4 ff202b   1568 1849    282     10      0    .664    .73   2.22   .302   .814   .204   1.69   .206   .020   1
   5 ff203a   1785 1992    208      6      0    .804    .66   2.16   .383   .839   .267   1.96   .279   .024   1
   6 ff203b   1848 1992    145      4      0    .749    .34    .84   .170   .645   .346   1.88   .339  -.011   2
   7 ff204a   1693 1992    300     10      0    .798    .74   1.60   .264   .689   .234   1.70   .227   .027   3
   8 ff204b   1692 1992    301     10      0    .772    .51   1.64   .260   .820   .238   1.92   .252   .012   2
   9 ff205a   1776 1992    217      6      0    .658    .95   2.05   .319   .687   .210   1.68   .213   .034   1
  10 ff205b   1777 1992    216      6      0    .654    .81   1.63   .297   .725   .213   1.67   .223   .032   1
  11 ff207a   1723 1992    270      9      0    .789    .65   2.15   .318   .823   .239   1.87   .247   .012   1
  12 ff207b   1701 1992    292      9      0    .752    .59   2.39   .388   .892   .255   1.82   .266  -.001   1
  13 ff208a   1755 1992    238      7      0    .648    .54   2.41   .398   .893   .302   1.64   .278   .010   2
  14 ff208b   1782 1992    211      6      0    .723    .55   1.91   .393   .891   .312   2.25   .310   .034   1
  15 ff209a   1751 1992    242      7      0    .788    .64   1.29   .268   .706   .276   1.82   .281  -.006   2
  16 ff209b   1746 1992    247      8      0    .721    .52   1.52   .301   .851   .294   2.09   .304  -.003   3
  17 ff210a   1794 1992    199      6      0    .779    .77   1.41   .256   .727   .207   1.51   .198   .027   3
  18 ff210b   1781 1992    212      6      0    .729    .74   1.59   .259   .730   .214   1.68   .204   .024   3
  19 ff211a   1782 1993    212      6      0    .693    .62   1.67   .310   .802   .239   1.99   .251   .003   2
  20 ff211b   1767 1993    227      7      0    .702    .67   2.13   .329   .842   .232   1.75   .232   .006   2
  21 ff212a   1723 1993    271      9      0    .636    .64   1.43   .220   .683   .217   1.72   .227   .033   1
  22 ff212b   1724 1993    270      9      0    .651    .63   1.32   .251   .794   .215   1.86   .224   .033   1
  23 ff213a   1239 1438    200      6      0    .590    .59   1.66   .242   .655   .271   1.93   .273  -.008   2
  24 ff213b   1245 1409    165      5      0    .657    .62   1.94   .268   .782   .241   1.55   .237   .034   1
  25 ff214a   1521 1647    127      3      0    .789    .35    .76   .155   .553   .380   1.93   .359   .038   1
  26 ff214b   1441 1692    252      8      0    .659    .33    .70   .151   .605   .345   2.00   .334   .008   2
  27 ff216a   1686 1993    308     10      0    .641    .40   1.69   .221   .790   .311   1.96   .299   .017   3
  28 ff216b   1690 1993    304     10      0    .676    .42   1.42   .246   .862   .269   2.10   .271   .010   1
  29 ff217a   1175 1320    146      3      0    .635    .77   1.51   .239   .808   .156   1.46   .168   .087   1
  30 ff217b   1151 1271    121      2      0    .579    .69   1.18   .176   .591   .175   1.66   .185  -.010   3
  31 ff218a   1407 1813    407     14      0    .618    .33   1.43   .175   .820   .221   2.21   .235   .025   1
  32 ff218b   1439 1844    406     14      0    .640    .20    .58   .086   .724   .276   1.77   .260   .016   1
  33 ff220a   1704 1992    289      9      0    .776    .62   2.46   .333   .766   .273   1.78   .285   .005   2
  34 ff220b   1708 1992    285      9      0    .795    .68   1.80   .303   .729   .266   1.88   .274   .013   2
  35 ff221a   1507 1993    487     17      0    .617    .35   1.23   .178   .840   .224   1.79   .224   .001   3
  36 ff221b   1483 1856    374     13      0    .683    .55   1.41   .212   .780   .214   1.69   .219  -.013   3
  37 ff222a   1561 1955    395     14      0    .725    .46   1.91   .314   .888   .250   1.87   .252   .013   1
  38 ff222b   1553 1764    212      6      0    .768    .57   2.03   .396   .908   .269   1.71   .251   .029   2
  39 ff223a   1745 1992    248      8      0    .728    .62   2.31   .389   .880   .231   1.68   .228   .018   1
  40 ff223b   1739 1992    254      8      0    .707    .56   1.97   .394   .908   .246   1.86   .242   .025   1
  41 ff224a   1701 1992    292      9      0    .694    .64   2.11   .369   .880   .229   1.73   .237   .016   1
  42 ff224b   1692 1992    301     10      0    .624    .53   1.65   .231   .727   .247   2.21   .256  -.000   2
  43 ff225a   1699 1993    295      9      0    .653    .42    .76   .128   .615   .209   1.89   .213   .008   2
  44 ff225b   1669 1993    325     11      0    .591    .28    .68   .099   .651   .232   1.97   .232   .015   1
  45 ff228a   1685 1992    308     10      0    .712    .51   1.48   .215   .748   .235   1.71   .233  -.011   2
  46 ff228b   1723 1992    270      9      0    .746    .50   1.13   .198   .702   .245   1.62   .249   .020   2
  47 ff229a   1602 1992    391     13      0    .702    .43   1.12   .162   .643   .266   1.80   .263  -.001   2
  48 ff229b   1641 1992    352     12      0    .723    .42   1.37   .237   .826   .302   2.15   .303  -.015   2
  49 ff230a   1639 1992    354     12      0    .685    .44   1.03   .171   .763   .222   1.60   .218  -.001   2
  50 ff230b   1685 1992    308     10      0    .691    .53   1.51   .227   .807   .208   1.99   .213   .010   2
  51 ff251a   1608 1994    387     13      0    .663    .78   2.48   .446   .860   .243   1.77   .250  -.011   1
  52 ff252a   1395 1610    216      7      0    .659    .52    .98   .161   .653   .207   1.60   .208   .031   1
  53 ff252b   1282 1617    336     11      0    .666    .56   1.33   .223   .784   .224   1.62   .227  -.001   2
  54 ff253a   1323 1575    253      9      0    .578    .24    .61   .110   .720   .303   1.88   .289  -.002   1
  55 ff253c   1402 1531    130      3      0    .629    .22    .46   .092   .746   .285   2.13   .296   .036   1
  56 ff254a   1342 1576    235      8      1    .509    .26    .84   .128   .573   .365   2.29   .351   .013   1
  57 ff254b   1342 1576    235      8      0    .543    .27    .82   .138   .701   .323   2.29   .320  -.002   2
  58 ff255a   1199 1454    256      9      0    .662    .47    .92   .143   .617   .213   1.63   .208   .015   1
  59 ff255b   1144 1412    269      9      0    .577    .40    .99   .155   .693   .253   1.69   .253   .019   1
  60 ff256a   1277 1536    260      8      0    .724    .40    .96   .170   .817   .232   1.56   .235   .040   1
  61 ff256b   1357 1536    180      5      0    .718    .31    .73   .139   .784   .277   1.84   .281   .024   1
  62 ff257b   1359 1521    163      4      0    .576    .43    .98   .168   .715   .240   1.74   .236  -.011   2
  63 ff257c   1444 1639    196      6      0    .617    .27    .54   .095   .600   .255   1.96   .263   .001   2
  64 ff258a   1241 1406    166      5      0    .770    .61   1.44   .207   .727   .206   1.51   .204  -.004   2
  65 ff258b   1244 1413    170      5      0    .728    .94   2.46   .313   .680   .208   1.78   .221   .045   1
  66 ff259a    877 1077    201      4      1    .495    .38    .85   .153   .713   .243   1.72   .241  -.004   2
  67 ff259b    945 1295    351      8      1    .513    .42   1.32   .188   .695   .287   1.83   .282   .017   1
  68 ff260b   1297 1557    261      9      0    .709    .32    .73   .127   .803   .194   2.21   .206   .000   1
  69 ff260c   1254 1530    277      9      0    .646    .57   1.16   .195   .827   .158   1.41   .162   .005   1
  70 ff263a   1358 1900    543     20      0    .676    .58   2.07   .292   .843   .220   1.78   .223   .022   1
  71 ff263b   1375 1727    353     12      0    .682    .71   2.19   .314   .827   .205   1.63   .223   .009   1
 --- -------- ---------  -----  -----  -----   ------ -----  -----  -----  -----  -----  -----  -----  -----  --
 Total or mean:          18764    596      3    .678    .52   2.48   .239   .763   .247   2.29   .248   .012

 DATA CHECKS (rwl.check): norw010
-----------------------------------------------------------------------------------------------------------------------------------
 rwl.check: data_files/treering/measurements/europe/norw010.rwl
 71 series, 18764 measurements, 877-1994, 0.001 mm precision
 0 error(s), 0 warning(s), 6 note(s)
 -------------
 Nothing to report at this severity.
 6 note(s) not shown; see rwl.check() or the 'check' element of this report.

 NOTES
-----------------------------------------------------------------------------------------------------------------------------------
 Report generated using dplR 1.8.1 (R 4.5.2) on 2026-10-01 16:56 PDT.
 Measurement file norw010.rwl, MD5 4ad8396226e8afdea7be0aaf7b172c31.
 Filtering: each series divided by a 32-year smoothing spline (caps()), then prewhitened with
   an AR model (order by AIC, at most 3).
 Master: biweight robust mean of the other series (leave-one-out).
 Correlation: Pearson, one-tailed, pcrit = 0.01; critical r = 0.3281 for 50-year segments.
 Segments: 50 years, lagged 25, first segment floored to 100. Lags searched: +/- 10 years.
 A segment is tested only where the series and the master cover all of it, at the dated
   position and at every lag. COFECHA also tests partial segments at the ends of a series, so
   series here may show fewer segments, and no flags can be raised at the ends of the record.
 Lags follow COFECHA: negative means rings are probably missing from the series, positive means
   false rings. A missing ring carries its lag into every segment before it, so look where the
   lag changes along a series. A B flag is a hypothesis to check on the wood; the gain says how
   seriously to take it.
 A B flag marked "weak at every lag" correlates under the critical value even at its best lag:
   the segment is weak wherever it is placed, and the shift is not evidence of a dating error.
   Treat it as a low correlation, like an A.
 Averages in the summary and the totals are weighted by the number of years in each series, as
   COFECHA's are.
 Unfiltered block and mean sensitivity: the measurements as read, and sens1().
 dplR filtered block: the series that was correlated, after filtering. COFECHA's filtered
   series is defined differently, so these three columns are not COFECHA's numbers.
 AR: order of the AR model used to prewhiten.
