
 COFECHA-style crossdating report: pola033
 Report generated using dplR 1.8.1 (R 4.5.2) on 2026-10-01 16:48 PDT
 Built with dplR's xdate.report(), not COFECHA; see the notes at the end.


      Measurement file name  : pola033.rwl
      MD5 of measurement file: 5363f4fd8c6b8ce54f6a585374e7825d
      Date checked           : 01OCT26
      Beginning year         : 1844
      Ending year            : 1999
      Principal investigators: Büntgen, U.; Esper, J.; Frank, D.C.; Nievergelt, D.; Verstege, A.
      Site name              : RotztokiNowarotztoka
      Species information    : PCAB Picea abies (L.) H. Karst.
      Latitude               : 49.2333 N
      Longitude              : 20.0833 E
      Elevation              : 1310 m

      Series intercorrelation: 0.586
      Avg mean sensitivity   : 0.174
      Avg standard deviation : 0.632
      Avg autocorrelation    : 0.866
      Number dated series    : 128
      Segment length tested  : 50

      Number problem segments: 6  (A 4, B 2; 1 of the B weak at every lag)
      Pct problem segments   : 1.87


 CORRELATION OF SERIES BY SEGMENTS: pola033
-----------------------------------------------------------------------------------------------------------------------------------
 Correlations of  50-year dated segments, lagged  25 years
 Flags:  A = correlation under   .3281 but highest as dated;  B = correlation higher at other than dated position

 Seq Series  Time_span  1900 1925 1950 
                        1949 1974 1999 
 --- -------- ---------  ---- ---- ---- 
   1 3_1a     1939 1999            .39 
   2 3_1b     1943 1999            .52 
   3 3_4a     1889 1999  .67  .69  .41 
   4 3_4b     1906 1999       .60  .32A
   5 3_5b     1877 1999  .75  .66  .68 
   6 3_6a     1883 1999  .63  .45  .39 
   7 3_6b     1889 1999  .68  .68  .72 
   8 3_8a     1863 1999  .81  .73  .73 
   9 3_8b     1874 1999  .67  .70  .67 
  10 3_10a    1869 1999  .52  .62  .63 
  11 3_11b    1920 1999       .66  .42 
  12 3_12a    1883 1999  .69  .54  .49 
  13 3_14a    1873 1999  .52  .31A .37 
  14 3_14b    1872 1999  .64  .66  .55 
  15 3_16a    1878 1999  .63  .76  .53 
  16 3_16b    1844 1999  .67  .74  .59 
  17 3_18a    1886 1999  .72  .72  .46 
  18 3_18b    1857 1999  .66  .71  .53 
  19 3_19a    1870 1999  .73  .60  .45 
  20 3_20a    1899 1999  .70  .68  .52 
  21 3_20b    1898 1999  .71  .64  .57 
  22 3_21a    1902 1999       .62  .46 
  23 3_21b    1912 1999       .53  .36B
  24 3_22a    1877 1999  .67  .48  .40 
  25 3_22b    1876 1999  .69  .51  .54 
  26 3_23a    1898 1999  .57  .55  .45 
  27 3_23b    1904 1999       .58  .47 
  28 3_24a    1900 1999       .70  .52 
  29 3_24b    1911 1999       .65  .53 
  30 3_25a    1896 1999  .87  .81  .62 
  31 3_25b    1894 1999  .80  .65  .56 
  32 3_26a    1919 1999       .59  .55 
  33 3_26b    1907 1999       .66  .43 
  34 3_27a    1898 1999  .71  .66  .54 
  35 3_27b    1898 1999  .68  .66  .39 
  36 3_28a    1904 1999       .77  .66 
  37 3_28b    1900 1999       .59  .57 
  38 3_29a    1896 1999  .65  .54  .41 
  39 3_29b    1893 1999  .72  .55  .38 
  40 3_31a    1926 1999            .52 
  41 3_31b    1932 1999            .36 
  42 3_33a    1902 1999       .59  .57 
  43 3_33b    1906 1999       .55  .60 
  44 3_34a    1907 1999       .62  .56 
  45 3_34b    1905 1999       .60  .60 
  46 3_37a    1906 1999       .69  .50 
  47 3_37b    1903 1999       .85  .61 
  48 3_39a    1909 1999       .61  .66 
  49 3_39b    1914 1999       .64  .69 
  50 3_40a    1915 1999       .72  .65 
  51 3_40b    1903 1999       .68  .56 
  52 3_41a    1908 1999       .80  .75 
  53 3_42a    1876 1999  .71  .63  .47 
  54 3_42b    1891 1999  .66  .58  .69 
  55 3_45a    1906 1999       .54  .52 
  56 3_47a    1907 1999       .48  .42 
  57 3_47b    1902 1999       .48  .60 
  58 3_48a    1932 1999            .60 
  59 3_48b    1932 1999            .64 
  60 3_51a    1917 1999       .66  .60 
  61 3_51b    1917 1999       .61  .73 
  62 3_52a    1895 1999  .84  .81  .78 
  63 3_52b    1896 1999  .75  .81  .76 
  64 3_54b    1918 1999       .72  .47 
  65 3_57a    1895 1999  .74  .53  .38 
  66 3_57b    1895 1999  .68  .56  .48 
  67 3_58a    1886 1999  .67  .59  .65 
  68 3_59a    1909 1999       .55  .42 
  69 3_59b    1919 1999       .71  .59 
  70 3_60a    1903 1999       .56  .43 
  71 3_60b    1908 1999       .77  .69 
  72 3_63a    1905 1999       .61  .74 
  73 3_63b    1897 1999  .68  .60  .68 
  74 3_65a    1915 1999       .48  .58 
  75 3_65b    1918 1999       .62  .56 
  76 3_66a    1900 1999       .79  .72 
  77 3_66b    1900 1999       .73  .65 
  78 3_67b    1899 1999  .45  .77  .61 
  79 3_68a    1907 1999       .58  .73 
  80 3_68b    1910 1999       .61  .71 
  81 3_70b    1908 1999       .65  .72 
  82 3_71a    1911 1999       .63  .66 
  83 3_71b    1910 1999       .55  .46 
  84 3_72a    1872 1999  .76  .73  .53 
  85 3_74a    1871 1999  .48  .39  .41 
  86 3_76a    1870 1999  .72  .61  .55 
  87 3_76b    1873 1999  .66  .50  .48 
  88 3_78a    1886 1999  .83  .80  .65 
  89 3_79b    1878 1999  .79  .78  .65 
  90 3_80b    1879 1999  .72  .68  .73 
  91 3_82a    1919 1999       .65  .51 
  92 3_82b    1931 1999            .55 
  93 3_83b    1897 1999  .71  .68  .60 
  94 3_84a    1892 1999  .72  .72  .47 
  95 3_85a    1878 1999  .60  .59  .60 
  96 3_85b    1871 1999  .59  .63  .59 
  97 3_86a    1874 1999  .66  .65  .07B
  98 3_87a    1882 1999  .54  .65  .67 
  99 3_87b    1878 1999  .66  .54  .57 
 100 3_88b    1877 1999  .74  .62  .42 
 101 3_90b    1887 1999  .62  .56  .67 
 102 3_91b    1878 1999  .69  .67  .74 
 103 3_92a    1891 1999  .54  .48  .44 
 104 3_92b    1894 1999  .57  .67  .52 
 105 3_93a    1887 1999  .67  .59  .60 
 106 3_93b    1888 1999  .64  .54  .52 
 107 3_95a    1882 1999  .67  .50  .35 
 108 3_295b   1887 1999  .73  .50  .38 
 109 3_96a    1885 1999  .71  .67  .69 
 110 3_96b    1884 1999  .79  .68  .59 
 111 3_97a    1893 1999  .79  .78  .65 
 112 3_97b    1892 1999  .64  .61  .62 
 113 3_98a    1898 1999       .57  .49 
 114 3_98b    1894 1999  .62  .51  .35 
 115 3_99a    1891 1999  .49  .47  .26A
 116 3_99b    1902 1999       .58  .46 
 117 3_100a   1895 1999  .58  .69  .60 
 118 3_102a   1875 1999  .67  .73  .64 
 119 3_102b   1875 1999  .67  .73  .64 
 120 3_104a   1883 1999  .72  .69  .58 
 121 3_104b   1888 1999  .65  .68  .63 
 122 3_105b   1862 1999  .66  .69  .63 
 123 3_106a   1882 1999  .54  .46  .58 
 124 3_106b   1878 1999  .58  .52  .51 
 125 3_107a   1939 1999            .31A
 126 3_107b   1937 1999            .46 
 127 3_109a   1873 1999  .64  .62  .73 
 128 3_109b   1859 1999  .72  .73  .67 
 Av segment correlation  .67  .63  .55 

 FLAGGED SEGMENTS: pola033
-----------------------------------------------------------------------------------------------------------------------------------
 Seq Series   Segment    Flag  r dated  Best lag  r at lag   Gain  Note
 --- -------- ---------  ----  -------  --------  --------  -----  -----------------
   4 3_4b     1950 1999     A     .323         0
  13 3_14a    1925 1974     A     .305         0
  23 3_21b    1950 1999     B     .363        -2      .493   .130
  97 3_86a    1950 1999     B     .071        -1      .209   .137  weak at every lag
 115 3_99a    1950 1999     A     .256         0
 125 3_107a   1950 1999     A     .311         0

 DESCRIPTIVE STATISTICS: pola033
-----------------------------------------------------------------------------------------------------------------------------------

                                                Corr   //-------- Unfiltered --------\\  //-- dplR filtered --\\
                           No.    No.    No.    with   Mean   Max     Std   Auto   Mean   Max     Std   Auto  AR
 Seq Series   Interval   Years  Segmt  Flags   Master  msmt   msmt    dev   corr   sens  value    dev   corr  ()
 --- -------- ---------  -----  -----  -----   ------ -----  -----  -----  -----  -----  -----  -----  -----  --
   1 3_1a     1939 1999     61      1      0    .300   2.51   3.58   .545   .734   .133   1.17   .106  -.085   3
   2 3_1b     1943 1999     57      1      0    .458   2.20   3.32   .453   .522   .155   1.44   .133  -.021   0
   3 3_4a     1889 1999    111      3      0    .518   1.35   2.64   .397   .705   .170   1.62   .173   .016   3
   4 3_4b     1906 1999     94      2      1    .534   1.51   2.25   .276   .456   .152   1.36   .148   .006   3
   5 3_5b     1877 1999    123      3      0    .684   1.21   3.01   .717   .918   .202   1.56   .205  -.015   3
   6 3_6a     1883 1999    117      3      0    .505   1.13   3.43   .648   .951   .140   1.31   .139   .001   2
   7 3_6b     1889 1999    111      3      0    .663   1.57   3.00   .578   .892   .144   1.39   .146  -.017   1
   8 3_8a     1863 1999    137      3      0    .593   1.24   2.97   .401   .786   .167   1.44   .171   .031   1
   9 3_8b     1874 1999    126      3      0    .632   1.46   3.09   .528   .750   .195   1.57   .189   .033   3
  10 3_10a    1869 1999    131      3      0    .554   1.16   4.57   .907   .961   .183   1.49   .180   .015   1
  11 3_11b    1920 1999     80      2      0    .513    .77   1.43   .309   .774   .216   1.43   .202   .017   3
  12 3_12a    1883 1999    117      3      0    .551    .91   4.74   .696   .916   .235   2.28   .257  -.018   3
  13 3_14a    1873 1999    127      3      1    .409   1.06   3.23   .646   .917   .192   1.44   .173   .056   0
  14 3_14b    1872 1999    128      3      0    .461   1.03   3.38   .567   .910   .175   1.67   .173   .007   1
  15 3_16a    1878 1999    122      3      0    .479   1.24   2.28   .279   .663   .147   1.47   .143  -.014   1
  16 3_16b    1844 1999    156      3      0    .537   1.13   3.53   .563   .770   .191   1.69   .202   .047   2
  17 3_18a    1886 1999    114      3      0    .597   1.53   3.92   .814   .935   .154   1.38   .150   .010   1
  18 3_18b    1857 1999    143      3      0    .532   2.34   4.25   .782   .813   .142   1.41   .138   .001   2
  19 3_19a    1870 1999    130      3      0    .593   1.25   3.62   .858   .953   .171   1.43   .182  -.004   3
  20 3_20a    1899 1999    101      3      0    .628   1.52   2.16   .266   .568   .128   1.31   .121   .003   1
  21 3_20b    1898 1999    102      3      0    .653   1.20   2.20   .301   .665   .141   1.37   .139  -.006   2
  22 3_21a    1902 1999     98      2      0    .565   1.49   3.36   .599   .769   .160   1.34   .160  -.012   1
  23 3_21b    1912 1999     88      2      1    .528   1.17   2.67   .486   .846   .144   1.37   .148  -.003   1
  24 3_22a    1877 1999    123      3      0    .499    .77   2.66   .555   .900   .235   1.71   .244   .036   1
  25 3_22b    1876 1999    124      3      0    .563    .91   2.90   .558   .869   .199   1.59   .202   .008   1
  26 3_23a    1898 1999    102      3      0    .494    .90   2.10   .409   .866   .197   1.81   .213   .019   1
  27 3_23b    1904 1999     96      2      0    .498    .99   2.17   .371   .789   .196   2.00   .209   .070   1
  28 3_24a    1900 1999    100      2      0    .546   1.35   5.41   .631   .563   .185   1.78   .196   .055   2
  29 3_24b    1911 1999     89      2      0    .623   1.20   1.89   .329   .767   .157   1.30   .141   .046   3
  30 3_25a    1896 1999    104      3      0    .767   1.25   4.09   .614   .857   .186   1.40   .173  -.001   3
  31 3_25b    1894 1999    106      3      0    .697   1.02   3.23   .664   .914   .208   1.49   .193   .009   1
  32 3_26a    1919 1999     81      2      0    .605   1.74   3.28   .506   .802   .154   1.30   .142   .012   1
  33 3_26b    1907 1999     93      2      0    .548   2.27   4.44   .689   .648   .173   1.64   .179  -.057   3
  34 3_27a    1898 1999    102      3      0    .643   1.55   3.42   .525   .817   .161   1.42   .154   .030   1
  35 3_27b    1898 1999    102      3      0    .559   1.42   3.21   .512   .846   .145   1.36   .145   .058   1
  36 3_28a    1904 1999     96      2      0    .669   1.20   3.58   .567   .891   .157   1.43   .150   .016   3
  37 3_28b    1900 1999    100      2      0    .609   1.04   3.19   .614   .935   .173   1.34   .163  -.014   3
  38 3_29a    1896 1999    104      3      0    .537   1.55   4.12   .799   .911   .172   1.46   .173   .034   1
  39 3_29b    1893 1999    107      3      0    .558   1.64   4.37   .794   .884   .166   1.41   .166   .050   1
  40 3_31a    1926 1999     74      1      0    .448    .95   2.11   .346   .777   .167   1.40   .160   .072   2
  41 3_31b    1932 1999     68      1      0    .459    .78   1.27   .217   .809   .130   1.39   .132   .063   1
  42 3_33a    1902 1999     98      2      0    .573   1.30   3.20   .647   .852   .185   1.53   .193  -.019   1
  43 3_33b    1906 1999     94      2      0    .510   1.22   3.41   .683   .889   .181   1.48   .185  -.005   1
  44 3_34a    1907 1999     93      2      0    .575   1.25   2.82   .688   .915   .170   1.49   .179  -.032   1
  45 3_34b    1905 1999     95      2      0    .601    .96   3.33   .646   .868   .192   1.42   .184   .078   3
  46 3_37a    1906 1999     94      2      0    .640   1.30   3.48   .768   .920   .166   1.44   .171   .020   1
  47 3_37b    1903 1999     97      2      0    .718   1.27   4.17   .786   .896   .186   1.43   .189   .026   1
  48 3_39a    1909 1999     91      2      0    .613   1.70   3.37   .529   .705   .152   1.61   .168  -.015   3
  49 3_39b    1914 1999     86      2      0    .613   1.77   3.68   .582   .868   .136   1.48   .135  -.042   3
  50 3_40a    1915 1999     85      2      0    .680   1.29   3.33   .565   .884   .166   1.38   .163   .055   1
  51 3_40b    1903 1999     97      2      0    .621   1.44   3.35   .711   .899   .167   1.37   .170   .039   1
  52 3_41a    1908 1999     92      2      0    .784   1.39   3.16   .656   .860   .178   1.34   .172   .045   1
  53 3_42a    1876 1999    124      3      0    .563   1.57   3.51   .779   .903   .179   1.39   .173   .001   1
  54 3_42b    1891 1999    109      3      0    .657   1.25   3.80   .596   .865   .177   1.37   .163   .038   3
  55 3_45a    1906 1999     94      2      0    .534   1.02   3.34   .565   .801   .208   1.60   .196  -.023   3
  56 3_47a    1907 1999     93      2      0    .425   1.29   3.66   .579   .827   .154   1.35   .154   .000   3
  57 3_47b    1902 1999     98      2      0    .486   1.43   3.37   .495   .793   .169   1.37   .174   .043   1
  58 3_48a    1932 1999     68      1      0    .469    .88   2.31   .386   .848   .183   1.39   .173  -.037   0
  59 3_48b    1932 1999     68      1      0    .535    .81   2.37   .417   .900   .182   1.41   .190  -.053   1
  60 3_51a    1917 1999     83      2      0    .631   1.24   2.49   .490   .892   .154   1.36   .147   .024   1
  61 3_51b    1917 1999     83      2      0    .669   1.23   2.64   .567   .893   .162   1.46   .158   .013   1
  62 3_52a    1895 1999    105      3      0    .815   1.90   4.12   .752   .896   .140   1.34   .138  -.001   1
  63 3_52b    1896 1999    104      3      0    .735   1.85   4.35   .757   .849   .158   1.50   .167  -.025   1
  64 3_54b    1918 1999     82      2      0    .580   1.09   2.43   .611   .935   .169   1.40   .161   .014   1
  65 3_57a    1895 1999    105      3      0    .546    .94   2.24   .447   .889   .183   1.42   .174   .025   3
  66 3_57b    1895 1999    105      3      0    .592    .93   2.33   .526   .878   .199   1.53   .197   .005   3
  67 3_58a    1886 1999    114      3      0    .611    .97   2.19   .477   .910   .171   1.40   .173   .040   1
  68 3_59a    1909 1999     91      2      0    .446   1.48   3.88   .589   .790   .146   1.59   .152   .142   0
  69 3_59b    1919 1999     81      2      0    .642   1.23   2.33   .508   .926   .130   1.37   .143   .085   1
  70 3_60a    1903 1999     97      2      0    .466   1.07   3.18   .599   .865   .191   1.57   .194   .015   1
  71 3_60b    1908 1999     92      2      0    .641   1.10   2.92   .536   .863   .190   1.64   .197  -.011   1
  72 3_63a    1905 1999     95      2      0    .688   1.01   3.59   .633   .899   .224   1.56   .217  -.028   1
  73 3_63b    1897 1999    103      3      0    .679    .94   2.44   .593   .910   .199   1.48   .179  -.011   2
  74 3_65a    1915 1999     85      2      0    .546   1.13   2.79   .362   .781   .159   1.34   .156  -.042   3
  75 3_65b    1918 1999     82      2      0    .590   1.09   1.89   .269   .726   .141   1.41   .144  -.001   3
  76 3_66a    1900 1999    100      2      0    .747   1.38   4.16   .966   .920   .213   1.56   .199   .031   3
  77 3_66b    1900 1999    100      2      0    .726   1.18   3.81   .846   .937   .201   1.48   .188  -.004   3
  78 3_67b    1899 1999    101      3      0    .519   1.33   3.28   .690   .888   .199   1.77   .204  -.018   1
  79 3_68a    1907 1999     93      2      0    .669   1.24   3.07   .583   .900   .166   1.43   .174   .060   1
  80 3_68b    1910 1999     90      2      0    .556   1.04   2.63   .611   .933   .185   1.49   .176   .028   1
  81 3_70b    1908 1999     92      2      0    .672    .85   2.91   .654   .926   .236   1.88   .229   .019   3
  82 3_71a    1911 1999     89      2      0    .637   2.35   4.05   .778   .753   .194   1.45   .188   .152   3
  83 3_71b    1910 1999     90      2      0    .530   1.79   3.68   .642   .646   .205   1.78   .237  -.063   1
  84 3_72a    1872 1999    128      3      0    .620    .92   2.11   .431   .882   .186   1.71   .198   .042   1
  85 3_74a    1871 1999    129      3      0    .431   1.19   3.30   .519   .887   .153   1.46   .153  -.044   3
  86 3_76a    1870 1999    130      3      0    .605   1.49   2.92   .631   .919   .140   1.70   .155   .089   3
  87 3_76b    1873 1999    127      3      0    .571   1.38   3.56   .686   .901   .179   1.49   .175   .007   3
  88 3_78a    1886 1999    114      3      0    .740   1.77   4.62  1.204   .956   .169   1.33   .169   .015   1
  89 3_79b    1878 1999    122      3      0    .712   1.45   2.83   .561   .886   .147   1.44   .149   .009   3
  90 3_80b    1879 1999    121      3      0    .712   1.67   4.05   .974   .926   .179   1.56   .185   .043   1
  91 3_82a    1919 1999     81      2      0    .587   1.19   2.58   .528   .861   .181   1.48   .173   .026   1
  92 3_82b    1931 1999     69      1      0    .600    .99   2.66   .582   .917   .174   1.50   .171  -.024   1
  93 3_83b    1897 1999    103      3      0    .667   1.33   3.25   .698   .866   .185   1.42   .201   .013   3
  94 3_84a    1892 1999    108      3      0    .594   1.15   3.78   .725   .926   .154   1.51   .157   .067   3
  95 3_85a    1878 1999    122      3      0    .572    .86   2.14   .498   .922   .170   1.51   .174   .037   1
  96 3_85b    1871 1999    129      3      0    .542    .98   2.70   .469   .871   .183   1.48   .181   .042   1
  97 3_86a    1874 1999    126      3      1    .406    .83   3.44   .622   .912   .203   1.87   .225  -.016   1
  98 3_87a    1882 1999    118      3      0    .609   1.28   3.15   .650   .924   .149   1.47   .152   .009   1
  99 3_87b    1878 1999    122      3      0    .563   1.06   3.66   .668   .922   .154   1.44   .157   .040   3
 100 3_88b    1877 1999    123      3      0    .549   1.08   2.92   .722   .931   .194   1.44   .192  -.021   3
 101 3_90b    1887 1999    113      3      0    .622   1.32   3.09   .703   .934   .169   1.55   .173   .012   3
 102 3_91b    1878 1999    122      3      0    .692   1.02   2.39   .550   .904   .168   1.55   .192  -.031   1
 103 3_92a    1891 1999    109      3      0    .494   1.00   2.56   .483   .872   .159   1.43   .153   .014   3
 104 3_92b    1894 1999    106      3      0    .524    .86   2.21   .438   .909   .163   1.55   .167   .037   1
 105 3_93a    1887 1999    113      3      0    .642   1.55   3.44   .764   .918   .164   1.39   .169   .031   3
 106 3_93b    1888 1999    112      3      0    .600   1.35   3.41   .609   .911   .154   1.34   .160   .028   1
 107 3_95a    1882 1999    118      3      0    .537   1.31   3.42   .714   .890   .186   1.53   .195   .060   1
 108 3_295b   1887 1999    113      3      0    .585   1.19   3.61   .740   .924   .177   1.46   .169  -.003   3
 109 3_96a    1885 1999    115      3      0    .691   1.12   4.59   .745   .910   .187   1.53   .185  -.016   1
 110 3_96b    1884 1999    116      3      0    .680    .99   3.44   .646   .931   .194   1.40   .187  -.001   3
 111 3_97a    1893 1999    107      3      0    .698   1.33   3.79   .765   .932   .150   1.37   .151  -.016   1
 112 3_97b    1892 1999    108      3      0    .624   1.43   3.40   .686   .926   .146   1.38   .152  -.019   1
 113 3_98a    1898 1999    102      2      0    .591    .94   2.63   .428   .876   .170   1.38   .164  -.022   3
 114 3_98b    1894 1999    106      3      0    .491   1.11   4.04   .632   .893   .202   1.42   .195  -.011   3
 115 3_99a    1891 1999    109      3      1    .415    .56   2.95   .571   .877   .219   1.59   .209   .018   3
 116 3_99b    1902 1999     98      2      0    .483    .79   2.14   .461   .871   .183   1.41   .184   .054   3
 117 3_100a   1895 1999    105      3      0    .585   1.40   3.88   .694   .879   .158   1.56   .170  -.001   2
 118 3_102a   1875 1999    125      3      0    .631   1.52   4.23   .750   .845   .180   1.78   .195   .061   1
 119 3_102b   1875 1999    125      3      0    .631   1.52   4.23   .750   .845   .180   1.78   .195   .061   1
 120 3_104a   1883 1999    117      3      0    .639   1.39   4.55  1.039   .942   .201   1.52   .184   .013   1
 121 3_104b   1888 1999    112      3      0    .638   1.50   3.76   .789   .933   .172   1.45   .174   .010   3
 122 3_105b   1862 1999    138      3      0    .581   1.73   5.16  1.384   .961   .145   1.40   .145  -.021   1
 123 3_106a   1882 1999    118      3      0    .551   1.36   4.03   .803   .951   .147   1.43   .154   .005   3
 124 3_106b   1878 1999    122      3      0    .552   1.54   4.32   .913   .959   .140   1.40   .147   .034   1
 125 3_107a   1939 1999     61      1      1    .377   1.33   2.46   .533   .941   .117   1.27   .114   .054   1
 126 3_107b   1937 1999     63      1      0    .471   1.09   2.43   .582   .951   .166   1.50   .173   .004   1
 127 3_109a   1873 1999    127      3      0    .630   1.35   4.21   .927   .949   .188   1.51   .179   .024   1
 128 3_109b   1859 1999    141      3      0    .613   1.28   5.14   .997   .932   .203   1.72   .210   .032   1
 --- -------- ---------  -----  -----  -----   ------ -----  -----  -----  -----  -----  -----  -----  -----  --
 Total or mean:          13376    321      6    .586   1.28   5.41   .632   .866   .174   2.28   .174   .015

 DATA CHECKS (rwl.check): pola033
-----------------------------------------------------------------------------------------------------------------------------------
 rwl.check: data_files/treering/measurements/europe/pola033.rwl
 128 series, 13376 measurements, 1844-1999, 0.01 mm precision
 1 error(s), 0 warning(s), 23 note(s)
 -------------
 ERROR
   RWL_DUP_SERIES (1)
     3_102a: identical measurements in 3_102a, 3_102b; one core may be archived twice
 23 note(s) not shown; see rwl.check() or the 'check' element of this report.

 NOTES
-----------------------------------------------------------------------------------------------------------------------------------
 Report generated using dplR 1.8.1 (R 4.5.2) on 2026-10-01 16:48 PDT.
 Measurement file pola033.rwl, MD5 5363f4fd8c6b8ce54f6a585374e7825d.
 Filtering: each series divided by a 32-year smoothing spline (caps()), then prewhitened with
   an AR model (order by AIC, at most 3).
 Master: biweight robust mean of the other series (leave-one-out).
 Correlation: Pearson, one-tailed, pcrit = 0.01; critical r = 0.3281 for 50-year segments.
 Segments: 50 years, lagged 25, first segment floored to 100. Lags searched: +/- 10 years.
 A segment is tested only where the series and the master cover all of it, at the dated
   position and at every lag. COFECHA also tests partial segments at the ends of a series, so
   series here may show fewer segments, and no flags can be raised at the ends of the record.
 Lags follow COFECHA: negative means rings are probably missing from the series, positive means
   false rings. A missing ring carries its lag into every segment before it, so look where the
   lag changes along a series. A B flag is a hypothesis to check on the wood; the gain says how
   seriously to take it.
 A B flag marked "weak at every lag" correlates under the critical value even at its best lag:
   the segment is weak wherever it is placed, and the shift is not evidence of a dating error.
   Treat it as a low correlation, like an A.
 Averages in the summary and the totals are weighted by the number of years in each series, as
   COFECHA's are.
 Unfiltered block and mean sensitivity: the measurements as read, and sens1().
 dplR filtered block: the series that was correlated, after filtering. COFECHA's filtered
   series is defined differently, so these three columns are not COFECHA's numbers.
 AR: order of the AR model used to prewhiten.
