
 COFECHA-style crossdating report: pola037
 Report generated using dplR 1.8.1 (R 4.5.2) on 2026-10-01 16:48 PDT
 Built with dplR's xdate.report(), not COFECHA; see the notes at the end.


      Measurement file name  : pola037.rwl
      MD5 of measurement file: 6dbe7e8e71e05607d7edf51604dce8cd
      Date checked           : 01OCT26
      Beginning year         : 1538
      Ending year            : 2004
      Principal investigators: Büntgen, U.; Esper, J.; Frank, D.C.; Nievergelt, D.; Verstege, A.
      Site name              : Zolta Turina
      Species information    : PCAB Picea abies (L.) H. Karst.
      Latitude               : 49.2500 N
      Longitude              : 20.0167 E
      Elevation              : 1500 m

      Series intercorrelation: 0.650
      Avg mean sensitivity   : 0.197
      Avg standard deviation : 0.371
      Avg autocorrelation    : 0.798
      Number dated series    : 82
      Segment length tested  : 50

      Number problem segments: 5  (A 4, B 1)
      Pct problem segments   : 1.12


 CORRELATION OF SERIES BY SEGMENTS: pola037
-----------------------------------------------------------------------------------------------------------------------------------
 Correlations of  50-year dated segments, lagged  25 years
 Flags:  A = correlation under   .3281 but highest as dated;  B = correlation higher at other than dated position

 Seq Series  Time_span  1600 1625 1650 1675 1700 1725 1750 1775 1800 1825 1850 1875 1900 1925 1950 
                        1649 1674 1699 1724 1749 1774 1799 1824 1849 1874 1899 1924 1949 1974 1999 
 --- -------- ---------  ---- ---- ---- ---- ---- ---- ---- ---- ---- ---- ---- ---- ---- ---- ---- 
   1 tzt001   1768 2003                                     .71  .75  .70  .74  .75  .79  .79  .69 
   2 tzt002   1782 2003                                          .70  .72  .71  .81  .79  .68  .73 
   3 tzt003   1784 2003                                          .70  .72  .76  .78  .80  .80  .70 
   4 tzt004   1538 1979                           .51  .50  .70  .77  .70  .57  .63  .71  .65      
   5 tzt005   1773 2003                                     .79  .85  .84  .85  .85  .82  .75  .86 
   6 tzt006   1771 1998                                     .77  .86  .80  .83  .83  .90  .88      
   7 tzt007   1920 2003                                                                   .65  .63 
   8 tzt008   1736 2003                                .71  .76  .74  .53  .68  .79  .82  .78  .80 
   9 tzt009   1777 2003                                          .57  .61  .75  .69  .65  .67  .71 
  10 tzt010   1840 2003                                                    .66  .71  .62  .51  .75 
  11 tzt011   1828 2003                                                    .50  .38  .30A .33  .51 
  12 tzt012   1797 2003                                          .68  .60  .76  .83  .80  .73  .79 
  13 tzt013   1786 2003                                          .63  .69  .70  .63  .69  .73  .87 
  14 tzt014   1728 2003                                .67  .81  .69  .40  .48  .68  .73  .68  .70 
  15 tzt015   1849 2003                                                         .63  .66  .67  .80 
  16 tzt017   1840 2003                                                    .77  .71  .63  .68  .74 
  17 tzt018   1849 2003                                                    .48  .69  .77  .59  .71 
  18 tzt019   1798 2003                                          .68  .72  .84  .77  .75  .77  .78 
  19 tzt020   1809 2003                                               .79  .83  .86  .87  .80  .76 
  20 tzt021   1713 2003                           .59  .60  .69  .72  .66  .68  .65  .66  .63  .80 
  21 tzt022   1841 2003                                                    .64  .80  .87  .82  .70 
  22 tzt023   1848 2003                                                         .88  .87  .80  .79 
  23 tzt024   1759 2003                                     .79  .81  .72  .76  .83  .83  .80  .73 
  24 tzt025   1704 2003                           .76  .75  .82  .81  .73  .68  .70  .82  .73  .72 
  25 tzt026   1801 2003                                               .57  .63  .68  .70  .63  .72 
  26 tzt027   1799 2003                                          .43  .74  .68  .70  .76  .70  .57 
  27 tzt028   1830 2003                                                    .71  .81  .82  .76  .80 
  28 tzt029   1829 2003                                                    .62  .71  .67  .60  .60 
  29 tzt030   1852 2003                                                         .65  .63  .57  .57 
  30 tzt031   1858 2003                                                         .78  .84  .79  .69 
  31 tzt033   1828 2003                                                    .51  .67  .80  .73  .65 
  32 tzt034   1771 2003                                     .62  .67  .68  .69  .77  .80  .62  .69 
  33 tzt035   1791 2003                                          .71  .68  .71  .77  .71  .66  .80 
  34 tzt036   1840 2003                                                    .74  .78  .79  .82  .83 
  35 tzt037   1862 2003                                                         .37  .71  .65  .66 
  36 tzt038   1829 2003                                                    .80  .83  .84  .77  .73 
  37 tzt039   1765 2003                                     .70  .75  .66  .62  .76  .75  .62  .73 
  38 tzt040   1830 2003                                                    .68  .81  .75  .72  .77 
  39 tzt042   1721 2003                           .57  .54  .41B .43  .58  .73  .76  .80  .72  .71 
  40 tzt043   1787 2003                                          .59  .53  .60  .61  .70  .68  .71 
  41 tzt044   1759 2003                                     .71  .79  .76  .77  .75  .75  .70  .76 
  42 tzt045   1803 2004                                               .69  .69  .69  .73  .72  .71 
  43 tzt046   1918 2003                                                                   .61  .67 
  44 tzt047   1849 2003                                                    .61  .76  .72  .69  .86 
  45 tzt048   1894 2004                                                              .82  .73  .74 
  46 tzt049   1875 2003                                                              .62  .61  .56 
  47 tzt050   1784 2003                                          .60  .57  .73  .69  .76  .68  .64 
  48 tzt051   1866 2003                                                         .58  .66  .73  .78 
  49 tzt052   1829 2003                                                    .59  .77  .66  .62  .70 
  50 tzt053   1884 2003                                                              .74  .66  .47 
  51 tzt054   1865 2003                                                         .73  .72  .60  .70 
  52 tzt055   1846 2003                                                    .53  .62  .72  .65  .69 
  53 tzt056   1881 2003                                                              .49  .53  .60 
  54 tzt058   1910 2004                                                                   .34  .60 
  55 tzt059   1933 2004                                                                        .38 
  56 tzt060   1878 2004                                                              .44  .47  .53 
  57 tzt061   1875 2004                                                              .66  .62  .46 
  58 tzt062   1828 2004                                                    .59  .78  .80  .75  .74 
  59 tzt065   1794 2004                                          .29A .67  .71  .58  .67  .75  .66 
  60 tzt069   1740 2004                                .51  .48  .51  .60  .68  .74  .76  .68  .65 
  61 tzt071   1810 2004                                               .46  .52  .74  .85  .84  .67 
  62 tzt072   1898 2004                                                                   .72  .67 
  63 tzt073   1843 2004                                                    .39  .70  .68  .64  .68 
  64 tzt074   1912 2004                                                                   .59  .61 
  65 tzt075   1936 2004                                                                        .41 
  66 tzt076   1930 2004                                                                        .63 
  67 tzt077   1712 1959                           .49  .53  .67  .75  .68  .71  .82  .81           
  68 tzt079   1838 2003                                                    .46  .57  .65  .69  .51 
  69 tzt081   1723 1970                           .28A .57  .63  .67  .75  .75  .70  .70           
  70 tzt084   1777 2000                                          .65  .43  .65  .72  .77  .73  .47 
  71 tzt085   1841 2004                                                    .63  .64  .64  .58  .52 
  72 tzt087   1779 2004                                          .77  .79  .74  .78  .81  .77  .88 
  73 tzt088   1836 2004                                                    .52  .61  .65  .62  .56 
  74 tzt089   1921 2004                                                                   .73  .73 
  75 tzt090   1818 2004                                               .63  .66  .73  .77  .78  .79 
  76 tzt091   1852 2004                                                         .79  .87  .75  .66 
  77 tzt092   1833 2004                                                    .67  .58  .59  .63  .63 
  78 tzt093   1911 2004                                                                   .55  .76 
  79 tzt094   1803 2004                                               .60  .62  .70  .74  .70  .76 
  80 tzt100   1826 2004                                                    .66  .67  .71  .71  .75 
  81 tzt106   1910 2004                                                                   .68  .73 
  82 tzt107   1778 2003                                          .73  .33  .26A .39  .65  .76  .62 
 Av segment correlation                           .53  .60  .69  .68  .65  .66  .71  .73  .68  .69 

 FLAGGED SEGMENTS: pola037
-----------------------------------------------------------------------------------------------------------------------------------
 Seq Series   Segment    Flag  r dated  Best lag  r at lag   Gain  Note
 --- -------- ---------  ----  -------  --------  --------  -----  -----------------
  11 tzt011   1900 1949     A     .303         0
  39 tzt042   1775 1824     B     .406        10      .436   .030
  59 tzt065   1800 1849     A     .292         0
  69 tzt081   1725 1774     A     .280         0
  82 tzt107   1850 1899     A     .263         0

 DESCRIPTIVE STATISTICS: pola037
-----------------------------------------------------------------------------------------------------------------------------------

                                                Corr   //-------- Unfiltered --------\\  //-- dplR filtered --\\
                           No.    No.    No.    with   Mean   Max     Std   Auto   Mean   Max     Std   Auto  AR
 Seq Series   Interval   Years  Segmt  Flags   Master  msmt   msmt    dev   corr   sens  value    dev   corr  ()
 --- -------- ---------  -----  -----  -----   ------ -----  -----  -----  -----  -----  -----  -----  -----  --
   1 tzt001   1768 2003    236      8      0    .717    .83   2.36   .479   .879   .217   1.81   .220  -.007   1
   2 tzt002   1782 2003    222      7      0    .722    .75   1.84   .329   .864   .182   1.67   .173   .001   3
   3 tzt003   1784 2003    220      7      0    .687   1.09   2.40   .408   .815   .174   1.56   .186  -.006   3
   4 tzt004   1538 1979    442      9      0    .527    .42   1.16   .188   .771   .233   1.85   .238   .008   3
   5 tzt005   1773 2003    231      8      0    .817    .74   1.84   .310   .780   .217   2.26   .221   .017   1
   6 tzt006   1771 1998    228      7      0    .807    .83   2.06   .238   .721   .166   1.82   .173  -.020   1
   7 tzt007   1920 2003     84      2      0    .655   1.58   2.54   .474   .809   .153   1.54   .155   .033   1
   8 tzt008   1736 2003    268      9      0    .750    .48   1.60   .267   .851   .249   2.04   .235   .001   3
   9 tzt009   1777 2003    227      7      0    .643    .82   2.49   .374   .805   .223   1.81   .227   .003   1
  10 tzt010   1840 2003    164      5      0    .675    .93   3.36   .732   .937   .212   1.81   .215  -.016   2
  11 tzt011   1828 2003    176      5      1    .381    .60   2.34   .453   .914   .230   2.05   .257   .045   1
  12 tzt012   1797 2003    207      7      0    .753    .86   3.28   .457   .849   .204   1.94   .209   .032   1
  13 tzt013   1786 2003    218      7      0    .708    .84   2.12   .317   .814   .185   1.76   .200   .009   1
  14 tzt014   1728 2003    276      9      0    .644    .64   1.75   .237   .770   .184   1.82   .202   .016   1
  15 tzt015   1849 2003    155      4      0    .653   1.42   3.48   .577   .854   .159   1.43   .154   .005   3
  16 tzt017   1840 2003    164      5      0    .695   1.45   4.54   .895   .889   .199   1.57   .191  -.001   3
  17 tzt018   1849 2003    155      5      0    .673    .68   1.71   .299   .773   .215   1.62   .216   .007   1
  18 tzt019   1798 2003    206      7      0    .744   1.18   2.36   .397   .763   .179   1.77   .189   .006   1
  19 tzt020   1809 2003    195      6      0    .815    .80   1.95   .260   .651   .213   1.90   .215  -.020   2
  20 tzt021   1713 2003    291     10      0    .649    .56   1.81   .360   .918   .210   2.21   .224   .006   1
  21 tzt022   1841 2003    163      5      0    .720   1.04   2.69   .658   .938   .187   1.41   .159  -.006   3
  22 tzt023   1848 2003    156      4      0    .815    .65   1.49   .253   .774   .216   1.80   .212  -.024   3
  23 tzt024   1759 2003    245      8      0    .766    .79   1.99   .368   .796   .230   2.00   .241   .016   1
  24 tzt025   1704 2003    300     10      0    .655    .75   2.29   .339   .833   .202   1.92   .201  -.017   1
  25 tzt026   1801 2003    203      6      0    .662   1.02   1.78   .326   .785   .162   1.74   .176  -.021   3
  26 tzt027   1799 2003    205      7      0    .558   1.19   2.74   .389   .623   .185   2.27   .212  -.016   1
  27 tzt028   1830 2003    174      5      0    .769    .81   2.10   .361   .865   .180   1.64   .183   .007   1
  28 tzt029   1829 2003    175      5      0    .611   1.10   3.52   .630   .929   .184   1.52   .174  -.007   3
  29 tzt030   1852 2003    152      4      0    .600   2.03   3.40   .511   .718   .157   1.34   .143  -.001   3
  30 tzt031   1858 2003    146      4      0    .735   1.60   2.50   .331   .419   .182   1.43   .169  -.025   3
  31 tzt033   1828 2003    176      5      0    .623   1.30   2.77   .553   .894   .162   1.66   .155   .009   3
  32 tzt034   1771 2003    233      8      0    .668    .94   3.07   .651   .916   .251   2.12   .260   .020   3
  33 tzt035   1791 2003    213      7      0    .726    .92   2.06   .496   .903   .176   1.62   .172   .025   3
  34 tzt036   1840 2003    164      5      0    .782   1.00   1.88   .333   .708   .206   1.85   .206   .003   1
  35 tzt037   1862 2003    142      4      0    .557   1.04   2.69   .450   .869   .170   1.62   .173   .007   1
  36 tzt038   1829 2003    175      5      0    .757   1.05   2.52   .646   .924   .198   1.41   .189   .009   3
  37 tzt039   1765 2003    239      8      0    .680    .96   2.79   .545   .894   .198   1.75   .204   .030   1
  38 tzt040   1830 2003    174      5      0    .718   1.12   2.34   .341   .743   .164   1.55   .165  -.013   3
  39 tzt042   1721 2003    283     10      1    .591    .50   1.31   .177   .667   .223   2.15   .215   .009   1
  40 tzt043   1787 2003    217      7      0    .646    .79   2.08   .293   .790   .191   1.56   .196   .003   3
  41 tzt044   1759 2003    245      8      0    .723    .46   1.42   .262   .878   .233   1.80   .220  -.001   3
  42 tzt045   1803 2004    202      6      0    .671    .62   1.21   .199   .711   .208   1.80   .212   .009   1
  43 tzt046   1918 2003     86      2      0    .649   2.10   3.65   .613   .830   .134   1.47   .137   .008   1
  44 tzt047   1849 2003    155      5      0    .716    .97   2.02   .318   .629   .227   1.63   .229   .033   1
  45 tzt048   1894 2004    111      3      0    .758   1.35   3.44   .513   .771   .208   1.61   .211   .026   1
  46 tzt049   1875 2003    129      3      0    .587    .88   2.21   .442   .915   .161   1.57   .165   .047   3
  47 tzt050   1784 2003    220      7      0    .644   1.21   2.41   .353   .750   .163   1.47   .169  -.035   3
  48 tzt051   1866 2003    138      4      0    .656   1.36   2.16   .378   .783   .148   1.39   .146  -.008   1
  49 tzt052   1829 2003    175      5      0    .637   1.09   2.60   .609   .935   .164   1.52   .159  -.009   3
  50 tzt053   1884 2003    120      3      0    .596   1.31   2.44   .369   .735   .163   1.41   .168   .002   3
  51 tzt054   1865 2003    139      4      0    .533   1.28   2.70   .460   .756   .186   1.75   .187  -.026   3
  52 tzt055   1846 2003    158      5      0    .632   1.17   2.53   .459   .823   .158   1.67   .165   .007   3
  53 tzt056   1881 2003    123      3      0    .541   1.84   3.50   .515   .684   .167   1.49   .160   .008   3
  54 tzt058   1910 2004     95      2      0    .508    .94   1.68   .354   .846   .181   1.33   .177   .007   3
  55 tzt059   1933 2004     72      1      0    .346   1.84   3.09   .435   .655   .155   1.43   .144  -.092   3
  56 tzt060   1878 2004    127      3      0    .426    .69   1.15   .198   .603   .192   1.55   .194   .008   3
  57 tzt061   1875 2004    130      3      0    .535    .62   1.53   .272   .861   .190   1.47   .175   .007   1
  58 tzt062   1828 2004    177      5      0    .647    .88   1.66   .313   .796   .182   1.59   .184   .036   3
  59 tzt065   1794 2004    211      7      1    .558    .63   1.76   .251   .747   .208   1.85   .214   .045   1
  60 tzt069   1740 2004    265      9      0    .604    .64   1.17   .197   .745   .174   1.74   .184   .020   1
  61 tzt071   1810 2004    195      6      0    .598    .84   1.72   .310   .699   .237   1.75   .228   .007   3
  62 tzt072   1898 2004    107      2      0    .644    .93   1.81   .320   .819   .163   1.46   .158   .064   3
  63 tzt073   1843 2004    162      5      0    .569    .83   1.75   .321   .889   .133   1.40   .144   .007   1
  64 tzt074   1912 2004     93      2      0    .577    .68   1.17   .193   .740   .157   1.40   .156   .113   3
  65 tzt075   1936 2004     69      1      0    .379    .99   1.97   .370   .736   .206   1.81   .233   .043   2
  66 tzt076   1930 2004     75      1      0    .544    .91   1.57   .264   .627   .202   1.50   .202   .031   1
  67 tzt077   1712 1959    248      8      0    .600    .58   2.24   .333   .817   .256   1.75   .267   .015   1
  68 tzt079   1838 2003    166      5      0    .515    .35    .79   .142   .812   .212   1.60   .218   .009   3
  69 tzt081   1723 1970    248      8      1    .561    .57   2.67   .424   .891   .235   1.69   .222   .013   1
  70 tzt084   1777 2000    224      7      0    .622    .42   1.53   .244   .821   .240   2.37   .253  -.013   3
  71 tzt085   1841 2004    164      5      0    .576   1.28   3.52   .620   .891   .173   1.48   .172  -.015   3
  72 tzt087   1779 2004    226      7      0    .762    .65   1.46   .257   .815   .202   1.67   .208   .013   1
  73 tzt088   1836 2004    169      5      0    .561    .87   1.65   .221   .615   .181   1.53   .173   .009   3
  74 tzt089   1921 2004     84      2      0    .724    .95   1.46   .218   .673   .150   1.46   .152   .001   2
  75 tzt090   1818 2004    187      6      0    .733   1.07   1.87   .357   .738   .200   1.92   .202   .038   3
  76 tzt091   1852 2004    153      4      0    .707   1.11   2.51   .493   .819   .203   2.02   .205  -.019   3
  77 tzt092   1833 2004    172      5      0    .605    .91   2.43   .450   .861   .180   1.57   .188   .004   3
  78 tzt093   1911 2004     94      2      0    .620   1.08   1.72   .237   .589   .158   1.37   .161   .047   1
  79 tzt094   1803 2004    202      6      0    .653    .62   1.26   .199   .696   .206   1.75   .215  -.001   1
  80 tzt100   1826 2004    179      5      0    .623    .67   1.94   .343   .840   .212   1.87   .216   .004   1
  81 tzt106   1910 2004     95      2      0    .642   1.04   2.27   .454   .828   .190   1.57   .204   .016   1
  82 tzt107   1778 2003    226      7      1    .555    .61   1.94   .305   .815   .205   1.93   .233   .009   1
 --- -------- ---------  -----  -----  -----   ------ -----  -----  -----  -----  -----  -----  -----  -----  --
 Total or mean:          14916    445      5    .650    .89   4.54   .371   .798   .197   2.37   .199   .006

 DATA CHECKS (rwl.check): pola037
-----------------------------------------------------------------------------------------------------------------------------------
 rwl.check: data_files/treering/measurements/europe/pola037.rwl
 82 series, 14916 measurements, 1538-2004, 0.01 mm precision
 0 error(s), 0 warning(s), 1 note(s)
 -------------
 Nothing to report at this severity.
 1 note(s) not shown; see rwl.check() or the 'check' element of this report.

 NOTES
-----------------------------------------------------------------------------------------------------------------------------------
 Report generated using dplR 1.8.1 (R 4.5.2) on 2026-10-01 16:48 PDT.
 Measurement file pola037.rwl, MD5 6dbe7e8e71e05607d7edf51604dce8cd.
 Filtering: each series divided by a 32-year smoothing spline (caps()), then prewhitened with
   an AR model (order by AIC, at most 3).
 Master: biweight robust mean of the other series (leave-one-out).
 Correlation: Pearson, one-tailed, pcrit = 0.01; critical r = 0.3281 for 50-year segments.
 Segments: 50 years, lagged 25, first segment floored to 100. Lags searched: +/- 10 years.
 A segment is tested only where the series and the master cover all of it, at the dated
   position and at every lag. COFECHA also tests partial segments at the ends of a series, so
   series here may show fewer segments, and no flags can be raised at the ends of the record.
 Lags follow COFECHA: negative means rings are probably missing from the series, positive means
   false rings. A missing ring carries its lag into every segment before it, so look where the
   lag changes along a series. A B flag is a hypothesis to check on the wood; the gain says how
   seriously to take it.
 A B flag marked "weak at every lag" correlates under the critical value even at its best lag:
   the segment is weak wherever it is placed, and the shift is not evidence of a dating error.
   Treat it as a low correlation, like an A.
 Averages in the summary and the totals are weighted by the number of years in each series, as
   COFECHA's are.
 Unfiltered block and mean sensitivity: the measurements as read, and sens1().
 dplR filtered block: the series that was correlated, after filtering. COFECHA's filtered
   series is defined differently, so these three columns are not COFECHA's numbers.
 AR: order of the AR model used to prewhiten.
