
 COFECHA-style crossdating report: spai084
 Report generated using dplR 1.8.1 (R 4.5.2) on 2026-10-01 16:52 PDT
 Built with dplR's xdate.report(), not COFECHA; see the notes at the end.


      Measurement file name  : spai084.rwl
      MD5 of measurement file: 317daca0d9aedae9a6903bee58833964
      Date checked           : 01OCT26
      Beginning year         : 1269
      Ending year            : 2003
      Principal investigators: Gutiérrez, E.
      Site name              : Massis de Pedraforca
      Species information    : PIUN Pinus uncinata Mill. ex Mirb.
      Latitude               : 42.2300 N
      Longitude              : 1.7000 E
      Elevation              : 2100 m

      Series intercorrelation: 0.559
      Avg mean sensitivity   : 0.176
      Avg standard deviation : 0.321
      Avg autocorrelation    : 0.877
      Number dated series    : 56
      Segment length tested  : 50

      Number problem segments: 35  (A 16, B 19; 8 of the B weak at every lag)
      Pct problem segments   : 3.93


 CORRELATION OF SERIES BY SEGMENTS: spai084
-----------------------------------------------------------------------------------------------------------------------------------
 Correlations of  50-year dated segments, lagged  25 years
 Flags:  A = correlation under   .3281 but highest as dated;  B = correlation higher at other than dated position

 Seq Series  Time_span  1300 1325 1350 1375 1400 1425 1450 1475 1500 1525 1550 1575 1600 1625 1650 1675 1700 1725 1750 1775 
                        1349 1374 1399 1424 1449 1474 1499 1524 1549 1574 1599 1624 1649 1674 1699 1724 1749 1774 1799 1824 
 --- -------- ---------  ---- ---- ---- ---- ---- ---- ---- ---- ---- ---- ---- ---- ---- ---- ---- ---- ---- ---- ---- ---- 
   1 Es3Pu02a 1628 2003                                                                        .44  .55  .57  .51  .49  .58 
   2 Es3Pu02b 1636 2003                                                                        .45  .50  .47  .44  .36  .56 
   3 Es3Pu02c 1643 2003                                                                        .45  .48  .55  .41  .30A .57 
   4 Es3Pu03a 1554 2003                                                         .55  .52  .50  .39  .44  .59  .55  .42  .68 
   5 Es3Pu03b 1546 2003                                                    .67  .58  .60  .70  .66  .59  .61  .73  .80  .75 
   6 Es3Pu03c 1543 2003                                                    .65  .60  .57  .71  .65  .64  .69  .58  .52  .57 
   7 Es3Pu04a 1490 2003                                          .46  .60  .59  .57  .63  .50  .51  .65  .70  .52  .48  .67 
   8 Es3Pu04b 1369 2003                 .55  .37  .55  .70  .52  .45  .47  .45  .50  .62  .36  .50  .58  .61  .51  .55  .75 
   9 Es3Pu04c 1376 2003                      .19A .39  .66  .50  .54  .58  .67  .76  .66  .43  .41  .52  .62  .54  .55  .69 
  10 Es3Pu05a 1483 2003                                          .68  .59  .71  .78  .69  .68  .62  .52  .54  .64  .65  .72 
  11 Es3Pu05b 1499 2003                                               .60  .71  .75  .71  .62  .63  .59  .51  .69  .64  .60 
  12 Es3Pu05c 1478 2003                                          .57  .69  .72  .70  .59  .51  .61  .56  .44  .55  .68  .78 
  13 Es3Pu06a 1575 1925                                                              .56  .73  .74  .57  .50  .63  .72  .74 
  14 Es3Pu06b 1593 2003                                                              .50  .37  .57  .65  .53  .47  .42  .43 
  15 Es3Pu07a 1553 2003                                                         .47  .60  .65  .67  .55  .49  .65  .74  .79 
  16 Es3Pu07b 1584 2003                                                              .52  .49  .47  .57  .44  .44  .65  .63 
  17 Es3Pu07c 1567 2003                                                         .37  .51  .63  .55  .50  .50  .67  .74  .68 
  18 Es3Pu08a 1546 2003                                                    .63  .66  .65  .59  .61  .61  .47  .50  .61  .44 
  19 Es3Pu08b 1546 2003                                                    .62  .59  .71  .71  .65  .61  .54  .57  .69  .49 
  20 Es3Pu08c 1546 2003                                                    .64  .62  .69  .67  .64  .50  .50  .63  .70  .55 
  21 Es3Pu09a 1529 2003                                                    .51  .44  .52  .53  .49  .55  .53  .50  .50  .56 
  22 Es3Pu09b 1521 2003                                               .63  .64  .63  .69  .61  .52  .43  .38  .38  .31A .49 
  23 Es3Pu09c 1537 2003                                                    .57  .52  .51  .58  .54  .53  .44  .40  .51  .53 
  24 Es3Pu11a 1707 2003                                                                                       .59  .44  .49 
  25 Es3Pu11b 1683 2003                                                                                  .41  .57  .40  .48 
  26 Es3Pu11c 1720 2003                                                                                       .36  .39  .50 
  27 Es3Pu12a 1643 2003                                                                        .51  .60  .53  .44  .54  .71 
  28 Es3Pu12b 1611 2003                                                                   .58  .60  .67  .62  .47  .40  .58 
  29 Es3Pu12c 1571 2003                                                         .50  .54  .52  .60  .58  .51  .45  .40  .67 
  30 Es3Pu13a 1587 2003                                                              .56  .64  .51  .37  .32A .42  .65  .35 
  31 Es3Pu13b 1530 2003                                                    .59  .50  .55  .52  .46  .46  .20B .28B .61  .45 
  32 Es3Pu13c 1560 2003                                                         .47  .53  .55  .44  .30A .09B .21B .56  .42 
  33 Es3Pu15a 1579 2003                                                              .46  .27A .38  .45  .53  .56  .40  .51 
  35 Es3Pu15c 1562 2003                                                         .52  .37  .44  .50  .28A .31A .42  .43  .53 
  36 Es3Pu17a 1563 2003                                                         .54  .36  .48  .55  .44  .40  .41  .49  .30B
  37 Es3Pu17b 1554 2003                                                         .52  .37  .45  .50  .48  .51  .51  .54  .23B
  38 Es3Pu18a 1547 2003                                                    .68  .67  .51  .49  .51  .46B .46  .53  .71  .80 
  39 Es3Pu18b 1527 1996                                                    .77  .68  .51  .49  .36  .32B .52  .46  .59  .74 
  40 Es3Pu18c 1610 2003                                                                   .42  .47  .54  .57  .50  .66  .77 
  41 Es3Pu22a 1517 1960                                               .66  .47  .33A .66  .63  .59  .65  .61  .47  .40  .52 
  42 Es3Pu22b 1531 1990                                                    .45  .39  .46  .55  .67  .70  .65  .57  .43  .56 
  43 Es3Pu22c 1525 1990                                                    .47  .35  .53  .54  .61  .65  .56  .42  .34  .36 
  44 Es3Pu23a 1332 1950            .34B .51  .55  .64  .69  .55  .53  .62  .58  .60  .65  .60  .67  .52  .41  .52  .52  .64 
  45 Es3Pu23b 1329 1950            .48  .48  .59  .74  .65  .42  .57  .71  .68  .66  .72  .61  .52  .54  .54  .44  .51  .58 
  46 Es3Pu25a 1548 1950                                                         .45  .39  .45  .41  .38  .39  .30A .48  .60 
  47 Es3Pu25b 1549 2003                                                         .48  .46  .40  .40  .44  .39B .34  .53  .67 
  48 Es3Pu26a 1357 2003                 .39  .47  .46  .42B .44  .48  .58  .62  .55  .48  .33  .23B .35  .51  .61  .59  .52 
  49 Es3Pu26b 1400 2003                           .35  .38B .35  .39  .62  .72  .61  .53  .47  .34  .49  .65  .61  .65  .65 
  50 Es3Pu27a 1288 1817  .74  .55  .28A .35  .27A .51  .58  .40  .41  .36  .48  .44  .38  .44  .46  .52  .52  .60  .62      
  51 Es3Pu28a 1375 2003                      .59  .49  .51  .35  .41  .52  .65  .69  .59  .51  .43  .59  .72  .56  .57  .64 
  52 Es3Pu28b 1306 1700       .33  .31A .46  .54  .47  .46  .46  .53  .33A .52  .59  .42  .56  .55                          
  54 Es3Pu43a 1269 1778  .54  .21B-.12B .19B .71  .71  .65  .52  .49  .59  .62  .56  .54  .61  .70  .49  .36B .49           
  55 Es3Pu80a 1772 2003                                                                                                 .49 
 Av segment correlation  .64  .37  .26  .42  .47  .53  .57  .45  .50  .57  .61  .56  .55  .54  .52  .52  .50  .50  .54  .58 

 CORRELATION OF SERIES BY SEGMENTS: spai084
-----------------------------------------------------------------------------------------------------------------------------------
 Correlations of  50-year dated segments, lagged  25 years
 Flags:  A = correlation under   .3281 but highest as dated;  B = correlation higher at other than dated position

 Seq Series  Time_span  1800 1825 1850 1875 1900 1925 1950 
                        1849 1874 1899 1924 1949 1974 1999 
 --- -------- ---------  ---- ---- ---- ---- ---- ---- ---- 
   1 Es3Pu02a 1628 2003  .66  .59  .60  .65  .45  .47  .66 
   2 Es3Pu02b 1636 2003  .73  .65  .54  .50  .35  .52  .72 
   3 Es3Pu02c 1643 2003  .76  .65  .53  .64  .50  .57  .71 
   4 Es3Pu03a 1554 2003  .81  .78  .72  .72  .59  .50  .55 
   5 Es3Pu03b 1546 2003  .70  .71  .64  .58  .44  .43  .66 
   6 Es3Pu03c 1543 2003  .55  .54  .56  .60  .57  .63  .61 
   7 Es3Pu04a 1490 2003  .66  .69  .68  .63  .56  .65  .67 
   8 Es3Pu04b 1369 2003  .62  .58  .66  .62  .52  .55  .54 
   9 Es3Pu04c 1376 2003  .64  .71  .72  .61  .59  .54  .50 
  10 Es3Pu05a 1483 2003  .61  .62  .66  .64  .72  .72  .69 
  11 Es3Pu05b 1499 2003  .70  .76  .68  .66  .62  .64  .74 
  12 Es3Pu05c 1478 2003  .69  .69  .69  .64  .70  .70  .73 
  13 Es3Pu06a 1575 1925  .78  .78  .75  .56                
  14 Es3Pu06b 1593 2003  .53  .63  .63  .46  .42  .73  .74 
  15 Es3Pu07a 1553 2003  .72  .64  .67  .66  .58  .64  .71 
  16 Es3Pu07b 1584 2003  .68  .64  .60  .67  .59  .45  .52 
  17 Es3Pu07c 1567 2003  .67  .74  .71  .61  .28B .37  .69 
  18 Es3Pu08a 1546 2003  .56  .76  .73  .63  .57  .65  .61 
  19 Es3Pu08b 1546 2003  .59  .75  .71  .70  .58  .49  .40 
  20 Es3Pu08c 1546 2003  .59  .70  .71  .74  .64  .60  .56 
  21 Es3Pu09a 1529 2003  .65  .66  .52  .46  .48  .38  .49 
  22 Es3Pu09b 1521 2003  .60  .61  .65  .74  .60  .44  .56 
  23 Es3Pu09c 1537 2003  .59  .58  .54  .55  .54  .49  .49 
  24 Es3Pu11a 1707 2003  .63  .72  .70  .48  .52  .59  .63 
  25 Es3Pu11b 1683 2003  .69  .81  .75  .64  .67  .72  .63 
  26 Es3Pu11c 1720 2003  .72  .78  .70  .64  .65  .65  .64 
  27 Es3Pu12a 1643 2003  .79  .73  .62  .61  .54  .49  .67 
  28 Es3Pu12b 1611 2003  .71  .75  .72  .67  .68  .56  .58 
  29 Es3Pu12c 1571 2003  .81  .70  .57  .58  .59  .66  .68 
  30 Es3Pu13a 1587 2003  .46  .65  .55  .61  .65  .75  .63 
  31 Es3Pu13b 1530 2003  .46  .63  .71  .69  .66  .68  .52 
  32 Es3Pu13c 1560 2003  .44  .62  .73  .74  .65  .64  .51 
  33 Es3Pu15a 1579 2003  .66  .64  .67  .65  .62  .64  .71 
  34 Es3Pu15b 1800 2003       .83  .60  .49  .64  .73  .67 
  35 Es3Pu15c 1562 2003  .75  .73  .65  .75  .73  .54  .56 
  36 Es3Pu17a 1563 2003  .32A .56  .58  .50  .16B .36  .69 
  37 Es3Pu17b 1554 2003  .31A .51  .58  .60  .35  .47  .59 
  38 Es3Pu18a 1547 2003  .78  .73  .64  .65  .63  .59  .61 
  39 Es3Pu18b 1527 1996  .70  .71  .64  .60  .49  .58      
  40 Es3Pu18c 1610 2003  .76  .67  .62  .66  .41  .40  .51 
  41 Es3Pu22a 1517 1960  .71  .66  .57  .45  .43           
  42 Es3Pu22b 1531 1990  .68  .73  .68  .57  .49  .64      
  43 Es3Pu22c 1525 1990  .45  .61  .77  .67  .49  .50      
  44 Es3Pu23a 1332 1950  .64  .63  .62  .54  .50           
  45 Es3Pu23b 1329 1950  .60  .63  .58  .44  .52           
  46 Es3Pu25a 1548 1950  .59  .65  .69  .61  .65           
  47 Es3Pu25b 1549 2003  .64  .58  .52  .53  .59  .49  .55 
  48 Es3Pu26a 1357 2003  .49  .44  .45  .52  .47  .60  .67 
  49 Es3Pu26b 1400 2003  .59  .60  .59  .48  .47  .60  .59 
  51 Es3Pu28a 1375 2003  .45  .42  .44  .43  .44  .35  .36 
  53 Es3Pu31a 1825 2003            .59  .64  .50  .55  .73 
  55 Es3Pu80a 1772 2003  .69  .72  .81  .75  .72  .61  .42 
  56 Es3Pu80b 1780 2003  .61  .70  .63  .52  .74  .64  .50 
 Av segment correlation  .63  .67  .64  .60  .55  .57  .60 

 FLAGGED SEGMENTS: spai084
-----------------------------------------------------------------------------------------------------------------------------------
 Seq Series   Segment    Flag  r dated  Best lag  r at lag   Gain  Note
 --- -------- ---------  ----  -------  --------  --------  -----  -----------------
   3 Es3Pu02c 1750 1799     A     .298         0
   9 Es3Pu04c 1400 1449     A     .191         0
  17 Es3Pu07c 1900 1949     B     .281        10      .345   .064
  22 Es3Pu09b 1750 1799     A     .308         0
  30 Es3Pu13a 1700 1749     A     .320         0
  31 Es3Pu13b 1700 1749     B     .204         6      .244   .040  weak at every lag
  31 Es3Pu13b 1725 1774     B     .284         8      .315   .031  weak at every lag
  32 Es3Pu13c 1675 1724     A     .304         0
  32 Es3Pu13c 1700 1749     B     .093         8      .297   .204  weak at every lag
  32 Es3Pu13c 1725 1774     B     .211         8      .339   .128
  33 Es3Pu15a 1625 1674     A     .274         0
  35 Es3Pu15c 1675 1724     A     .285         0
  35 Es3Pu15c 1700 1749     A     .313         0
  36 Es3Pu17a 1775 1824     B     .297         9      .325   .029  weak at every lag
  36 Es3Pu17a 1800 1849     A     .316         0
  36 Es3Pu17a 1900 1949     B     .160         2      .195   .035  weak at every lag
  37 Es3Pu17b 1775 1824     B     .234         9      .420   .186
  37 Es3Pu17b 1800 1849     A     .311         0
  38 Es3Pu18a 1675 1724     B     .456         3      .558   .102
  39 Es3Pu18b 1675 1724     B     .321         3      .403   .082
  41 Es3Pu22a 1575 1624     A     .325         0
  44 Es3Pu23a 1350 1399     B     .345         1      .445   .101
  46 Es3Pu25a 1725 1774     A     .302         0
  47 Es3Pu25b 1700 1749     B     .395         9      .443   .048
  48 Es3Pu26a 1450 1499     B     .418        -3      .430   .011
  48 Es3Pu26a 1650 1699     B     .226         6      .355   .129
  49 Es3Pu26b 1450 1499     B     .384        -2      .403   .019
  50 Es3Pu27a 1350 1399     A     .281         0
  50 Es3Pu27a 1400 1449     A     .274         0
  52 Es3Pu28b 1350 1399     A     .311         0
  52 Es3Pu28b 1525 1574     A     .326         0
  54 Es3Pu43a 1325 1374     B     .211         9      .269   .057  weak at every lag
  54 Es3Pu43a 1350 1399     B    -.121        -6      .209   .330  weak at every lag
  54 Es3Pu43a 1375 1424     B     .187         5      .221   .034  weak at every lag
  54 Es3Pu43a 1700 1749     B     .356        -9      .414   .058

 DESCRIPTIVE STATISTICS: spai084
-----------------------------------------------------------------------------------------------------------------------------------

                                                Corr   //-------- Unfiltered --------\\  //-- dplR filtered --\\
                           No.    No.    No.    with   Mean   Max     Std   Auto   Mean   Max     Std   Auto  AR
 Seq Series   Interval   Years  Segmt  Flags   Master  msmt   msmt    dev   corr   sens  value    dev   corr  ()
 --- -------- ---------  -----  -----  -----   ------ -----  -----  -----  -----  -----  -----  -----  -----  --
   1 Es3Pu02a 1628 2003    376     13      0    .534    .84   2.97   .532   .907   .196   1.62   .204   .014   1
   2 Es3Pu02b 1636 2003    368     13      0    .543    .83   3.15   .490   .907   .200   1.62   .215  -.002   3
   3 Es3Pu02c 1643 2003    361     13      1    .568    .74   2.58   .322   .799   .198   1.80   .203  -.013   3
   4 Es3Pu03a 1554 2003    450     16      0    .598    .61   2.48   .333   .906   .197   1.66   .194  -.005   1
   5 Es3Pu03b 1546 2003    458     17      0    .646    .61   2.02   .313   .895   .183   1.64   .179  -.001   1
   6 Es3Pu03c 1543 2003    461     17      0    .588    .60   2.20   .331   .903   .188   1.80   .188   .001   1
   7 Es3Pu04a 1490 2003    514     19      0    .597    .57   1.19   .187   .813   .165   1.65   .165   .002   2
   8 Es3Pu04b 1369 2003    635     24      0    .537    .46   1.05   .159   .796   .173   1.75   .185   .002   2
   9 Es3Pu04c 1376 2003    628     23      1    .545    .48   1.27   .168   .817   .170   2.00   .179   .012   2
  10 Es3Pu05a 1483 2003    521     19      0    .638    .55   1.58   .225   .845   .168   1.70   .176  -.015   3
  11 Es3Pu05b 1499 2003    505     18      0    .655    .58   1.92   .289   .883   .172   1.57   .181  -.002   2
  12 Es3Pu05c 1478 2003    526     19      0    .631    .54   1.57   .206   .790   .185   1.61   .190  -.003   3
  13 Es3Pu06a 1575 1925    351     12      0    .648    .68   1.49   .227   .833   .167   1.53   .167  -.002   3
  14 Es3Pu06b 1593 2003    411     15      0    .546    .48   1.28   .172   .773   .199   1.64   .199  -.009   3
  15 Es3Pu07a 1553 2003    451     16      0    .624    .72   3.07   .476   .917   .198   1.61   .196   .009   1
  16 Es3Pu07b 1584 2003    420     15      0    .571    .82   2.22   .371   .863   .188   2.09   .199   .007   2
  17 Es3Pu07c 1567 2003    437     16      1    .581    .63   2.70   .359   .912   .174   1.66   .179  -.014   1
  18 Es3Pu08a 1546 2003    458     17      0    .600    .68   2.59   .461   .932   .182   1.56   .180  -.002   3
  19 Es3Pu08b 1546 2003    458     17      0    .591    .75   3.31   .535   .936   .178   1.70   .180   .000   2
  20 Es3Pu08c 1546 2003    458     17      0    .620    .70   3.39   .488   .937   .185   1.50   .181  -.005   3
  21 Es3Pu09a 1529 2003    475     17      0    .532    .54   1.96   .312   .907   .173   1.63   .174   .001   2
  22 Es3Pu09b 1521 2003    483     18      1    .575    .51   1.93   .246   .890   .159   1.70   .160   .015   1
  23 Es3Pu09c 1537 2003    467     17      0    .502    .50   1.34   .221   .868   .176   1.63   .175  -.015   1
  24 Es3Pu11a 1707 2003    297     10      0    .613    .50    .99   .176   .778   .180   1.55   .185  -.012   3
  25 Es3Pu11b 1683 2003    321     11      0    .609   1.00   1.82   .311   .829   .150   1.80   .159   .044   2
  26 Es3Pu11c 1720 2003    284     10      0    .611   1.03   2.09   .322   .842   .144   1.48   .148   .015   1
  27 Es3Pu12a 1643 2003    361     13      0    .609    .87   3.30   .564   .933   .160   1.85   .184   .034   1
  28 Es3Pu12b 1611 2003    393     14      0    .615    .82   2.23   .333   .838   .167   1.65   .181  -.007   3
  29 Es3Pu12c 1571 2003    433     16      0    .581    .94   4.06   .488   .891   .166   1.74   .185   .023   1
  30 Es3Pu13a 1587 2003    417     15      1    .531    .76   1.85   .345   .867   .184   1.62   .193   .004   1
  31 Es3Pu13b 1530 2003    474     17      2    .499    .93   1.97   .305   .708   .193   2.04   .199   .006   2
  32 Es3Pu13c 1560 2003    444     16      3    .501    .95   1.90   .302   .704   .190   1.70   .192   .001   1
  33 Es3Pu15a 1579 2003    425     15      1    .558    .79   2.66   .493   .932   .172   1.62   .175   .012   1
  34 Es3Pu15b 1800 2003    204      6      0    .669    .44    .79   .134   .712   .192   1.62   .186   .009   1
  35 Es3Pu15c 1562 2003    442     16      2    .552    .69   2.75   .486   .936   .182   1.61   .186   .021   1
  36 Es3Pu17a 1563 2003    441     16      3    .462    .65   1.69   .300   .905   .163   2.06   .180   .003   3
  37 Es3Pu17b 1554 2003    450     16      2    .488    .70   2.01   .365   .930   .155   1.78   .168   .029   1
  38 Es3Pu18a 1547 2003    457     17      1    .623    .43   1.19   .209   .884   .186   1.61   .186   .008   1
  39 Es3Pu18b 1527 1996    470     16      1    .584    .43   1.60   .248   .925   .173   1.62   .170   .002   1
  40 Es3Pu18c 1610 2003    394     14      0    .570    .63   1.33   .251   .825   .186   1.88   .188  -.010   3
  41 Es3Pu22a 1517 1960    444     16      1    .543    .57   1.77   .364   .909   .198   1.61   .200  -.023   1
  42 Es3Pu22b 1531 1990    460     16      0    .574    .51   1.58   .268   .895   .190   1.55   .192  -.005   1
  43 Es3Pu22c 1525 1990    466     16      0    .536    .56   1.64   .276   .884   .180   1.71   .189   .013   1
  44 Es3Pu23a 1332 1950    619     23      1    .545    .39   1.44   .203   .890   .153   2.48   .176   .002   2
  45 Es3Pu23b 1329 1950    622     23      0    .572    .38   1.56   .208   .914   .158   1.68   .173  -.003   3
  46 Es3Pu25a 1548 1950    403     14      1    .531    .71   2.49   .421   .933   .163   1.49   .156  -.007   3
  47 Es3Pu25b 1549 2003    455     16      1    .530    .66   2.37   .418   .941   .160   1.43   .154   .008   2
  48 Es3Pu26a 1357 2003    647     24      2    .471    .38   1.76   .288   .914   .191   1.61   .183  -.010   3
  49 Es3Pu26b 1400 2003    604     22      1    .530    .39   1.43   .200   .912   .176   1.55   .169  -.012   3
  50 Es3Pu27a 1288 1817    530     19      2    .483    .45   2.15   .342   .942   .163   1.58   .162  -.005   1
  51 Es3Pu28a 1375 2003    629     23      0    .461    .44   2.15   .257   .932   .153   1.56   .161  -.012   3
  52 Es3Pu28b 1306 1700    395     14      2    .441    .80   2.80   .487   .931   .171   1.99   .184  -.001   2
  53 Es3Pu31a 1825 2003    179      5      0    .546    .96   1.83   .315   .741   .188   1.58   .179  -.010   1
  54 Es3Pu43a 1269 1778    510     18      4    .452    .56   2.25   .365   .954   .145   1.54   .149  -.009   1
  55 Es3Pu80a 1772 2003    232      8      0    .602   1.24   4.60   .638   .874   .184   1.65   .194  -.001   3
  56 Es3Pu80b 1780 2003    224      7      0    .600   1.13   2.97   .401   .787   .190   1.56   .193  -.006   1
 --- -------- ---------  -----  -----  -----   ------ -----  -----  -----  -----  -----  -----  -----  -----  --
 Total or mean:          24798    890     35    .559    .63   4.60   .321   .877   .176   2.48   .180   .001

 DATA CHECKS (rwl.check): spai084
-----------------------------------------------------------------------------------------------------------------------------------
 rwl.check: data_files/treering/measurements/europe/spai084.rwl
 56 series, 24798 measurements, 1269-2003, 0.01 mm precision
 0 error(s), 1 warning(s), 2 note(s)
 -------------
 WARNING
   RWL_NON_ASCII (1)
     2 byte(s) outside printable ASCII
 2 note(s) not shown; see rwl.check() or the 'check' element of this report.

 NOTES
-----------------------------------------------------------------------------------------------------------------------------------
 Report generated using dplR 1.8.1 (R 4.5.2) on 2026-10-01 16:52 PDT.
 Measurement file spai084.rwl, MD5 317daca0d9aedae9a6903bee58833964.
 Filtering: each series divided by a 32-year smoothing spline (caps()), then prewhitened with
   an AR model (order by AIC, at most 3).
 Master: biweight robust mean of the other series (leave-one-out).
 Correlation: Pearson, one-tailed, pcrit = 0.01; critical r = 0.3281 for 50-year segments.
 Segments: 50 years, lagged 25, first segment floored to 100. Lags searched: +/- 10 years.
 A segment is tested only where the series and the master cover all of it, at the dated
   position and at every lag. COFECHA also tests partial segments at the ends of a series, so
   series here may show fewer segments, and no flags can be raised at the ends of the record.
 Lags follow COFECHA: negative means rings are probably missing from the series, positive means
   false rings. A missing ring carries its lag into every segment before it, so look where the
   lag changes along a series. A B flag is a hypothesis to check on the wood; the gain says how
   seriously to take it.
 A B flag marked "weak at every lag" correlates under the critical value even at its best lag:
   the segment is weak wherever it is placed, and the shift is not evidence of a dating error.
   Treat it as a low correlation, like an A.
 Averages in the summary and the totals are weighted by the number of years in each series, as
   COFECHA's are.
 Unfiltered block and mean sensitivity: the measurements as read, and sens1().
 dplR filtered block: the series that was correlated, after filtering. COFECHA's filtered
   series is defined differently, so these three columns are not COFECHA's numbers.
 AR: order of the AR model used to prewhiten.
