
 COFECHA-style crossdating report: swe362
 Report generated using dplR 1.8.1 (R 4.5.2) on 2026-10-01 16:49 PDT
 Built with dplR's xdate.report(), not COFECHA; see the notes at the end.


      Measurement file name  : swe362.rwl
      MD5 of measurement file: ba08a1b0d9addc1b5c7e8faa5984229d
      Date checked           : 01OCT26
      Beginning year         : 1789
      Ending year            : 2018
      Principal investigators: Esper, J.
      Site name              : Seskarö East KSS02
      Species information    : PCAB Picea abies (L.) H. Karst.
      Latitude               : 65.7139 N
      Longitude              : 23.7639 E
      Elevation              : 10 m

      Series intercorrelation: 0.570
      Avg mean sensitivity   : 0.214
      Avg standard deviation : 0.382
      Avg autocorrelation    : 0.798
      Number dated series    : 84
      Segment length tested  : 50

      Number problem segments: 5  (A 4, B 1)
      Pct problem segments   : 2.10


 CORRELATION OF SERIES BY SEGMENTS: swe362
-----------------------------------------------------------------------------------------------------------------------------------
 Correlations of  50-year dated segments, lagged  25 years
 Flags:  A = correlation under   .3281 but highest as dated;  B = correlation higher at other than dated position

 Seq Series  Time_span  1800 1825 1850 1875 1900 1925 1950 
                        1849 1874 1899 1924 1949 1974 1999 
 --- -------- ---------  ---- ---- ---- ---- ---- ---- ---- 
   1 KSS0201A 1884 2018                      .70  .79  .71 
   2 KSS0201B 1880 2018                      .71  .75  .74 
   3 KSS0202A 1878 2018                      .58  .56  .53 
   4 KSS0202B 1887 2018                      .60  .68  .69 
   5 KSS0204A 1905 2018                           .54  .53 
   6 KSS0204B 1881 2018                      .53  .58  .54 
   7 KSS0205A 1946 2018                                .38 
   9 KSS0206A 1884 2018                      .73  .75  .73 
  10 KSS0206B 1888 2018                      .74  .76  .58 
  11 KSS0207A 1867 2018                 .64  .72  .64  .48 
  12 KSS0207B 1887 2018                      .79  .75  .68 
  13 KSS0211A 1816 2018       .43  .49  .59  .59  .61  .58 
  14 KSS0211B 1789 2018       .50  .47  .54  .66  .69  .77 
  15 KSS0212A 1858 2018                 .48  .58  .54  .60 
  16 KSS0212B 1877 2018                      .55  .38  .48 
  17 KSS0213A 1912 2018                           .61  .65 
  18 KSS0213B 1912 2018                           .67  .61 
  19 KSS0214A 1882 2018                      .57  .58  .61 
  20 KSS0214B 1886 2018                      .71  .62  .58 
  21 KSS0215A 1903 2018                           .73  .77 
  22 KSS0215B 1892 2018                      .66  .68  .69 
  23 KSS0216A 1821 2018       .42  .62  .70  .60  .50  .52 
  24 KSS0216B 1838 2018            .64  .70  .73  .52  .40B
  25 KSS0217A 1868 2018                 .65  .70  .67  .60 
  26 KSS0217B 1861 2018                 .70  .79  .69  .59 
  27 KSS0218A 1846 2018            .58  .65  .75  .76  .54 
  28 KSS0218B 1861 2018                 .66  .77  .72  .59 
  29 KSS0221A 1832 2018            .57  .78  .73  .63  .67 
  30 KSS0221B 1828 2018            .62  .66  .77  .71  .69 
  31 KSS0222A 1882 2018                      .71  .64  .48 
  32 KSS0222B 1913 2018                           .68  .56 
  33 KSS0223A 1856 2018                 .56  .65  .69  .68 
  34 KSS0223B 1849 2018                 .54  .72  .69  .52 
  35 KSS0224A 1849 2018            .50  .67  .64  .67  .71 
  36 KSS0224B 1851 2018                 .60  .56  .43  .47 
  37 KSS0225A 1864 2018                 .52  .65  .51  .42 
  38 KSS0226B 1886 2018                      .66  .68  .57 
  39 KSS0227A 1853 2018                 .73  .78  .64  .39 
  40 KSS0227B 1858 2018                 .74  .70  .56  .49 
  41 KSS0228A 1876 2018                      .75  .65  .47 
  42 KSS0229A 1893 2018                      .55  .58  .70 
  43 KSS0229B 1880 2018                      .47  .51  .62 
  44 KSS0231A 1880 2018                      .51  .54  .61 
  45 KSS0231B 1880 2018                      .63  .68  .69 
  48 KSS0233A 1936 2018                                .47 
  49 KSS0233B 1915 2018                           .43  .50 
  50 KSS0234A 1893 2018                      .55  .63  .39 
  51 KSS0234B 1890 2018                      .72  .72  .57 
  52 KSS0235A 1915 2018                           .32A .59 
  53 KSS0235B 1922 2018                           .62  .50 
  64 KSS0241A 1875 2018                      .75  .76  .52 
  65 KSS0241B 1870 2018                 .47  .61  .52  .38 
  66 KSS0242A 1927 2018                                .32A
  67 KSS0242B 1922 2018                           .34  .37 
  68 KSS0243A 1885 2018                      .72  .78  .62 
  69 KSS0243B 1878 2018                      .84  .75  .61 
  70 KSS0244A 1901 2018                           .67  .55 
  71 KSS0244B 1888 2018                      .63  .65  .54 
  72 KSS0245A 1855 2018                 .64  .72  .59  .63 
  73 KSS0245B 1854 2018                 .55  .64  .67  .56 
  74 KSS0246A 1848 2018            .43  .66  .62  .66  .77 
  75 KSS0246B 1848 2018            .49  .71  .65  .64  .71 
  76 KSS0247A 1853 2018                 .69  .74  .66  .64 
  77 KSS0247B 1862 2018                 .58  .63  .67  .65 
  78 KSS0248A 1874 2018                 .47  .73  .80  .61 
  79 KSS0248B 1862 2018                 .50  .65  .63  .57 
  80 KSS0249A 1872 2018                 .67  .78  .73  .73 
  81 KSS0249B 1883 2018                      .55  .62  .56 
  82 KSS0250A 1908 2018                           .43  .33 
  83 KSS0250B 1912 2018                           .49  .50 
  84 KSS02ON  1869 2018                 .74  .54  .30A .32A
 Av segment correlation       .45  .54  .63  .67  .62  .57 

 FLAGGED SEGMENTS: swe362
-----------------------------------------------------------------------------------------------------------------------------------
 Seq Series   Segment    Flag  r dated  Best lag  r at lag   Gain  Note
 --- -------- ---------  ----  -------  --------  --------  -----  -----------------
  24 KSS0216B 1950 1999     B     .404        -8      .418   .015
  52 KSS0235A 1925 1974     A     .320         0
  66 KSS0242A 1950 1999     A     .324         0
  84 KSS02ON  1925 1974     A     .302         0
  84 KSS02ON  1950 1999     A     .318         0

 DESCRIPTIVE STATISTICS: swe362
-----------------------------------------------------------------------------------------------------------------------------------

                                                Corr   //-------- Unfiltered --------\\  //-- dplR filtered --\\
                           No.    No.    No.    with   Mean   Max     Std   Auto   Mean   Max     Std   Auto  AR
 Seq Series   Interval   Years  Segmt  Flags   Master  msmt   msmt    dev   corr   sens  value    dev   corr  ()
 --- -------- ---------  -----  -----  -----   ------ -----  -----  -----  -----  -----  -----  -----  -----  --
   1 KSS0201A 1884 2018    135      3      0    .645    .89   2.75   .301   .756   .161   1.56   .173   .042   1
   2 KSS0201B 1880 2018    139      3      0    .665    .79   1.84   .289   .740   .193   1.65   .219   .008   1
   3 KSS0202A 1878 2018    141      3      0    .508    .96   2.11   .304   .820   .153   1.40   .153  -.003   1
   4 KSS0202B 1887 2018    132      3      0    .532    .95   1.77   .294   .677   .179   1.76   .195  -.021   1
   5 KSS0204A 1905 2018    114      2      0    .541    .92   2.60   .316   .677   .182   1.71   .195   .036   1
   6 KSS0204B 1881 2018    138      3      0    .491    .72   1.45   .255   .806   .178   1.67   .190  -.023   1
   7 KSS0205A 1946 2018     73      1      0    .512   1.65   2.77   .456   .737   .155   1.59   .170   .007   2
   8 KSS0205B 1960 2018     59      0      0    .322   2.09   4.68   .769   .840   .158   1.54   .172   .106   1
   9 KSS0206A 1884 2018    135      3      0    .683    .73   1.70   .308   .811   .207   1.72   .227   .001   1
  10 KSS0206B 1888 2018    131      3      0    .651    .71   2.24   .304   .803   .199   1.85   .218  -.002   1
  11 KSS0207A 1867 2018    152      4      0    .615   1.01   2.45   .341   .725   .186   1.56   .190   .028   3
  12 KSS0207B 1887 2018    132      3      0    .663   1.06   3.02   .485   .846   .188   1.60   .194   .043   1
  13 KSS0211A 1816 2018    203      6      0    .529    .66   1.96   .347   .850   .217   1.69   .237   .071   1
  14 KSS0211B 1789 2018    230      6      0    .569    .40   1.00   .181   .772   .249   1.79   .252   .044   1
  15 KSS0212A 1858 2018    161      4      0    .463    .38   1.33   .328   .930   .265   2.08   .275   .045   1
  16 KSS0212B 1877 2018    142      3      0    .539    .38   1.65   .335   .915   .256   1.95   .272  -.024   1
  17 KSS0213A 1912 2018    107      2      0    .635    .85   1.92   .349   .785   .216   1.52   .217   .042   1
  18 KSS0213B 1912 2018    107      2      0    .652    .97   1.59   .246   .543   .189   1.52   .190   .034   1
  19 KSS0214A 1882 2018    137      3      0    .504    .70   1.95   .323   .830   .199   2.12   .243   .068   1
  20 KSS0214B 1886 2018    133      3      0    .659    .79   1.62   .286   .691   .226   1.64   .235  -.008   1
  21 KSS0215A 1903 2018    116      2      0    .730    .76   2.71   .456   .806   .264   1.92   .284  -.012   2
  22 KSS0215B 1892 2018    127      3      0    .614    .68   1.38   .283   .746   .252   1.69   .249   .003   1
  23 KSS0216A 1821 2018    198      6      0    .542    .78   1.88   .383   .863   .215   2.47   .239   .045   1
  24 KSS0216B 1838 2018    181      5      1    .570    .76   2.01   .374   .869   .193   1.59   .203   .037   1
  25 KSS0217A 1868 2018    151      4      0    .648   1.17   3.20   .752   .902   .217   1.84   .225   .082   3
  26 KSS0217B 1861 2018    158      4      0    .654   1.28   2.85   .602   .884   .180   1.71   .199   .012   1
  27 KSS0218A 1846 2018    173      5      0    .651    .94   2.41   .570   .885   .217   1.78   .233  -.011   2
  28 KSS0218B 1861 2018    158      4      0    .671    .94   2.27   .466   .802   .226   1.66   .225   .011   1
  29 KSS0221A 1832 2018    187      5      0    .568    .52   1.32   .183   .645   .248   1.70   .246   .011   1
  30 KSS0221B 1828 2018    191      5      0    .640    .61   1.57   .224   .625   .260   1.88   .262  -.011   2
  31 KSS0222A 1882 2018    137      3      0    .566    .65   1.33   .234   .637   .251   1.65   .243  -.009   1
  32 KSS0222B 1913 2018    106      2      0    .613    .77   2.88   .410   .752   .244   2.24   .270   .027   1
  33 KSS0223A 1856 2018    163      4      0    .653    .77   2.75   .469   .897   .218   1.49   .221   .021   1
  34 KSS0223B 1849 2018    170      4      0    .595    .87   2.55   .540   .916   .220   1.56   .218  -.001   2
  35 KSS0224A 1849 2018    170      5      0    .621    .94   2.16   .432   .878   .159   2.08   .183  -.004   1
  36 KSS0224B 1851 2018    168      4      0    .529    .90   2.07   .421   .910   .148   1.54   .158   .004   1
  37 KSS0225A 1864 2018    155      4      0    .553    .87   1.89   .308   .812   .163   1.69   .173   .022   1
  38 KSS0226B 1886 2018    133      3      0    .616    .82   2.20   .353   .841   .166   1.78   .189   .055   1
  39 KSS0227A 1853 2018    166      4      0    .625   1.08   2.43   .431   .828   .182   1.61   .202   .041   1
  40 KSS0227B 1858 2018    161      4      0    .583   1.15   2.18   .425   .845   .159   1.47   .170  -.024   2
  41 KSS0228A 1876 2018    143      3      0    .600   1.22   3.41   .663   .913   .177   1.61   .201   .010   1
  42 KSS0229A 1893 2018    126      3      0    .544   1.65   4.09   .724   .782   .204   1.66   .220   .049   1
  43 KSS0229B 1880 2018    139      3      0    .496   1.61   3.85   .699   .830   .176   1.63   .207  -.018   3
  44 KSS0231A 1880 2018    139      3      0    .558    .39   1.15   .215   .828   .258   2.10   .285   .059   1
  45 KSS0231B 1880 2018    139      3      0    .613    .50   1.43   .259   .809   .236   1.70   .253   .017   2
  46 KSS0232A 1990 2018     29      0      0    .207   1.06   1.78   .331   .459   .215   1.44   .216   .019   0
  47 KSS0232B 1984 2018     35      0      0    .462    .87   1.68   .267   .514   .200   1.62   .216   .161   0
  48 KSS0233A 1936 2018     83      1      0    .440    .39    .81   .169   .772   .231   1.66   .261   .010   2
  49 KSS0233B 1915 2018    104      2      0    .463    .41   1.20   .284   .903   .246   1.60   .258  -.024   2
  50 KSS0234A 1893 2018    126      3      0    .509    .30   1.07   .176   .854   .271   1.71   .260   .043   3
  51 KSS0234B 1890 2018    129      3      0    .660    .30   1.17   .204   .880   .218   1.62   .217  -.003   1
  52 KSS0235A 1915 2018    104      2      1    .421    .41   1.98   .343   .578   .365   4.34   .502   .028   1
  53 KSS0235B 1922 2018     97      2      0    .573    .37   1.56   .307   .610   .478   4.28   .523   .033   1
  54 KSS0236A 1975 2018     44      0      0    .396   1.05   2.58   .591   .859   .255   1.61   .261   .033   1
  55 KSS0236B 1976 2018     43      0      0    .457   1.04   2.75   .567   .757   .282   1.68   .289  -.059   1
  56 KSS0237A 1971 2018     48      0      0    .292    .93   2.16   .440   .821   .211   1.44   .233   .102   1
  57 KSS0237B 1975 2018     44      0      0    .238    .78   1.77   .411   .848   .239   1.74   .262   .005   1
  58 KSS0238A 1989 2018     30      0      0    .201   1.98   2.76   .417   .377   .202   1.34   .185   .194   0
  59 KSS0238B 1993 2018     26      0      0    .089   1.99   2.95   .470   .485   .172   1.44   .204   .062   1
  60 KSS0239A 1983 2018     36      0      0    .319   1.68   3.21   .475   .639   .163   1.63   .180  -.070   3
  61 KSS0239B 1984 2018     35      0      0    .470   1.72   2.94   .419   .549   .161   1.66   .179  -.025   2
  62 KSS0240A 2000 2018     19      0      0    .212   1.87   3.05   .471   .793   .138   1.33   .148   .206   0
  63 KSS0240B 2001 2018     18      0      0    .467   2.53   3.45   .549   .595   .173   1.26   .150   .035   0
  64 KSS0241A 1875 2018    144      3      0    .585    .93   1.92   .340   .804   .175   1.49   .183   .034   2
  65 KSS0241B 1870 2018    149      4      0    .502    .82   1.64   .294   .776   .184   1.65   .200   .033   1
  66 KSS0242A 1927 2018     92      1      1    .431    .93   1.68   .312   .682   .232   1.46   .216   .057   1
  67 KSS0242B 1922 2018     97      2      0    .421   1.11   2.36   .368   .504   .243   1.73   .237   .001   1
  68 KSS0243A 1885 2018    134      3      0    .636    .66   1.20   .259   .774   .201   1.52   .201   .014   3
  69 KSS0243B 1878 2018    141      3      0    .692    .72   1.39   .250   .748   .204   1.78   .217  -.010   1
  70 KSS0244A 1901 2018    118      2      0    .587    .80   1.56   .288   .761   .187   1.60   .196   .072   1
  71 KSS0244B 1888 2018    131      3      0    .577    .63   1.34   .267   .787   .208   1.55   .218   .035   1
  72 KSS0245A 1855 2018    164      4      0    .590    .77   1.86   .280   .781   .197   1.62   .202  -.014   2
  73 KSS0245B 1854 2018    165      4      0    .604    .53   1.49   .315   .868   .287   1.66   .280   .001   1
  74 KSS0246A 1848 2018    171      5      0    .601    .70   1.45   .311   .825   .222   1.82   .223   .002   1
  75 KSS0246B 1848 2018    171      5      0    .612    .81   1.79   .352   .797   .229   1.78   .235  -.006   1
  76 KSS0247A 1853 2018    166      4      0    .661    .74   2.86   .507   .887   .223   1.66   .240  -.028   1
  77 KSS0247B 1862 2018    157      4      0    .637    .77   3.61   .699   .901   .243   1.96   .248  -.010   3
  78 KSS0248A 1874 2018    145      4      0    .618    .67   2.52   .398   .790   .245   2.22   .268  -.021   1
  79 KSS0248B 1862 2018    157      4      0    .571    .74   2.97   .600   .926   .234   1.61   .245  -.022   1
  80 KSS0249A 1872 2018    147      4      0    .666   1.01   2.53   .457   .871   .192   1.44   .198   .011   1
  81 KSS0249B 1883 2018    136      3      0    .514    .92   2.37   .398   .777   .192   1.89   .241   .006   1
  82 KSS0250A 1908 2018    111      2      0    .354   1.40   2.79   .428   .741   .164   1.55   .169   .057   1
  83 KSS0250B 1912 2018    107      2      0    .512   1.66   3.92   .633   .740   .193   1.77   .208  -.015   3
  84 KSS02ON  1869 2018    150      4      2    .447   1.03   2.71   .494   .886   .188   1.57   .210  -.023   3
 --- -------- ---------  -----  -----  -----   ------ -----  -----  -----  -----  -----  -----  -----  -----  --
 Total or mean:          10559    238      5    .570    .84   4.68   .382   .798   .214   4.34   .227   .016

 DATA CHECKS (rwl.check): swe362
-----------------------------------------------------------------------------------------------------------------------------------
 rwl.check: data_files/treering/measurements/europe/swe362.rwl
 84 series, 10559 measurements, 1789-2018, 0.01 mm precision
 0 error(s), 1 warning(s), 14 note(s)
 -------------
 WARNING
   RWL_NON_ASCII (1)
     2 byte(s) outside printable ASCII
 14 note(s) not shown; see rwl.check() or the 'check' element of this report.

 NOTES
-----------------------------------------------------------------------------------------------------------------------------------
 Report generated using dplR 1.8.1 (R 4.5.2) on 2026-10-01 16:49 PDT.
 Measurement file swe362.rwl, MD5 ba08a1b0d9addc1b5c7e8faa5984229d.
 Filtering: each series divided by a 32-year smoothing spline (caps()), then prewhitened with
   an AR model (order by AIC, at most 3).
 Master: biweight robust mean of the other series (leave-one-out).
 Correlation: Pearson, one-tailed, pcrit = 0.01; critical r = 0.3281 for 50-year segments.
 Segments: 50 years, lagged 25, first segment floored to 100. Lags searched: +/- 10 years.
 A segment is tested only where the series and the master cover all of it, at the dated
   position and at every lag. COFECHA also tests partial segments at the ends of a series, so
   series here may show fewer segments, and no flags can be raised at the ends of the record.
 Lags follow COFECHA: negative means rings are probably missing from the series, positive means
   false rings. A missing ring carries its lag into every segment before it, so look where the
   lag changes along a series. A B flag is a hypothesis to check on the wood; the gain says how
   seriously to take it.
 A B flag marked "weak at every lag" correlates under the critical value even at its best lag:
   the segment is weak wherever it is placed, and the shift is not evidence of a dating error.
   Treat it as a low correlation, like an A.
 Averages in the summary and the totals are weighted by the number of years in each series, as
   COFECHA's are.
 Unfiltered block and mean sensitivity: the measurements as read, and sens1().
 dplR filtered block: the series that was correlated, after filtering. COFECHA's filtered
   series is defined differently, so these three columns are not COFECHA's numbers.
 AR: order of the AR model used to prewhiten.
