
 COFECHA-style crossdating report: swed341
 Report generated using dplR 1.8.1 (R 4.5.2) on 2026-10-01 16:52 PDT
 Built with dplR's xdate.report(), not COFECHA; see the notes at the end.


      Measurement file name  : swed341.rwl
      MD5 of measurement file: 44f2c3e78910f9f7026d0f2a3aa8e3c4
      Date checked           : 01OCT26
      Beginning year         : 1715
      Ending year            : 2013
      Principal investigators: Esper, J.; Konter, O.
      Site name              : Jokkmokk
      Species information    : PISY Pinus sylvestris L.
      Latitude               : 66.6500 N
      Longitude              : 20.1100 E
      Elevation              : 302 m

      Series intercorrelation: 0.598
      Avg mean sensitivity   : 0.211
      Avg standard deviation : 0.324
      Avg autocorrelation    : 0.753
      Number dated series    : 126
      Segment length tested  : 50

      Number problem segments: 5  (A 0, B 5; 1 of the B weak at every lag)
      Pct problem segments   : 2.16


 CORRELATION OF SERIES BY SEGMENTS: swed341
-----------------------------------------------------------------------------------------------------------------------------------
 Correlations of  50-year dated segments, lagged  25 years
 Flags:  A = correlation under   .3281 but highest as dated;  B = correlation higher at other than dated position

 Seq Series  Time_span  1800 1825 1850 1875 1900 1925 1950 
                        1849 1874 1899 1924 1949 1974 1999 
 --- -------- ---------  ---- ---- ---- ---- ---- ---- ---- 
  59 ESJ0240A 1944 2013                                .75 
  60 ESJ0240B 1944 2013                                .49 
  61 ESJ0250A 1927 2013                                .72 
  62 ESJ0250B 1927 2013                                .69 
  63 ESJ0214A 1925 2013                                .68 
  64 ESJ0214B 1925 2013                                .59 
  65 ESJ0235A 1916 2013                           .72  .76 
  66 ESJ0235B 1916 2013                           .70  .62 
  67 ESJ0249A 1916 2013                           .79  .80 
  68 ESJ0249B 1916 2013                           .76  .81 
  69 ESJ0246A 1915 2013                           .71  .65 
  70 ESJ0246B 1915 2013                           .62  .63 
  71 ESJ0254A 1912 2013                           .67  .74 
  72 ESJ0254B 1912 2013                           .69  .75 
  73 ESJ0237A 1911 2013                           .61  .56 
  74 ESJ0237B 1911 2013                           .74  .68 
  75 ESJ0231A 1910 2013                           .62  .75 
  76 ESJ0231B 1910 2013                           .60  .71 
  77 ESJ0253A 1907 2013                           .75  .76 
  78 ESJ0253B 1907 2013                           .71  .74 
  79 ESJ0239A 1906 2013                           .78  .69 
  80 ESJ0239B 1906 2013                           .67  .72 
  81 ESJ0248A 1906 2013                           .62  .65 
  82 ESJ0248B 1906 2013                           .62  .55 
  83 ESJ0251A 1905 2013                           .76  .71 
  84 ESJ0251B 1905 2013                           .70  .81 
  85 ESJ0226A 1902 2013                           .80  .78 
  86 ESJ0226B 1902 2013                           .66  .77 
  87 ESJ0228A 1898 2013                      .75  .76  .76 
  88 ESJ0228B 1898 2013                      .71  .79  .71 
  89 ESJ0233A 1898 2013                      .59  .64  .60 
  90 ESJ0233B 1898 2013                      .62  .60  .66 
  91 ESJ0238A 1898 2013                      .68  .69  .82 
  92 ESJ0238B 1898 2013                      .71  .72  .66 
  93 ESJ0229A 1894 2013                      .62  .60  .67 
  94 ESJ0229B 1894 2013                      .71  .72  .81 
  95 ESJ0232B 1888 2013                      .70  .75  .75 
  96 ESJ0232A 1886 2013                      .71  .80  .83 
  97 ESJ0236A 1876 2013                      .55  .68  .67 
  98 ESJ0236B 1876 2013                      .67  .64  .72 
  99 ESJ0227A 1874 2013                 .57  .72  .75  .78 
 100 ESJ0241A 1866 2013                 .70  .55  .56  .70 
 101 ESJ0207A 1865 2013                 .70  .58  .40  .46 
 102 ESJ0255A 1865 2013                 .63  .77  .82  .77 
 103 ESJ0225A 1864 2013                 .68  .77  .71  .68 
 104 ESJ0255B 1864 2013                 .66  .78  .82  .71 
 105 ESJ0241B 1862 2013                 .47  .38  .52  .66 
 106 ESJ0227B 1860 2013                 .69  .64  .60  .74 
 107 ESJ0252B 1859 2013                 .67  .70  .62  .60 
 108 ESJ0225B 1854 2013                 .63  .73  .78  .74 
 109 ESJ0252A 1853 2013                 .59  .72  .72  .71 
 110 ESJ0257Z 1852 2013                 .78  .74  .51  .36 
 111 ESJ0207B 1851 2013                 .70  .71  .62  .65 
 112 ESJ0230A 1848 2013            .73  .75  .81  .76  .74 
 113 ESJ0230B 1848 2013            .67  .67  .74  .73  .67 
 114 ESJ0234B 1847 2013            .72  .74  .70  .74  .75 
 115 ESJ0234A 1843 2013            .57  .66  .65  .64  .71 
 116 ESJ0213B 1840 2013            .64  .63  .72  .73  .62 
 117 ESJ0213A 1830 2013            .59  .58  .73  .68  .58 
 118 ESJ0243Z 1797 2013  .28B .59  .63  .67  .55  .41  .36 
 119 ESJ0256B 1768 2013  .38  .51  .50  .38  .60  .74  .68 
 120 ESJ0245A 1760 2013  .41  .72  .62  .59  .69  .74  .77 
 121 ESJ0247B 1760 2013  .21B .34  .57  .67  .69  .71  .71 
 122 ESJ0206B 1750 2013  .25B .35  .55  .57  .73  .79  .81 
 123 ESJ0256A 1737 2013  .57  .66  .53  .51  .76  .79  .74 
 124 ESJ0206A 1726 2013  .49  .54  .48  .61  .64  .64  .63 
 125 ESJ0247A 1721 2013  .37  .53  .63  .63  .67  .66  .77 
 126 ESJ0245B 1715 2013  .36B .41B .63  .70  .78  .80  .66 
 Av segment correlation  .37  .52  .60  .64  .68  .69  .69 

 FLAGGED SEGMENTS: swed341
-----------------------------------------------------------------------------------------------------------------------------------
 Seq Series   Segment    Flag  r dated  Best lag  r at lag   Gain  Note
 --- -------- ---------  ----  -------  --------  --------  -----  -----------------
 118 ESJ0243Z 1800 1849     B     .283        -7      .431   .147
 121 ESJ0247B 1800 1849     B     .213         7      .273   .061  weak at every lag
 122 ESJ0206B 1800 1849     B     .246         7      .407   .161
 126 ESJ0245B 1800 1849     B     .358        -7      .430   .072
 126 ESJ0245B 1825 1874     B     .411        -7      .478   .067

 DESCRIPTIVE STATISTICS: swed341
-----------------------------------------------------------------------------------------------------------------------------------

                                                Corr   //-------- Unfiltered --------\\  //-- dplR filtered --\\
                           No.    No.    No.    with   Mean   Max     Std   Auto   Mean   Max     Std   Auto  AR
 Seq Series   Interval   Years  Segmt  Flags   Master  msmt   msmt    dev   corr   sens  value    dev   corr  ()
 --- -------- ---------  -----  -----  -----   ------ -----  -----  -----  -----  -----  -----  -----  -----  --
   1 ESJ0224A 2005 2013      9      0      0    .650    .60    .71   .104  -.287   .196   1.19   .174  -.264   0
   2 ESJ0224B 2005 2013      9      0      0    .344    .59    .78   .137   .021   .250   1.31   .229   .007   0
   3 ESJ0244A 2004 2013     10      0      0    .621    .66   1.00   .198   .243   .288   1.47   .230  -.214   0
   4 ESJ0244B 2004 2013     10      0      0    .464    .58    .82   .146   .046   .316   1.31   .226  -.244   0
   5 ESJ0212A 2002 2013     12      0      0    .336    .62    .91   .190  -.257   .373   1.45   .299  -.325   0
   6 ESJ0212B 2002 2013     12      0      0    .340    .66   1.01   .209  -.156   .396   1.48   .302  -.352   0
   7 ESJ0211A 2001 2013     13      0      0    .565    .47    .61   .126  -.115   .291   1.32   .272  -.110   0
   8 ESJ0211B 2001 2013     13      0      0    .362    .50    .82   .180   .212   .386   1.53   .307   .007   0
   9 ESJ0223A 2001 2013     13      0      0    .284    .46    .71   .162  -.110   .396   1.52   .337  -.154   0
  10 ESJ0223B 2001 2013     13      0      0    .202    .46    .66   .112   .294   .218   1.43   .226   .200   0
  11 ESJ0203A 2000 2013     14      0      0   -.004    .70   1.25   .312   .355   .332   1.27   .186   .218   1
  12 ESJ0203B 2000 2013     14      0      0    .186    .67   1.45   .331   .614   .330   1.83   .340   .297   0
  13 ESJ0262A 2000 2013     14      0      0    .216    .63    .90   .171   .269   .249   1.35   .246   .189   0
  14 ESJ0262B 2000 2013     14      0      0    .373    .61    .89   .134  -.142   .228   1.41   .207  -.203   0
  15 ESJ0209A 1999 2013     15      0      0    .414    .45    .69   .128   .195   .320   1.44   .263   .064   0
  16 ESJ0209B 1999 2013     15      0      0    .589    .46    .67   .104  -.092   .277   1.36   .207  -.284   0
  17 ESJ0202A 1998 2013     16      0      0    .560   1.25   2.29   .424   .507   .244   1.65   .240  -.085   1
  18 ESJ0202B 1998 2013     16      0      0    .725   1.18   1.98   .359   .191   .294   1.48   .201  -.589   3
  19 ESJ0210A 1998 2013     16      0      0    .754    .62   1.09   .212   .280   .316   1.55   .267  -.061   0
  20 ESJ0210B 1998 2013     16      0      0    .707    .71   1.19   .214   .290   .284   1.54   .259   .037   0
  21 ESJ0208A 1996 2013     18      0      0    .475   1.34   1.88   .352   .555   .200   1.37   .191  -.049   1
  22 ESJ0208B 1996 2013     18      0      0    .803   1.32   2.36   .488   .547   .277   1.52   .263  -.108   1
  23 ESJ0220A 1995 2013     19      0      0    .592    .77   1.03   .163   .377   .175   1.27   .186   .236   0
  24 ESJ0220B 1995 2013     19      0      0    .643    .85   1.29   .207   .571   .170   1.35   .171  -.226   1
  25 ESJ0265A 1995 2013     19      0      0    .522    .84   1.66   .383   .698   .271   1.52   .266  -.131   1
  26 ESJ0265B 1995 2013     19      0      0    .321    .83   1.63   .441   .585   .342   1.59   .336  -.149   1
  27 ESJ0216A 1993 2013     21      0      0    .682   1.11   1.77   .347   .709   .185   1.37   .189  -.283   1
  28 ESJ0216B 1993 2013     21      0      0    .637   1.12   1.86   .408   .771   .176   1.40   .203   .132   1
  29 ESJ0258A 1993 2013     21      0      0    .395    .86   1.65   .415   .720   .231   1.50   .258  -.208   3
  30 ESJ0258B 1993 2013     21      0      0    .418    .87   1.85   .401   .717   .240   1.45   .239  -.188   3
  31 ESJ0263A 1992 2013     22      0      0    .330    .61   1.21   .341   .902   .191   1.26   .164  -.018   3
  32 ESJ0263B 1992 2013     22      0      0    .187    .64   1.41   .361   .895   .173   1.46   .199   .174   1
  33 ESJ0205A 1991 2013     23      0      0    .640   1.01   1.82   .351   .438   .302   1.56   .259   .088   0
  34 ESJ0205B 1991 2013     23      0      0    .411    .92   1.58   .314   .400   .271   1.57   .265  -.016   0
  35 ESJ0204A 1990 2013     24      0      0    .524    .95   2.02   .414   .727   .232   1.74   .239  -.151   1
  36 ESJ0204B 1990 2013     24      0      0    .395    .98   1.91   .445   .699   .252   1.52   .258  -.035   1
  37 ESJ0261A 1990 2013     24      0      0    .217    .89   1.33   .235   .544   .206   1.34   .189   .157   0
  38 ESJ0261B 1990 2013     24      0      0    .644   1.02   1.45   .234   .638   .149   1.24   .151   .043   1
  39 ESJ0221A 1989 2013     25      0      0    .034    .64   1.15   .212   .497   .280   1.52   .279  -.037   1
  40 ESJ0221B 1989 2013     25      0      0   -.002    .68    .92   .192   .364   .260   1.31   .256   .045   1
  41 ESJ0264A 1989 2013     25      0      0    .020    .51    .92   .137   .421   .212   1.65   .224   .213   0
  42 ESJ0264B 1989 2013     25      0      0    .120    .56   1.06   .179   .540   .214   1.68   .234   .277   0
  43 ESJ0219A 1988 2013     26      0      0    .579    .74   1.14   .189   .637   .183   1.38   .187   .042   1
  44 ESJ0219B 1988 2013     26      0      0    .540    .79   1.26   .211   .286   .257   1.47   .226   .026   0
  45 ESJ0260A 1985 2013     29      0      0    .314   1.26   1.95   .319   .462   .208   1.42   .209   .198   0
  46 ESJ0260B 1985 2013     29      0      0    .146   1.22   1.91   .325   .406   .230   1.48   .223   .167   0
  47 ESJ0201A 1984 2013     30      0      0    .558   1.30   1.98   .328   .630   .139   1.54   .168  -.039   1
  48 ESJ0201B 1984 2013     30      0      0    .471   1.35   1.90   .323   .659   .154   1.30   .150   .043   1
  49 ESJ0217A 1984 2013     30      0      0    .558   1.24   2.09   .398   .533   .202   1.61   .229  -.101   1
  50 ESJ0217B 1984 2013     30      0      0    .554   1.19   1.87   .353   .548   .189   1.55   .209  -.086   1
  51 ESJ0215A 1980 2013     34      0      0    .431    .62   1.07   .207   .558   .252   1.63   .272   .069   1
  52 ESJ0215B 1980 2013     34      0      0    .311    .62   1.05   .203   .553   .236   1.66   .247  -.084   2
  53 ESJ0259A 1979 2013     35      0      0    .356    .57   1.48   .439   .939   .213   1.61   .245   .008   1
  54 ESJ0259B 1979 2013     35      0      0    .480    .59   1.76   .449   .918   .249   1.82   .310   .133   1
  55 ESJ0266A 1973 2013     41      0      0    .444    .90   1.60   .194   .369   .168   1.66   .194  -.040   1
  56 ESJ0266B 1973 2013     41      0      0    .519    .89   1.55   .229   .413   .218   1.55   .210   .018   1
  57 ESJ0242A 1951 2013     63      0      0    .592   1.03   1.61   .304   .729   .166   1.43   .184  -.007   1
  58 ESJ0242B 1951 2013     63      0      0    .676   1.41   2.13   .286   .335   .181   1.54   .187   .017   1
  59 ESJ0240A 1944 2013     70      1      0    .733   1.13   1.99   .375   .618   .241   1.54   .239   .037   3
  60 ESJ0240B 1944 2013     70      1      0    .556    .99   1.59   .281   .588   .192   1.70   .202   .029   1
  61 ESJ0250A 1927 2013     87      1      0    .697    .88   1.88   .387   .800   .198   1.68   .212   .072   1
  62 ESJ0250B 1927 2013     87      1      0    .701    .86   1.80   .302   .816   .182   1.43   .188   .089   1
  63 ESJ0214A 1925 2013     89      1      0    .624   1.14   2.39   .478   .805   .201   1.55   .215   .014   3
  64 ESJ0214B 1925 2013     89      1      0    .555    .90   1.57   .298   .729   .195   1.47   .211  -.019   1
  65 ESJ0235A 1916 2013     98      2      0    .737    .94   2.14   .409   .899   .171   1.63   .182   .008   1
  66 ESJ0235B 1916 2013     98      2      0    .658   1.02   2.19   .482   .897   .173   1.40   .187  -.018   1
  67 ESJ0249A 1916 2013     98      2      0    .708   1.10   2.28   .427   .774   .218   1.48   .223   .021   1
  68 ESJ0249B 1916 2013     98      2      0    .587    .77   1.95   .292   .595   .240   2.70   .286   .028   2
  69 ESJ0246A 1915 2013     99      2      0    .662    .92   1.82   .297   .566   .240   1.56   .235   .053   1
  70 ESJ0246B 1915 2013     99      2      0    .621    .91   1.92   .311   .651   .215   1.79   .224   .041   2
  71 ESJ0254A 1912 2013    102      2      0    .670    .66   1.74   .305   .824   .203   1.61   .214   .017   1
  72 ESJ0254B 1912 2013    102      2      0    .704    .80   2.02   .358   .800   .238   1.57   .237  -.068   1
  73 ESJ0237A 1911 2013    103      2      0    .606    .86   1.66   .330   .858   .176   1.49   .179  -.021   1
  74 ESJ0237B 1911 2013    103      2      0    .717    .97   1.67   .297   .767   .171   1.42   .177   .027   1
  75 ESJ0231A 1910 2013    104      2      0    .651    .76   1.52   .274   .812   .177   1.51   .192   .029   1
  76 ESJ0231B 1910 2013    104      2      0    .553    .79   2.06   .314   .878   .148   1.41   .159   .052   1
  77 ESJ0253A 1907 2013    107      2      0    .730   1.04   2.53   .447   .836   .205   1.61   .216   .084   1
  78 ESJ0253B 1907 2013    107      2      0    .682   1.12   2.65   .472   .804   .218   1.64   .218   .016   1
  79 ESJ0239A 1906 2013    108      2      0    .728    .80   1.33   .215   .560   .199   1.45   .199   .018   2
  80 ESJ0239B 1906 2013    108      2      0    .626    .70   1.36   .230   .675   .205   1.65   .211   .005   2
  81 ESJ0248A 1906 2013    108      2      0    .501    .89   1.97   .390   .796   .207   1.94   .243   .052   1
  82 ESJ0248B 1906 2013    108      2      0    .489    .72   1.73   .344   .867   .200   1.52   .215   .085   1
  83 ESJ0251A 1905 2013    109      2      0    .691    .55   1.35   .309   .772   .316   1.65   .295   .001   2
  84 ESJ0251B 1905 2013    109      2      0    .677    .52   1.24   .228   .692   .240   1.86   .264  -.003   2
  85 ESJ0226A 1902 2013    112      2      0    .755    .78   1.50   .251   .675   .192   1.56   .212   .024   1
  86 ESJ0226B 1902 2013    112      2      0    .677   1.05   2.28   .420   .659   .247   1.78   .253  -.008   1
  87 ESJ0228A 1898 2013    116      3      0    .752    .66   1.46   .265   .780   .213   1.54   .219   .003   1
  88 ESJ0228B 1898 2013    116      3      0    .710    .83   1.90   .367   .878   .180   1.49   .190   .027   1
  89 ESJ0233A 1898 2013    116      3      0    .595    .77   1.96   .357   .794   .233   1.75   .239  -.011   2
  90 ESJ0233B 1898 2013    116      3      0    .646    .72   1.45   .265   .695   .236   1.60   .238  -.003   1
  91 ESJ0238A 1898 2013    116      3      0    .736    .80   1.46   .243   .763   .163   1.51   .167   .016   1
  92 ESJ0238B 1898 2013    116      3      0    .691    .76   1.28   .222   .781   .163   1.39   .167  -.049   1
  93 ESJ0229A 1894 2013    120      3      0    .633    .86   1.43   .216   .614   .178   1.41   .183   .029   1
  94 ESJ0229B 1894 2013    120      3      0    .717    .87   1.94   .289   .738   .184   1.60   .199   .003   1
  95 ESJ0232B 1888 2013    126      3      0    .587    .58   1.21   .269   .844   .221   1.60   .232   .031   1
  96 ESJ0232A 1886 2013    128      3      0    .651    .76   1.93   .453   .886   .243   1.64   .254  -.005   1
  97 ESJ0236A 1876 2013    138      3      0    .548    .65   1.28   .230   .770   .206   1.49   .200   .032   1
  98 ESJ0236B 1876 2013    138      3      0    .639    .61   1.54   .318   .816   .227   1.72   .244   .071   1
  99 ESJ0227A 1874 2013    140      4      0    .688    .92   2.32   .421   .832   .197   1.56   .202   .002   1
 100 ESJ0241A 1866 2013    148      4      0    .612    .55   1.14   .163   .593   .207   1.69   .209   .047   1
 101 ESJ0207A 1865 2013    149      4      0    .547   1.19   2.28   .343   .549   .212   1.85   .226   .006   3
 102 ESJ0255A 1865 2013    149      4      0    .749    .79   2.02   .306   .794   .198   1.54   .202   .002   3
 103 ESJ0225A 1864 2013    150      4      0    .732    .80   2.43   .333   .776   .202   1.70   .217  -.023   1
 104 ESJ0255B 1864 2013    150      4      0    .712    .80   2.30   .340   .830   .189   1.53   .189   .030   1
 105 ESJ0241B 1862 2013    152      4      0    .495    .64   1.51   .235   .650   .219   1.72   .220   .002   2
 106 ESJ0227B 1860 2013    154      4      0    .666    .95   2.15   .384   .825   .179   1.62   .186   .031   1
 107 ESJ0252B 1859 2013    155      4      0    .619    .91   1.62   .245   .663   .181   1.42   .176   .009   2
 108 ESJ0225B 1854 2013    160      4      0    .722    .74   1.69   .238   .689   .208   1.76   .206  -.003   1
 109 ESJ0252A 1853 2013    161      4      0    .700    .91   2.02   .305   .627   .201   1.82   .228   .010   1
 110 ESJ0257Z 1852 2013    162      4      0    .554   1.13   2.61   .504   .823   .190   1.47   .197  -.000   3
 111 ESJ0207B 1851 2013    163      4      0    .662   1.03   2.25   .393   .787   .205   1.61   .215   .025   1
 112 ESJ0230A 1848 2013    166      5      0    .742    .82   2.36   .435   .847   .232   1.88   .238  -.024   1
 113 ESJ0230B 1848 2013    166      5      0    .682    .89   2.17   .411   .856   .207   1.79   .214   .018   1
 114 ESJ0234B 1847 2013    167      5      0    .712    .93   2.55   .421   .823   .207   1.65   .217  -.001   2
 115 ESJ0234A 1843 2013    171      5      0    .595   1.09   2.79   .529   .784   .215   2.04   .247   .102   1
 116 ESJ0213B 1840 2013    174      5      0    .652   1.17   2.74   .465   .878   .141   1.53   .155  -.054   1
 117 ESJ0213A 1830 2013    184      5      0    .633   1.06   2.02   .368   .759   .189   1.67   .192  -.003   3
 118 ESJ0243Z 1797 2013    217      7      1    .463    .73   1.77   .391   .829   .262   1.84   .279   .040   1
 119 ESJ0256B 1768 2013    246      7      0    .508    .40   1.37   .191   .839   .205   1.65   .216   .008   2
 120 ESJ0245A 1760 2013    254      7      0    .542    .65   2.05   .386   .907   .222   1.86   .233   .003   1
 121 ESJ0247B 1760 2013    254      7      1    .505    .48   1.50   .304   .898   .237   1.75   .243   .007   3
 122 ESJ0206B 1750 2013    264      7      1    .541    .67   2.49   .383   .864   .241   1.87   .249   .002   3
 123 ESJ0256A 1737 2013    277      7      0    .570    .48   1.40   .226   .876   .201   1.59   .204   .013   1
 124 ESJ0206A 1726 2013    288      7      0    .441    .44   1.07   .173   .799   .202   1.62   .208   .003   1
 125 ESJ0247A 1721 2013    293      7      0    .516    .55   1.62   .368   .909   .226   1.74   .241   .005   1
 126 ESJ0245B 1715 2013    299      7      2    .476    .48   1.33   .296   .912   .242   2.35   .260   .013   3
 --- -------- ---------  -----  -----  -----   ------ -----  -----  -----  -----  -----  -----  -----  -----  --
 Total or mean:          10989    231      5    .598    .79   2.79   .324   .753   .211   2.70   .219   .011

 DATA CHECKS (rwl.check): swed341
-----------------------------------------------------------------------------------------------------------------------------------
 rwl.check: data_files/treering/measurements/europe/swed341.rwl
 126 series, 10989 measurements, 1715-2013, 0.01 mm precision
 0 error(s), 0 warning(s), 56 note(s)
 -------------
 Nothing to report at this severity.
 56 note(s) not shown; see rwl.check() or the 'check' element of this report.

 NOTES
-----------------------------------------------------------------------------------------------------------------------------------
 Report generated using dplR 1.8.1 (R 4.5.2) on 2026-10-01 16:52 PDT.
 Measurement file swed341.rwl, MD5 44f2c3e78910f9f7026d0f2a3aa8e3c4.
 Filtering: each series divided by a 32-year smoothing spline (caps()), then prewhitened with
   an AR model (order by AIC, at most 3).
 Master: biweight robust mean of the other series (leave-one-out).
 Correlation: Pearson, one-tailed, pcrit = 0.01; critical r = 0.3281 for 50-year segments.
 Segments: 50 years, lagged 25, first segment floored to 100. Lags searched: +/- 10 years.
 A segment is tested only where the series and the master cover all of it, at the dated
   position and at every lag. COFECHA also tests partial segments at the ends of a series, so
   series here may show fewer segments, and no flags can be raised at the ends of the record.
 Lags follow COFECHA: negative means rings are probably missing from the series, positive means
   false rings. A missing ring carries its lag into every segment before it, so look where the
   lag changes along a series. A B flag is a hypothesis to check on the wood; the gain says how
   seriously to take it.
 A B flag marked "weak at every lag" correlates under the critical value even at its best lag:
   the segment is weak wherever it is placed, and the shift is not evidence of a dating error.
   Treat it as a low correlation, like an A.
 Averages in the summary and the totals are weighted by the number of years in each series, as
   COFECHA's are.
 Unfiltered block and mean sensitivity: the measurements as read, and sens1().
 dplR filtered block: the series that was correlated, after filtering. COFECHA's filtered
   series is defined differently, so these three columns are not COFECHA's numbers.
 AR: order of the AR model used to prewhiten.
