
 COFECHA-style crossdating report: tur077
 Report generated using dplR 1.8.1 (R 4.5.2) on 2026-10-01 16:55 PDT
 Built with dplR's xdate.report(), not COFECHA; see the notes at the end.


      Measurement file name  : tur077.rwl
      MD5 of measurement file: 4042fb4770c8afbcdd6d72d5d1638637
      Date checked           : 01OCT26
      Beginning year         : 1099
      Ending year            : 2010
      Principal investigators: Touchan, R.
      Site name              : Kartal Gölü
      Species information    : PINI Pinus nigra J.F. Arnold
      Latitude               : 37.1100 N
      Longitude              : 28.8500 E
      Elevation              : 1800 m

      Series intercorrelation: 0.516
      Avg mean sensitivity   : 0.206
      Avg standard deviation : 0.297
      Avg autocorrelation    : 0.770
      Number dated series    : 59
      Segment length tested  : 50

      Number problem segments: 38  (A 10, B 28; 14 of the B weak at every lag)
      Pct problem segments   : 5.13


 CORRELATION OF SERIES BY SEGMENTS: tur077
-----------------------------------------------------------------------------------------------------------------------------------
 Correlations of  50-year dated segments, lagged  25 years
 Flags:  A = correlation under   .3281 but highest as dated;  B = correlation higher at other than dated position

 Seq Series  Time_span  1100 1125 1150 1175 1200 1225 1250 1275 1300 1325 1350 1375 1400 1425 1450 1475 1500 1525 1550 1575 
                        1149 1174 1199 1224 1249 1274 1299 1324 1349 1374 1399 1424 1449 1474 1499 1524 1549 1574 1599 1624 
 --- -------- ---------  ---- ---- ---- ---- ---- ---- ---- ---- ---- ---- ---- ---- ---- ---- ---- ---- ---- ---- ---- ---- 
   1 KAG01A1  1216 1348                           .52  .57  .58                                                             
   2 KAG01A2  1366 2010                                                         .42  .53  .51  .45  .40  .41  .63  .61  .47 
   3 KAG01B   1549 2010                                                                                            .50  .53 
   4 KAG02A   1205 2010                           .54  .56  .51  .58  .59  .49  .62  .64  .53  .57  .61  .53  .69  .64  .54 
   5 KAG02B   1323 1900                                               .73  .59  .53  .64  .53  .53  .48  .45  .72  .73  .63 
   6 KAG03A   1230 1330                                .47  .52                                                             
   7 KAG03B1  1221 1652                           .52  .44  .25B .50  .60  .42  .51  .51  .42  .27B .41  .50  .46  .46  .43 
   9 KAG04A   1520 2010                                                                                       .53  .64  .66 
  11 KAG05A   1157 2010                 .22B .39B .44  .58  .55  .46  .52  .41  .41  .54  .41  .36  .42  .46  .64  .68  .57 
  12 KAG05B1  1294 1475                                          .55  .65  .61  .57  .63  .50                               
  13 KAG05B2  1550 2010                                                                                                 .56 
  15 KAG06B1  1466 1658                                                                             .54  .58  .66  .64  .59 
  18 KAG08B   1273 1970                                          .47  .48  .38  .42  .58  .62  .54  .61  .53  .59  .62  .42 
  19 KAG09A1  1099 1330                 .31A .45  .45  .62  .35                                                             
  20 KAG09A2  1411 1674                                                                   .49  .50  .65  .74  .80  .74  .63 
  21 KAG09B   1525 2010                                                                                            .52  .65 
  22 KAG10A1  1208 1334                           .31A .52  .51                                                             
  23 KAG10A2  1341 2010                                                    .49  .54  .58  .55  .60  .69  .71  .69  .69  .64 
  24 KAG10B   1221 2010                           .43  .58  .52  .63  .74  .68  .56  .61  .59  .56  .65  .64  .74  .68  .53 
  29 KAG13A   1217 1880                           .47  .36  .35  .50  .48  .42  .48  .57  .54  .57  .56  .39  .60  .63  .50 
  31 KAG14A   1246 2010                                .36  .11B .32A .46  .45  .34  .40  .46  .46  .31B .34  .57  .44  .44 
  33 KAG15A   1288 1680                                          .51  .75  .67  .56  .67  .61  .35  .53  .67  .67  .61  .66 
  34 KAG15B   1300 2010                                               .65  .41  .33  .57  .49  .34  .50  .48  .61  .56  .59 
  41 KAG19A   1299 2010                                               .77  .77  .56  .60  .61  .52  .65  .71  .74  .65  .50 
  42 KAG19B   1334 2010                                                    .49  .44  .50  .52  .51  .39  .44  .67  .67  .59 
  49 KAG23A1  1557 1661                                                                                                 .62 
  51 KAG24A   1551 1878                                                                                                 .68 
  52 KAG24B   1534 1933                                                                                            .44  .67 
  55 KAG26A   1500 2010                                                                                       .48  .51  .72 
  56 KAG26B   1475 2010                                                                                  .50  .54  .61  .77 
  57 KAG26C   1475 2010                                                                                  .66  .71  .55  .59 
 Av segment correlation                 .27  .42  .46  .50  .42  .50  .62  .52  .49  .57  .52  .47  .53  .54  .64  .60  .58 

 CORRELATION OF SERIES BY SEGMENTS: tur077
-----------------------------------------------------------------------------------------------------------------------------------
 Correlations of  50-year dated segments, lagged  25 years
 Flags:  A = correlation under   .3281 but highest as dated;  B = correlation higher at other than dated position

 Seq Series  Time_span  1600 1625 1650 1675 1700 1725 1750 1775 1800 1825 1850 1875 1900 1925 1950 
                        1649 1674 1699 1724 1749 1774 1799 1824 1849 1874 1899 1924 1949 1974 1999 
 --- -------- ---------  ---- ---- ---- ---- ---- ---- ---- ---- ---- ---- ---- ---- ---- ---- ---- 
   2 KAG01A2  1366 2010  .58  .53  .47  .66  .61  .47  .45  .53  .47  .39  .50  .52  .48  .48  .36 
   3 KAG01B   1549 2010  .56  .48  .56  .62  .59  .46  .44  .56  .48  .33  .30B .38  .51  .47  .48 
   4 KAG02A   1205 2010  .59  .54  .67  .62  .58  .70  .61  .49  .50  .55  .46  .43  .58  .58  .61 
   5 KAG02B   1323 1900  .59  .41  .57  .76  .63  .55  .58  .54  .54  .59  .36B                    
   7 KAG03B1  1221 1652  .38                                                                       
   8 KAG03B2  1750 2010                                     .50  .47  .53  .59  .59  .51  .57  .60 
   9 KAG04A   1520 2010  .71  .67  .66  .72  .70  .60  .52  .46  .47  .56  .66  .63  .46  .55  .58 
  10 KAG04B   1581 2010  .65  .44B .42  .58  .65  .46  .48  .59  .50  .46  .62  .51  .56  .64  .59 
  11 KAG05A   1157 2010  .55  .49  .46  .47  .48  .42  .38  .47  .64  .62  .55  .47  .37  .49  .57 
  13 KAG05B2  1550 2010  .40  .42  .38  .35  .40B .47  .49  .46  .48  .41  .38  .41  .27B .51  .63 
  14 KAG06A   1723 2010                           .62  .59  .39  .34  .29A .43  .47  .46  .65  .62 
  15 KAG06B1  1466 1658  .64                                                                       
  16 KAG06B2  1662 2010                 .54  .60  .59  .58  .55  .58  .58  .48  .17B .23B .49  .64 
  17 KAG08A2  1591 1832  .47  .55  .60  .61  .36  .30A .60  .44                                    
  18 KAG08B   1273 1970  .38  .30B .34  .58  .58  .61  .51  .49  .58  .54  .55  .57  .50           
  20 KAG09A2  1411 1674  .68  .55                                                                  
  21 KAG09B   1525 2010  .66  .64  .51  .49  .46  .44  .49  .50  .58  .60  .47  .39  .44  .48  .58 
  23 KAG10A2  1341 2010  .65  .66  .62  .62  .64  .57  .43  .54  .58  .68  .66  .41  .36  .54  .62 
  24 KAG10B   1221 2010  .56  .53  .69  .63  .50  .45  .51  .60  .57  .60  .60  .46  .31A .47  .52 
  25 KAG11A   1825 2010                                                    .68  .69  .64  .66  .57 
  26 KAG11B   1826 2010                                                    .60  .59  .63  .66  .55 
  27 KAG12A   1800 2010                                               .56  .61  .53  .65  .66  .61 
  28 KAG12B   1789 2010                                          .39  .54  .65  .54  .49  .54  .52 
  29 KAG13A   1217 1880  .37  .21B .44  .58  .50  .44  .48  .55  .66  .48                          
  30 KAG13B   1623 2010       .34  .43  .53  .49  .53  .52  .56  .60  .56  .50  .50  .29B .35B .42 
  31 KAG14A   1246 2010  .54  .36B .43  .45  .43  .46  .44  .39  .57  .45  .42  .42  .33  .35B .39 
  32 KAG14B   1623 2010       .32A .40  .37  .42  .50  .50  .45  .44  .43  .36  .33B .43  .40  .39 
  33 KAG15A   1288 1680  .68  .55                                                                  
  34 KAG15B   1300 2010  .71  .56  .38  .50  .65  .65  .66  .61  .41  .50  .62  .53  .43  .55  .61 
  35 KAG16A   1900 2010                                                                   .28B .46 
  36 KAG16B   1930 2010                                                                        .67 
  37 KAG17A   1938 2010                                                                        .62 
  38 KAG17B   1907 2010                                                                   .52  .53 
  39 KAG18A   1900 2010                                                                   .65  .72 
  40 KAG18B   1900 2010                                                                   .73  .81 
  41 KAG19A   1299 2010  .56  .51  .51  .70  .53  .44  .56  .64  .45  .37  .54  .66  .45  .40  .55 
  42 KAG19B   1334 2010  .65  .67  .53  .56  .38  .35B .49  .42  .42  .60  .64  .46  .54  .52  .52 
  43 KAG20A   1825 2010                                                    .26B .19B .43  .52  .44 
  44 KAG20B   1800 2010                                               .54  .55  .50  .55  .68  .47 
  45 KAG21A   1680 2010                      .63  .60  .64  .76  .61  .59  .69  .63  .62  .47  .48 
  46 KAG21B   1785 2010                                          .55  .48  .50  .49  .51  .56  .56 
  47 KAG22A   1575 2010  .72  .60  .49  .62  .59  .36  .53  .55  .48  .48  .55  .61  .39  .35  .48 
  48 KAG22B   1575 2010  .74  .70  .63  .62  .66  .64  .55  .42  .22A .42  .54  .45  .39  .50  .50 
  49 KAG23A1  1557 1661  .70                                                                       
  50 KAG23A2  1736 2010                                .60  .75  .57  .49  .55  .52  .41  .50  .47 
  51 KAG24A   1551 1878  .75  .61  .45  .63  .71  .64  .66  .70  .54  .59                          
  52 KAG24B   1534 1933  .77  .47  .27A .49  .63  .52  .57  .60  .48  .61  .54  .43                
  53 KAG25A   1772 1940                                     .57  .60  .64  .69  .64                
  54 KAG25B   1777 1930                                          .53  .53  .66  .65                
  55 KAG26A   1500 2010  .73  .46  .49  .69  .70  .62  .74  .66  .54  .48  .51  .57  .59  .63  .69 
  56 KAG26B   1475 2010  .70  .44  .56  .52  .51  .29B .28B .67  .64  .57  .52  .52  .65  .60  .62 
  57 KAG26C   1475 2010  .68  .50  .57  .75  .76  .14B .03B .40  .43  .39  .39  .50  .72  .74  .62 
  58 KAG27A   1753 2010                                     .55  .43  .49  .58  .58  .38  .36  .55 
  59 KAG27B   1750 2010                                     .54  .57  .47  .51  .60  .72  .54  .29A
 Av segment correlation  .61  .50  .50  .58  .56  .50  .51  .54  .51  .51  .53  .50  .48  .53  .55 

 FLAGGED SEGMENTS: tur077
-----------------------------------------------------------------------------------------------------------------------------------
 Seq Series   Segment    Flag  r dated  Best lag  r at lag   Gain  Note
 --- -------- ---------  ----  -------  --------  --------  -----  -----------------
   3 KAG01B   1850 1899     B     .298         6      .300   .002  weak at every lag
   5 KAG02B   1850 1899     B     .360         3      .375   .015
   7 KAG03B1  1275 1324     B     .252        -6      .259   .007  weak at every lag
   7 KAG03B1  1450 1499     B     .269        -1      .298   .029  weak at every lag
  10 KAG04B   1625 1674     B     .444         4      .491   .048
  11 KAG05A   1175 1224     B     .219       -10      .264   .045  weak at every lag
  11 KAG05A   1200 1249     B     .391        -1      .410   .019
  13 KAG05B2  1700 1749     B     .398        -1      .423   .025
  13 KAG05B2  1900 1949     B     .273        -9      .314   .041  weak at every lag
  14 KAG06A   1825 1874     A     .289         0
  16 KAG06B2  1875 1924     B     .172       -10      .221   .049  weak at every lag
  16 KAG06B2  1900 1949     B     .233        -1      .263   .030  weak at every lag
  17 KAG08A2  1725 1774     A     .299         0
  18 KAG08B   1625 1674     B     .297        -3      .316   .019  weak at every lag
  19 KAG09A1  1175 1224     A     .313         0
  22 KAG10A1  1225 1274     A     .306         0
  24 KAG10B   1900 1949     A     .310         0
  29 KAG13A   1625 1674     B     .208         7      .315   .107  weak at every lag
  30 KAG13B   1900 1949     B     .295         1      .304   .010  weak at every lag
  30 KAG13B   1925 1974     B     .352         1      .492   .140
  31 KAG14A   1275 1324     B     .114         9      .299   .185  weak at every lag
  31 KAG14A   1300 1349     A     .322         0
  31 KAG14A   1475 1524     B     .310        -1      .319   .008  weak at every lag
  31 KAG14A   1625 1674     B     .360         4      .476   .116
  31 KAG14A   1925 1974     B     .351        -7      .356   .005
  32 KAG14B   1625 1674     A     .325         0
  32 KAG14B   1875 1924     B     .331        -4      .459   .127
  35 KAG16A   1925 1974     B     .276         1      .440   .164
  42 KAG19B   1725 1774     B     .351       -10      .408   .057
  43 KAG20A   1850 1899     B     .260         4      .337   .078
  43 KAG20A   1875 1924     B     .195         3      .344   .150
  48 KAG22B   1800 1849     A     .218         0
  52 KAG24B   1650 1699     A     .270         0
  56 KAG26B   1725 1774     B     .286         9      .336   .050
  56 KAG26B   1750 1799     B     .281        -8      .334   .053
  57 KAG26C   1725 1774     B     .143        -7      .200   .058  weak at every lag
  57 KAG26C   1750 1799     B     .034        -4      .235   .201  weak at every lag
  59 KAG27B   1950 1999     A     .287         0

 DESCRIPTIVE STATISTICS: tur077
-----------------------------------------------------------------------------------------------------------------------------------

                                                Corr   //-------- Unfiltered --------\\  //-- dplR filtered --\\
                           No.    No.    No.    with   Mean   Max     Std   Auto   Mean   Max     Std   Auto  AR
 Seq Series   Interval   Years  Segmt  Flags   Master  msmt   msmt    dev   corr   sens  value    dev   corr  ()
 --- -------- ---------  -----  -----  -----   ------ -----  -----  -----  -----  -----  -----  -----  -----  --
   1 KAG01A1  1216 1348    133      3      0    .505   1.32   2.27   .359   .564   .197   1.65   .202   .032   1
   2 KAG01A2  1366 2010    645     24      0    .474    .56   1.01   .156   .775   .154   1.54   .151   .012   1
   3 KAG01B   1549 2010    462     17      1    .499    .46    .93   .143   .776   .172   1.51   .165   .012   1
   4 KAG02A   1205 2010    806     30      0    .537    .52   1.67   .275   .831   .236   1.87   .235  -.004   2
   5 KAG02B   1323 1900    578     22      1    .575    .50   1.44   .197   .748   .221   1.88   .220  -.004   2
   6 KAG03A   1230 1330    101      2      0    .497   1.28   3.11   .609   .836   .207   1.65   .224   .036   1
   7 KAG03B1  1221 1652    432     16      2    .437    .42   2.68   .445   .956   .211   1.74   .213  -.001   2
   8 KAG03B2  1750 2010    261      8      0    .518    .38    .84   .108   .732   .163   1.60   .172   .006   2
   9 KAG04A   1520 2010    491     18      0    .597    .62   1.44   .183   .727   .176   1.61   .172  -.002   2
  10 KAG04B   1581 2010    430     15      1    .547    .65   1.46   .209   .717   .187   1.66   .187   .008   2
  11 KAG05A   1157 2010    854     32      2    .451    .67   4.15   .344   .874   .178   1.83   .173  -.008   3
  12 KAG05B1  1294 1475    182      6      0    .564    .85   2.19   .487   .899   .181   1.40   .180   .013   1
  13 KAG05B2  1550 2010    461     16      2    .459    .61   1.10   .160   .664   .171   1.43   .148  -.002   3
  14 KAG06A   1723 2010    288     10      1    .473    .68   1.19   .181   .754   .153   1.44   .155   .000   2
  15 KAG06B1  1466 1658    193      6      0    .611    .35    .61   .104   .506   .249   1.60   .216   .018   3
  16 KAG06B2  1662 2010    349     12      2    .516    .56    .97   .144   .652   .176   1.61   .172   .015   1
  17 KAG08A2  1591 1832    242      8      1    .473    .55   1.03   .170   .545   .236   1.54   .210   .010   1
  18 KAG08B   1273 1970    698     25      1    .511    .45    .94   .146   .513   .259   1.70   .235   .000   3
  19 KAG09A1  1099 1330    232      5      1    .297    .90   6.98   .827   .871   .191   2.08   .221   .032   1
  20 KAG09A2  1411 1674    264      9      0    .615    .40    .76   .133   .800   .173   1.59   .177   .008   2
  21 KAG09B   1525 2010    486     17      0    .525    .45    .87   .109   .547   .181   1.60   .172  -.000   2
  22 KAG10A1  1208 1334    127      3      1    .371    .22    .69   .109   .482   .350   2.65   .376   .008   1
  23 KAG10A2  1341 2010    670     25      0    .577    .66   2.05   .291   .840   .217   2.00   .217  -.002   2
  24 KAG10B   1221 2010    790     30      1    .556    .44   1.73   .239   .823   .260   2.25   .257  -.005   1
  25 KAG11A   1825 2010    186      5      0    .590   1.21   2.55   .339   .567   .195   1.78   .206  -.007   2
  26 KAG11B   1826 2010    185      5      0    .609   1.50   2.42   .347   .487   .183   1.51   .184  -.025   3
  27 KAG12A   1800 2010    211      6      0    .541    .73   2.56   .472   .905   .195   1.62   .199   .023   1
  28 KAG12B   1789 2010    222      7      0    .498    .78   2.73   .424   .886   .193   1.58   .185  -.001   2
  29 KAG13A   1217 1880    664     25      1    .476    .43    .93   .107   .702   .150   1.90   .156  -.005   3
  30 KAG13B   1623 2010    388     14      2    .414    .40    .75   .101   .694   .162   1.53   .173  -.002   1
  31 KAG14A   1246 2010    765     29      5    .412    .75   2.31   .275   .818   .162   1.56   .175  -.010   3
  32 KAG14B   1623 2010    388     14      2    .411    .55   1.30   .202   .794   .193   1.75   .186  -.002   1
  33 KAG15A   1288 1680    393     14      0    .583    .63   3.40   .581   .875   .220   1.78   .216   .013   1
  34 KAG15B   1300 2010    711     26      0    .543    .59   3.95   .514   .908   .237   2.03   .247   .007   1
  35 KAG16A   1900 2010    111      2      1    .319   1.96   6.09  1.044   .762   .219   2.10   .256  -.039   3
  36 KAG16B   1930 2010     81      1      0    .615   1.08   2.83   .579   .793   .224   1.44   .205   .029   1
  37 KAG17A   1938 2010     73      1      0    .507   1.73   3.48   .692   .833   .162   1.39   .152   .089   0
  38 KAG17B   1907 2010    104      2      0    .439   1.67   5.83   .980   .821   .166   2.10   .202  -.019   3
  39 KAG18A   1900 2010    111      2      0    .614   1.52   4.32   .919   .811   .214   1.82   .238   .009   1
  40 KAG18B   1900 2010    111      2      0    .712   1.89   4.92  1.183   .884   .195   1.59   .201  -.012   2
  41 KAG19A   1299 2010    712     26      0    .568    .36    .94   .146   .753   .238   2.06   .225   .001   2
  42 KAG19B   1334 2010    677     25      1    .519    .36   1.23   .170   .808   .240   1.69   .231   .001   2
  43 KAG20A   1825 2010    186      5      2    .339   1.32   3.91   .604   .857   .180   1.47   .185   .015   1
  44 KAG20B   1800 2010    211      6      0    .502   1.44   5.28   .642   .876   .176   1.51   .169   .007   2
  45 KAG21A   1680 2010    331     11      0    .591    .38    .93   .149   .742   .215   1.66   .217   .007   2
  46 KAG21B   1785 2010    226      7      0    .517    .47    .81   .104   .441   .176   1.53   .173   .010   1
  47 KAG22A   1575 2010    436     15      0    .507    .46   1.42   .233   .781   .272   2.12   .253   .004   2
  48 KAG22B   1575 2010    436     15      1    .528    .52   1.56   .271   .808   .245   1.79   .232  -.000   2
  49 KAG23A1  1557 1661    105      2      0    .584    .88   1.60   .241   .454   .240   1.60   .235   .013   1
  50 KAG23A2  1736 2010    275      9      0    .515    .43    .91   .114   .442   .217   1.62   .200   .006   3
  51 KAG24A   1551 1878    328     11      0    .651    .64   3.80   .643   .876   .287   2.02   .285   .007   1
  52 KAG24B   1534 1933    400     14      1    .515    .58   4.01   .616   .845   .283   2.00   .291   .015   1
  53 KAG25A   1772 1940    169      5      0    .586   1.07   2.64   .462   .784   .215   1.54   .212  -.004   2
  54 KAG25B   1777 1930    154      4      0    .651    .80   2.52   .370   .708   .234   1.57   .226  -.002   1
  55 KAG26A   1500 2010    511     18      0    .598    .52   2.22   .293   .913   .159   1.66   .176   .007   1
  56 KAG26B   1475 2010    536     19      2    .531    .55   1.93   .321   .925   .179   1.65   .187  -.008   3
  57 KAG26C   1475 2010    536     19      2    .427    .55   2.71   .347   .887   .170   4.10   .227  -.012   1
  58 KAG27A   1753 2010    258      8      0    .493    .80   2.38   .412   .792   .229   1.82   .217   .002   2
  59 KAG27B   1750 2010    261      8      1    .511   1.00   3.12   .513   .747   .257   1.78   .232  -.005   2
 --- -------- ---------  -----  -----  -----   ------ -----  -----  -----  -----  -----  -----  -----  -----  --
 Total or mean:          21627    741     38    .516    .62   6.98   .297   .770   .206   4.10   .206   .002

 DATA CHECKS (rwl.check): tur077
-----------------------------------------------------------------------------------------------------------------------------------
 rwl.check: data_files/treering/measurements/europe/tur077.rwl
 59 series, 21627 measurements, 1099-2010, 0.01 mm precision
 0 error(s), 1 warning(s), 17 note(s)
 -------------
 WARNING
   RWL_NON_ASCII (1)
     4 byte(s) outside printable ASCII
 17 note(s) not shown; see rwl.check() or the 'check' element of this report.

 NOTES
-----------------------------------------------------------------------------------------------------------------------------------
 Report generated using dplR 1.8.1 (R 4.5.2) on 2026-10-01 16:55 PDT.
 Measurement file tur077.rwl, MD5 4042fb4770c8afbcdd6d72d5d1638637.
 Filtering: each series divided by a 32-year smoothing spline (caps()), then prewhitened with
   an AR model (order by AIC, at most 3).
 Master: biweight robust mean of the other series (leave-one-out).
 Correlation: Pearson, one-tailed, pcrit = 0.01; critical r = 0.3281 for 50-year segments.
 Segments: 50 years, lagged 25, first segment floored to 100. Lags searched: +/- 10 years.
 A segment is tested only where the series and the master cover all of it, at the dated
   position and at every lag. COFECHA also tests partial segments at the ends of a series, so
   series here may show fewer segments, and no flags can be raised at the ends of the record.
 Lags follow COFECHA: negative means rings are probably missing from the series, positive means
   false rings. A missing ring carries its lag into every segment before it, so look where the
   lag changes along a series. A B flag is a hypothesis to check on the wood; the gain says how
   seriously to take it.
 A B flag marked "weak at every lag" correlates under the critical value even at its best lag:
   the segment is weak wherever it is placed, and the shift is not evidence of a dating error.
   Treat it as a low correlation, like an A.
 Averages in the summary and the totals are weighted by the number of years in each series, as
   COFECHA's are.
 Unfiltered block and mean sensitivity: the measurements as read, and sens1().
 dplR filtered block: the series that was correlated, after filtering. COFECHA's filtered
   series is defined differently, so these three columns are not COFECHA's numbers.
 AR: order of the AR model used to prewhiten.
