
 COFECHA-style crossdating report: turk030
 Report generated using dplR 1.8.1 (R 4.5.2) on 2026-10-01 16:56 PDT
 Built with dplR's xdate.report(), not COFECHA; see the notes at the end.


      Measurement file name  : turk030.rwl
      MD5 of measurement file: 2ea4b7404e5f468eea5c7bc37904a25e
      Date checked           : 01OCT26
      Beginning year         : 1771
      Ending year            : 2004
      Principal investigators: Touchan, R.; Hughes, M.K.
      Site name              : Northwest Turkey (Kirazli, Aligalani, Atalani)
      Species information    : PINI Pinus nigra J.F. Arnold
      Latitude               : 39.2800 N
      Longitude              : 28.9300 E
      Elevation              : 1600 m

      Series intercorrelation: 0.594
      Avg mean sensitivity   : 0.269
      Avg standard deviation : 0.650
      Avg autocorrelation    : 0.782
      Number dated series    : 80
      Segment length tested  : 50

      Number problem segments: 8  (A 2, B 6)
      Pct problem segments   : 1.91


 CORRELATION OF SERIES BY SEGMENTS: turk030
-----------------------------------------------------------------------------------------------------------------------------------
 Correlations of  50-year dated segments, lagged  25 years
 Flags:  A = correlation under   .3281 but highest as dated;  B = correlation higher at other than dated position

 Seq Series  Time_span  1800 1825 1850 1875 1900 1925 1950 
                        1849 1874 1899 1924 1949 1974 1999 
 --- -------- ---------  ---- ---- ---- ---- ---- ---- ---- 
   1 ALI01A   1790 2001  .41  .60  .72  .67  .60  .64  .54 
   2 ALI01B   1833 2002            .67  .61  .40  .48  .42 
   3 ALI02A   1771 2002  .32B .49  .64  .67  .51  .47  .55 
   4 ALI02B   1776 2002  .35  .60  .71  .61  .48  .55  .60 
   5 ALI03A   1880 2002                      .55  .40  .51 
   6 ALI03B   1850 2002                 .47  .59  .56  .44 
   7 ALI04A   1900 2002                           .52  .48 
   8 ALI05A   1830 2002            .67  .69  .65  .67  .59 
   9 ALI05B   1857 2002                 .63  .53  .48  .41 
  10 ALI06A   1836 2002            .59  .52  .54  .67  .49 
  11 ALI06B   1837 2002            .64  .65  .64  .71  .63 
  12 ALI07A   1842 2002            .72  .62  .50  .58  .55 
  13 ALI07B   1837 2002            .54  .51  .34  .32A .54 
  14 ALI08A   1850 2002                 .57  .31B .42  .49 
  15 ALI08B   1801 2002       .60  .56  .46  .24B .43  .43 
  16 ALI09A   1813 2002       .29A .58  .72  .60  .61  .63 
  17 ALI09B   1794 2002  .53  .43  .44  .67  .67  .64  .59 
  18 ALI10A   1833 2002            .65  .46  .44  .60  .49 
  19 ALI10B   1930 2002                                .59 
  20 ALI11A   1897 2002                      .51  .54  .54 
  21 ALI11B   1874 2002                 .62  .65  .63  .41 
  22 ALI12A   1883 2002                      .62  .66  .59 
  23 ALI12B   1886 2002                      .63  .65  .62 
  24 ATA01A   1800 2002       .69  .79  .78  .63  .50  .49 
  25 ATA01B   1892 2002                      .57  .52  .44 
  26 ATA02A   1800 2002       .51  .54  .51  .51  .44  .38 
  27 ATA02B   1811 1920       .58  .60                     
  28 ATA03A   1803 2001       .74  .67  .51  .49  .45  .35 
  29 ATA03B   1822 2002       .63  .59  .56  .53  .48  .42 
  30 ATA04A   1801 2002       .47  .63  .64  .54  .54  .36 
  31 ATA04B   1799 2002  .50  .44  .62  .62  .42B .49  .41 
  32 ATA05A   1838 2002            .63  .56  .50  .52  .33 
  33 ATA05B   1832 2002            .65  .57  .41  .41  .36 
  34 ATA06A   1809 2002       .39  .64  .65  .56  .54  .43 
  35 ATA07A   1819 2002       .67  .80  .87  .80  .72  .67 
  36 ATA07B   1792 2001  .48  .57  .71  .72  .72  .73  .68 
  37 ATA08A   1793 2002  .59  .66  .66  .64  .62  .43  .32B
  38 ATA08B   1799 2004  .53  .54  .70  .73  .56  .43  .48 
  39 ATA09A   1804 2002       .56  .68  .73  .64  .63  .40 
  40 ATA09B   1842 2002            .58  .56  .62  .61  .46 
  41 ATA10A   1798 2002  .47  .58  .76  .71  .48  .43  .48 
  42 ATA10B   1800 2002       .79  .73  .66  .63  .59  .49 
  43 KIR01A   1818 2002       .57  .67  .66  .61  .70  .66 
  44 KIR01B   1826 2002            .60  .73  .63  .60  .57 
  45 KIR02A   1794 2002  .40  .52  .63  .71  .55  .45  .53 
  46 KIR02B   1800 2002       .65  .66  .65  .56  .59  .64 
  47 KIR03B   1796 2002  .50  .64  .69  .68  .73  .57  .51 
  48 KIR04A   1827 2002            .58  .59  .65  .69  .61 
  49 KIR04B   1833 2002            .60  .67  .67  .67  .63 
  50 KIR05A   1850 2002                 .66  .69  .68  .59 
  51 KIR05B   1848 2002            .70  .70  .68  .78  .69 
  52 KIR06A   1810 2002       .65  .78  .72  .62  .69  .63 
  53 KIR06B   1816 2002       .64  .80  .80  .78  .73  .61 
  54 KIR07A   1826 2002            .71  .76  .77  .73  .75 
  55 KIR07B   1827 2002            .78  .77  .74  .62  .57 
  56 KIR08A   1830 2002            .51  .43  .51  .56  .44 
  57 KIR08B   1826 2002            .59  .64  .68  .59  .46 
  58 KIR09A   1834 2002            .62  .58  .62  .51  .51 
  59 KIR09B   1830 2002            .74  .77  .76  .76  .56 
  60 KIR10A   1838 2002            .56  .71  .79  .78  .71 
  61 KIR10B   1818 2002       .51  .61  .73  .73  .65  .63 
  62 KIR11A   1842 2002            .49  .51  .66  .67  .61 
  63 KIR11B   1840 2002            .53  .58  .62  .61  .47 
  64 KIR12A   1825 2002            .75  .75  .74  .66  .60 
  65 KIR12B   1817 2002       .67  .73  .62  .66  .72  .59 
  66 KIR13A   1855 2002                 .70  .67  .67  .66 
  67 KIR13B   1845 2002            .61  .76  .74  .65  .54 
  68 KIR14A   1827 2002            .74  .71  .50  .44  .61 
  69 KIR14B   1823 2002       .54  .65  .55  .34B .36  .48 
  70 KIR15A   1829 2002            .75  .75  .66  .65  .67 
  71 KIR15B   1836 2002            .78  .79  .71  .61  .68 
  72 KIR16A   1824 2002       .76  .67  .65  .73  .67  .67 
  73 KIR17A   1824 2002       .66  .75  .78  .78  .76  .71 
  74 KIR17B   1823 2002       .66  .81  .78  .56  .52  .59 
  75 KIR18A   1824 2002       .69  .74  .72  .66  .54  .62 
  76 KIR18B   1824 2002       .62  .72  .74  .78  .60  .68 
  77 KIR19A   1840 2002            .52  .51  .55  .47  .54 
  78 KIR19B   1862 2002                 .76  .69  .61  .69 
  79 KIR20A   1830 2002            .68  .70  .78  .78  .69 
  80 KIR20B   1834 2002            .66  .75  .77  .66  .52 
 Av segment correlation  .46  .59  .66  .66  .61  .59  .54 

 FLAGGED SEGMENTS: turk030
-----------------------------------------------------------------------------------------------------------------------------------
 Seq Series   Segment    Flag  r dated  Best lag  r at lag   Gain  Note
 --- -------- ---------  ----  -------  --------  --------  -----  -----------------
   3 ALI02A   1800 1849     B     .315        -1      .341   .026
  13 ALI07B   1925 1974     A     .318         0
  14 ALI08A   1900 1949     B     .312        -1      .388   .076
  15 ALI08B   1900 1949     B     .240        -1      .393   .153
  16 ALI09A   1825 1874     A     .291         0
  31 ATA04B   1900 1949     B     .420        -2      .476   .056
  37 ATA08A   1950 1999     B     .317         2      .335   .017
  69 KIR14B   1900 1949     B     .340         2      .379   .039

 DESCRIPTIVE STATISTICS: turk030
-----------------------------------------------------------------------------------------------------------------------------------

                                                Corr   //-------- Unfiltered --------\\  //-- dplR filtered --\\
                           No.    No.    No.    with   Mean   Max     Std   Auto   Mean   Max     Std   Auto  AR
 Seq Series   Interval   Years  Segmt  Flags   Master  msmt   msmt    dev   corr   sens  value    dev   corr  ()
 --- -------- ---------  -----  -----  -----   ------ -----  -----  -----  -----  -----  -----  -----  -----  --
   1 ALI01A   1790 2001    212      7      0    .590    .80   2.98   .412   .747   .315   1.76   .283  -.006   2
   2 ALI01B   1833 2002    170      5      0    .562   1.12   2.66   .538   .748   .303   1.97   .300  -.021   2
   3 ALI02A   1771 2002    232      7      1    .504   1.19   9.30  1.159   .912   .289   1.78   .281   .013   2
   4 ALI02B   1776 2002    227      7      0    .552    .90   5.32   .823   .903   .289   1.70   .279  -.007   2
   5 ALI03A   1880 2002    123      3      0    .539   1.22   6.53   .985   .689   .324   1.92   .333   .002   1
   6 ALI03B   1850 2002    153      4      0    .468    .91   2.64   .449   .659   .292   2.06   .298   .011   2
   7 ALI04A   1900 2002    103      2      0    .494   1.00   3.21   .632   .853   .250   1.90   .256  -.013   2
   8 ALI05A   1830 2002    173      5      0    .626   1.24   6.11   .792   .610   .367   2.45   .382  -.018   2
   9 ALI05B   1857 2002    146      4      0    .521    .89   2.44   .475   .623   .307   2.10   .306   .010   2
  10 ALI06A   1836 2002    167      5      0    .533    .72   2.25   .412   .698   .267   2.03   .316   .059   1
  11 ALI06B   1837 2002    166      5      0    .581   1.04   2.76   .540   .769   .250   1.67   .242  -.012   2
  12 ALI07A   1842 2002    161      5      0    .606    .96   2.38   .454   .743   .281   1.63   .266  -.013   1
  13 ALI07B   1837 2002    166      5      1    .449    .85   2.50   .441   .855   .220   1.71   .225  -.002   2
  14 ALI08A   1850 2002    153      4      1    .522    .93   2.54   .529   .680   .330   1.78   .307  -.027   2
  15 ALI08B   1801 2002    202      6      1    .480   1.24   3.91   .791   .706   .364   2.71   .353   .005   2
  16 ALI09A   1813 2002    190      6      1    .541    .94   2.76   .497   .766   .281   1.78   .270   .009   2
  17 ALI09B   1794 2002    209      7      0    .546   1.26   4.39   .651   .761   .272   1.97   .275   .029   1
  18 ALI10A   1833 2002    170      5      0    .497   1.02   2.95   .537   .814   .237   1.99   .256   .036   2
  19 ALI10B   1930 2002     73      1      0    .426    .96   1.71   .334   .615   .234   1.83   .244   .039   2
  20 ALI11A   1897 2002    106      3      0    .527   1.85   6.37  1.052   .775   .263   1.71   .257   .022   1
  21 ALI11B   1874 2002    129      4      0    .577   1.46   4.29   .681   .802   .220   1.62   .236  -.003   1
  22 ALI12A   1883 2002    120      3      0    .601   1.58   3.44   .569   .412   .285   1.82   .296   .036   1
  23 ALI12B   1886 2002    117      3      0    .639   1.55   3.47   .602   .645   .262   1.76   .265   .037   1
  24 ATA01A   1800 2002    203      6      0    .657   1.38   5.97  1.070   .868   .296   2.00   .269  -.013   2
  25 ATA01B   1892 2002    111      3      0    .520    .67   1.43   .182   .173   .274   1.45   .218  -.027   3
  26 ATA02A   1800 2002    203      6      0    .497   1.19   5.69   .903   .870   .251   1.67   .247  -.003   3
  27 ATA02B   1811 1920    110      2      0    .629   1.47   4.77   .782   .761   .264   1.64   .260  -.009   2
  28 ATA03A   1803 2001    199      6      0    .501   1.10   4.08   .611   .831   .244   2.04   .254  -.022   2
  29 ATA03B   1822 2002    181      6      0    .524    .85   2.31   .424   .857   .242   1.63   .230   .034   2
  30 ATA04A   1801 2002    202      6      0    .512   1.39   6.15  1.470   .941   .266   1.99   .270  -.019   3
  31 ATA04B   1799 2002    204      7      1    .485   1.06   5.84  1.311   .939   .298   1.94   .299   .032   1
  32 ATA05A   1838 2002    165      5      0    .499   1.02   2.89   .566   .873   .201   1.68   .204  -.002   3
  33 ATA05B   1832 2002    171      5      0    .457    .84   2.16   .386   .823   .217   1.78   .203  -.035   3
  34 ATA06A   1809 2002    194      6      0    .483   1.28   4.84   .793   .845   .217   1.60   .218   .024   2
  35 ATA07A   1819 2002    184      6      0    .722   1.13   3.65   .696   .804   .300   1.95   .287   .009   2
  36 ATA07B   1792 2001    210      7      0    .663    .97   5.33   .798   .891   .324   1.82   .309   .036   1
  37 ATA08A   1793 2002    210      7      1    .560    .84   2.86   .508   .855   .222   1.68   .227  -.011   3
  38 ATA08B   1799 2004    206      7      0    .564   1.00   2.93   .608   .887   .199   1.81   .210   .046   1
  39 ATA09A   1804 2002    199      6      0    .563   1.14   3.02   .621   .765   .247   1.80   .264  -.012   2
  40 ATA09B   1842 2002    161      5      0    .540   1.86   4.79   .852   .752   .255   1.73   .255   .012   2
  41 ATA10A   1798 2002    205      7      0    .560    .80   4.02   .629   .872   .257   1.86   .253   .021   1
  42 ATA10B   1800 2002    203      6      0    .641   1.13   4.04   .707   .809   .249   1.77   .246  -.018   2
  43 KIR01A   1818 2002    185      6      0    .641   1.02   3.11   .377   .657   .213   1.63   .216   .026   1
  44 KIR01B   1826 2002    177      5      0    .633   1.03   2.16   .372   .591   .249   1.88   .246   .017   1
  45 KIR02A   1794 2002    209      7      0    .516    .90   5.65   .963   .937   .236   2.15   .256   .027   1
  46 KIR02B   1800 2002    203      6      0    .587    .88   4.34   .771   .871   .253   2.00   .274  -.007   1
  47 KIR03B   1796 2002    207      7      0    .586    .91   7.59  1.096   .855   .302   2.45   .310   .002   1
  48 KIR04A   1827 2002    176      5      0    .628   1.36   3.38   .522   .769   .201   1.81   .211   .034   1
  49 KIR04B   1833 2002    170      5      0    .654   1.23   4.66   .522   .578   .232   1.88   .228   .036   3
  50 KIR05A   1850 2002    153      4      0    .660    .51   1.68   .276   .632   .340   1.87   .327   .010   1
  51 KIR05B   1848 2002    155      5      0    .695    .60   1.88   .281   .573   .316   1.93   .313   .022   1
  52 KIR06A   1810 2002    193      6      0    .671    .93   5.20  1.022   .878   .343   1.78   .315   .048   1
  53 KIR06B   1816 2002    187      6      0    .699    .82   3.55   .803   .880   .321   1.89   .313   .038   1
  54 KIR07A   1826 2002    177      5      0    .755    .96   2.06   .359   .607   .249   1.66   .234  -.006   1
  55 KIR07B   1827 2002    176      5      0    .707    .89   2.30   .414   .752   .252   1.64   .242  -.011   1
  56 KIR08A   1830 2002    173      5      0    .439    .87   3.66   .525   .849   .283   1.92   .272  -.032   1
  57 KIR08B   1826 2002    177      5      0    .583    .98   3.94   .537   .784   .260   1.94   .259  -.039   1
  58 KIR09A   1834 2002    169      5      0    .624    .98   4.78   .733   .815   .316   1.86   .306   .018   1
  59 KIR09B   1830 2002    173      5      0    .727    .72   3.26   .510   .814   .276   1.92   .276   .008   3
  60 KIR10A   1838 2002    165      5      0    .687   1.06   2.45   .349   .473   .260   1.89   .256   .032   1
  61 KIR10B   1818 2002    185      6      0    .641    .69   3.90   .476   .889   .240   1.69   .229  -.001   3
  62 KIR11A   1842 2002    161      5      0    .561    .77   2.16   .356   .704   .278   1.86   .276  -.043   1
  63 KIR11B   1840 2002    163      5      0    .465   1.05   3.96   .554   .649   .304   2.43   .303  -.005   1
  64 KIR12A   1825 2002    178      5      0    .711    .75   4.54   .644   .782   .269   1.63   .252   .014   2
  65 KIR12B   1817 2002    186      6      0    .616    .91   4.70   .761   .834   .276   1.69   .260  -.009   1
  66 KIR13A   1855 2002    148      4      0    .703    .88   2.61   .522   .859   .251   1.76   .260  -.015   1
  67 KIR13B   1845 2002    158      5      0    .604    .95   2.63   .523   .801   .278   1.70   .255   .005   1
  68 KIR14A   1827 2002    176      5      0    .636   1.13   6.36   .962   .881   .265   1.85   .255   .017   1
  69 KIR14B   1823 2002    180      6      1    .521   1.22   5.17  1.166   .932   .248   1.82   .250   .007   1
  70 KIR15A   1829 2002    174      5      0    .693    .97   3.65   .616   .814   .252   1.87   .264  -.023   1
  71 KIR15B   1836 2002    167      5      0    .714    .76   2.32   .316   .701   .237   1.78   .239   .006   1
  72 KIR16A   1824 2002    179      6      0    .690   1.08   4.88  1.020   .882   .261   1.61   .234  -.007   1
  73 KIR17A   1824 2002    179      6      0    .747    .82   3.64   .528   .774   .320   1.74   .298   .013   1
  74 KIR17B   1823 2002    180      6      0    .682   1.06   4.72   .727   .833   .262   1.76   .251   .006   1
  75 KIR18A   1824 2002    179      6      0    .686    .80   2.59   .413   .805   .248   1.59   .228  -.002   1
  76 KIR18B   1824 2002    179      6      0    .693    .79   4.26   .659   .873   .229   1.73   .212   .006   1
  77 KIR19A   1840 2002    163      5      0    .542    .71   1.92   .322   .794   .231   1.54   .212  -.004   2
  78 KIR19B   1862 2002    141      4      0    .710    .75   1.64   .266   .599   .240   1.72   .244   .004   3
  79 KIR20A   1830 2002    173      5      0    .720    .89   3.13   .614   .845   .291   1.79   .279   .008   3
  80 KIR20B   1834 2002    169      5      0    .659    .94   3.56   .644   .834   .270   1.68   .261   .024   1
 --- -------- ---------  -----  -----  -----   ------ -----  -----  -----  -----  -----  -----  -----  -----  --
 Total or mean:          13832    418      8    .594   1.01   9.30   .650   .782   .269   2.71   .265   .006

 DATA CHECKS (rwl.check): turk030
-----------------------------------------------------------------------------------------------------------------------------------
 rwl.check: data_files/treering/measurements/europe/turk030.rwl
 80 series, 13832 measurements, 1771-2004, 0.01 mm precision
 0 error(s), 2 warning(s), 3 note(s)
 -------------
 WARNING
   RWL_HEADER_SPAN (1)
     the header declares 1771-2002 but the measurements cover 1771-2004
   RWL_MIXED_EOL (1)
     line endings are not consistent: 1 carriage return(s) against 1473 line feed(s); mixed endings can defeat a reader
 3 note(s) not shown; see rwl.check() or the 'check' element of this report.

 NOTES
-----------------------------------------------------------------------------------------------------------------------------------
 Report generated using dplR 1.8.1 (R 4.5.2) on 2026-10-01 16:56 PDT.
 Measurement file turk030.rwl, MD5 2ea4b7404e5f468eea5c7bc37904a25e.
 Filtering: each series divided by a 32-year smoothing spline (caps()), then prewhitened with
   an AR model (order by AIC, at most 3).
 Master: biweight robust mean of the other series (leave-one-out).
 Correlation: Pearson, one-tailed, pcrit = 0.01; critical r = 0.3281 for 50-year segments.
 Segments: 50 years, lagged 25, first segment floored to 100. Lags searched: +/- 10 years.
 A segment is tested only where the series and the master cover all of it, at the dated
   position and at every lag. COFECHA also tests partial segments at the ends of a series, so
   series here may show fewer segments, and no flags can be raised at the ends of the record.
 Lags follow COFECHA: negative means rings are probably missing from the series, positive means
   false rings. A missing ring carries its lag into every segment before it, so look where the
   lag changes along a series. A B flag is a hypothesis to check on the wood; the gain says how
   seriously to take it.
 A B flag marked "weak at every lag" correlates under the critical value even at its best lag:
   the segment is weak wherever it is placed, and the shift is not evidence of a dating error.
   Treat it as a low correlation, like an A.
 Averages in the summary and the totals are weighted by the number of years in each series, as
   COFECHA's are.
 Unfiltered block and mean sensitivity: the measurements as read, and sens1().
 dplR filtered block: the series that was correlated, after filtering. COFECHA's filtered
   series is defined differently, so these three columns are not COFECHA's numbers.
 AR: order of the AR model used to prewhiten.
