
 COFECHA-style crossdating report: turk016
 Report generated using dplR 1.8.1 (R 4.5.2) on 2026-10-01 16:55 PDT
 Built with dplR's xdate.report(), not COFECHA; see the notes at the end.


      Measurement file name  : turk016.rwl
      MD5 of measurement file: ee761ee504f57ee531b3e1e21280d7d9
      Date checked           : 01OCT26
      Beginning year         : 1017
      Ending year            : 2006
      Principal investigators: Touchan, R.; Hughes, M.K.
      Site name              : Elmali (Huseyin Kuyusu and Kocaguney)
      Species information    : JUEX Juniperus excelsa M.-Bieb.
      Latitude               : 36.6000 N
      Longitude              : 30.0200 E
      Elevation              : 1853 m

      Series intercorrelation: 0.647
      Avg mean sensitivity   : 0.292
      Avg standard deviation : 0.338
      Avg autocorrelation    : 0.792
      Number dated series    : 108
      Segment length tested  : 50

      Number problem segments: 22  (A 13, B 9; 3 of the B weak at every lag)
      Pct problem segments   : 1.88


 CORRELATION OF SERIES BY SEGMENTS: turk016
-----------------------------------------------------------------------------------------------------------------------------------
 Correlations of  50-year dated segments, lagged  25 years
 Flags:  A = correlation under   .3281 but highest as dated;  B = correlation higher at other than dated position

 Seq Series  Time_span  1100 1125 1150 1175 1200 1225 1250 1275 1300 1325 1350 1375 1400 1425 1450 1475 1500 1525 1550 1575 
                        1149 1174 1199 1224 1249 1274 1299 1324 1349 1374 1399 1424 1449 1474 1499 1524 1549 1574 1599 1624 
 --- -------- ---------  ---- ---- ---- ---- ---- ---- ---- ---- ---- ---- ---- ---- ---- ---- ---- ---- ---- ---- ---- ---- 
   1 HUKJ01A  1424 1950                                                                        .64  .80  .74  .68  .45  .36B
   4 HUKJ04A  1501 2000                                                                                       .52  .47  .64 
   5 HUKJ04B  1464 2000                                                                             .49  .59  .63  .49  .67 
   6 HUKJ07B1 1332 1710                                                    .76  .54  .50  .53  .44  .50  .62  .67  .56  .60 
   8 HUKJ18B  1573 1910                                                                                                 .61 
  11 HUKJ23B  1488 1762                                                                                  .63  .64  .66  .63 
  12 ISBJ02A1 1093 1374  .37  .69  .69  .69  .74  .72  .57  .69  .83  .80                                                   
  14 ISBJ04   1123 1925       .84  .86  .77  .80  .91  .79  .75  .71  .76  .90  .86  .86  .85  .51  .56  .79  .83  .79  .77 
  15 ISBJ05B  1083 1457  .75  .67  .61  .62  .76  .73  .63  .72  .65  .65  .74  .61  .61                                    
  16 ISBJ06A  1127 1300            .76  .80  .78  .79  .78                                                                  
  17 ISBJ06B  1017 1300  .66  .70  .69  .78  .81  .72  .64                                                                  
  18 ISBJ07A  1176 1784                      .78  .85  .81  .75  .73  .77  .81  .75  .77  .74  .60  .73  .73  .72  .59  .44 
  19 ISBJ07B  1251 1977                                     .75  .64  .70  .67  .58  .79  .84  .78  .74  .77  .80  .71  .62 
  26 ISBJ18A  1092 1795  .62  .76  .69  .70  .74  .79  .83  .76  .67  .70  .78  .60  .65  .69  .68  .68  .63  .59  .60  .60 
  27 ISBJ21   1102 1301       .65  .67  .41  .50  .70  .57                                                                  
  28 ISBJ22   1185 1384                      .72  .68  .71  .74  .64  .61                                                   
  29 ISBJ24   1062 1261  .58  .47  .55  .56  .57                                                                            
  30 ISBJ25   1094 1292  .76  .79  .65  .68  .81  .78                                                                       
  31 ISBJ32A  1498 2006                                                                                  .67  .74  .82  .85 
  32 ISBJ32B1 1445 1822                                                                        .74  .74  .86  .85  .79  .84 
  35 ISBJ32D  1424 2006                                                                   .82  .78  .75  .74  .79  .80  .87 
  44 ISBJ35C  1570 2006                                                                                                 .77 
  58 ISBJ38B1 1565 1810                                                                                                 .61 
  66 ISBJ39C  1570 1940                                                                                                 .58 
  73 ISBJ41A  1559 1907                                                                                                 .68 
  74 ISBJ41B  1554 1910                                                                                                 .73 
  76 ISBJ41D  1463 2006                                                                             .64  .70  .76  .68  .70 
  83 ISBJ43A  1391 1980                                                              .65  .72  .60  .53  .47  .58  .71  .51 
  84 ISBJ44   1076 1990  .83  .87  .84  .79  .79  .85  .83  .70  .73  .82  .83  .84  .88  .83  .77  .72  .72  .84  .82  .82 
  85 ISBJ45A1 1241 1460                                .77  .82  .69  .72  .85  .81  .87                                    
  87 ISBJ46   1518 1980                                                                                       .70  .72  .67 
  88 ISBJ47   1347 1982                                                    .74  .63  .80  .87  .54  .55  .67  .73  .71  .64 
  89 ISBJ48B  1122 1730       .64  .61  .67  .64  .70  .74  .60  .69  .81  .77  .69  .82  .82  .69  .74  .74  .80  .73  .57 
  90 ISBJ49A1 1093 1251  .53  .59  .77  .68  .67                                                                            
  91 ISBJ49A2 1422 1920                                                                   .70  .56  .68  .75  .70  .65  .69 
  92 ISBJ50A1 1110 1475       .56  .83  .76  .85  .86  .72  .78  .86  .85  .82  .77  .85  .83                               
  99 KOCJ01A2 1553 2000                                                                                                 .64 
 100 KOCJ01B  1344 2000                                                    .75  .72  .56  .50  .72  .85  .72  .63  .73  .66 
 105 KOCJ06B  1534 2000                                                                                            .56  .60 
 106 KOCJ08A  1468 2000                                                                             .62  .71  .67  .56  .48 
 108 KOCJ09   1465 1963                                                                             .37  .39  .63  .41  .50 
 Av segment correlation  .64  .69  .71  .68  .73  .77  .72  .73  .71  .74  .78  .70  .74  .75  .65  .65  .68  .70  .65  .65 

 CORRELATION OF SERIES BY SEGMENTS: turk016
-----------------------------------------------------------------------------------------------------------------------------------
 Correlations of  50-year dated segments, lagged  25 years
 Flags:  A = correlation under   .3281 but highest as dated;  B = correlation higher at other than dated position

 Seq Series  Time_span  1600 1625 1650 1675 1700 1725 1750 1775 1800 1825 1850 1875 1900 1925 1950 
                        1649 1674 1699 1724 1749 1774 1799 1824 1849 1874 1899 1924 1949 1974 1999 
 --- -------- ---------  ---- ---- ---- ---- ---- ---- ---- ---- ---- ---- ---- ---- ---- ---- ---- 
   1 HUKJ01A  1424 1950  .41  .40  .49  .57  .60  .63  .63  .48  .55  .64  .57  .56  .43           
   2 HUKJ02B  1740 2000                                .70  .58  .49  .56  .62  .51  .20A .39  .54 
   3 HUKJ03A  1699 2000                           .62  .70  .61  .43  .45  .64  .67  .66  .66  .64 
   4 HUKJ04A  1501 2000  .57  .44  .53  .39  .43  .62  .71  .67  .54  .54  .52  .64  .61  .64  .55 
   5 HUKJ04B  1464 2000  .54  .34  .42  .37  .55  .71  .70  .68  .52  .43  .43  .42  .48  .62  .67 
   6 HUKJ07B1 1332 1710  .56  .43  .50                                                             
   7 HUKJ16A  1587 2000  .64  .52  .60  .38  .39  .69  .66  .64  .66  .63  .54  .58  .70  .67  .61 
   8 HUKJ18B  1573 1910  .57  .52  .47  .45  .66  .67  .74  .67  .46  .56  .64                     
   9 HUKJ19B2 1636 2000            .39  .49  .61  .67  .68  .59  .42  .46  .53  .39  .36  .49  .43 
  10 HUKJ21A  1749 2000                                     .36B .41  .68  .68  .64  .55  .55  .37B
  11 HUKJ23B  1488 1762  .68  .55  .52  .58  .64                                                   
  13 ISBJ02A2 1630 1978            .40  .45  .68  .64  .75  .80  .54  .51  .59  .61  .66  .66      
  14 ISBJ04   1123 1925  .78  .61  .54  .56  .61  .73  .82  .56  .47  .61  .63  .71                
  18 ISBJ07A  1176 1784  .62  .70  .51  .46  .69  .81                                              
  19 ISBJ07B  1251 1977  .65  .53  .55  .64  .68  .81  .81  .76  .60  .34B .46  .67  .75  .70      
  20 ISBJ09A  1828 2000                                                    .71  .69  .79  .89  .84 
  21 ISBJ09B  1796 2000                                          .67  .72  .75  .54  .57  .76  .73 
  22 ISBJ11   1625 2001            .48  .67  .80  .78  .85  .79  .46  .63  .84  .83  .68  .65  .70 
  23 ISBJ12   1681 2001                      .66  .58  .74  .83  .75  .73  .65  .72  .71  .64  .69 
  24 ISBJ14   1686 2001                      .62  .68  .65  .59  .55  .45  .54  .63  .55  .61  .68 
  25 ISBJ15   1738 2000                                .79  .67  .30A .46  .69  .74  .75  .79  .76 
  26 ISBJ18A  1092 1795  .66  .69  .71  .66  .62  .65                                              
  31 ISBJ32A  1498 2006  .85  .80  .75  .66  .67  .81  .89  .78  .46  .47  .57  .66  .77  .83  .70 
  32 ISBJ32B1 1445 1822  .81  .78  .66  .63  .67  .71  .73                                         
  33 ISBJ32B2 1832 2006                                                    .49  .55  .66  .63  .56 
  34 ISBJ32C  1652 2006                 .68  .72  .75  .83  .78  .45  .43  .55  .61  .64  .77  .75 
  35 ISBJ32D  1424 2006  .79  .68  .58  .60  .72  .70  .70  .65  .40  .38B .64  .62  .72  .70  .48 
  36 ISBJ33A  1829 2006                                                    .79  .83  .78  .78  .66 
  37 ISBJ33B  1705 1930                           .66  .75  .76  .68  .73  .78  .81                
  38 ISBJ33C  1785 2006                                          .70  .73  .76  .73  .75  .76  .76 
  39 ISBJ33D  1865 2006                                                         .79  .70  .73  .66 
  40 ISBJ33E  1830 2006                                                    .60  .44  .54  .75  .81 
  41 ISBJ34B  1873 2006                                                         .60  .71  .79  .70 
  42 ISBJ35A  1866 1980                                                         .80  .76  .81      
  43 ISBJ35B  1790 2006                                          .70  .64  .73  .73  .75  .76  .80 
  44 ISBJ35C  1570 2006  .78  .72  .73  .76  .79  .82  .82  .76  .63  .65  .77  .74  .62  .68  .75 
  45 ISBJ35D  1871 1980                                                         .83  .78  .81      
  46 ISBJ35E  1868 1980                                                         .80  .79  .82      
  47 ISBJ36A  1594 2006  .57  .56  .63  .59  .51  .76  .85  .86  .80  .77  .73  .72  .74  .74  .73 
  48 ISBJ36B  1692 2006                      .53  .73  .76  .67  .50  .60  .67  .67  .69  .76  .75 
  49 ISBJ36C  1598 2006  .56  .68  .75  .67  .56  .74  .81  .75  .70  .66  .68  .61  .35  .37  .64 
  50 ISBJ36D  1624 2006            .49  .61  .64  .65  .77  .74  .66  .82  .62  .69  .50  .41  .70 
  51 ISBJ36E  1813 2006                                               .51  .44  .63  .75  .80  .71 
  52 ISBJ37A  1825 2006                                                    .45  .63  .63  .64  .56 
  53 ISBJ37B  1807 1960                                               .31B .46  .62  .55           
  54 ISBJ37C  1804 2006                                               .52  .54  .59  .51  .52  .52 
  55 ISBJ37D  1809 2006                                               .25B .36  .61  .63  .76  .71 
  56 ISBJ37E  1815 2006                                               .51  .55  .54  .42  .50  .51 
  57 ISBJ38A  1767 2006                                     .74  .68  .55  .58  .65  .69  .81  .81 
  58 ISBJ38B1 1565 1810  .66  .65  .69  .66  .49  .62  .79                                         
  59 ISBJ38B2 1840 2006                                                    .65  .71  .78  .80  .59 
  60 ISBJ38C  1672 2006                 .59  .64  .76  .67  .68  .67  .25A .35  .80  .78  .75  .61 
  61 ISBJ38D  1825 2006                                               .61  .71  .76  .76  .70  .71 
  62 ISBJ38E1 1697 1810                      .50  .62  .80                                         
  63 ISBJ38E2 1840 1960                                                    .64  .62  .72           
  64 ISBJ39A  1669 1960                 .67  .67  .72  .83  .71  .71  .73  .65  .61  .48           
  65 ISBJ39B  1650 1960                 .64  .53  .65  .73  .69  .73  .75  .80  .40  .31A          
  66 ISBJ39C  1570 1940  .70  .53  .57  .64  .60  .69  .80  .71  .66  .63  .72  .79                
  67 ISBJ39D  1649 1940            .48  .54  .47  .62  .88  .85  .81  .80  .75  .73                
  68 ISBJ39E  1750 2006                                     .82  .75  .71  .71  .64  .72  .85  .86 
  69 ISBJ40A  1745 2006                                .74  .74  .73  .60  .47  .31A .36  .76  .79 
  70 ISBJ40B  1891 2006                                                              .69  .81  .81 
  71 ISBJ40C  1699 2006                           .63  .83  .78  .70  .66  .58  .63  .73  .78  .82 
  72 ISBJ40D  1877 2006                                                              .60  .70  .75 
  73 ISBJ41A  1559 1907  .68  .70  .68  .70  .75  .76  .84  .78  .70  .68  .60                     
  74 ISBJ41B  1554 1910  .79  .72  .59  .55  .62  .79  .84  .81  .71  .66  .67                     
  75 ISBJ41C  1638 2006            .63  .73  .68  .74  .87  .85  .82  .79  .73  .68  .75  .77  .73 
  76 ISBJ41D  1463 2006  .66  .71  .64  .54  .66  .84  .89  .80  .67  .56  .55  .74  .83  .85  .83 
  77 ISBJ41E  1850 2006                                                         .75  .79  .75  .77 
  78 ISBJ42A  1811 2006                                               .36  .07B .34B .33  .44  .62 
  79 ISBJ42B  1860 2006                                                         .34  .63  .66  .62 
  80 ISBJ42C  1833 2006                                                    .50  .31A .27A .40  .61 
  81 ISBJ42D  1790 2006                                          .78  .44  .29A .37  .50  .56  .54 
  82 ISBJ42E  1845 2006                                                    .62  .47  .28A .33  .61 
  83 ISBJ43A  1391 1980  .67  .61  .56  .60  .51  .66  .31A .26A .59  .55  .63  .50  .51  .73      
  84 ISBJ44   1076 1990  .83  .77  .69  .70  .81  .81  .82  .85  .71  .67  .72  .67  .75  .86      
  86 ISBJ45A2 1686 1967                      .72  .74  .85  .84  .63  .61  .80  .78  .86           
  87 ISBJ46   1518 1980  .68  .60  .62  .62  .56  .62  .84  .76  .61  .67  .66  .66  .67  .72      
  88 ISBJ47   1347 1982  .77  .70  .38  .29A .44  .57  .61  .63  .67  .63  .68  .71  .62  .49      
  89 ISBJ48B  1122 1730  .68  .75  .56  .49                                                        
  91 ISBJ49A2 1422 1920  .76  .73  .71  .60  .63  .78  .81  .60  .51  .76  .85                     
  93 ISBJ50A2 1847 1960                                                    .77  .69  .72           
  94 ISBJ51A  1775 2006                                          .60  .67  .79  .70  .76  .82  .72 
  95 ISBJ51B  1763 2006                                     .87  .77  .76  .78  .81  .86  .85  .67 
  96 ISBJ51C  1758 2006                                     .84  .69  .72  .84  .79  .83  .80  .67 
  97 ISBJ51D  1765 2006                                     .79  .58  .60  .79  .88  .85  .84  .78 
  98 ISBJ51E  1881 2006                                                              .82  .76  .54 
  99 KOCJ01A2 1553 2000  .60  .52  .46  .59  .65  .67  .70  .71  .59  .43  .47  .67  .65  .57  .63 
 100 KOCJ01B  1344 2000  .61  .61  .58  .57  .60  .51  .60  .73  .64  .53  .65  .61  .57  .54  .49 
 101 KOCJ02B  1715 2000                           .52  .46  .54  .63  .54  .26A .38  .43  .46  .73 
 102 KOCJ05A  1667 2000                 .55  .69  .78  .75  .75  .81  .75  .60  .53  .64  .74  .73 
 103 KOCJ05B  1663 2000                 .61  .76  .84  .81  .78  .78  .75  .73  .47  .45  .71  .71 
 104 KOCJ06A  1666 2000                 .63  .70  .69  .74  .73  .53  .41  .39  .51  .62  .64  .71 
 105 KOCJ06B  1534 2000  .70  .69  .49  .47  .68  .66  .77  .87  .71  .61  .62  .66  .75  .72  .66 
 106 KOCJ08A  1468 2000  .49  .49  .66  .69  .69  .72  .76  .77  .73  .76  .79  .68  .77  .80  .72 
 107 KOCJ08B  1748 2000                                .73  .72  .77  .70  .61  .64  .64  .62  .49 
 108 KOCJ09   1465 1963  .59  .47  .66  .62  .60  .64  .65  .64  .58  .61  .61  .56  .57           
 Av segment correlation  .66  .61  .57  .58  .63  .70  .75  .71  .62  .59  .62  .63  .64  .69  .67 

 FLAGGED SEGMENTS: turk016
-----------------------------------------------------------------------------------------------------------------------------------
 Seq Series   Segment    Flag  r dated  Best lag  r at lag   Gain  Note
 --- -------- ---------  ----  -------  --------  --------  -----  -----------------
   1 HUKJ01A  1575 1624     B     .359         1      .378   .018
   2 HUKJ02B  1900 1949     A     .197         0
  10 HUKJ21A  1775 1824     B     .356        10      .383   .027
  10 HUKJ21A  1950 1999     B     .367        -7      .392   .025
  19 ISBJ07B  1825 1874     B     .343         4      .383   .040
  25 ISBJ15   1800 1849     A     .303         0
  35 ISBJ32D  1825 1874     B     .385        -4      .430   .045
  53 ISBJ37B  1825 1874     B     .313        -7      .318   .005  weak at every lag
  55 ISBJ37D  1825 1874     B     .247        10      .272   .024  weak at every lag
  60 ISBJ38C  1825 1874     A     .247         0
  65 ISBJ39B  1900 1949     A     .313         0
  69 ISBJ40A  1875 1924     A     .311         0
  78 ISBJ42A  1850 1899     B     .071        -8      .261   .190  weak at every lag
  78 ISBJ42A  1875 1924     B     .342         8      .366   .025
  80 ISBJ42C  1875 1924     A     .307         0
  80 ISBJ42C  1900 1949     A     .265         0
  81 ISBJ42D  1850 1899     A     .291         0
  82 ISBJ42E  1900 1949     A     .283         0
  83 ISBJ43A  1750 1799     A     .307         0
  83 ISBJ43A  1775 1824     A     .258         0
  88 ISBJ47   1675 1724     A     .293         0
 101 KOCJ02B  1850 1899     A     .260         0

 DESCRIPTIVE STATISTICS: turk016
-----------------------------------------------------------------------------------------------------------------------------------

                                                Corr   //-------- Unfiltered --------\\  //-- dplR filtered --\\
                           No.    No.    No.    with   Mean   Max     Std   Auto   Mean   Max     Std   Auto  AR
 Seq Series   Interval   Years  Segmt  Flags   Master  msmt   msmt    dev   corr   sens  value    dev   corr  ()
 --- -------- ---------  -----  -----  -----   ------ -----  -----  -----  -----  -----  -----  -----  -----  --
   1 HUKJ01A  1424 1950    527     19      1    .523    .55   1.57   .266   .646   .342   2.51   .345   .009   2
   2 HUKJ02B  1740 2000    261      9      1    .483    .87   2.35   .468   .844   .255   2.40   .282   .005   2
   3 HUKJ03A  1699 2000    302     10      0    .618    .42   1.15   .184   .729   .242   1.93   .250   .004   2
   4 HUKJ04A  1501 2000    500     18      0    .537    .56   2.24   .348   .704   .393   2.41   .371  -.003   3
   5 HUKJ04B  1464 2000    537     20      0    .516    .43   1.52   .280   .762   .413   2.56   .387  -.005   3
   6 HUKJ07B1 1332 1710    379     13      0    .570    .57   2.26   .277   .852   .194   1.91   .201   .004   1
   7 HUKJ16A  1587 2000    414     15      0    .600    .48   1.26   .210   .675   .325   2.20   .309  -.006   1
   8 HUKJ18B  1573 1910    338     12      0    .537    .40   1.47   .186   .790   .248   2.04   .259   .004   2
   9 HUKJ19B2 1636 2000    365     13      0    .467    .37    .71   .128   .597   .272   1.82   .253  -.002   2
  10 HUKJ21A  1749 2000    252      8      2    .497    .53   1.18   .198   .706   .222   1.76   .235   .005   2
  11 HUKJ23B  1488 1762    275      9      0    .583    .64   1.68   .232   .582   .275   2.09   .269   .004   1
  12 ISBJ02A1 1093 1374    282     10      0    .646    .87   2.58   .569   .927   .215   1.92   .230  -.014   3
  13 ISBJ02A2 1630 1978    349     12      0    .610    .51   1.56   .249   .830   .252   2.02   .254  -.007   1
  14 ISBJ04   1123 1925    803     31      0    .696    .55   3.86   .452   .915   .268   3.31   .274  -.002   1
  15 ISBJ05B  1083 1457    375     13      0    .665    .82   3.86   .596   .893   .266   2.14   .264   .009   2
  16 ISBJ06A  1127 1300    174      5      0    .776   1.28   2.61   .452   .637   .224   1.72   .227  -.008   1
  17 ISBJ06B  1017 1300    284      7      0    .658    .61   1.71   .361   .835   .319   2.23   .312   .028   1
  18 ISBJ07A  1176 1784    609     22      0    .702    .69   2.56   .385   .819   .264   1.90   .269  -.003   3
  19 ISBJ07B  1251 1977    727     27      1    .685    .73   3.16   .434   .840   .253   2.09   .251   .003   3
  20 ISBJ09A  1828 2000    173      5      0    .769    .94   2.53   .536   .877   .233   1.70   .221   .005   1
  21 ISBJ09B  1796 2000    205      7      0    .651    .89   2.11   .492   .882   .229   2.03   .254   .006   1
  22 ISBJ11   1625 2001    377     13      0    .686    .42   1.18   .195   .765   .277   1.88   .263  -.001   1
  23 ISBJ12   1681 2001    321     11      0    .699    .66   2.39   .432   .860   .257   1.92   .262  -.012   3
  24 ISBJ14   1686 2001    316     11      0    .570    .82   5.06   .519   .825   .252   1.91   .258   .005   2
  25 ISBJ15   1738 2000    263      9      1    .687    .96   2.22   .398   .729   .238   1.92   .241  -.011   1
  26 ISBJ18A  1092 1795    704     26      0    .673    .52   2.50   .412   .901   .278   1.94   .264  -.002   1
  27 ISBJ21   1102 1301    200      6      0    .555   1.05   2.93   .594   .902   .191   1.68   .199   .017   1
  28 ISBJ22   1185 1384    200      6      0    .678    .88   2.13   .409   .721   .297   1.98   .268  -.012   3
  29 ISBJ24   1062 1261    200      5      0    .491   1.24   5.40  1.378   .940   .248   2.14   .276  -.018   1
  30 ISBJ25   1094 1292    199      6      0    .734   1.02   3.29   .519   .851   .209   1.72   .207   .014   1
  31 ISBJ32A  1498 2006    509     19      0    .720    .51   1.50   .233   .818   .243   1.69   .232  -.004   2
  32 ISBJ32B1 1445 1822    378     13      0    .734    .43   1.02   .184   .759   .249   2.03   .246  -.012   2
  33 ISBJ32B2 1832 2006    175      5      0    .539    .49   1.46   .302   .888   .324   2.18   .318  -.004   1
  34 ISBJ32C  1652 2006    355     12      0    .676    .59   1.39   .235   .772   .236   1.71   .228   .002   2
  35 ISBJ32D  1424 2006    583     22      1    .642    .46   1.55   .239   .837   .268   2.33   .265   .008   1
  36 ISBJ33A  1829 2006    178      5      0    .716    .82   2.31   .442   .875   .236   1.92   .231  -.013   1
  37 ISBJ33B  1705 1930    226      7      0    .677   1.15   2.99   .611   .882   .209   1.56   .208   .000   2
  38 ISBJ33C  1785 2006    222      7      0    .752    .95   2.44   .543   .869   .242   1.78   .242  -.017   1
  39 ISBJ33D  1865 2006    142      4      0    .690    .67   2.04   .424   .874   .303   2.05   .304   .019   1
  40 ISBJ33E  1830 2006    177      5      0    .651    .94   2.59   .517   .841   .237   1.57   .227   .070   0
  41 ISBJ34B  1873 2006    134      4      0    .687    .56   1.76   .360   .874   .246   1.75   .245   .015   1
  42 ISBJ35A  1866 1980    115      3      0    .802   1.04   2.35   .516   .734   .295   1.87   .304  -.022   1
  43 ISBJ35B  1790 2006    217      7      0    .756    .57   1.53   .346   .877   .279   1.81   .259   .017   3
  44 ISBJ35C  1570 2006    437     16      0    .729    .60   2.30   .411   .901   .278   1.73   .249   .010   3
  45 ISBJ35D  1871 1980    110      3      0    .821   1.10   2.45   .543   .721   .302   1.98   .288  -.014   1
  46 ISBJ35E  1868 1980    113      3      0    .805   1.13   2.52   .534   .703   .287   1.81   .277   .006   1
  47 ISBJ36A  1594 2006    413     15      0    .690    .44   1.24   .272   .869   .338   2.87   .332   .000   3
  48 ISBJ36B  1692 2006    315     11      0    .659    .42   1.27   .248   .805   .340   1.97   .317   .014   3
  49 ISBJ36C  1598 2006    409     15      0    .560    .51   1.72   .296   .855   .351   2.81   .348   .002   2
  50 ISBJ36D  1624 2006    383     13      0    .600    .45   1.62   .311   .880   .389   2.69   .348   .003   2
  51 ISBJ36E  1813 2006    194      6      0    .642    .45   1.13   .203   .571   .373   1.79   .328   .014   2
  52 ISBJ37A  1825 2006    182      5      0    .549    .54   3.38   .480   .907   .310   1.87   .291   .039   1
  53 ISBJ37B  1807 1960    154      4      1    .486    .82   2.24   .523   .837   .303   2.10   .295   .005   3
  54 ISBJ37C  1804 2006    203      6      0    .531    .58   2.63   .360   .795   .279   2.18   .286   .007   3
  55 ISBJ37D  1809 2006    198      6      1    .565    .55   1.97   .386   .814   .306   2.18   .322  -.013   3
  56 ISBJ37E  1815 2006    192      6      0    .519    .57   2.77   .363   .801   .294   2.06   .298  -.015   3
  57 ISBJ38A  1767 2006    240      8      0    .708    .45   1.47   .274   .827   .328   2.12   .304   .087   0
  58 ISBJ38B1 1565 1810    246      8      0    .677    .55   1.48   .251   .853   .222   1.63   .226  -.006   1
  59 ISBJ38B2 1840 2006    167      5      0    .637    .43   1.04   .197   .713   .312   1.98   .298   .018   1
  60 ISBJ38C  1672 2006    335     12      1    .568    .59   1.47   .298   .797   .328   2.12   .323  -.022   0
  61 ISBJ38D  1825 2006    182      6      0    .665    .49   1.71   .366   .894   .396   2.25   .370   .061   0
  62 ISBJ38E1 1697 1810    114      3      0    .687    .59   1.38   .211   .747   .229   1.74   .218  -.001   1
  63 ISBJ38E2 1840 1960    121      3      0    .658    .40    .98   .231   .788   .365   1.98   .345   .001   1
  64 ISBJ39A  1669 1960    292     10      0    .578    .36    .97   .190   .655   .381   2.47   .365  -.004   1
  65 ISBJ39B  1650 1960    311     10      1    .581    .31    .87   .147   .709   .298   2.63   .309  -.015   3
  66 ISBJ39C  1570 1940    371     13      0    .650    .31   1.00   .192   .867   .309   1.97   .304  -.016   3
  67 ISBJ39D  1649 1940    292     10      0    .709    .38    .96   .195   .795   .278   1.96   .267   .005   1
  68 ISBJ39E  1750 2006    257      8      0    .765    .39   1.27   .212   .776   .297   1.89   .274   .018   1
  69 ISBJ40A  1745 2006    262      9      1    .607    .47   1.86   .279   .742   .333   2.07   .317   .005   3
  70 ISBJ40B  1891 2006    116      3      0    .736    .27    .71   .140   .563   .451   1.95   .369  -.029   0
  71 ISBJ40C  1699 2006    308     10      0    .703    .39   1.32   .168   .630   .310   2.01   .295  -.003   3
  72 ISBJ40D  1877 2006    130      3      0    .656    .28   1.07   .220   .839   .488   2.51   .431  -.026   3
  73 ISBJ41A  1559 1907    349     12      0    .681    .42   1.45   .212   .731   .315   2.38   .316  -.007   1
  74 ISBJ41B  1554 1910    357     12      0    .733    .28   1.01   .154   .705   .348   2.04   .326  -.014   1
  75 ISBJ41C  1638 2006    369     13      0    .725    .55   1.31   .197   .558   .271   1.85   .258   .008   1
  76 ISBJ41D  1463 2006    544     20      0    .691    .33   1.21   .190   .797   .351   2.60   .327   .003   1
  77 ISBJ41E  1850 2006    157      4      0    .700    .28   1.07   .164   .716   .365   2.08   .331  -.028   3
  78 ISBJ42A  1811 2006    196      6      2    .470    .61   1.72   .397   .872   .357   2.01   .339  -.018   3
  79 ISBJ42B  1860 2006    147      4      0    .546    .73   2.32   .441   .867   .251   1.75   .268  -.023   3
  80 ISBJ42C  1833 2006    174      5      2    .497    .54   1.49   .363   .868   .403   3.04   .384   .019   1
  81 ISBJ42D  1790 2006    217      7      1    .526    .62   3.04   .436   .838   .371   2.62   .350   .010   1
  82 ISBJ42E  1845 2006    162      5      1    .510    .54   1.65   .365   .845   .436   3.70   .410   .015   1
  83 ISBJ43A  1391 1980    590     22      2    .526    .66   2.27   .375   .758   .314   2.66   .311   .001   1
  84 ISBJ44   1076 1990    915     34      0    .767    .57   3.77   .533   .909   .315   2.17   .306  -.003   3
  85 ISBJ45A1 1241 1460    220      7      0    .786    .38   1.05   .175   .445   .405   2.09   .366   .001   1
  86 ISBJ45A2 1686 1967    282      9      0    .755    .60   2.26   .362   .743   .361   2.11   .332   .007   1
  87 ISBJ46   1518 1980    463     17      0    .675   1.18   2.93   .578   .832   .239   1.86   .243  -.000   3
  88 ISBJ47   1347 1982    636     24      1    .599    .67   2.06   .345   .778   .310   1.96   .288   .001   3
  89 ISBJ48B  1122 1730    609     23      0    .696    .47   1.24   .200   .686   .269   1.77   .254  -.002   3
  90 ISBJ49A1 1093 1251    159      5      0    .672    .59   2.33   .422   .912   .264   1.67   .260  -.008   1
  91 ISBJ49A2 1422 1920    499     18      0    .682    .66   1.66   .279   .799   .232   1.66   .222   .001   1
  92 ISBJ50A1 1110 1475    366     13      0    .747    .66   2.95   .381   .775   .273   2.26   .272  -.020   1
  93 ISBJ50A2 1847 1960    114      3      0    .743    .35    .81   .153   .634   .333   1.95   .308   .074   0
  94 ISBJ51A  1775 2006    232      7      0    .758    .80   2.06   .394   .828   .236   1.61   .226   .009   1
  95 ISBJ51B  1763 2006    244      8      0    .779    .98   2.44   .418   .787   .225   1.72   .217   .006   1
  96 ISBJ51C  1758 2006    249      8      0    .772    .81   3.64   .487   .842   .233   1.83   .225   .006   1
  97 ISBJ51D  1765 2006    242      8      0    .773    .65   2.17   .324   .840   .236   1.77   .231  -.004   1
  98 ISBJ51E  1881 2006    126      3      0    .670    .54   1.60   .318   .811   .308   1.87   .281  -.030   3
  99 KOCJ01A2 1553 2000    448     16      0    .608    .43   1.34   .219   .766   .302   2.04   .291  -.008   1
 100 KOCJ01B  1344 2000    657     25      0    .616    .59   1.84   .290   .801   .256   1.74   .243  -.012   1
 101 KOCJ02B  1715 2000    286     10      1    .516    .61   2.00   .342   .594   .458   2.68   .412  -.006   2
 102 KOCJ05A  1667 2000    334     12      0    .682    .77   3.20   .537   .907   .262   1.91   .245  -.010   2
 103 KOCJ05B  1663 2000    338     12      0    .663    .92   3.40   .531   .880   .230   2.01   .232  -.002   2
 104 KOCJ06A  1666 2000    335     12      0    .609    .49   1.19   .231   .759   .293   1.78   .280  -.031   1
 105 KOCJ06B  1534 2000    467     17      0    .654    .62   1.58   .229   .631   .250   2.10   .249  -.020   1
 106 KOCJ08A  1468 2000    533     20      0    .664    .50   1.41   .248   .799   .254   2.27   .258   .004   1
 107 KOCJ08B  1748 2000    253      9      0    .641    .33   1.04   .201   .814   .352   2.07   .321   .003   2
 108 KOCJ09   1465 1963    499     18      0    .548    .60   2.60   .386   .706   .341   2.10   .336   .003   1
 --- -------- ---------  -----  -----  -----   ------ -----  -----  -----  -----  -----  -----  -----  -----  --
 Total or mean:          34137   1169     22    .647    .59   5.40   .338   .792   .292   3.70   .283   .000

 DATA CHECKS (rwl.check): turk016
-----------------------------------------------------------------------------------------------------------------------------------
 rwl.check: data_files/treering/measurements/europe/turk016.rwl
 108 series, 34137 measurements, 1017-2006, 0.01 mm precision
 0 error(s), 21 warning(s), 40 note(s)
 -------------
 WARNING
   RWL_SITE_CODE (21)
     HUKJ01A: site code differs from the isbj used by 87 of 108 series
     HUKJ02B: site code differs from the isbj used by 87 of 108 series
     HUKJ03A: site code differs from the isbj used by 87 of 108 series
     HUKJ04A: site code differs from the isbj used by 87 of 108 series
     HUKJ04B: site code differs from the isbj used by 87 of 108 series
     HUKJ07B1: site code differs from the isbj used by 87 of 108 series
     HUKJ16A: site code differs from the isbj used by 87 of 108 series
     HUKJ18B: site code differs from the isbj used by 87 of 108 series
     HUKJ19B2: site code differs from the isbj used by 87 of 108 series
     HUKJ21A: site code differs from the isbj used by 87 of 108 series
     ... and 11 more; see as.data.frame()
 40 note(s) not shown; see rwl.check() or the 'check' element of this report.

 NOTES
-----------------------------------------------------------------------------------------------------------------------------------
 Report generated using dplR 1.8.1 (R 4.5.2) on 2026-10-01 16:55 PDT.
 Measurement file turk016.rwl, MD5 ee761ee504f57ee531b3e1e21280d7d9.
 Filtering: each series divided by a 32-year smoothing spline (caps()), then prewhitened with
   an AR model (order by AIC, at most 3).
 Master: biweight robust mean of the other series (leave-one-out).
 Correlation: Pearson, one-tailed, pcrit = 0.01; critical r = 0.3281 for 50-year segments.
 Segments: 50 years, lagged 25, first segment floored to 100. Lags searched: +/- 10 years.
 A segment is tested only where the series and the master cover all of it, at the dated
   position and at every lag. COFECHA also tests partial segments at the ends of a series, so
   series here may show fewer segments, and no flags can be raised at the ends of the record.
 Lags follow COFECHA: negative means rings are probably missing from the series, positive means
   false rings. A missing ring carries its lag into every segment before it, so look where the
   lag changes along a series. A B flag is a hypothesis to check on the wood; the gain says how
   seriously to take it.
 A B flag marked "weak at every lag" correlates under the critical value even at its best lag:
   the segment is weak wherever it is placed, and the shift is not evidence of a dating error.
   Treat it as a low correlation, like an A.
 Averages in the summary and the totals are weighted by the number of years in each series, as
   COFECHA's are.
 Unfiltered block and mean sensitivity: the measurements as read, and sens1().
 dplR filtered block: the series that was correlated, after filtering. COFECHA's filtered
   series is defined differently, so these three columns are not COFECHA's numbers.
 AR: order of the AR model used to prewhiten.
