
 COFECHA-style crossdating report: chin069
 Report generated using dplR 1.8.1 (R 4.5.2) on 2026-10-01 17:00 PDT
 Built with dplR's xdate.report(), not COFECHA; see the notes at the end.


      Measurement file name  : chin069.rwl
      MD5 of measurement file: 937a9f40a46b434ed2d96bc156509051
      Date checked           : 02OCT26
      Beginning year         : -1495
      Ending year            : 808
      Principal investigators: Yang, B.; Qin, C.; Wang, J.L.; He, M.H.; Melvin, T.M.; Osborn, T.J.; Briffa, K.R.
      Site name              : Delingha GM
      Species information    : JUPR Juniperus przewalskii Komarov = Sabina przewalskii Komarov
      Latitude               : 36.9500 N
      Longitude              : 98.5500 E
      Elevation              : 3260 m

      Series intercorrelation: 0.639
      Avg mean sensitivity   : 0.284
      Avg standard deviation : 0.102
      Avg autocorrelation    : 0.735
      Number dated series    : 173
      Segment length tested  : 50

      Number problem segments: 88  (A 38, B 50; 22 of the B weak at every lag)
      Pct problem segments   : 2.59


 CORRELATION OF SERIES BY SEGMENTS: chin069
-----------------------------------------------------------------------------------------------------------------------------------
 Correlations of  50-year dated segments, lagged  25 years
 Flags:  A = correlation under   .3281 but highest as dated;  B = correlation higher at other than dated position

 Seq Series  Time_span  -1400 -1375 -1350 -1325 -1300 -1275 -1250 -1225 -1200 -1175 -1150 -1125 -1100 -1075 -1050 -1025 -1000 -975 -950 -925 
                        -1351 -1326 -1301 -1276 -1251 -1226 -1201 -1176 -1151 -1126 -1101 -1076 -1051 -1026 -1001 -976 -951 -926 -901 -876 
 --- -------- ---------  ---- ---- ---- ---- ---- ---- ---- ---- ---- ---- ---- ---- ---- ---- ---- ---- ---- ---- ---- ---- 
   6 GMP106M  -1387 -1019       .68  .64  .48  .34  .41  .59  .65  .63  .60  .52  .42  .35  .44                               
   7 GMP107M  -940   22                                                                                                 .47 
  27 GMP131A  -972  450                                                                                            .06B .48 
  34 GMP140M  -1412 -880  .45  .65  .66  .61  .44  .48  .55  .45  .58  .72  .66  .57  .59  .59  .60  .52  .39  .29A .26A     
  37 GMP143M  -980 -334                                                                                       .60  .66  .73 
  47 GMP220M  -932 -380                                                                                                 .54 
  48 GMP226M  -942 -358                                                                                                 .52 
  89 HMP006M  -1488 -835  .87  .86  .81  .78  .79  .84  .86  .79  .82  .87  .84  .79  .74  .78  .81  .81  .78  .71  .59  .45 
 103 HMP030M  -1495 -845  .83  .88  .82  .74  .81  .75  .77  .82  .83  .87  .87  .82  .80  .78  .80  .79  .68  .55  .49  .40 
 110 HMP040M  -1468 -920  .80  .85  .79  .75  .75  .80  .87  .83  .82  .85  .81  .71  .69  .77  .82  .84  .71  .62           
 139 QMP023M  -932 -540                                                                                                 .31A
 Av segment correlation  .74  .79  .74  .67  .63  .65  .73  .71  .74  .78  .74  .66  .63  .67  .76  .74  .64  .55  .41  .49 

 CORRELATION OF SERIES BY SEGMENTS: chin069
-----------------------------------------------------------------------------------------------------------------------------------
 Correlations of  50-year dated segments, lagged  25 years
 Flags:  A = correlation under   .3281 but highest as dated;  B = correlation higher at other than dated position

 Seq Series  Time_span  -900 -875 -850 -825 -800 -775 -750 -725 -700 -675 -650 -625 -600 -575 -550 -525 -500 -475 -450 -425 
                        -851 -826 -801 -776 -751 -726 -701 -676 -651 -626 -601 -576 -551 -526 -501 -476 -451 -426 -401 -376 
 --- -------- ---------  ---- ---- ---- ---- ---- ---- ---- ---- ---- ---- ---- ---- ---- ---- ---- ---- ---- ---- ---- ---- 
   2 GMP102M  -700  297                                               .51  .57  .79  .77  .62  .73  .84  .86  .82  .81  .82 
   7 GMP107M  -940   22  .51  .56  .44  .34  .58  .60  .59  .59  .63  .58  .57  .78  .77  .64  .59  .67  .74  .77  .81  .51 
  13 GMP113A  -680 -253                                               .56  .52  .64  .65  .52  .45  .48  .59  .60  .58  .69 
  14 GMP114M  -814 -223                      .75  .78  .82  .74  .69  .60  .68  .83  .75  .59  .74  .82  .79  .72  .67  .66 
  15 GMP115M  -814 -208                      .72  .76  .78  .77  .72  .64  .74  .77  .70  .63  .73  .77  .79  .83  .80  .81 
  16 GMP116M  -839 -410                 .61  .77  .81  .83  .80  .76  .65  .71  .80  .73  .59  .70  .69  .76  .79           
  23 GMP125M  -689 -301                                               .48  .53  .77  .79  .68  .45  .58  .78  .84  .78  .73 
  27 GMP131A  -972  450  .52  .49  .40  .57  .64  .70  .77  .70  .54  .60  .62  .69  .65  .54  .52  .40B .57  .79  .80  .80 
  29 GMP133M  -732 -408                                     .49  .56  .34  .26B .44  .41  .54  .64  .49  .34  .42           
  33 GMP139M  -672 -258                                                    .50  .71  .65  .45  .47  .55  .69  .67  .63  .68 
  36 GMP142M  -785 -251                           .63  .60  .71  .60  .50  .67  .78  .69  .38  .61  .79  .72  .70  .72  .66 
  37 GMP143M  -980 -334  .73  .73  .59  .58  .67  .65  .76  .75  .65  .54  .56  .79  .83  .78  .81  .71  .69  .72  .67  .78 
  47 GMP220M  -932 -380  .41  .38  .31B .39  .60  .55  .57  .68  .53  .40  .53  .70  .63  .60  .53  .57  .63  .63  .45      
  48 GMP226M  -942 -358  .46  .34  .35  .48  .62  .52  .55  .61  .44  .38  .42  .58  .61  .53  .58  .57  .54  .65  .59  .42 
  51 GMP302M  -701 -409                                          .50  .39  .44  .71  .73  .64  .64  .71  .77  .76           
  52 GMP303M  -665  -13                                                    .68  .74  .65  .55  .79  .76  .65  .70  .56  .54 
  72 GMP413M  -689 -401                                               .36  .50  .68  .69  .62  .65  .63  .64  .70  .62      
  79 GMP420M  -672  -15                                                    .68  .70  .63  .51  .67  .60  .56  .67  .47  .51 
  89 HMP006M  -1488 -835  .55                                                                                                
 103 HMP030M  -1495 -845  .44                                                                                                
 104 HMP033M  -736 -104                                     .57  .40  .47  .49  .65  .75  .64  .69  .73  .61  .65  .61  .68 
 113 NMP003M  -504  143                                                                                  .49  .51  .66  .71 
 120 NMP017M  -677  604                                                    .39  .44  .40  .44  .48  .58  .63  .65  .57  .50 
 123 QMP001M  -694 -132                                               .33A .32A .78  .73  .54  .74  .75  .61  .63  .71  .80 
 139 QMP023M  -932 -540  .46  .62  .40  .38  .67  .73  .79  .80  .74  .60  .59  .76  .81                                    
 146 QMP032M  -443  157                                                                                                 .52 
 147 QMP034M  -637 -244                                                         .61  .61  .52  .57  .68  .75  .78  .69  .72 
 159 QMP049M  -761 -408                                .15A .45  .61  .58  .58  .65  .61  .44  .50  .58  .75  .82           
 160 QMP050M  -701  460                                               .53  .65  .70  .66  .46  .65  .70  .66  .78  .63  .59 
 162 QMP052M  -770 -170                                .67  .73  .63  .60  .60  .70  .60  .32B .72  .82  .73  .26A .23A .53 
 Av segment correlation  .51  .52  .42  .48  .67  .67  .66  .67  .60  .51  .55  .70  .67  .55  .63  .66  .67  .69  .64  .65 

 CORRELATION OF SERIES BY SEGMENTS: chin069
-----------------------------------------------------------------------------------------------------------------------------------
 Correlations of  50-year dated segments, lagged  25 years
 Flags:  A = correlation under   .3281 but highest as dated;  B = correlation higher at other than dated position

 Seq Series  Time_span  -400 -375 -350 -325 -300 -275 -250 -225 -200 -175 -150 -125 -100  -75  -50  -25    0   25   50   75 
                        -351 -326 -301 -276 -251 -226 -201 -176 -151 -126 -101  -76  -51  -26   -1   24   49   74   99  124 
 --- -------- ---------  ---- ---- ---- ---- ---- ---- ---- ---- ---- ---- ---- ---- ---- ---- ---- ---- ---- ---- ---- ---- 
   2 GMP102M  -700  297  .79  .82  .81  .69  .74  .78  .77  .76  .68  .64  .62  .73  .82  .83  .70  .69  .64  .42  .38B .39B
   7 GMP107M  -940   22  .42  .58  .58  .35  .36  .65  .63  .67  .70  .60  .55  .45  .39  .41  .56                          
   8 GMP108M  -371  584            .61  .47  .64  .72  .81  .86  .82  .78  .78  .72  .76  .81  .79  .64  .63  .70  .76  .84 
  12 GMP112M    44  672                                                                                            .73  .88 
  13 GMP113A  -680 -253  .67  .66  .64  .52                                                                                 
  14 GMP114M  -814 -223  .61  .62  .52  .42  .44  .69                                                                       
  15 GMP115M  -814 -208  .74  .69  .64  .47  .40  .77                                                                       
  17 GMP117M  -240  183                                     .70  .64  .67  .76  .61  .70  .83  .82  .78  .78  .75  .82  .82 
  20 GMP121M  -118  477                                                              .46  .57  .71  .74  .67  .54  .66  .79 
  21 GMP123M     9  672                                                                                       .27A .36  .31A
  22 GMP124M    68  520                                                                                                 .37 
  23 GMP125M  -689 -301  .75  .75  .74                                                                                      
  27 GMP131A  -972  450  .73  .63  .48  .36  .65  .72  .61  .60  .61  .59  .57  .72  .71  .72  .69  .54  .50  .68  .80  .78 
  32 GMP138M    -9  573                                                                                  .16B .17B .44  .68 
  33 GMP139M  -672 -258  .73  .73  .62  .51                                                                                 
  36 GMP142M  -785 -251  .63  .54  .48  .61  .57                                                                            
  37 GMP143M  -980 -334  .75                                                                                                
  38 GMP144M    26  691                                                                                            .44  .63 
  39 GMP145M  -426  -16  .25B .33  .57  .76  .67  .50  .66  .85  .70  .60  .65  .52  .65  .74                               
  40 GMP202M   -59  280                                                                        .43  .62  .50  .55  .53  .60 
  41 GMP206M  -193  375                                               .78  .80  .67  .76  .74  .65  .64  .72  .71  .70  .72 
  42 GMP207M    -5  748                                                                                  .54  .68  .69  .70 
  43 GMP208M  -301  279                           .66  .67  .72  .62  .74  .76  .63  .71  .69  .63  .67  .62  .62  .70  .59 
  44 GMP213M  -318  423                      .52  .52  .62  .58  .53  .64  .51  .42  .66  .65  .61  .68  .68  .65  .67  .54 
  45 GMP214M    25  711                                                                                            .70  .83 
  46 GMP219M    21  360                                                                                       .78  .79  .79 
  49 GMP227M    11  687                                                                                       .55  .67  .80 
  50 GMP301M  -189  570                                               .76  .77  .74  .74  .70  .69  .72  .77  .79  .84  .79 
  52 GMP303M  -665  -13  .59  .55  .67  .64  .69  .83  .86  .81  .70  .59  .63  .69  .68  .71                               
  53 GMP304M  -206  484                                          .73  .79  .77  .69  .84  .76  .74  .81  .74  .74  .80  .85 
  56 GMP307M  -207  422                                          .81  .84  .83  .75  .71  .69  .71  .70  .70  .72  .80  .80 
  57 GMP308M  -224  473                                          .84  .89  .91  .78  .86  .92  .85  .74  .77  .77  .76  .83 
  59 GMP310M  -129  542                                                         .58  .82  .89  .82  .77  .80  .86  .85  .85 
  60 GMP311M  -209  373                                          .56  .67  .60  .48  .44  .47  .59  .67  .72  .75  .67  .78 
  63 GMP403M  -165  349                                                    .79  .82  .89  .87  .83  .78  .79  .84  .80  .75 
  65 GMP405M  -233  322                                     .10B .62  .77  .61  .50  .63  .73  .71  .72  .69  .64  .77  .81 
  66 GMP406M  -172  373                                                    .74  .73  .76  .74  .69  .61  .64  .73  .79  .80 
  67 GMP407A  -232  343                                     .85  .79  .81  .82  .66  .80  .86  .70  .63  .65  .68  .75  .81 
  68 GMP408M  -216  505                                          .76  .84  .82  .81  .76  .72  .72  .74  .72  .63  .78  .76 
  69 GMP409M  -225   68                                     .85  .84  .81  .80  .82  .88  .83  .66  .69  .74                
  70 GMP411M  -179  374                                               .66  .68  .73  .83  .87  .80  .68  .69  .80  .82  .82 
  73 GMP414M  -232  476                                     .69  .65  .80  .84  .69  .80  .80  .76  .76  .72  .74  .80  .81 
  74 GMP415M   -22  374                                                                                  .69  .62  .65  .78 
  75 GMP416M    -2  360                                                                                  .74  .72  .71  .84 
  78 GMP419M  -189  362                                               .79  .82  .78  .83  .85  .86  .84  .73  .69  .73  .76 
  79 GMP420M  -672  -15  .62  .47  .58  .59  .65  .81  .84  .78  .66  .61  .59  .50  .58  .61                               
  80 GMP421M  -239  612                                     .48  .53  .79  .74  .72  .70  .69  .73  .73  .63  .69  .84  .82 
  81 GMP422M  -260  527                                .56  .68  .78  .77  .70  .71  .83  .83  .67  .69  .71  .63  .71  .84 
  82 GMP423M  -113  527                                                              .54  .70  .84  .78  .77  .78  .69  .77 
  83 GMP424M  -250   74                                     .86  .82  .78  .67  .55  .77  .82  .65  .62  .62  .41           
  84 HMP001M  -258  537                                .40  .64  .56  .72  .70  .71  .71  .64  .65  .65  .70  .79  .78  .73 
  85 HMP002M    42  635                                                                                            .23B .36 
  86 HMP003M   -52  321                                                                        .26A .57  .57  .58  .69  .73 
  90 HMP008M    32  632                                                                                            .64  .81 
  91 HMP011M   -66  625                                                                        .55  .35  .41  .74  .79  .81 
  92 HMP012M   -42  711                                                                             .47  .66  .74  .68  .70 
  95 HMP016M  -164  653                                                    .40  .24B .53  .71  .75  .68  .54  .55  .72  .72 
  96 HMP017M  -348  391                -.06B .17B .42  .45  .60  .65  .42  .44  .50  .55  .65  .52  .45  .34  .33  .54  .59 
  98 HMP020M    11  593                                                                                       .09B .27A .46 
 100 HMP026M  -263    4                                .77  .82  .81  .87  .81  .78  .82  .84  .79                          
 101 HMP028M    71  596                                                                                                 .69 
 102 HMP029M  -245  100                                     .82  .81  .81  .76  .73  .79  .81  .72  .71  .54  .38  .58      
 104 HMP033M  -736 -104  .75  .69  .56  .20B .39  .55  .53  .58  .41  .49                                                   
 106 HMP035M    23  373                                                                                       .24A .54  .38 
 107 HMP037M  -380  147       .52  .54  .44  .32A .64  .80  .80  .71  .67  .63  .62  .71  .71  .59  .49  .48  .61  .76  .70 
 108 HMP038M    73  598                                                                                                 .53 
 109 HMP039M   -12  344                                                                                  .64  .77  .71  .68 
 112 HMP042M   -40  601                                                                             .63  .65  .65  .76  .86 
 113 NMP003M  -504  143  .68  .60  .68  .58  .72  .81  .80  .80  .71  .75  .76  .74  .64  .62  .69  .46  .41  .40  .65  .57 
 114 NMP004M  -384  109       .61  .64  .59  .76  .80  .85  .86  .73  .64  .62  .71  .72  .72  .69  .70  .72  .64  .76      
 115 NMP005M    -2  592                                                                                  .40  .27A .52  .79 
 120 NMP017M  -677  604  .42  .40  .45  .38  .54  .70  .54  .48  .62  .44  .38  .38  .30B .40  .52  .64  .60  .60  .73  .66 
 123 QMP001M  -694 -132  .72  .58  .57  .58  .73  .79  .72  .65  .73                                                        
 124 QMP002M  -287  253                           .65  .75  .71  .70  .72  .74  .50  .60  .74  .72  .71  .63  .52  .74  .86 
 125 QMP004M  -141  504                                                         .51  .57  .70  .76  .80  .79  .74  .87  .90 
 127 QMP007M  -157  508                                                    .59  .54  .63  .72  .73  .81  .81  .65  .68  .81 
 128 QMP008M  -161  125                                                    .70  .65  .68  .71  .59  .48  .60  .54  .56  .67 
 129 QMP009M  -181  430                                               .50  .59  .53  .66  .75  .71  .72  .75  .74  .72  .77 
 130 QMP010M  -202  405                                               .65  .62  .67  .83  .80  .71  .73  .71  .61  .31B .43 
 131 QMP012M   -81  659                                                                   .52  .66  .55  .49  .60  .61  .54 
 132 QMP015A   -29  714                                                                             .52  .54  .47  .45  .58 
 133 QMP016A  -251  774                                     .42  .40  .43  .51  .56  .50  .54  .66  .50  .41  .46  .51  .52 
 135 QMP019M  -242  695                                     .65  .63  .57  .59  .63  .57  .54  .56  .57  .48  .54  .65  .65 
 136 QMP020M     9  722                                                                                       .63  .68  .69 
 140 QMP024M  -291  440                           .60  .70  .74  .62  .58  .61  .61  .68  .75  .76  .69  .43  .47  .75  .78 
 142 QMP028M  -207  372                                          .78  .83  .77  .62  .80  .75  .67  .77  .75  .71  .76  .82 
 143 QMP029M  -108  329                                                              .38  .51  .51  .43  .21B .29B .66  .75 
 146 QMP032M  -443  157  .55  .58  .58  .48  .49  .65  .73  .70  .64  .71  .62  .54  .77  .64  .61  .65  .58  .63  .62  .53 
 147 QMP034M  -637 -244  .77  .73  .62  .60  .77                                                                            
 149 QMP036M  -322  510                      .56  .61  .62  .74  .73  .66  .65  .52  .63  .70  .66  .56  .51  .56  .70  .82 
 151 QMP038M     8  446                                                                                       .49  .62  .85 
 152 QMP041M    44  472                                                                                            .57  .86 
 153 QMP042M  -107  507                                                              .63  .73  .72  .75  .66  .74  .85  .83 
 154 QMP043M    58  662                                                                                                 .11B
 156 QMP045M  -380  506       .44  .43  .47  .43  .42  .56  .69  .60  .57  .65  .64  .69  .69  .63  .61  .58  .58  .58  .65 
 157 QMP046M  -101  696                                                              .18B .35  .55  .71  .74  .72  .70  .77 
 160 QMP050M  -701  460  .53  .64  .67  .60  .74  .81  .72  .69  .68  .64  .63  .53  .56  .63  .67  .63  .56  .52  .58  .69 
 161 QMP051M    23  333                                                                                       .20B .47  .70 
 162 QMP052M  -770 -170  .53  .65  .53  .54  .71  .78  .82  .85                                                             
 164 QMP055M  -415  -81  .53  .51  .56  .69  .70  .56  .68  .82  .76  .75  .73                                              
 168 SMP003M    -9  489                                                                                  .45  .40  .60  .79 
 172 SMP009M  -245  571                                     .63  .61  .59  .59  .68  .75  .74  .74  .72  .70  .60  .68  .72 
 Av segment correlation  .63  .60  .59  .50  .57  .67  .68  .70  .68  .69  .68  .63  .68  .71  .68  .66  .62  .60  .67  .71 

 CORRELATION OF SERIES BY SEGMENTS: chin069
-----------------------------------------------------------------------------------------------------------------------------------
 Correlations of  50-year dated segments, lagged  25 years
 Flags:  A = correlation under   .3281 but highest as dated;  B = correlation higher at other than dated position

 Seq Series  Time_span   100  125  150  175  200  225  250  275  300  325  350  375  400  425  450  475  500  525  550  575 
                         149  174  199  224  249  274  299  324  349  374  399  424  449  474  499  524  549  574  599  624 
 --- -------- ---------  ---- ---- ---- ---- ---- ---- ---- ---- ---- ---- ---- ---- ---- ---- ---- ---- ---- ---- ---- ---- 
   1 GMP101M    86  447  .80  .72  .60  .57  .65  .74  .72  .61  .53  .79  .81  .69                                         
   2 GMP102M  -700  297  .57  .75  .73  .71  .66  .59                                                                       
   3 GMP103M   231  642                                .77  .75  .75  .82  .74  .59  .76  .80  .75  .69  .55  .50  .65  .64 
   4 GMP104M   146  620            .60  .69  .76  .71  .44  .43  .67  .87  .84  .69  .70  .74  .66  .70  .68  .65  .76      
   5 GMP105M   221  533                           .62  .75  .65  .57  .79  .76  .59  .63  .70  .68  .63                     
   8 GMP108M  -371  584  .81  .76  .72  .71  .76  .71  .63  .55  .46  .57  .66  .82  .82  .75  .53  .55  .79  .84           
   9 GMP109M   234  623                                .74  .78  .77  .87  .84  .76  .72  .74  .81  .85  .78  .75  .82      
  10 GMP110M   349  696                                                    .48  .49  .42  .43  .49  .58  .43  .51  .64  .62 
  11 GMP111M   178  468                      .63  .68  .57  .47  .56  .86  .83  .73  .70                                    
  12 GMP112M    44  672  .89  .81  .77  .82  .75  .68  .75  .79  .75  .80  .80  .82  .85  .82  .53  .30A .59  .77  .76  .71 
  17 GMP117M  -240  183  .79  .78                                                                                           
  18 GMP118M   194  755                      .60  .72  .70  .64  .72  .91  .88  .76  .69  .66  .70  .78  .65  .60  .69  .52 
  19 GMP119M   141  573            .55  .68  .65  .58  .54  .55  .51  .77  .64  .50  .57  .57  .50  .43  .42                
  20 GMP121M  -118  477  .86  .79  .73  .81  .73  .67  .58  .44  .52  .56  .57  .71  .57  .28B                              
  21 GMP123M     9  672  .33B .46  .59  .66  .58  .55  .39  .50  .73  .76  .66  .62  .66  .55  .50  .56  .58  .68  .81  .75 
  22 GMP124M    68  520  .40  .33  .48  .64  .57  .47  .28A .39  .63  .61  .60  .63  .64  .62  .48                          
  24 GMP126M   150  523                 .60  .55  .58  .50  .58  .70  .75  .72  .62  .58  .57  .55                          
  25 GMP127M   140  564            .76  .75  .69  .72  .77  .79  .69  .82  .85  .76  .74  .60  .51  .59  .59                
  26 GMP129M   158  554                 .24B .44  .35  .40  .50  .59  .80  .81  .72  .76  .81  .66  .54  .57                
  27 GMP131A  -972  450  .67  .62  .76  .72  .57  .35  .33  .51  .56  .46  .51  .51  .23B                                   
  28 GMP132M   150  633            .29A .66  .79  .63  .56  .68  .82  .81  .79  .77  .66  .65  .68  .69  .69  .66  .63  .53 
  30 GMP134M   100  613  .43  .53  .66  .73  .74  .66  .52  .51  .67  .85  .82  .73  .73  .69  .66  .72  .76  .70  .69      
  31 GMP136M   268  673                                     .76  .82  .93  .92  .80  .77  .82  .87  .88  .84  .82  .85  .78 
  32 GMP138M    -9  573  .71  .64  .64  .59  .51  .34  .17B .28A .57  .54  .53  .57  .61  .59  .58  .58  .48                
  35 GMP141M   107  614       .57  .57  .62  .79  .73  .54  .45  .58  .85  .83  .74  .73  .71  .73  .73  .69  .59  .63      
  38 GMP144M    26  691  .62  .63  .63  .69  .72  .58  .57  .44  .40  .80  .83  .71  .77  .63  .31B .51  .44  .44  .68  .63 
  40 GMP202M   -59  280  .61  .58  .59  .43  .37  .44                                                                       
  41 GMP206M  -193  375  .66  .61  .69  .70  .64  .56  .48  .48  .34B .53                                                   
  42 GMP207M    -5  748  .71  .61  .62  .63  .61  .65  .67  .65  .54  .76  .74  .54  .55  .52  .48  .46  .54  .68  .69  .56 
  43 GMP208M  -301  279  .57  .57  .62  .65  .47  .36                                                                       
  44 GMP213M  -318  423  .45  .47  .48  .59  .54  .53  .54  .56  .67  .85  .82                                              
  45 GMP214M    25  711  .83  .70  .71  .72  .69  .63  .49  .54  .57  .68  .70  .64  .59  .57  .51  .53  .63  .67  .60  .43 
  46 GMP219M    21  360  .73  .68  .73  .73  .79  .73  .55  .66  .69                                                        
  49 GMP227M    11  687  .83  .72  .73  .76  .71  .59  .55  .56  .55  .70  .73  .72  .64  .64  .61  .57  .60  .52  .48  .38 
  50 GMP301M  -189  570  .81  .82  .77  .83  .81  .69  .53  .58  .65  .82  .84  .77  .78  .76  .70  .58  .51                
  53 GMP304M  -206  484  .91  .90  .78  .82  .90  .74  .66  .69  .70  .87  .85  .73  .75  .63                               
  54 GMP305M   211  571                           .78  .79  .79  .72  .85  .87  .78  .75  .84  .78  .62  .64                
  55 GMP306M   203  611                           .61  .72  .77  .71  .88  .87  .76  .82  .86  .75  .59  .63  .78  .81      
  56 GMP307M  -207  422  .79  .78  .57  .41  .39  .45  .59  .71  .79  .92  .88                                              
  57 GMP308M  -224  473  .85  .79  .71  .78  .85  .85  .80  .77  .68  .83  .81  .76  .75                                    
  58 GMP309A   179  670                      .67  .64  .69  .69  .63  .73  .69  .64  .71  .74  .75  .71  .61  .53  .68  .58 
  59 GMP310M  -129  542  .84  .78  .72  .75  .80  .80  .72  .76  .69  .74  .83  .74  .75  .81  .82  .77                     
  60 GMP311M  -209  373  .86  .71  .66  .76  .68  .57  .72  .71  .59                                                        
  61 GMP401M   189  586                      .82  .83  .86  .80  .71  .82  .83  .79  .81  .88  .79  .68  .74  .71           
  62 GMP402M   182  605                      .66  .66  .80  .74  .59  .84  .86  .77  .80  .80  .73  .61  .63  .76  .81      
  63 GMP403M  -165  349  .78  .78  .75  .69  .72  .75  .67  .68  .49                                                        
  64 GMP404M   174  695                      .76  .70  .71  .80  .77  .89  .88  .83  .87  .85  .85  .84  .79  .79  .78  .72 
  65 GMP405M  -233  322  .85  .84  .78  .78  .63  .43  .37                                                                  
  66 GMP406M  -172  373  .76  .66  .72  .83  .78  .64  .64  .72  .70                                                        
  67 GMP407A  -232  343  .79  .62  .66  .77  .78  .74  .67  .60                                                             
  68 GMP408M  -216  505  .75  .69  .62  .77  .84  .80  .72  .70  .71  .88  .85  .75  .65  .68  .77                          
  70 GMP411M  -179  374  .82  .77  .74  .81  .86  .81  .54  .49  .62  .85                                                   
  71 GMP412M   241  696                                .16B .37  .71  .91  .92  .89  .90  .84  .77  .80  .78  .77  .83  .79 
  73 GMP414M  -232  476  .85  .84  .81  .78  .72  .71  .65  .65  .73  .83  .77  .60  .54  .57                               
  74 GMP415M   -22  374  .78  .72  .66  .71  .64  .64  .78  .70  .60  .80                                                   
  75 GMP416M    -2  360  .89  .87  .81  .81  .83  .79  .81  .86  .76                                                        
  76 GMP417M   215  651                           .62  .83  .85  .76  .85  .86  .79  .78  .83  .83  .87  .85  .82  .83  .70 
  77 GMP418M   239  688                                .47  .59  .56  .74  .81  .80  .74  .79  .83  .84  .79  .73  .71  .52 
  78 GMP419M  -189  362  .79  .79  .83  .88  .90  .65  .37B .61  .64                                                        
  80 GMP421M  -239  612  .84  .83  .72  .79  .85  .76  .60  .66  .72  .79  .61  .47  .77  .75  .74  .76  .62  .62  .75      
  81 GMP422M  -260  527  .88  .79  .74  .74  .77  .76  .71  .65  .59  .87  .85  .58  .68  .71  .63  .64                     
  82 GMP423M  -113  527  .91  .84  .74  .84  .86  .72  .67  .79  .79  .84  .85  .85  .84  .86  .80  .80                     
  84 HMP001M  -258  537  .80  .81  .67  .65  .69  .66  .49  .51  .54  .65  .71  .76  .71  .72  .72  .69                     
  85 HMP002M    42  635  .68  .60  .53  .49  .41  .49  .47  .51  .41  .41  .49  .57  .68  .58  .38  .41  .45  .54  .71  .67 
  86 HMP003M   -52  321  .77  .70  .71  .77  .78  .48  .09B                                                                 
  87 HMP004M   144  651            .59  .49  .49  .61  .65  .47  .43  .69  .74  .76  .74  .75  .73  .71  .70  .73  .75  .64 
  88 HMP005M   192  500                      .57  .64  .67  .69  .74  .85  .86  .69  .75  .39  .03B                         
  90 HMP008M    32  632  .84  .76  .74  .68  .73  .77  .70  .60  .52  .77  .73  .42B .62  .74  .74  .81  .78  .64  .58  .47 
  91 HMP011M   -66  625  .75  .73  .76  .72  .63  .42B .54  .57  .37  .67  .71  .56  .72  .63  .60  .74  .63  .45  .51  .47 
  92 HMP012M   -42  711  .72  .64  .58  .65  .75  .69  .47  .50  .66  .77  .76  .73  .75  .71  .73  .75  .68  .73  .67  .55 
  93 HMP014M   112  603       .68  .71  .75  .78  .74  .68  .65  .68  .83  .83  .74  .72  .78  .72  .62  .68  .79  .77      
  94 HMP015M   101  262       .33A .55  .59  .48                                                                            
  95 HMP016M  -164  653  .72  .74  .74  .69  .73  .57  .26A .46  .57  .63  .68  .63  .63  .68  .53  .49  .58  .50  .50  .57 
  96 HMP017M  -348  391  .68  .69  .65  .59  .45  .28B .23B .34  .52  .66                                                   
  97 HMP018M   168  733                 .45  .42  .14B .18B .45  .62  .52  .47  .50  .49  .40  .31A .41  .50  .44  .46  .36 
  98 HMP020M    11  593  .50  .58  .67  .70  .65  .57  .49  .58  .61  .71  .70  .66  .56  .66  .68  .63  .69  .65           
  99 HMP023M   218  580                           .73  .69  .63  .58  .84  .83  .73  .70  .73  .78  .74  .70  .72           
 101 HMP028M    71  596  .72  .62  .61  .62  .69  .70  .66  .68  .62  .84  .72  .35B .56  .69  .55  .45  .70  .75           
 105 HMP034M   105  452       .50  .62  .70  .64  .63  .56  .58  .70  .73  .76  .73  .62                                    
 106 HMP035M    23  373  .41  .57  .59  .67  .54  .40  .23A .46  .56                                                        
 108 HMP038M    73  598  .58  .65  .27A .05B .43  .68  .48  .50  .58  .74  .82  .75  .79  .77  .72  .64  .70  .57           
 109 HMP039M   -12  344  .77  .82  .80  .58  .56  .64  .66  .70                                                             
 111 HMP041M   216  697                           .44  .61  .61  .60  .80  .77  .64  .70  .74  .69  .68  .61  .67  .74  .63 
 112 HMP042M   -40  601  .87  .78  .68  .65  .78  .74  .55  .46  .39  .76  .74  .52  .54  .57  .62  .75  .67  .68  .71      
 115 NMP005M    -2  592  .72  .69  .74  .64  .50  .38  .47  .62  .68  .63  .65  .63  .72  .68  .37  .38  .59  .57           
 116 NMP007M   123  655            .66  .80  .66  .50  .52  .70  .61  .63  .75  .73  .66  .77  .70  .70  .81  .82  .76  .69 
 117 NMP010M   126  511            .54  .65  .48  .41  .54  .74  .75  .67  .62  .54  .70  .70  .57                          
 118 NMP014M   108  607       .49  .66  .54  .55  .75  .62  .63  .61  .76  .79  .70  .69  .68  .54  .59  .68  .72  .78      
 119 NMP015M   105  531       .61  .69  .50  .50  .70  .70  .71  .62  .75  .71  .64  .59  .59  .53  .62                     
 120 NMP017M  -677  604  .58  .60  .71  .62  .59  .74  .53  .63  .69  .67  .77  .63  .54  .58  .60  .63  .60  .62  .54      
 121 NMP018M   365  651                                                         .41  .56  .69  .54  .46  .56  .70  .80  .71 
 122 NMP019M   110  777       .38  .76  .81  .58  .44  .57  .68  .59  .66  .76  .74  .72  .68  .64  .64  .69  .83  .85  .80 
 124 QMP002M  -287  253  .81  .75  .82  .78  .61                                                                            
 125 QMP004M  -141  504  .89  .86  .82  .81  .79  .81  .86  .81  .64  .85  .89  .81  .81  .85  .82                          
 126 QMP005M   139  519            .47  .58  .73  .78  .79  .72  .61  .79  .84  .84  .80  .85  .85                          
 127 QMP007M  -157  508  .84  .79  .75  .80  .82  .74  .71  .67  .69  .92  .90  .83  .80  .73  .69                          
 129 QMP009M  -181  430  .77  .73  .79  .84  .83  .74  .61  .56  .53  .65  .68  .67                                         
 130 QMP010M  -202  405  .69  .64  .61  .74  .78  .70  .64  .64  .55  .78  .78                                              
 131 QMP012M   -81  659  .58  .62  .48  .42  .58  .51  .29B .40  .41  .60  .65  .54  .54  .55  .47  .49  .54  .70  .71  .40 
 132 QMP015A   -29  714  .56  .43  .51  .59  .62  .65  .40  .30B .38  .52  .61  .49  .35  .44  .55  .57  .54  .57  .55  .24A
 133 QMP016A  -251  774  .41  .40  .48  .60  .73  .64  .50  .48  .57  .79  .80  .52  .28B .35  .42  .43  .54  .58  .40  .33A
 134 QMP017M   153  629                 .62  .69  .72  .71  .71  .67  .83  .83  .77  .66  .67  .73  .71  .70  .72  .67  .49 
 135 QMP019M  -242  695  .69  .73  .74  .52  .37  .42  .43  .47  .55  .72  .64  .37  .39  .56  .40  .32A .47  .41  .42  .43 
 136 QMP020M     9  722  .66  .58  .65  .62  .51  .38  .41  .56  .62  .59  .52  .48  .51  .36  .36  .40  .42  .51  .53  .44 
 137 QMP021M   192  655                      .64  .64  .82  .87  .79  .88  .86  .78  .85  .90  .77  .69  .75  .83  .85  .78 
 138 QMP022M   259  676                                     .55  .45  .63  .71  .65  .62  .67  .52  .52  .52  .40  .46  .43 
 140 QMP024M  -291  440  .77  .62  .57  .77  .79  .71  .58  .55  .53  .76  .74  .66                                         
 141 QMP027M   183  681                      .71  .72  .84  .81  .72  .88  .89  .79  .84  .89  .84  .72  .70  .85  .85  .70 
 142 QMP028M  -207  372  .82  .78  .78  .73  .48  .46  .58  .67  .60                                                        
 143 QMP029M  -108  329  .68  .56  .68  .63  .50  .53  .62  .68                                                             
 144 QMP030M   287  603                                          .53  .51  .53  .56  .63  .53  .44  .53  .55  .60  .59      
 145 QMP031M   427  672                                                                        .30A .30A .44  .45  .42  .44 
 146 QMP032M  -443  157  .53                                                                                                
 148 QMP035M   193  688                      .74  .70  .66  .67  .55  .72  .82  .69  .69  .69  .66  .67  .55  .50  .51  .45 
 149 QMP036M  -322  510  .83  .74  .75  .78  .79  .76  .75  .71  .73  .89  .84  .74  .83  .73  .57                          
 150 QMP037M   199  732                      .56  .42  .46  .61  .69  .76  .78  .73  .64  .51  .55  .69  .55  .58  .73  .56 
 151 QMP038M     8  446  .85  .81  .65  .55  .68  .80  .80  .74  .73  .88  .86  .77                                         
 152 QMP041M    44  472  .85  .82  .86  .89  .85  .78  .79  .80  .80  .93  .88  .82  .88                                    
 153 QMP042M  -107  507  .85  .81  .79  .86  .89  .85  .83  .77  .66  .79  .81  .77  .73  .77  .77                          
 154 QMP043M    58  662  .26B .26B .51  .65  .78  .64  .52  .59  .60  .62  .68  .62  .66  .60  .49  .54  .68  .81  .75  .59 
 155 QMP044M   136  682            .30A .55  .71  .78  .79  .82  .82  .86  .83  .62  .73  .70  .61  .61  .58  .53  .57  .60 
 156 QMP045M  -380  506  .71  .57  .54  .69  .60  .52  .49  .60  .77  .61  .40  .47  .73  .65  .44                          
 157 QMP046M  -101  696  .80  .72  .75  .84  .75  .66  .62  .70  .80  .76  .67  .60  .65  .58  .62  .55  .48  .36  .42  .62 
 158 QMP047M   211  744                           .48  .51  .55  .58  .69  .68  .50  .75  .78  .66  .65  .72  .78  .82  .75 
 160 QMP050M  -701  460  .65  .41  .40  .54  .55  .56  .44  .52  .60  .64  .64  .55  .67                                    
 161 QMP051M    23  333  .77  .75  .79  .79  .73  .72  .81  .82                                                             
 163 QMP054A   137  808            .68  .62  .72  .76  .58  .55  .54  .79  .84  .58  .58  .78  .71  .63  .70  .75  .70  .56 
 165 QMP056M   142  483            .42  .60  .70  .71  .77  .74  .66  .80  .85  .82  .77  .74                               
 166 SMP001M   146  588            .49  .61  .77  .84  .80  .74  .62  .80  .85  .82  .79  .83  .77  .68  .68  .66           
 167 SMP002M   180  515                      .72  .66  .73  .73  .63  .81  .83  .83  .83  .81  .73                          
 168 SMP003M    -9  489  .75  .63  .71  .76  .69  .63  .58  .63  .65  .68  .71  .65  .67  .62                               
 169 SMP005M   290  665                                          .41  .41  .59  .65  .49  .43  .41  .45  .51  .56  .64  .53 
 170 SMP006M   253  542                                     .71  .55  .82  .81  .67  .81  .87  .82  .74                     
 171 SMP008M   189  553                      .63  .67  .68  .71  .75  .72  .73  .61  .46  .38  .47  .58  .52                
 172 SMP009M  -245  571  .71  .57  .53  .68  .63  .66  .48  .47  .64  .51  .49  .50  .58  .62  .44  .37  .58                
 173 SMP010M   163  472                 .77  .64  .60  .70  .74  .61  .69  .76  .65  .59                                    
 Av segment correlation  .72  .67  .66  .68  .67  .63  .59  .63  .62  .75  .75  .67  .68  .68  .62  .62  .62  .65  .67  .57 

 CORRELATION OF SERIES BY SEGMENTS: chin069
-----------------------------------------------------------------------------------------------------------------------------------
 Correlations of  50-year dated segments, lagged  25 years
 Flags:  A = correlation under   .3281 but highest as dated;  B = correlation higher at other than dated position

 Seq Series  Time_span   600  625  650  675  700  725  750 
                         649  674  699  724  749  774  799 
 --- -------- ---------  ---- ---- ---- ---- ---- ---- ---- 
  10 GMP110M   349  696  .55  .57                          
  12 GMP112M    44  672  .61                               
  18 GMP118M   194  755  .44B .64  .57  .63  .59           
  21 GMP123M     9  672  .54                               
  31 GMP136M   268  673  .69                               
  38 GMP144M    26  691  .52  .49                          
  42 GMP207M    -5  748  .56  .56  .51  .52                
  45 GMP214M    25  711  .42  .62  .46                     
  49 GMP227M    11  687  .32A .55                          
  58 GMP309A   179  670  .57                               
  64 GMP404M   174  695  .71  .68                          
  71 GMP412M   241  696  .67  .65                          
  76 GMP417M   215  651  .66                               
  77 GMP418M   239  688  .40  .48                          
  87 HMP004M   144  651  .45                               
  92 HMP012M   -42  711  .45  .36  .31A                    
  95 HMP016M  -164  653  .56                               
  97 HMP018M   168  733  .28A .35  .52  .54                
 111 HMP041M   216  697  .60  .63                          
 116 NMP007M   123  655  .59                               
 121 NMP018M   365  651  .49                               
 122 NMP019M   110  777  .65  .53  .49  .44  .59  .44      
 131 QMP012M   -81  659  .40                               
 132 QMP015A   -29  714  .23A .40  .32A                    
 133 QMP016A  -251  774  .23B .22A .42  .48  .61  .66      
 135 QMP019M  -242  695  .42  .36                          
 136 QMP020M     9  722  .34  .33  .38                     
 137 QMP021M   192  655  .68                               
 138 QMP022M   259  676  .38  .30A                         
 141 QMP027M   183  681  .63  .74                          
 145 QMP031M   427  672  .46                               
 148 QMP035M   193  688  .56  .62                          
 150 QMP037M   199  732  .57  .61  .53  .48                
 154 QMP043M    58  662  .58                               
 155 QMP044M   136  682  .67  .67                          
 157 QMP046M  -101  696  .53  .52                          
 158 QMP047M   211  744  .60  .38  .31A .45                
 163 QMP054A   137  808  .57  .69  .61  .61  .58  .70      
 169 SMP005M   290  665  .53                               
 Av segment correlation  .52  .52  .45  .52  .59  .60      

 FLAGGED SEGMENTS: chin069
-----------------------------------------------------------------------------------------------------------------------------------
 Seq Series   Segment    Flag  r dated  Best lag  r at lag   Gain  Note
 --- -------- ---------  ----  -------  --------  --------  -----  -----------------
   2 GMP102M    50   99     B     .381        -8      .405   .024
   2 GMP102M    75  124     B     .395         2      .519   .124
  12 GMP112M   475  524     A     .303         0
  18 GMP118M   600  649     B     .439         8      .448   .009
  20 GMP121M   425  474     B     .281         4      .284   .004  weak at every lag
  21 GMP123M    25   74     A     .267         0
  21 GMP123M    75  124     A     .310         0
  21 GMP123M   100  149     B     .326         6      .353   .027
  22 GMP124M   250  299     A     .281         0
  26 GMP129M   175  224     B     .239        -6      .394   .155
  27 GMP131A  -950 -901     B     .057         5      .225   .168  weak at every lag
  27 GMP131A  -525 -476     B     .404       -10      .404   .000
  27 GMP131A   400  449     B     .235         2      .287   .053  weak at every lag
  28 GMP132M   150  199     A     .292         0
  29 GMP133M  -650 -601     B     .264         4      .436   .172
  32 GMP138M     0   49     B     .158         3      .399   .241
  32 GMP138M    25   74     B     .167        -4      .377   .210
  32 GMP138M   250  299     B     .171        -4      .307   .135  weak at every lag
  32 GMP138M   275  324     A     .285         0
  34 GMP140M  -975 -926     A     .288         0
  34 GMP140M  -950 -901     A     .258         0
  38 GMP144M   450  499     B     .310         5      .313   .002  weak at every lag
  39 GMP145M  -400 -351     B     .248         2      .399   .151
  41 GMP206M   300  349     B     .340         9      .383   .043
  47 GMP220M  -850 -801     B     .313        -5      .340   .027
  49 GMP227M   600  649     A     .324         0
  65 GMP405M  -225 -176     B     .097         9      .286   .188  weak at every lag
  71 GMP412M   250  299     B     .160        -1      .338   .178
  78 GMP419M   250  299     B     .369        -3      .411   .042
  85 HMP002M    50   99     B     .228         9      .415   .187
  86 HMP003M   -50   -1     A     .260         0
  86 HMP003M   250  299     B     .089         3      .199   .109  weak at every lag
  88 HMP005M   450  499     B     .033         4      .572   .539
  90 HMP008M   375  424     B     .416         2      .741   .325
  91 HMP011M   225  274     B     .424         2      .451   .027
  92 HMP012M   650  699     A     .311         0
  94 HMP015M   125  174     A     .325         0
  95 HMP016M  -125  -76     B     .240        -8      .333   .094
  95 HMP016M   250  299     A     .258         0
  96 HMP017M  -325 -276     B    -.060         7      .328   .387  weak at every lag
  96 HMP017M  -300 -251     B     .171        -7      .214   .043  weak at every lag
  96 HMP017M   225  274     B     .281         3      .302   .021  weak at every lag
  96 HMP017M   250  299     B     .228        -4      .343   .115
  97 HMP018M   225  274     B     .143         7      .253   .110  weak at every lag
  97 HMP018M   250  299     B     .176         7      .303   .127  weak at every lag
  97 HMP018M   450  499     A     .306         0
  97 HMP018M   600  649     A     .275         0
  98 HMP020M    25   74     B     .090         2      .240   .150  weak at every lag
  98 HMP020M    50   99     A     .274         0
 101 HMP028M   375  424     B     .349         2      .694   .345
 104 HMP033M  -325 -276     B     .201        -2      .280   .079  weak at every lag
 106 HMP035M    25   74     A     .245         0
 106 HMP035M   250  299     A     .227         0
 107 HMP037M  -300 -251     A     .317         0
 108 HMP038M   150  199     A     .275         0
 108 HMP038M   175  224     B     .053        -8      .278   .225  weak at every lag
 115 NMP005M    25   74     A     .274         0
 120 NMP017M  -100  -51     B     .302         3      .351   .049
 123 QMP001M  -675 -626     A     .326         0
 123 QMP001M  -650 -601     A     .324         0
 130 QMP010M    50   99     B     .308        -8      .390   .082
 131 QMP012M   250  299     B     .288         7      .359   .071
 132 QMP015A   275  324     B     .299        -6      .325   .026  weak at every lag
 132 QMP015A   575  624     A     .238         0
 132 QMP015A   600  649     A     .231         0
 132 QMP015A   650  699     A     .322         0
 133 QMP016A   400  449     B     .282         4      .384   .102
 133 QMP016A   575  624     A     .327         0
 133 QMP016A   600  649     B     .231        -3      .272   .041  weak at every lag
 133 QMP016A   625  674     A     .218         0
 135 QMP019M   475  524     A     .318         0
 138 QMP022M   625  674     A     .298         0
 139 QMP023M  -925 -876     A     .314         0
 143 QMP029M     0   49     B     .210         8      .283   .073  weak at every lag
 143 QMP029M    25   74     B     .294         8      .383   .089
 145 QMP031M   450  499     A     .299         0
 145 QMP031M   475  524     A     .304         0
 154 QMP043M    75  124     B     .109        -3      .329   .220
 154 QMP043M   100  149     B     .260        -3      .266   .006  weak at every lag
 154 QMP043M   125  174     B     .257        -2      .312   .055  weak at every lag
 155 QMP044M   150  199     A     .303         0
 157 QMP046M  -100  -51     B     .177         9      .218   .041  weak at every lag
 158 QMP047M   650  699     A     .309         0
 159 QMP049M  -750 -701     A     .148         0
 161 QMP051M    25   74     B     .204        -4      .297   .094  weak at every lag
 162 QMP052M  -575 -526     B     .322         6      .342   .020
 162 QMP052M  -475 -426     A     .262         0
 162 QMP052M  -450 -401     A     .235         0

 DESCRIPTIVE STATISTICS: chin069
-----------------------------------------------------------------------------------------------------------------------------------

                                                Corr   //-------- Unfiltered --------\\  //-- dplR filtered --\\
                           No.    No.    No.    with   Mean   Max     Std   Auto   Mean   Max     Std   Auto  AR
 Seq Series   Interval   Years  Segmt  Flags   Master  msmt   msmt    dev   corr   sens  value    dev   corr  ()
 --- -------- ---------  -----  -----  -----   ------ -----  -----  -----  -----  -----  -----  -----  -----  --
   1 GMP101M    86  447    362     12      0    .684    .37    .65   .115   .340   .326   1.91   .278   .059   0
   2 GMP102M  -700  297    998     37      2    .673    .14    .53   .086   .778   .359   2.31   .330  -.007   3
   3 GMP103M   231  642    412     14      0    .676    .23    .47   .080   .566   .290   1.92   .262   .002   1
   4 GMP104M   146  620    475     17      0    .696    .22    .53   .086   .609   .292   1.89   .253   .003   0
   5 GMP105M   221  533    313     11      0    .660    .20    .42   .094   .792   .287   2.49   .294  -.006   3
   6 GMP106M  -1387 -1019    369     13      0    .510    .26    .60   .106   .836   .194   1.82   .188   .006   1
   7 GMP107M  -940   22    963     36      0    .562    .15    .59   .079   .807   .296   2.12   .280  -.007   3
   8 GMP108M  -371  584    956     36      0    .714    .15    .33   .060   .453   .354   1.97   .297  -.005   3
   9 GMP109M   234  623    390     13      0    .771    .31    .85   .126   .663   .273   1.81   .244   .025   0
  10 GMP110M   349  696    348     12      0    .492    .28    .58   .092   .732   .197   1.69   .191  -.011   1
  11 GMP111M   178  468    291      9      0    .672    .24    .74   .122   .537   .448   2.51   .403   .002   1
  12 GMP112M    44  672    629     23      1    .719    .24    .72   .128   .688   .379   2.07   .335  -.004   3
  13 GMP113A  -680 -253    428     15      0    .585    .29    .64   .119   .857   .194   1.54   .193  -.015   1
  14 GMP114M  -814 -223    592     22      0    .657    .17    .58   .103   .845   .303   2.47   .294  -.006   1
  15 GMP115M  -814 -208    607     22      0    .656    .15    .65   .111   .910   .288   1.85   .288  -.006   1
  16 GMP116M  -839 -410    430     15      0    .697    .21    .67   .146   .928   .251   2.01   .249  -.019   1
  17 GMP117M  -240  183    424     15      0    .735    .33    .64   .117   .530   .289   1.58   .239  -.007   2
  18 GMP118M   194  755    562     21      1    .648    .24    .60   .114   .813   .237   2.29   .233  -.006   1
  19 GMP119M   141  573    433     15      0    .528    .18    .59   .109   .885   .272   1.97   .274  -.012   3
  20 GMP121M  -118  477    596     22      1    .606    .16    .47   .074   .545   .382   2.66   .350  -.004   3
  21 GMP123M     9  672    664     24      3    .517    .17    .47   .070   .643   .288   2.02   .255  -.029   3
  22 GMP124M    68  520    453     16      1    .470    .22    .56   .128   .915   .198   1.89   .184   .010   0
  23 GMP125M  -689 -301    389     14      0    .691    .20    .57   .092   .780   .256   1.70   .229   .011   2
  24 GMP126M   150  523    374     12      0    .569    .38    .96   .231   .930   .188   1.92   .187  -.022   3
  25 GMP127M   140  564    425     15      0    .671    .19    .42   .057   .610   .207   1.73   .196   .006   1
  26 GMP129M   158  554    397     14      1    .547    .28    .62   .128   .824   .232   1.59   .211  -.006   2
  27 GMP131A  -972  450   1423     55      3    .564    .13    .62   .086   .892   .269   2.20   .249  -.008   3
  28 GMP132M   150  633    484     18      1    .644    .28    .80   .165   .915   .208   1.85   .184   .027   0
  29 GMP133M  -732 -408    325     11      1    .459    .29    .55   .119   .886   .172   1.48   .159  -.002   1
  30 GMP134M   100  613    514     19      0    .674    .19    .49   .096   .761   .304   1.84   .264   .034   0
  31 GMP136M   268  673    406     14      0    .815    .25    .70   .098   .574   .292   1.86   .262  -.014   2
  32 GMP138M    -9  573    583     21      4    .471    .26   1.38   .195   .910   .266   1.78   .242  -.008   1
  33 GMP139M  -672 -258    415     14      0    .614    .27    .72   .104   .805   .202   1.48   .197  -.009   1
  34 GMP140M  -1412 -880    533     19      2    .525    .21    .54   .078   .785   .203   1.58   .187  -.001   2
  35 GMP141M   107  614    508     18      0    .675    .17    .48   .086   .724   .322   2.08   .291   .002   2
  36 GMP142M  -785 -251    535     20      0    .634    .16    .35   .064   .504   .352   1.76   .297  -.012   3
  37 GMP143M  -980 -334    647     24      0    .697    .23    .58   .096   .766   .231   1.70   .211  -.008   3
  38 GMP144M    26  691    666     24      1    .579    .20    .70   .119   .899   .226   1.81   .212  -.002   3
  39 GMP145M  -426  -16    411     14      1    .579    .29    .75   .133   .540   .409   1.98   .339  -.007   3
  40 GMP202M   -59  280    340     12      0    .517    .24    .66   .118   .843   .230   1.74   .234   .015   1
  41 GMP206M  -193  375    569     21      1    .628    .24    .93   .176   .862   .342   2.54   .332  -.029   3
  42 GMP207M    -5  748    754     28      0    .597    .16    .51   .096   .798   .325   2.09   .285  -.007   0
  43 GMP208M  -301  279    581     21      0    .623    .27    .70   .118   .740   .291   1.87   .256  -.015   3
  44 GMP213M  -318  423    742     27      0    .583    .15    .51   .079   .707   .340   2.31   .311  -.005   3
  45 GMP214M    25  711    687     25      0    .611    .17    .50   .073   .606   .313   1.79   .275   .003   2
  46 GMP219M    21  360    340     12      0    .723    .23    .88   .144   .857   .263   1.69   .249  -.007   3
  47 GMP220M  -932 -380    553     20      1    .504    .13    .58   .077   .842   .295   1.88   .285  -.004   3
  48 GMP226M  -942 -358    585     21      0    .507    .17    .62   .085   .804   .263   1.84   .246  -.006   3
  49 GMP227M    11  687    677     25      1    .623    .20    .56   .092   .673   .292   1.88   .257   .003   2
  50 GMP301M  -189  570    760     28      0    .720    .22    .63   .106   .808   .261   1.78   .248   .003   1
  51 GMP302M  -701 -409    293     10      0    .652    .21    .49   .089   .768   .254   1.87   .246  -.010   1
  52 GMP303M  -665  -13    653     24      0    .670    .26    .84   .128   .849   .237   1.80   .225   .002   1
  53 GMP304M  -206  484    691     26      0    .781    .13    .30   .049   .530   .307   2.00   .263  -.007   3
  54 GMP305M   211  571    361     12      0    .771    .27    .62   .121   .579   .366   2.44   .337  -.014   3
  55 GMP306M   203  611    409     14      0    .762    .28    .58   .107   .342   .377   2.36   .331  -.011   3
  56 GMP307M  -207  422    630     23      0    .699    .20    .53   .121   .799   .371   2.20   .330  -.007   3
  57 GMP308M  -224  473    698     25      0    .801    .25    .61   .113   .647   .323   2.60   .292  -.005   3
  58 GMP309A   179  670    492     17      0    .669    .31    .70   .160   .827   .286   2.05   .284  -.011   3
  59 GMP310M  -129  542    672     25      0    .764    .23    .72   .122   .774   .318   1.94   .298  -.002   3
  60 GMP311M  -209  373    583     21      0    .657    .17    .38   .063   .618   .261   1.81   .234  -.002   1
  61 GMP401M   189  586    398     14      0    .774    .28    .80   .143   .677   .365   2.18   .333  -.006   3
  62 GMP402M   182  605    424     15      0    .739    .33    .69   .122   .343   .365   2.21   .322  -.001   2
  63 GMP403M  -165  349    515     19      0    .735    .27    .75   .148   .799   .304   1.85   .282  -.006   1
  64 GMP404M   174  695    522     18      0    .785    .30    .77   .117   .715   .252   1.79   .240  -.019   3
  65 GMP405M  -233  322    556     20      1    .587    .19    .84   .115   .852   .264   2.15   .247  -.004   2
  66 GMP406M  -172  373    546     19      0    .716    .24    .60   .120   .735   .317   2.15   .291  -.009   3
  67 GMP407A  -232  343    576     21      0    .720    .28    .72   .115   .535   .329   1.94   .280   .008   2
  68 GMP408M  -216  505    722     27      0    .741    .20    .65   .101   .784   .277   1.90   .259  -.002   3
  69 GMP409M  -225   68    294     10      0    .776    .32    .72   .143   .419   .399   1.94   .333  -.045   0
  70 GMP411M  -179  374    554     21      0    .761    .26    .70   .122   .680   .338   2.25   .311   .001   1
  71 GMP412M   241  696    456     16      1    .755    .25    .51   .093   .673   .252   1.71   .244  -.009   3
  72 GMP413M  -689 -401    289     10      0    .618    .20    .53   .090   .785   .249   1.87   .242  -.014   1
  73 GMP414M  -232  476    709     27      0    .731    .13    .27   .047   .495   .320   2.26   .279  -.009   3
  74 GMP415M   -22  374    397     14      0    .713    .23    .64   .104   .693   .306   2.09   .306  -.018   3
  75 GMP416M    -2  360    363     13      0    .795    .24    .56   .107   .675   .310   1.74   .279   .015   1
  76 GMP417M   215  651    437     16      0    .793    .26    .54   .075   .477   .241   1.65   .214   .046   0
  77 GMP418M   239  688    450     16      0    .651    .36    .80   .153   .745   .252   1.65   .237  -.003   3
  78 GMP419M  -189  362    552     20      1    .723    .27    .94   .186   .845   .338   2.20   .299  -.013   3
  79 GMP420M  -672  -15    658     24      0    .613    .25    .92   .131   .857   .241   1.94   .235   .001   1
  80 GMP421M  -239  612    852     32      0    .688    .20    .60   .089   .727   .264   2.16   .236  -.010   3
  81 GMP422M  -260  527    788     30      0    .707    .25    .62   .097   .561   .306   2.40   .280  -.014   3
  82 GMP423M  -113  527    641     24      0    .781    .19    .48   .075   .640   .283   2.09   .271  -.015   3
  83 GMP424M  -250   74    325     11      0    .654    .25    .70   .149   .645   .453   2.19   .392  -.007   2
  84 HMP001M  -258  537    796     30      0    .658    .16    .33   .056   .451   .312   1.99   .273  -.008   3
  85 HMP002M    42  635    594     22      1    .492    .16    .38   .051   .668   .214   1.65   .207  -.006   1
  86 HMP003M   -52  321    374     13      2    .522    .28    .58   .117   .787   .235   1.62   .208   .053   0
  87 HMP004M   144  651    508     19      0    .644    .18    .31   .042   .512   .188   1.57   .166  -.017   3
  88 HMP005M   192  500    309     11      1    .581    .26    .85   .164   .880   .279   1.92   .274   .005   2
  89 HMP006M  -1488 -835    654     21      0    .743    .17    .55   .101   .872   .268   1.77   .239  -.000   1
  90 HMP008M    32  632    601     22      1    .668    .22    .70   .119   .832   .282   2.02   .264  -.014   3
  91 HMP011M   -66  625    692     26      1    .604    .12    .30   .054   .570   .343   1.90   .312  -.013   3
  92 HMP012M   -42  711    754     28      1    .607    .19    .53   .098   .808   .289   1.97   .269  -.013   3
  93 HMP014M   112  603    492     18      0    .724    .23    .54   .104   .634   .356   2.36   .322  -.020   3
  94 HMP015M   101  262    162      4      1    .407    .16    .30   .054   .724   .228   1.58   .212  -.006   1
  95 HMP016M  -164  653    818     31      2    .587    .16    .47   .063   .640   .272   2.00   .241  -.001   1
  96 HMP017M  -348  391    740     27      4    .486    .15    .49   .066   .786   .240   1.92   .222  -.003   1
  97 HMP018M   168  733    566     21      4    .422    .19    .62   .093   .839   .230   1.77   .207  -.005   1
  98 HMP020M    11  593    583     21      2    .575    .19    .45   .097   .830   .258   1.78   .238   .001   1
  99 HMP023M   218  580    363     13      0    .735    .26    .80   .144   .716   .399   2.04   .340   .045   0
 100 HMP026M  -263    4    268      9      0    .785    .24    .61   .131   .707   .406   2.04   .342  -.003   2
 101 HMP028M    71  596    526     19      1    .622    .16    .38   .068   .609   .348   2.28   .311  -.001   3
 102 HMP029M  -245  100    346     12      0    .716    .20    .54   .113   .698   .394   1.75   .325   .009   2
 103 HMP030M  -1495 -845    651     21      0    .723    .18    .64   .107   .883   .260   1.82   .238  -.000   1
 104 HMP033M  -736 -104    633     23      1    .546    .17    .55   .098   .895   .230   1.87   .230  -.005   1
 105 HMP034M   105  452    348     12      0    .623    .31    .65   .125   .854   .195   1.47   .179   .012   2
 106 HMP035M    23  373    351     12      2    .468    .30    .60   .083   .717   .175   1.60   .174   .013   2
 107 HMP037M  -380  147    528     19      1    .631    .12    .29   .050   .584   .315   2.07   .288   .009   2
 108 HMP038M    73  598    526     19      2    .569    .16    .40   .078   .758   .307   2.07   .292   .000   1
 109 HMP039M   -12  344    357     12      0    .669    .21    .68   .140   .868   .312   2.01   .277   .006   2
 110 HMP040M  -1468 -920    549     18      0    .768    .17    .50   .095   .862   .255   1.59   .229  -.001   1
 111 HMP041M   216  697    482     17      0    .649    .14    .42   .062   .727   .289   1.73   .265  -.000   2
 112 HMP042M   -40  601    642     24      0    .661    .14    .36   .054   .650   .281   2.12   .265  -.019   3
 113 NMP003M  -504  143    648     24      0    .604    .18    .55   .083   .827   .247   2.38   .248  -.016   3
 114 NMP004M  -384  109    494     18      0    .696    .21    .46   .085   .820   .211   1.59   .206   .004   2
 115 NMP005M    -2  592    595     22      1    .572    .18    .60   .116   .914   .238   1.75   .225  -.002   1
 116 NMP007M   123  655    533     19      0    .677    .21    .55   .090   .800   .224   1.69   .211  -.001   3
 117 NMP010M   126  511    386     13      0    .586    .21    .55   .096   .843   .220   1.62   .201   .009   1
 118 NMP014M   108  607    500     18      0    .640    .15    .40   .074   .777   .301   1.91   .276  -.006   1
 119 NMP015M   105  531    427     15      0    .634    .14    .35   .064   .701   .311   1.70   .275  -.011   1
 120 NMP017M  -677  604   1282     49      1    .536    .11    .30   .047   .622   .303   2.82   .278  -.003   3
 121 NMP018M   365  651    287     10      0    .555    .26    .66   .078   .695   .188   1.71   .187  -.001   1
 122 NMP019M   110  777    668     25      0    .591    .19    .55   .091   .838   .226   2.04   .224  -.012   1
 123 QMP001M  -694 -132    563     20      2    .648    .23    .51   .101   .866   .215   2.09   .210   .003   1
 124 QMP002M  -287  253    541     20      0    .678    .20    .49   .107   .860   .266   2.10   .243  -.013   3
 125 QMP004M  -141  504    646     24      0    .789    .18    .48   .079   .700   .303   2.50   .281  -.004   3
 126 QMP005M   139  519    381     13      0    .754    .25    .92   .137   .762   .354   2.18   .337   .003   1
 127 QMP007M  -157  508    666     25      0    .749    .23    .58   .091   .703   .270   2.17   .256  -.002   1
 128 QMP008M  -161  125    287     10      0    .623    .26    .71   .160   .854   .318   2.03   .300  -.038   3
 129 QMP009M  -181  430    612     23      0    .651    .25    .60   .107   .779   .253   2.29   .245  -.004   1
 130 QMP010M  -202  405    608     22      1    .652    .18    .54   .094   .728   .320   1.88   .299  -.012   3
 131 QMP012M   -81  659    741     28      1    .530    .17    .41   .074   .812   .228   1.78   .204  -.007   3
 132 QMP015A   -29  714    744     28      4    .472    .20    .63   .128   .876   .308   1.98   .290  -.008   3
 133 QMP016A  -251  774   1026     39      4    .510    .28    .61   .085   .544   .247   1.87   .227  -.003   2
 134 QMP017M   153  629    477     17      0    .689    .28    .99   .184   .725   .457   2.58   .399  -.022   3
 135 QMP019M  -242  695    938     35      1    .509    .15    .37   .058   .733   .232   1.82   .219   .000   1
 136 QMP020M     9  722    714     26      0    .490    .16    .62   .111   .911   .256   1.97   .251   .002   2
 137 QMP021M   192  655    464     17      0    .785    .31    .67   .117   .542   .313   2.07   .294  -.027   3
 138 QMP022M   259  676    418     15      1    .488    .35    .93   .141   .771   .223   1.58   .215   .006   2
 139 QMP023M  -932 -540    393     14      1    .637    .38    .91   .191   .772   .309   1.69   .249  -.069   0
 140 QMP024M  -291  440    732     27      0    .644    .22    .49   .085   .776   .230   2.19   .219  -.007   3
 141 QMP027M   183  681    499     18      0    .773    .33    .76   .137   .596   .328   2.10   .309  -.016   3
 142 QMP028M  -207  372    580     21      0    .706    .27   1.20   .253   .819   .423   2.25   .373  -.011   3
 143 QMP029M  -108  329    438     16      2    .547    .33   1.01   .166   .911   .184   1.56   .178  -.013   1
 144 QMP030M   287  603    317     11      0    .525    .35    .67   .098   .699   .177   1.49   .168   .011   1
 145 QMP031M   427  672    246      7      2    .409    .29    .66   .133   .872   .192   1.63   .184  -.007   2
 146 QMP032M  -443  157    601     22      0    .593    .19    .55   .100   .774   .315   1.97   .295  -.011   3
 147 QMP034M  -637 -244    394     14      0    .672    .39    .78   .126   .723   .203   1.48   .177   .002   2
 148 QMP035M   193  688    496     18      0    .647    .14    .55   .084   .846   .255   1.93   .238   .001   3
 149 QMP036M  -322  510    833     31      0    .697    .21    .51   .084   .719   .254   1.92   .232   .001   2
 150 QMP037M   199  732    534     20      0    .609    .16    .39   .059   .728   .222   1.63   .210   .001   1
 151 QMP038M     8  446    439     15      0    .751    .23    .71   .116   .591   .418   2.48   .358   .045   0
 152 QMP041M    44  472    429     15      0    .808    .24    .57   .100   .660   .297   1.87   .256  -.003   3
 153 QMP042M  -107  507    615     23      0    .765    .22    .85   .151   .877   .304   1.97   .270   .052   0
 154 QMP043M    58  662    605     22      3    .528    .22    .53   .092   .787   .224   1.69   .221  -.002   1
 155 QMP044M   136  682    547     20      1    .629    .27    .70   .131   .774   .297   2.25   .270  -.001   2
 156 QMP045M  -380  506    887     34      0    .565    .15    .39   .055   .547   .308   1.95   .284  -.008   1
 157 QMP046M  -101  696    798     30      1    .621    .16    .49   .077   .793   .269   1.95   .231  -.013   0
 158 QMP047M   211  744    534     19      1    .608    .29    .67   .105   .750   .210   1.70   .208  -.002   1
 159 QMP049M  -761 -408    354     12      1    .570    .29    .58   .118   .864   .185   1.62   .170   .046   0
 160 QMP050M  -701  460   1162     44      0    .594    .19    .55   .091   .807   .252   2.36   .264  -.021   3
 161 QMP051M    23  333    311     11      1    .659    .28    .72   .127   .889   .174   1.62   .166  -.017   1
 162 QMP052M  -770 -170    601     22      3    .622    .21    .57   .107   .753   .339   1.98   .298  -.007   3
 163 QMP054A   137  808    672     24      0    .670    .20    .56   .107   .666   .376   2.41   .340  -.007   3
 164 QMP055M  -415  -81    335     11      0    .668    .32    .94   .202   .866   .331   1.77   .304   .009   2
 165 QMP056M   142  483    342     12      0    .718    .23    .66   .122   .719   .385   2.79   .359  -.009   1
 166 SMP001M   146  588    443     16      0    .735    .22    .93   .128   .753   .380   2.30   .368   .001   1
 167 SMP002M   180  515    336     11      0    .737    .24    .58   .108   .582   .392   2.30   .361   .009   1
 168 SMP003M    -9  489    499     18      0    .610    .20    .66   .121   .899   .243   1.71   .223   .061   0
 169 SMP005M   290  665    376     13      0    .468    .26    .55   .093   .755   .200   1.70   .200   .008   1
 170 SMP006M   253  542    290      9      0    .745    .22    .55   .096   .596   .339   2.03   .325  -.015   3
 171 SMP008M   189  553    365     13      0    .579    .23    .60   .111   .861   .218   1.62   .193   .002   0
 172 SMP009M  -245  571    817     30      0    .597    .16    .45   .075   .805   .253   2.04   .242  -.006   3
 173 SMP010M   163  472    310     10      0    .668    .18    .31   .045   .473   .209   1.61   .191   .062   0
 --- -------- ---------  -----  -----  -----   ------ -----  -----  -----  -----  -----  -----  -----  -----  --
 Total or mean:          93813   3392     88    .639    .21   1.38   .102   .735   .284   2.82   .261  -.003

 DATA CHECKS (rwl.check): chin069
-----------------------------------------------------------------------------------------------------------------------------------
 rwl.check: data_files/treering/measurements/asia/chin069.rwl
 173 series, 93813 measurements, -1495-808, 0.001 mm precision
 0 error(s), 1 warning(s), 1 note(s)
 -------------
 WARNING
   RWL_REPEATED_VALUE (1)
     GMP131A: 0.1 repeated in 6 consecutive rings, -121--116; a constant stretch is a placeholder, not a measurement
 1 note(s) not shown; see rwl.check() or the 'check' element of this report.

 NOTES
-----------------------------------------------------------------------------------------------------------------------------------
 Report generated using dplR 1.8.1 (R 4.5.2) on 2026-10-01 17:00 PDT.
 Measurement file chin069.rwl, MD5 937a9f40a46b434ed2d96bc156509051.
 Filtering: each series divided by a 32-year smoothing spline (caps()), then prewhitened with
   an AR model (order by AIC, at most 3).
 Master: biweight robust mean of the other series (leave-one-out).
 Correlation: Pearson, one-tailed, pcrit = 0.01; critical r = 0.3281 for 50-year segments.
 Segments: 50 years, lagged 25, first segment floored to 100. Lags searched: +/- 10 years.
 A segment is tested only where the series and the master cover all of it, at the dated
   position and at every lag. COFECHA also tests partial segments at the ends of a series, so
   series here may show fewer segments, and no flags can be raised at the ends of the record.
 Lags follow COFECHA: negative means rings are probably missing from the series, positive means
   false rings. A missing ring carries its lag into every segment before it, so look where the
   lag changes along a series. A B flag is a hypothesis to check on the wood; the gain says how
   seriously to take it.
 A B flag marked "weak at every lag" correlates under the critical value even at its best lag:
   the segment is weak wherever it is placed, and the shift is not evidence of a dating error.
   Treat it as a low correlation, like an A.
 Averages in the summary and the totals are weighted by the number of years in each series, as
   COFECHA's are.
 Unfiltered block and mean sensitivity: the measurements as read, and sens1().
 dplR filtered block: the series that was correlated, after filtering. COFECHA's filtered
   series is defined differently, so these three columns are not COFECHA's numbers.
 AR: order of the AR model used to prewhiten.
