
 COFECHA-style crossdating report: chin060
 Report generated using dplR 1.8.1 (R 4.5.2) on 2026-10-01 16:55 PDT
 Built with dplR's xdate.report(), not COFECHA; see the notes at the end.


      Measurement file name  : chin060.rwl
      MD5 of measurement file: 6745273266ee1f1fbd5f734b1e16008c
      Date checked           : 01OCT26
      Beginning year         : 943
      Ending year            : 2003
      Principal investigators: Shao, X.
      Site name              : Tianjun
      Species information    : JUPR Juniperus przewalskii Komarov = Sabina przewalskii Komarov
      Latitude               : 37.3119 N
      Longitude              : 98.3989 E
      Elevation              : 3500 m

      Series intercorrelation: 0.671
      Avg mean sensitivity   : 0.339
      Avg standard deviation : 0.190
      Avg autocorrelation    : 0.736
      Number dated series    : 52
      Segment length tested  : 50

      Number problem segments: 14  (A 10, B 4; 1 of the B weak at every lag)
      Pct problem segments   : 1.47


 CORRELATION OF SERIES BY SEGMENTS: chin060
-----------------------------------------------------------------------------------------------------------------------------------
 Correlations of  50-year dated segments, lagged  25 years
 Flags:  A = correlation under   .3281 but highest as dated;  B = correlation higher at other than dated position

 Seq Series  Time_span  1000 1025 1050 1075 1100 1125 1150 1175 1200 1225 1250 1275 1300 1325 1350 1375 1400 1425 1450 1475 
                        1049 1074 1099 1124 1149 1174 1199 1224 1249 1274 1299 1324 1349 1374 1399 1424 1449 1474 1499 1524 
 --- -------- ---------  ---- ---- ---- ---- ---- ---- ---- ---- ---- ---- ---- ---- ---- ---- ---- ---- ---- ---- ---- ---- 
   9 TJ1-05A1 1437 1606                                                                                            .83  .86 
  11 TJ1-05B  1351 2003                                                                             .44  .64  .73  .85  .84 
  20 TJ1-10A  1202 2002                                               .61  .61  .60  .69  .51  .46  .63  .83  .84  .89  .88 
  21 TJ1-10B  1178 2002                                          .57  .50  .54  .62  .60  .54  .61  .72  .81  .82  .70  .68 
  24 TJ1-12A  1389 2002                                                                                  .73  .86  .90  .87 
  25 TJ1-12B  1356 2002                                                                             .64  .67  .77  .80  .78 
  26 TJ1-13A  1034 2002            .64  .65  .50  .64  .79  .65  .39  .36  .39  .49  .65  .69  .69  .68  .77  .87  .90  .89 
  27 TJ1-13B  1063 2002                 .72  .67  .66  .70  .64  .59  .48  .37  .51  .67  .65  .71  .79  .81  .82  .88  .89 
  28 TJ1-14A  1284 2002                                                              .55  .56  .60  .66  .79  .84  .88  .87 
  29 TJ1-14B  1283 2002                                                              .63  .40  .49  .60  .73  .84  .90  .92 
  30 TJ1-15A  1250 2002                                                         .39  .56  .58  .61  .75  .81  .89  .89  .84 
  31 TJ1-15B  1232 2002                                                    .41  .40  .66  .67  .44  .61  .77  .87  .89  .86 
  35 TJ1-19A  1324 2002                                                                        .51  .53  .36  .44  .72  .66 
  36 TJ1-19B  1249 2002                                                    .47  .55  .57  .42  .35  .53  .51  .50  .46  .42 
  37 TJ1-20B  1406 1927                                                                                       .43  .70  .75 
  38 TJ1-21B  1317 1882                                                                   .40  .39  .42  .45  .58  .61  .47 
  41 TJ1-23A  1418 2002                                                                                       .46  .65  .64 
  42 TJ1-23B  1416 1896                                                                                       .65  .71  .61 
  45 TJ1-25A   970 1998  .51  .48  .55  .50  .22A .32A .39  .54  .68  .69  .75  .65  .63  .65  .63  .72  .73  .72  .81  .73 
  46 TJ1-25B   943 1907  .52  .36  .45  .60  .50  .40  .55  .62  .34  .35  .58  .28A .28A .41  .50  .70  .71  .69  .70  .66 
 Av segment correlation  .52  .42  .55  .62  .47  .50  .61  .61  .51  .50  .51  .50  .59  .54  .54  .63  .69  .72  .78  .76 

 CORRELATION OF SERIES BY SEGMENTS: chin060
-----------------------------------------------------------------------------------------------------------------------------------
 Correlations of  50-year dated segments, lagged  25 years
 Flags:  A = correlation under   .3281 but highest as dated;  B = correlation higher at other than dated position

 Seq Series  Time_span  1500 1525 1550 1575 1600 1625 1650 1675 1700 1725 1750 1775 1800 1825 1850 1875 1900 1925 1950 
                        1549 1574 1599 1624 1649 1674 1699 1724 1749 1774 1799 1824 1849 1874 1899 1924 1949 1974 1999 
 --- -------- ---------  ---- ---- ---- ---- ---- ---- ---- ---- ---- ---- ---- ---- ---- ---- ---- ---- ---- ---- ---- 
   1 TJ1-01B  1625 2003                                .49  .55  .51  .41  .51  .58  .46  .46  .68  .79  .81  .77  .76 
   2 TJ1-01C  1598 2003                           .43  .45  .50  .46  .39  .43  .58  .76  .74  .80  .79  .80  .84  .83 
   3 TJ1-02A  1592 2003                      .64  .78  .74  .45  .43  .47  .51  .52  .30A .30A .46  .57  .56  .42  .48 
   4 TJ1-02B  1533 2003            .45  .49  .63  .66  .60  .53  .56  .49  .49  .44  .56  .72  .61  .72  .71  .54  .61 
   5 TJ1-03A  1700 2002                                               .48  .78  .82  .88  .81  .78  .71  .73  .82  .57 
   6 TJ1-03B  1751 2002                                                         .75  .70  .76  .86  .82  .78  .75  .51 
   7 TJ1-04A  1504 2002       .49  .48  .55  .51  .57  .66  .67  .64  .51  .62  .73  .61  .53  .61  .67  .58  .55  .66 
   8 TJ1-04B  1483 2002  .79  .79  .74  .72  .55  .73  .75  .49  .44  .31A .55  .67  .59  .55  .61  .77  .71  .63  .71 
   9 TJ1-05A1 1437 1606  .85  .86  .82                                                                                 
  10 TJ1-05A2 1639 2003                                .82  .72  .59  .52  .65  .68  .59  .53  .52  .73  .77  .72  .74 
  11 TJ1-05B  1351 2003  .73  .76  .74  .77  .57  .64  .68  .64  .62  .63  .71  .74  .74  .69  .67  .80  .76  .70  .78 
  12 TJ1-06A  1525 2002            .67  .73  .77  .85  .77  .60  .54  .45  .52  .66  .80  .75  .59  .71  .74  .57  .57 
  13 TJ1-06B  1505 2002       .64  .63  .64  .70  .68  .67  .61  .53  .55  .72  .80  .82  .81  .78  .87  .85  .75  .75 
  14 TJ1-07A  1688 2002                                          .52  .60  .83  .86  .89  .88  .83  .89  .90  .87  .82 
  15 TJ1-07B  1601 2002                           .60  .62  .66  .43  .40  .72  .79  .88  .91  .79  .87  .87  .75  .67 
  16 TJ1-08A  1584 2002                      .57  .54  .43  .39  .41  .41  .55  .35  .38  .47  .47  .58  .50  .41  .49 
  17 TJ1-08B  1620 2002                           .49  .45  .32A .35  .45  .37  .41  .58  .54  .53  .69  .65  .35  .32B
  18 TJ1-09A  1726 2002                                                    .91  .92  .64  .49  .83  .91  .92  .93  .90 
  19 TJ1-09B  1704 2002                                               .82  .92  .93  .89  .81  .76  .89  .90  .91  .88 
  20 TJ1-10A  1202 2002  .73  .70  .70  .82  .77  .84  .86  .80  .82  .78  .83  .87  .89  .86  .77  .85  .87  .86  .87 
  21 TJ1-10B  1178 2002  .76  .71  .76  .84  .73  .82  .83  .83  .88  .86  .78  .83  .93  .89  .83  .87  .87  .85  .85 
  22 TJ1-11A  1647 2002                                .87  .89  .85  .84  .92  .77  .45  .45  .87  .92  .81  .81  .91 
  23 TJ1-11B  1650 2002                                     .87  .80  .81  .91  .74  .44  .42  .85  .87  .88  .91  .93 
  24 TJ1-12A  1389 2002  .82  .86  .90  .90  .85  .82  .68  .73  .85  .86  .81  .83  .85  .77  .72  .79  .65  .68  .76 
  25 TJ1-12B  1356 2002  .79  .85  .85  .87  .88  .81  .74  .77  .83  .87  .82  .83  .87  .76  .69  .85  .88  .87  .90 
  26 TJ1-13A  1034 2002  .89  .85  .86  .89  .89  .90  .87  .77  .78  .87  .82  .82  .89  .91  .88  .87  .88  .86  .85 
  27 TJ1-13B  1063 2002  .87  .83  .87  .92  .90  .88  .85  .77  .77  .85  .83  .84  .89  .89  .86  .88  .89  .84  .82 
  28 TJ1-14A  1284 2002  .81  .83  .76  .80  .86  .91  .80  .75  .78  .79  .83  .89  .77  .69  .76  .87  .87  .90  .90 
  29 TJ1-14B  1283 2002  .89  .82  .74  .83  .86  .90  .81  .78  .81  .82  .89  .91  .91  .86  .78  .87  .90  .92  .90 
  30 TJ1-15A  1250 2002  .86  .88  .88  .88  .86  .85  .84  .66  .62  .76  .84  .85  .87  .88  .83  .67  .71  .86  .87 
  31 TJ1-15B  1232 2002  .87  .86  .87  .88  .85  .82  .64  .61  .69  .73  .84  .82  .82  .86  .82  .82  .83  .83  .84 
  32 TJ1-17A  1493 2002  .32A .41  .47  .56  .61  .65  .59  .61  .50  .51  .47  .50  .59  .47  .48  .74  .83  .74  .63 
  33 TJ1-18A  1658 2003                                     .78  .75  .71  .82  .78  .78  .83  .59  .73  .76  .72  .76 
  34 TJ1-18B  1627 2002                                .80  .78  .71  .62  .73  .78  .80  .78  .60  .76  .86  .80  .67 
  35 TJ1-19A  1324 2002  .72  .79  .65  .67  .54  .64  .77  .75  .60  .51  .63  .66  .68  .66  .46  .60  .52  .33  .48 
  36 TJ1-19B  1249 2002  .59  .71  .71  .64  .63  .74  .49  .44  .59  .60  .72  .71  .70  .64  .52  .68  .74  .65  .63 
  37 TJ1-20B  1406 1927  .66  .76  .80  .81  .83  .86  .84  .81  .75  .71  .87  .90  .88  .84  .79  .78                
  38 TJ1-21B  1317 1882  .38  .47  .42  .49  .67  .77  .71  .50  .43  .47  .53  .49  .48  .49                          
  39 TJ1-22A  1543 2002            .74  .79  .66  .63  .61  .53  .50  .48  .58  .62  .54  .56  .65  .59  .48  .49  .64 
  40 TJ1-22B  1490 2002  .57  .70  .76  .73  .60  .65  .55  .48  .62  .59  .55  .53  .47  .53  .51  .43  .39  .32A .52 
  41 TJ1-23A  1418 2002  .56  .49  .52  .65  .42  .37  .46  .47  .47  .46  .55  .68  .62  .51  .56  .60  .65  .53  .55 
  42 TJ1-23B  1416 1896  .44  .50  .46  .58  .47  .39  .31B .35  .40  .38  .58  .61  .51  .41                          
  43 TJ1-24A  1550 2002                 .78  .82  .90  .89  .83  .83  .77  .84  .84  .76  .74  .62  .57  .45B .40  .67 
  44 TJ1-24B  1574 2002                      .85  .91  .88  .83  .82  .73  .74  .76  .68  .65  .54  .57  .46  .41  .55 
  45 TJ1-25A   970 1998  .51  .58  .73  .82  .82  .83  .79  .66  .70  .76  .76  .77  .81  .76  .66  .79  .87  .81      
  46 TJ1-25B   943 1907  .59  .70  .76  .82  .84  .78  .77  .82  .80  .81  .63  .64  .69  .57  .68                     
  47 TJ1-26B  1600 1986                           .54  .51  .67  .66  .54  .65  .41  .35  .38  .33  .37  .41  .35      
  48 TJ1-27A  1617 1786                           .72  .77  .68  .50  .35B                                             
  49 TJ1-27A2 1858 2002                                                                             .46  .45  .37  .59 
  50 TJ1-27B  1628 2002                                .81  .78  .65  .45  .49  .37  .37  .48  .36  .54  .57  .37  .42 
  51 TJ1-29A  1616 2002                           .80  .75  .63  .56  .44  .71  .72  .76  .78  .56  .69  .68  .64  .59 
  52 TJ1-29B2 1832 2002                                                                        .56  .62  .51  .34  .40 
 Av segment correlation  .70  .71  .70  .74  .71  .72  .70  .65  .63  .61  .70  .71  .69  .67  .67  .73  .72  .67  .69 

 FLAGGED SEGMENTS: chin060
-----------------------------------------------------------------------------------------------------------------------------------
 Seq Series   Segment    Flag  r dated  Best lag  r at lag   Gain  Note
 --- -------- ---------  ----  -------  --------  --------  -----  -----------------
   3 TJ1-02A  1800 1849     A     .296         0
   3 TJ1-02A  1825 1874     A     .303         0
   8 TJ1-04B  1725 1774     A     .307         0
  17 TJ1-08B  1675 1724     A     .320         0
  17 TJ1-08B  1950 1999     B     .321        -5      .332   .011
  32 TJ1-17A  1500 1549     A     .323         0
  40 TJ1-22B  1925 1974     A     .322         0
  42 TJ1-23B  1650 1699     B     .308         1      .317   .009  weak at every lag
  43 TJ1-24A  1900 1949     B     .451        -2      .566   .115
  45 TJ1-25A  1100 1149     A     .222         0
  45 TJ1-25A  1125 1174     A     .317         0
  46 TJ1-25B  1275 1324     A     .284         0
  46 TJ1-25B  1300 1349     A     .284         0
  48 TJ1-27A  1725 1774     B     .350         2      .388   .037

 DESCRIPTIVE STATISTICS: chin060
-----------------------------------------------------------------------------------------------------------------------------------

                                                Corr   //-------- Unfiltered --------\\  //-- dplR filtered --\\
                           No.    No.    No.    with   Mean   Max     Std   Auto   Mean   Max     Std   Auto  AR
 Seq Series   Interval   Years  Segmt  Flags   Master  msmt   msmt    dev   corr   sens  value    dev   corr  ()
 --- -------- ---------  -----  -----  -----   ------ -----  -----  -----  -----  -----  -----  -----  -----  --
   1 TJ1-01B  1625 2003    379     13      0    .608    .48   1.61   .234   .855   .237   1.66   .219  -.010   3
   2 TJ1-01C  1598 2003    406     14      0    .651    .44   1.30   .205   .790   .267   1.94   .247  -.012   3
   3 TJ1-02A  1592 2003    412     15      2    .502    .33    .97   .153   .828   .210   1.60   .204  -.009   1
   4 TJ1-02B  1533 2003    471     17      0    .574    .48   1.49   .316   .947   .181   1.63   .185  -.000   1
   5 TJ1-03A  1700 2002    303     10      0    .683    .35   1.10   .217   .575   .532   2.70   .474  -.001   1
   6 TJ1-03B  1751 2002    252      8      0    .681    .55   1.44   .261   .495   .439   2.08   .369  -.025   3
   7 TJ1-04A  1504 2002    499     18      0    .588    .40   1.67   .246   .885   .231   1.74   .216  -.015   3
   8 TJ1-04B  1483 2002    520     19      1    .638    .36    .96   .162   .709   .255   1.65   .235   .002   3
   9 TJ1-05A1 1437 1606    170      5      0    .795    .60   1.01   .200   .599   .264   1.64   .252   .033   1
  10 TJ1-05A2 1639 2003    365     13      0    .668    .33    .70   .128   .719   .230   1.86   .236  -.013   3
  11 TJ1-05B  1351 2003    653     24      0    .692    .49   1.93   .335   .920   .264   1.84   .249  -.003   3
  12 TJ1-06A  1525 2002    478     17      0    .646    .46   1.10   .222   .817   .269   1.78   .263  -.012   3
  13 TJ1-06B  1505 2002    498     18      0    .713    .44   1.16   .219   .825   .259   1.96   .262  -.010   3
  14 TJ1-07A  1688 2002    315     11      0    .814    .48   1.02   .196   .538   .326   2.17   .309   .000   1
  15 TJ1-07B  1601 2002    402     14      0    .719    .44   1.25   .223   .797   .301   2.20   .284   .005   2
  16 TJ1-08A  1584 2002    419     15      0    .424    .42   1.55   .250   .912   .225   2.14   .223  -.003   2
  17 TJ1-08B  1620 2002    383     14      2    .430    .43   1.08   .201   .917   .169   1.59   .168  -.002   1
  18 TJ1-09A  1726 2002    277      9      0    .828    .68   2.10   .424   .725   .397   1.97   .342   .001   1
  19 TJ1-09B  1704 2002    299     10      0    .865    .67   2.16   .453   .742   .412   1.88   .347   .001   1
  20 TJ1-10A  1202 2002    801     30      0    .789    .32    .90   .148   .751   .291   1.92   .266  -.011   3
  21 TJ1-10B  1178 2002    825     31      0    .750    .34    .79   .158   .754   .283   1.91   .252  -.002   1
  22 TJ1-11A  1647 2002    356     13      0    .753    .35    .84   .175   .668   .410   2.15   .360  -.026   3
  23 TJ1-11B  1650 2002    353     12      0    .744    .38    .90   .190   .626   .419   2.30   .378  -.010   3
  24 TJ1-12A  1389 2002    614     23      0    .783    .17    .69   .119   .616   .632   3.07   .519   .046   0
  25 TJ1-12B  1356 2002    647     24      0    .801    .16    .56   .108   .609   .656   3.09   .525  -.025   0
  26 TJ1-13A  1034 2002    969     37      0    .789    .27    .73   .144   .606   .433   2.36   .364  -.008   3
  27 TJ1-13B  1063 2002    940     36      0    .792    .26    .69   .145   .560   .462   2.27   .388  -.012   3
  28 TJ1-14A  1284 2002    719     27      0    .803    .28    .95   .165   .603   .477   2.23   .389  -.009   3
  29 TJ1-14B  1283 2002    720     27      0    .832    .30    .91   .164   .589   .450   2.33   .371  -.010   3
  30 TJ1-15A  1250 2002    753     28      0    .794    .19    .64   .126   .515   .656   3.28   .526  -.009   3
  31 TJ1-15B  1232 2002    771     29      0    .774    .17    .60   .117   .500   .706   3.04   .570   .004   1
  32 TJ1-17A  1493 2002    510     19      1    .552    .49   1.76   .286   .919   .201   1.72   .203  -.010   3
  33 TJ1-18A  1658 2003    346     12      0    .757    .67   1.22   .202   .672   .211   2.21   .207  -.020   3
  34 TJ1-18B  1627 2002    376     13      0    .747    .43   1.12   .183   .770   .249   1.69   .231  -.023   3
  35 TJ1-19A  1324 2002    679     25      0    .592    .38   1.11   .166   .826   .216   1.79   .210   .003   3
  36 TJ1-19B  1249 2002    754     29      0    .579    .22    .99   .151   .873   .326   2.41   .322   .002   1
  37 TJ1-20B  1406 1927    522     19      0    .738    .42   1.14   .243   .820   .382   2.19   .335  -.007   3
  38 TJ1-21B  1317 1882    566     21      0    .492    .27    .74   .156   .835   .283   2.21   .273   .006   3
  39 TJ1-22A  1543 2002    460     17      0    .555    .38   1.22   .213   .905   .208   1.81   .209   .009   1
  40 TJ1-22B  1490 2002    513     19      1    .524    .37   1.50   .213   .900   .202   1.75   .194  -.043   1
  41 TJ1-23A  1418 2002    585     22      0    .533    .43   1.34   .201   .825   .257   2.19   .239   .008   2
  42 TJ1-23B  1416 1896    481     17      1    .466    .54   1.21   .285   .884   .248   2.17   .245   .002   2
  43 TJ1-24A  1550 2002    453     16      1    .713    .53   1.03   .186   .560   .294   1.88   .268  -.003   2
  44 TJ1-24B  1574 2002    429     15      0    .672    .52    .99   .162   .464   .274   1.76   .252  -.005   2
  45 TJ1-25A   970 1998   1029     38      2    .661    .28    .98   .143   .818   .290   2.33   .275   .006   1
  46 TJ1-25B   943 1907    965     35      2    .606    .25    .83   .129   .803   .282   2.34   .275  -.005   3
  47 TJ1-26B  1600 1986    387     13      0    .443    .32   1.09   .206   .857   .277   2.78   .295   .018   2
  48 TJ1-27A  1617 1786    170      5      1    .548    .52   1.03   .242   .795   .248   1.93   .244  -.011   3
  49 TJ1-27A2 1858 2002    145      4      0    .444    .73   1.25   .174   .540   .175   1.65   .170   .006   1
  50 TJ1-27B  1628 2002    375     13      0    .501    .61   1.37   .294   .834   .208   1.69   .208   .002   2
  51 TJ1-29A  1616 2002    387     14      0    .664    .42    .88   .148   .564   .288   2.07   .269   .003   2
  52 TJ1-29B2 1832 2002    171      5      0    .496    .49    .96   .191   .761   .233   1.60   .205   .035   2
 --- -------- ---------  -----  -----  -----   ------ -----  -----  -----  -----  -----  -----  -----  -----  --
 Total or mean:          26272    952     14    .671    .37   2.16   .190   .736   .339   3.28   .304  -.004

 DATA CHECKS (rwl.check): chin060
-----------------------------------------------------------------------------------------------------------------------------------
 rwl.check: data_files/treering/measurements/asia/chin060.rwl
 52 series, 26272 measurements, 943-2003, 0.01 mm precision
 0 error(s), 0 warning(s), 41 note(s)
 -------------
 Nothing to report at this severity.
 41 note(s) not shown; see rwl.check() or the 'check' element of this report.

 NOTES
-----------------------------------------------------------------------------------------------------------------------------------
 Report generated using dplR 1.8.1 (R 4.5.2) on 2026-10-01 16:55 PDT.
 Measurement file chin060.rwl, MD5 6745273266ee1f1fbd5f734b1e16008c.
 Filtering: each series divided by a 32-year smoothing spline (caps()), then prewhitened with
   an AR model (order by AIC, at most 3).
 Master: biweight robust mean of the other series (leave-one-out).
 Correlation: Pearson, one-tailed, pcrit = 0.01; critical r = 0.3281 for 50-year segments.
 Segments: 50 years, lagged 25, first segment floored to 100. Lags searched: +/- 10 years.
 A segment is tested only where the series and the master cover all of it, at the dated
   position and at every lag. COFECHA also tests partial segments at the ends of a series, so
   series here may show fewer segments, and no flags can be raised at the ends of the record.
 Lags follow COFECHA: negative means rings are probably missing from the series, positive means
   false rings. A missing ring carries its lag into every segment before it, so look where the
   lag changes along a series. A B flag is a hypothesis to check on the wood; the gain says how
   seriously to take it.
 A B flag marked "weak at every lag" correlates under the critical value even at its best lag:
   the segment is weak wherever it is placed, and the shift is not evidence of a dating error.
   Treat it as a low correlation, like an A.
 Averages in the summary and the totals are weighted by the number of years in each series, as
   COFECHA's are.
 Unfiltered block and mean sensitivity: the measurements as read, and sens1().
 dplR filtered block: the series that was correlated, after filtering. COFECHA's filtered
   series is defined differently, so these three columns are not COFECHA's numbers.
 AR: order of the AR model used to prewhiten.
