
 COFECHA-style crossdating report: chin070
 Report generated using dplR 1.8.1 (R 4.5.2) on 2026-10-01 16:56 PDT
 Built with dplR's xdate.report(), not COFECHA; see the notes at the end.


      Measurement file name  : chin070.rwl
      MD5 of measurement file: fd4b25be021e9da1b742416b34fe724b
      Date checked           : 01OCT26
      Beginning year         : 56
      Ending year            : 2009
      Principal investigators: Yang, B.; Qin, C.; Wang, J.L.; He, M.H.; Melvin, T.M.; Osborn, T.J.; Briffa, K.R.
      Site name              : Haiyagou
      Species information    : JUPR Juniperus przewalskii Komarov = Sabina przewalskii Komarov
      Latitude               : 38.5667 N
      Longitude              : 99.3333 E
      Elevation              : 3810 m

      Series intercorrelation: 0.570
      Avg mean sensitivity   : 0.258
      Avg standard deviation : 0.173
      Avg autocorrelation    : 0.817
      Number dated series    : 69
      Segment length tested  : 50

      Number problem segments: 126  (A 54, B 72; 40 of the B weak at every lag)
      Pct problem segments   : 7.64


 CORRELATION OF SERIES BY SEGMENTS: chin070
-----------------------------------------------------------------------------------------------------------------------------------
 Correlations of  50-year dated segments, lagged  25 years
 Flags:  A = correlation under   .3281 but highest as dated;  B = correlation higher at other than dated position

 Seq Series  Time_span   100  125  150  175  200  225  250  275  300  325  350  375  400  425  450  475  500  525  550  575 
                         149  174  199  224  249  274  299  324  349  374  399  424  449  474  499  524  549  574  599  624 
 --- -------- ---------  ---- ---- ---- ---- ---- ---- ---- ---- ---- ---- ---- ---- ---- ---- ---- ---- ---- ---- ---- ---- 
   5 HYP047M   330 1244                                                   -.06B .04B .54  .52  .49  .63  .58  .53  .53  .51 
  11 HYP107M   379 1563                                                              .53  .50  .36  .42B .53  .48  .18B .13B
  20 HYP119M   528 1367                                                                                            .43  .50 
  25 HYP125M    56 1551                                                    .09B .27B .55  .39 -.01B-.01B .37  .58  .56  .49 
  35 HYP148M   368 1374                                                         .38  .59  .55  .42  .41  .48  .45  .41  .40 
  36 HYP149M   528  900                                                                                            .21B .44 
  42 HYP171M   535 1399                                                                                            .31A .38 
  48 HYP180M   510 1046                                                                                       .29B .23A .46 
 Av segment correlation                                                    .02  .23  .55  .49  .31  .36  .49  .47  .36  .41 

 CORRELATION OF SERIES BY SEGMENTS: chin070
-----------------------------------------------------------------------------------------------------------------------------------
 Correlations of  50-year dated segments, lagged  25 years
 Flags:  A = correlation under   .3281 but highest as dated;  B = correlation higher at other than dated position

 Seq Series  Time_span   600  625  650  675  700  725  750  775  800  825  850  875  900  925  950  975 1000 1025 1050 1075 
                         649  674  699  724  749  774  799  824  849  874  899  924  949  974  999 1024 1049 1074 1099 1124 
 --- -------- ---------  ---- ---- ---- ---- ---- ---- ---- ---- ---- ---- ---- ---- ---- ---- ---- ---- ---- ---- ---- ---- 
   1 HYG106M   910 2009                                                                   .30A .43  .50  .48  .63  .60  .37 
   3 HYG122M  1039 2009                                                                                            .58  .65 
   5 HYP047M   330 1244  .42  .52  .65  .62  .69  .73  .74  .82  .82  .73  .73  .78  .79  .73  .78  .74  .71  .84  .87  .83 
   6 HYP101M   793 1602                                          .30A .33  .32B .45  .56  .51  .52  .50  .54  .53  .40B .40 
   7 HYP102M   606 1840      -.04B .10B .31A .40  .31A .44  .67  .73  .46  .42  .69  .74  .68  .70  .66  .68  .64  .67  .61 
   8 HYP104M   606 1689       .44  .42  .15B .38  .49  .46  .49  .34  .62  .77  .70  .68  .64  .61  .40  .45  .60  .68  .79 
   9 HYP105M   996 1454                                                                                  .07B .27A .25A .32A
  11 HYP107M   379 1563  .24B .33A .39  .47  .46  .36  .45  .59  .56  .64  .65  .60  .55  .47  .55  .59  .63  .55  .48  .62 
  12 HYP108M   874 1757                                                              .46  .63  .69  .43  .45  .70  .83  .76 
  13 HYP109M   948 1687                                                                             .48  .54  .74  .82  .55 
  14 HYP110M   935 1708                                                                        .55  .73  .82  .70  .66  .57 
  16 HYP113M   969 1750                                                                             .39  .62  .69  .72  .67 
  17 HYP114M   692 1702                      .64  .64  .70  .74  .75  .76  .74  .78  .80  .60  .59  .61  .55  .74  .84  .69 
  18 HYP116M   757 1707                                     .70  .65  .74  .74  .70  .75  .75  .67  .63  .68  .83  .83  .71 
  20 HYP119M   528 1367  .66  .79  .67  .72  .76  .73  .76  .76  .73  .78  .77  .75  .74  .74  .67  .43  .68  .82  .86  .68 
  22 HYP121M   954 1790                                                                             .41  .67  .74  .75  .72 
  25 HYP125M    56 1551  .44  .33A .37  .55  .48  .45  .51  .69  .75  .78  .70  .56  .55  .49  .48  .26A .22B .56  .59  .51 
  26 HYP129M   910 1732                                                                  -.02B .31A .45  .54  .71  .75  .59 
  27 HYP130M   965 1621                                                                             .34  .46  .60  .77  .69 
  30 HYP133M   908 1278                                                                   .19A .44  .47  .60  .67  .63  .55 
  31 HYP137M   625 1145            .44  .58  .68  .73  .80  .83  .84  .73  .70  .76  .82  .78  .66  .53  .52  .75  .80  .65 
  32 HYP141M   892 1326                                                              .31A .44  .61  .70  .57  .68  .75  .68 
  35 HYP148M   368 1374  .31A .29B .45  .46  .51  .54  .54  .68  .63  .59  .62  .63  .62  .56  .61  .59  .70  .77  .76  .77 
  36 HYP149M   528  900  .51  .48  .45  .59  .60  .60  .71  .61  .34  .49  .58                                              
  37 HYP151M   642 1137            .29A .43  .66  .67  .74  .86  .81  .76  .71  .64  .70  .72  .61  .44  .57  .56  .52  .57 
  38 HYP160M   620 1448       .53  .36  .41  .61  .51  .46  .60  .59  .41  .41  .58  .68  .59  .59  .62  .58  .61  .71  .72 
  41 HYP168M   591 1051 -.02B .37  .46  .56  .73  .74  .79  .87  .78  .74  .76  .70  .65  .67  .77  .75  .66                
  42 HYP171M   535 1399  .50  .69  .69  .72  .71  .67  .75  .78  .66  .53  .52  .58  .72  .70  .54  .33  .41  .65  .73  .65 
  43 HYP172M  1063 2007                                                                                                 .33 
  45 HYP174M   806 1300                                               .16B .29B .55  .64  .64  .65  .65  .76  .73  .72  .65 
  48 HYP180M   510 1046  .59  .47  .54  .71  .62  .59  .68  .77  .75  .71  .73  .53  .44  .55  .64  .52                     
  51 SDH006M   975 2008                                                                                  .28B .43  .48  .43 
 Av segment correlation  .41  .43  .45  .52  .60  .58  .64  .72  .65  .61  .62  .65  .64  .56  .59  .52  .55  .66  .68  .61 

 CORRELATION OF SERIES BY SEGMENTS: chin070
-----------------------------------------------------------------------------------------------------------------------------------
 Correlations of  50-year dated segments, lagged  25 years
 Flags:  A = correlation under   .3281 but highest as dated;  B = correlation higher at other than dated position

 Seq Series  Time_span  1100 1125 1150 1175 1200 1225 1250 1275 1300 1325 1350 1375 1400 1425 1450 1475 1500 1525 1550 1575 
                        1149 1174 1199 1224 1249 1274 1299 1324 1349 1374 1399 1424 1449 1474 1499 1524 1549 1574 1599 1624 
 --- -------- ---------  ---- ---- ---- ---- ---- ---- ---- ---- ---- ---- ---- ---- ---- ---- ---- ---- ---- ---- ---- ---- 
   1 HYG106M   910 2009  .37  .61  .69  .67  .67  .69  .68  .65  .70  .69  .63  .68  .74  .52  .59  .76  .63  .47  .65  .69 
   2 HYG107A  1419 2009                                                                   .47  .70  .74  .69  .70  .77  .69 
   3 HYG122M  1039 2009  .54  .63  .63  .61  .60  .58  .65  .62  .63  .59  .56  .70  .79  .72  .65  .56  .54  .65  .76  .71 
   4 HYG126M  1481 2009                                                                                  .48  .71  .42  .37 
   5 HYP047M   330 1244  .80  .77  .70  .64                                                                                 
   6 HYP101M   793 1602  .58  .64  .42  .43B .59  .61  .64  .62  .51  .41  .43  .44  .45  .49  .41  .37  .40B .50  .49      
   7 HYP102M   606 1840  .59  .57  .44  .58  .57  .52  .70  .66  .52  .42  .55  .67  .64  .59  .60  .64  .72  .63  .68  .59 
   8 HYP104M   606 1689  .74  .65  .51  .51  .61  .60  .57  .70  .76  .66  .56  .51  .44  .52  .65  .64  .69  .64  .56  .42 
   9 HYP105M   996 1454  .49  .76  .84  .77  .69  .69  .76  .61  .60  .70  .64  .52  .46                                    
  10 HYP106M  1088 1808  .45  .55  .50  .50  .54  .67  .52  .52  .52  .50  .47  .51  .56  .67  .75  .67  .61  .53  .65  .45 
  11 HYP107M   379 1563  .49  .51  .68  .61  .53  .53  .69  .70  .70  .66  .59  .61  .57  .64  .72  .70  .60                
  12 HYP108M   874 1757  .71  .77  .79  .74  .73  .73  .65  .69  .76  .70  .49  .54  .66  .68  .76  .78  .72  .68  .76  .67 
  13 HYP109M   948 1687  .48  .70  .64  .66  .65  .55  .68  .71  .71  .73  .66  .64  .65  .61  .65  .56  .38  .21B .20B .28A
  14 HYP110M   935 1708  .56  .69  .50  .58  .71  .66  .62  .66  .85  .60  .55  .63  .58  .64  .67  .63  .60  .62  .63  .58 
  15 HYP111M  1512 1859                                                                                       .34  .49  .51 
  16 HYP113M   969 1750  .66  .76  .75  .67  .64  .69  .71  .72  .61  .67  .75  .75  .81  .69  .64  .67  .70  .50  .55  .65 
  17 HYP114M   692 1702  .64  .62  .57  .56  .65  .67  .61  .67  .68  .64  .67  .73  .78  .69  .70  .59  .50  .59  .66  .60 
  18 HYP116M   757 1707  .77  .86  .80  .69  .68  .75  .68  .71  .77  .71  .74  .72  .70  .62  .70  .71  .66  .71  .75  .75 
  19 HYP117M  1247 1863                                .09B .44  .55  .56  .54  .49  .63  .82  .76  .67  .61  .60  .68  .75 
  20 HYP119M   528 1367  .47  .51  .52  .25B .31A .28A .12B .31A .66                                                        
  21 HYP120M  1104 1556       .53  .53  .55  .63  .66  .72  .77  .76  .79  .83  .77  .64  .60  .58  .51  .50                
  22 HYP121M   954 1790  .82  .85  .83  .71  .64  .67  .71  .72  .73  .78  .70  .73  .87  .78  .78  .79  .70  .56  .65  .64 
  23 HYP122M  1200 1442                           .23B .31B .58  .61  .68  .75  .68                                         
  24 HYP123M  1279 1657                                          .30A .09B .10B .44  .59  .71  .76  .74  .72  .68  .67  .60 
  25 HYP125M    56 1551  .54  .59  .54  .23B .30B .48  .39  .56  .68  .65  .61  .61  .58  .47  .43  .38  .35                
  26 HYP129M   910 1732  .54  .75  .72  .72  .80  .78  .70  .74  .77  .68  .59  .64  .81  .80  .82  .82  .78  .72  .73  .68 
  27 HYP130M   965 1621  .70  .77  .80  .78  .80  .84  .78  .68  .56  .57  .58  .60  .60  .54  .63  .74  .76  .66  .57      
  28 HYP131M  1451 1854                                                                             .56  .54  .43  .45B .53 
  29 HYP132M  1434 1960                                                                        .47  .47  .43  .64  .39  .32A
  30 HYP133M   908 1278  .50  .70  .76  .54  .55  .57                                                                       
  32 HYP141M   892 1326  .63  .69  .69  .55  .45  .54  .64  .70                                                             
  33 HYP144M  1476 1912                                                                                  .41  .57  .65  .56 
  34 HYP146M  1424 1909                                                                   .33  .46  .67  .76  .73  .79  .74 
  35 HYP148M   368 1374  .79  .71  .69  .70  .70  .74  .53  .58  .64  .55                                                   
  38 HYP160M   620 1448  .62  .63  .35  .25B .44  .55  .60  .73  .74  .53  .50  .63                                         
  39 HYP163M  1216 2009                           .44  .51  .75  .82  .69  .67  .73  .77  .77  .79  .71  .64  .71  .83  .76 
  40 HYP167M  1449 2009                                                                             .61  .56  .68  .82  .81 
  42 HYP171M   535 1399  .70  .65  .59  .26A .25A .66  .65  .56  .61  .73  .60                                              
  43 HYP172M  1063 2007  .56  .61  .55  .63  .65  .62  .66  .67  .55  .54  .57  .71  .75  .74  .74  .70  .72  .67  .71  .68 
  44 HYP173M  1428 2009                                                                        .56  .72  .59  .55  .82  .82 
  45 HYP174M   806 1300  .60  .75  .68  .59  .70  .58  .57                                                                  
  46 HYP176M  1440 2009                                                                        .51  .50  .53  .50  .50  .53 
  47 HYP179M  1198 1662                           .21B .26B .45  .57  .43  .46  .51  .66  .61  .56  .69  .74  .66  .70  .61 
  49 HYP181M  1233 1706                                .16A .32A .40  .13B .15B .49  .57  .49  .47  .52  .56  .47  .54  .59 
  50 SDH005M  1227 2008                                .28B .12B .27A .37  .38  .50  .37  .35  .54  .68  .75  .75  .76  .71 
  51 SDH006M   975 2008  .29A .39  .51  .58  .66  .59  .35  .38  .45  .46  .47  .59  .65  .54  .64  .70  .51  .41  .39  .40 
  52 SDH009M  1442 2007                                                                        .22A .32A .38  .45  .51  .59 
  53 SDH016M  1471 2001                                                                             .63  .60  .60  .71  .65 
  54 SDH021M  1418 2006                                                                   .27A .41  .63  .62  .70  .72  .61 
  55 SDH022M  1452 2008                                                                             .38  .29A .37  .46  .39 
  56 SDH023M  1400 2008                                                                   .37  .56  .72  .62  .47  .67  .67 
  57 SDH024B  1308 2008                                               .54  .60  .48  .42  .51  .62  .67  .63  .51  .76  .62 
  58 SDH027M  1399 2008                                                                   .45  .70  .81  .75  .65  .74  .69 
  59 SDH029M  1441 2008                                                                        .50  .60  .50  .49  .70  .66 
  60 SDH044M  1493 2008                                                                                  .53  .47  .66  .60 
  65 SDX017M  1382 2008                                                              .49  .44B .50  .63  .64  .62  .73  .59 
  67 SDX026M  1515 2008                                                                                       .66  .71  .62 
  68 SDX028M  1512 1897                                                                                       .39B .53  .52 
  69 SDX030M  1495 2008                                                                                  .47  .63  .60  .55 
 Av segment correlation  .59  .66  .63  .57  .60  .59  .55  .60  .62  .58  .56  .61  .63  .58  .61  .63  .59  .58  .63  .60 

 CORRELATION OF SERIES BY SEGMENTS: chin070
-----------------------------------------------------------------------------------------------------------------------------------
 Correlations of  50-year dated segments, lagged  25 years
 Flags:  A = correlation under   .3281 but highest as dated;  B = correlation higher at other than dated position

 Seq Series  Time_span  1600 1625 1650 1675 1700 1725 1750 1775 1800 1825 1850 1875 1900 1925 1950 
                        1649 1674 1699 1724 1749 1774 1799 1824 1849 1874 1899 1924 1949 1974 1999 
 --- -------- ---------  ---- ---- ---- ---- ---- ---- ---- ---- ---- ---- ---- ---- ---- ---- ---- 
   1 HYG106M   910 2009  .66  .71  .78  .69  .57  .57  .64  .52  .46  .68  .71  .67  .62  .60  .58 
   2 HYG107A  1419 2009  .59  .71  .74  .68  .69  .73  .69  .70  .71  .65  .52  .57  .74  .69  .60 
   3 HYG122M  1039 2009  .64  .78  .81  .75  .67  .57  .68  .62  .50  .63  .48  .34  .36  .52  .65 
   4 HYG126M  1481 2009  .57  .62  .55  .49  .56  .66  .70  .63  .30A .52  .65  .48  .31A .17B .32A
   7 HYP102M   606 1840  .61  .56  .45  .51  .47  .39  .61  .65                                    
   8 HYP104M   606 1689  .38  .53                                                                  
  10 HYP106M  1088 1808  .47  .70  .77  .72  .56  .49  .67                                         
  12 HYP108M   874 1757  .66  .62  .34  .03B .03B                                                  
  13 HYP109M   948 1687  .68  .70                                                                  
  14 HYP110M   935 1708  .67  .77  .74                                                             
  15 HYP111M  1512 1859  .59  .63  .32A .28A .55  .60  .51  .54  .60                               
  16 HYP113M   969 1750  .75  .77  .60  .58  .58                                                   
  17 HYP114M   692 1702  .65  .77  .81                                                             
  18 HYP116M   757 1707  .68  .71  .78                                                             
  19 HYP117M  1247 1863  .74  .73  .74  .73  .69  .63  .64  .70  .70                               
  22 HYP121M   954 1790  .70  .81  .72  .70  .64  .40                                              
  24 HYP123M  1279 1657  .69                                                                       
  26 HYP129M   910 1732  .54  .61  .68  .80                                                        
  28 HYP131M  1451 1854  .26A .31A .70  .68  .61  .45  .58  .65  .42                               
  29 HYP132M  1434 1960  .24B .36B .59  .51  .55  .59  .63  .64  .55  .43  .30B .09B .16B          
  33 HYP144M  1476 1912  .77  .83  .79  .71  .51  .47  .59  .63  .64  .68  .69                     
  34 HYP146M  1424 1909  .71  .75  .72  .76  .65  .48  .66  .67  .55  .61  .61                     
  39 HYP163M  1216 2009  .68  .77  .78  .76  .72  .64  .73  .76  .72  .57  .54  .63  .79  .83  .76 
  40 HYP167M  1449 2009  .64  .69  .72  .59  .55  .62  .72  .71  .47  .49  .69  .45  .08B .19B .44 
  43 HYP172M  1063 2007  .73  .81  .75  .73  .72  .71  .64  .57  .65  .63  .53  .57  .68  .54  .33A
  44 HYP173M  1428 2009  .62  .71  .84  .85  .82  .80  .81  .80  .70  .67  .77  .75  .64  .66  .66 
  46 HYP176M  1440 2009  .52  .66  .70  .67  .67  .67  .76  .71  .72  .72  .70  .67  .58  .60  .66 
  47 HYP179M  1198 1662  .63                                                                       
  49 HYP181M  1233 1706  .46  .54  .59                                                             
  50 SDH005M  1227 2008  .74  .77  .75  .82  .82  .75  .63  .70  .81  .67  .73  .71  .75  .77  .55 
  51 SDH006M   975 2008  .47  .48  .56  .65  .69  .51  .36  .50  .62  .61  .64  .61  .63  .65  .65 
  52 SDH009M  1442 2007  .63  .68  .59  .53  .50  .46  .46  .32B .23B .52  .54  .39  .22B .24B .48 
  53 SDH016M  1471 2001  .74  .63  .58  .77  .78  .77  .58  .54  .58  .54  .62  .69  .77  .76  .67 
  54 SDH021M  1418 2006  .58  .67  .74  .72  .70  .56  .42  .44  .62  .59  .68  .73  .74  .70  .62 
  55 SDH022M  1452 2008  .53  .53  .48  .63  .75  .68  .68  .66  .49  .52  .62  .70  .78  .71  .36 
  56 SDH023M  1400 2008  .65  .68  .61  .74  .81  .71  .61  .64  .64  .66  .61  .64  .64  .68  .72 
  57 SDH024B  1308 2008  .52  .68  .59  .67  .77  .68  .52  .49  .60  .53  .62  .66  .74  .69  .62 
  58 SDH027M  1399 2008  .68  .73  .69  .72  .77  .68  .60  .61  .59  .52  .64  .75  .72  .64  .51 
  59 SDH029M  1441 2008  .68  .78  .73  .79  .81  .71  .58  .62  .78  .67  .72  .69  .65  .67  .61 
  60 SDH044M  1493 2008  .57  .42  .49  .66  .72  .71  .66  .62  .50  .64  .54  .40  .63  .67  .65 
  61 SDX008M  1659 2008                 .24B .51  .63  .46  .49  .43  .42  .66  .69  .62  .57  .40 
  62 SDX010A  1615 2007       .40  .47  .43  .44  .48  .52  .36  .20B .29A .38  .43  .22B .33A .33A
  63 SDX015A  1624 2008       .45  .59  .39  .41B .51  .23A .14A .26A .28A .32A .38  .28B .18B .26A
  64 SDX016A  1669 2008                 .55  .67  .68  .54  .50  .58  .64  .69  .62  .68  .65  .57 
  65 SDX017M  1382 2008  .60  .70  .73  .80  .81  .74  .62  .64  .68  .73  .61  .49  .65  .67  .63 
  66 SDX022M  1678 2008                      .42  .41  .44  .45  .26B .33  .49  .35  .26B .22A .24A
  67 SDX026M  1515 2008  .37  .44  .66  .59  .61  .66  .30A .27B .51  .63  .60  .47  .56  .60  .63 
  68 SDX028M  1512 1897  .64  .72  .60  .44  .48  .56  .43  .33  .23A .14B                         
  69 SDX030M  1495 2008  .63  .54  .47  .63  .77  .75  .66  .74  .60  .49  .66  .68  .75  .73  .54 
 Av segment correlation  .60  .65  .65  .62  .63  .61  .58  .57  .54  .55  .60  .56  .56  .57  .54 

 FLAGGED SEGMENTS: chin070
-----------------------------------------------------------------------------------------------------------------------------------
 Seq Series   Segment    Flag  r dated  Best lag  r at lag   Gain  Note
 --- -------- ---------  ----  -------  --------  --------  -----  -----------------
   1 HYG106M   925  974     A     .304         0
   4 HYG126M  1800 1849     A     .297         0
   4 HYG126M  1900 1949     A     .309         0
   4 HYG126M  1925 1974     B     .167         6      .242   .075  weak at every lag
   4 HYG126M  1950 1999     A     .324         0
   5 HYP047M   350  399     B    -.056         1      .345   .402
   5 HYP047M   375  424     B     .036        10      .175   .140  weak at every lag
   6 HYP101M   800  849     A     .298         0
   6 HYP101M   850  899     B     .325        -6      .338   .013
   6 HYP101M  1050 1099     B     .402        -8      .404   .002
   6 HYP101M  1175 1224     B     .433        -9      .491   .058
   6 HYP101M  1500 1549     B     .399         7      .402   .003
   7 HYP102M   625  674     B    -.037        -8      .260   .298  weak at every lag
   7 HYP102M   650  699     B     .097        -8      .254   .157  weak at every lag
   7 HYP102M   675  724     A     .315         0
   7 HYP102M   725  774     A     .305         0
   8 HYP104M   675  724     B     .154         2      .235   .081  weak at every lag
   9 HYP105M  1000 1049     B     .068         2      .335   .267
   9 HYP105M  1025 1074     A     .266         0
   9 HYP105M  1050 1099     A     .246         0
   9 HYP105M  1075 1124     A     .321         0
  11 HYP107M   475  524     B     .416       -10      .428   .012
  11 HYP107M   550  599     B     .180        -5      .222   .042  weak at every lag
  11 HYP107M   575  624     B     .128        -3      .345   .218
  11 HYP107M   600  649     B     .244        -7      .247   .003  weak at every lag
  11 HYP107M   625  674     A     .325         0
  12 HYP108M  1675 1724     B     .033         3      .345   .312
  12 HYP108M  1700 1749     B     .027         5      .275   .248  weak at every lag
  13 HYP109M  1525 1574     B     .209         2      .516   .307
  13 HYP109M  1550 1599     B     .202         2      .472   .270
  13 HYP109M  1575 1624     A     .279         0
  15 HYP111M  1650 1699     A     .319         0
  15 HYP111M  1675 1724     A     .282         0
  19 HYP117M  1250 1299     B     .090         2      .267   .177  weak at every lag
  20 HYP119M  1175 1224     B     .255         5      .302   .047  weak at every lag
  20 HYP119M  1200 1249     A     .314         0
  20 HYP119M  1225 1274     A     .281         0
  20 HYP119M  1250 1299     B     .123         1      .184   .061  weak at every lag
  20 HYP119M  1275 1324     A     .313         0
  23 HYP122M  1225 1274     B     .227        -4      .345   .118
  23 HYP122M  1250 1299     B     .308        -4      .373   .065
  24 HYP123M  1300 1349     A     .296         0
  24 HYP123M  1325 1374     B     .091         4      .111   .019  weak at every lag
  24 HYP123M  1350 1399     B     .101       -10      .256   .154  weak at every lag
  25 HYP125M   350  399     B     .092        -1      .359   .268
  25 HYP125M   375  424     B     .274        -3      .318   .044  weak at every lag
  25 HYP125M   450  499     B    -.014         1      .424   .438
  25 HYP125M   475  524     B    -.011         1      .418   .429
  25 HYP125M   625  674     A     .327         0
  25 HYP125M   975 1024     A     .260         0
  25 HYP125M  1000 1049     B     .217        -7      .293   .076  weak at every lag
  25 HYP125M  1175 1224     B     .230         5      .418   .188
  25 HYP125M  1200 1249     B     .298         5      .408   .110
  26 HYP129M   925  974     B    -.017         1      .253   .270  weak at every lag
  26 HYP129M   950  999     A     .313         0
  28 HYP131M  1550 1599     B     .453        -5      .487   .034
  28 HYP131M  1600 1649     A     .258         0
  28 HYP131M  1625 1674     A     .313         0
  29 HYP132M  1575 1624     A     .323         0
  29 HYP132M  1600 1649     B     .239         1      .253   .014  weak at every lag
  29 HYP132M  1625 1674     B     .365        -6      .371   .006
  29 HYP132M  1850 1899     B     .298        -2      .439   .141
  29 HYP132M  1875 1924     B     .092        -2      .273   .181  weak at every lag
  29 HYP132M  1900 1949     B     .156         6      .278   .121  weak at every lag
  30 HYP133M   925  974     A     .188         0
  32 HYP141M   900  949     A     .306         0
  35 HYP148M   600  649     A     .307         0
  35 HYP148M   625  674     B     .286        -2      .290   .003  weak at every lag
  36 HYP149M   550  599     B     .210        -9      .368   .158
  37 HYP151M   650  699     A     .286         0
  38 HYP160M  1175 1224     B     .247        -9      .344   .097
  40 HYP167M  1900 1949     B     .078        -7      .227   .149  weak at every lag
  40 HYP167M  1925 1974     B     .190        -7      .372   .183
  41 HYP168M   600  649     B    -.017         3      .247   .264  weak at every lag
  42 HYP171M   550  599     A     .312         0
  42 HYP171M  1175 1224     A     .264         0
  42 HYP171M  1200 1249     A     .245         0
  43 HYP172M  1950 1999     A     .325         0
  45 HYP174M   825  874     B     .160        -2      .212   .051  weak at every lag
  45 HYP174M   850  899     B     .290        -8      .290   .000  weak at every lag
  47 HYP179M  1225 1274     B     .206        -3      .240   .034  weak at every lag
  47 HYP179M  1250 1299     B     .261        -3      .282   .021  weak at every lag
  48 HYP180M   525  574     B     .288         3      .322   .034  weak at every lag
  48 HYP180M   550  599     A     .228         0
  49 HYP181M  1250 1299     A     .163         0
  49 HYP181M  1275 1324     A     .317         0
  49 HYP181M  1325 1374     B     .132        -9      .290   .158  weak at every lag
  49 HYP181M  1350 1399     B     .146         7      .252   .106  weak at every lag
  50 SDH005M  1250 1299     B     .278        -3      .323   .045  weak at every lag
  50 SDH005M  1275 1324     B     .117        -2      .290   .173  weak at every lag
  50 SDH005M  1300 1349     A     .272         0
  51 SDH006M  1000 1049     B     .275         3      .338   .063
  51 SDH006M  1100 1149     A     .291         0
  52 SDH009M  1450 1499     A     .221         0
  52 SDH009M  1475 1524     A     .321         0
  52 SDH009M  1775 1824     B     .319         4      .330   .011
  52 SDH009M  1800 1849     B     .231         7      .270   .039  weak at every lag
  52 SDH009M  1900 1949     B     .223         2      .242   .019  weak at every lag
  52 SDH009M  1925 1974     B     .239         6      .305   .065  weak at every lag
  54 SDH021M  1425 1474     A     .274         0
  55 SDH022M  1500 1549     A     .285         0
  61 SDX008M  1675 1724     B     .235        -2      .253   .017  weak at every lag
  62 SDX010A  1800 1849     B     .203         6      .223   .020  weak at every lag
  62 SDX010A  1825 1874     A     .286         0
  62 SDX010A  1900 1949     B     .220        -9      .303   .082  weak at every lag
  62 SDX010A  1925 1974     A     .326         0
  62 SDX010A  1950 1999     A     .325         0
  63 SDX015A  1700 1749     B     .409        -4      .449   .040
  63 SDX015A  1750 1799     A     .231         0
  63 SDX015A  1775 1824     A     .142         0
  63 SDX015A  1800 1849     A     .257         0
  63 SDX015A  1825 1874     A     .280         0
  63 SDX015A  1850 1899     A     .316         0
  63 SDX015A  1900 1949     B     .278         6      .289   .011  weak at every lag
  63 SDX015A  1925 1974     B     .175         6      .467   .292
  63 SDX015A  1950 1999     A     .263         0
  65 SDX017M  1425 1474     B     .444         6      .447   .003
  66 SDX022M  1800 1849     B     .256        -4      .367   .111
  66 SDX022M  1900 1949     B     .255        -4      .297   .041  weak at every lag
  66 SDX022M  1925 1974     A     .224         0
  66 SDX022M  1950 1999     A     .241         0
  67 SDX026M  1750 1799     A     .297         0
  67 SDX026M  1775 1824     B     .275        -3      .339   .064
  68 SDX028M  1525 1574     B     .387        -2      .431   .044
  68 SDX028M  1800 1849     A     .231         0
  68 SDX028M  1825 1874     B     .137         9      .244   .107  weak at every lag

 DESCRIPTIVE STATISTICS: chin070
-----------------------------------------------------------------------------------------------------------------------------------

                                                Corr   //-------- Unfiltered --------\\  //-- dplR filtered --\\
                           No.    No.    No.    with   Mean   Max     Std   Auto   Mean   Max     Std   Auto  AR
 Seq Series   Interval   Years  Segmt  Flags   Master  msmt   msmt    dev   corr   sens  value    dev   corr  ()
 --- -------- ---------  -----  -----  -----   ------ -----  -----  -----  -----  -----  -----  -----  -----  --
   1 HYG106M   910 2009   1100     42      1    .598    .29   1.32   .176   .886   .243   1.83   .233  -.011   3
   2 HYG107A  1419 2009    591     22      0    .652    .37   1.04   .153   .726   .276   1.80   .233   .017   0
   3 HYG122M  1039 2009    971     37      0    .606    .25    .88   .131   .822   .256   1.99   .238  -.005   3
   4 HYG126M  1481 2009    529     19      4    .496    .61   1.29   .264   .882   .192   1.78   .204   .004   2
   5 HYP047M   330 1244    915     34      2    .577    .37   1.39   .150   .835   .185   1.80   .178  -.004   3
   6 HYP101M   793 1602    810     31      5    .462    .19    .73   .116   .883   .254   2.10   .249  -.005   3
   7 HYP102M   606 1840   1235     47      4    .525    .17    .49   .058   .721   .219   2.00   .213  -.005   3
   8 HYP104M   606 1689   1084     41      1    .553    .20    .81   .096   .727   .284   2.02   .271  -.004   1
   9 HYP105M   996 1454    459     17      4    .498    .28    .82   .147   .888   .215   1.94   .212   .003   2
  10 HYP106M  1088 1808    721     27      0    .563    .20    .57   .092   .772   .272   1.85   .253   .002   3
  11 HYP107M   379 1563   1185     45      5    .528    .22    .73   .110   .848   .225   1.72   .214   .001   1
  12 HYP108M   874 1757    884     33      2    .562    .26    .70   .132   .735   .308   2.05   .263   .001   2
  13 HYP109M   948 1687    740     27      3    .556    .26    .83   .176   .910   .261   2.19   .251  -.006   3
  14 HYP110M   935 1708    774     29      0    .622    .40   1.16   .194   .827   .245   2.00   .224  -.009   3
  15 HYP111M  1512 1859    348     12      2    .443    .58    .91   .134   .712   .147   1.52   .151  -.002   1
  16 HYP113M   969 1750    782     30      0    .644    .24    .75   .126   .782   .320   2.21   .283  -.021   3
  17 HYP114M   692 1702   1011     39      0    .660    .18    .77   .110   .735   .384   2.13   .314  -.011   3
  18 HYP116M   757 1707    951     36      0    .703    .41   1.08   .174   .748   .264   2.17   .250  -.009   3
  19 HYP117M  1247 1863    617     23      1    .628    .35    .85   .157   .642   .323   1.94   .270   .037   0
  20 HYP119M   528 1367    840     31      5    .532    .31   1.42   .250   .918   .322   2.32   .294  -.003   2
  21 HYP120M  1104 1556    453     16      0    .607    .29    .98   .150   .870   .235   1.61   .225   .001   2
  22 HYP121M   954 1790    837     31      0    .679    .18    .80   .124   .858   .315   2.25   .281   .001   2
  23 HYP122M  1200 1442    243      7      2    .518    .32   1.07   .215   .931   .250   1.74   .230  -.007   3
  24 HYP123M  1279 1657    379     13      3    .559    .44   1.33   .236   .907   .181   1.65   .179   .004   1
  25 HYP125M    56 1551   1496     47      9    .422    .16    .71   .097   .797   .348   2.35   .303  -.023   0
  26 HYP129M   910 1732    823     31      2    .637    .22    .60   .109   .818   .248   2.27   .238  -.004   1
  27 HYP130M   965 1621    657     24      0    .601    .28   1.22   .191   .913   .269   2.12   .255  -.000   2
  28 HYP131M  1451 1854    404     14      3    .448    .36   1.06   .205   .918   .213   2.11   .226   .021   1
  29 HYP132M  1434 1960    527     19      6    .423    .37    .96   .170   .845   .211   1.68   .206  -.011   1
  30 HYP133M   908 1278    371     13      1    .528    .37   1.27   .239   .932   .222   1.81   .215  -.002   3
  31 HYP137M   625 1145    521     18      0    .698    .39   1.29   .231   .758   .365   1.80   .312   .011   1
  32 HYP141M   892 1326    435     16      1    .594    .34   1.02   .223   .769   .455   2.07   .373   .011   0
  33 HYP144M  1476 1912    437     15      0    .596    .56   1.57   .367   .944   .261   2.63   .266  -.007   1
  34 HYP146M  1424 1909    486     18      0    .638    .47   1.51   .259   .919   .186   1.58   .176  -.001   1
  35 HYP148M   368 1374   1007     39      2    .577    .25    .67   .097   .767   .224   1.97   .213  -.015   3
  36 HYP149M   528  900    373     13      1    .501    .62   1.29   .259   .668   .307   1.71   .271   .065   0
  37 HYP151M   642 1137    496     18      1    .633    .49   1.22   .228   .677   .333   1.72   .292   .001   2
  38 HYP160M   620 1448    829     31      1    .537    .28    .95   .149   .762   .317   2.14   .278  -.002   2
  39 HYP163M  1216 2009    794     30      0    .691    .25    .59   .109   .591   .360   2.07   .288  -.030   0
  40 HYP167M  1449 2009    561     20      2    .537    .40   1.28   .234   .947   .165   1.67   .173  -.019   3
  41 HYP168M   591 1051    461     17      1    .660    .36   1.56   .255   .926   .259   1.84   .238   .002   2
  42 HYP171M   535 1399    865     33      3    .581    .22   1.17   .224   .928   .370   2.09   .304  -.002   1
  43 HYP172M  1063 2007    945     36      1    .625    .24    .61   .101   .842   .203   1.72   .194  -.011   3
  44 HYP173M  1428 2009    582     21      0    .706    .34    .69   .103   .532   .236   1.55   .207   .025   0
  45 HYP174M   806 1300    495     18      2    .569    .39   1.29   .248   .952   .177   1.70   .180   .004   3
  46 HYP176M  1440 2009    570     21      0    .606    .34    .96   .185   .881   .239   1.73   .219   .006   2
  47 HYP179M  1198 1662    465     16      2    .510    .41   1.11   .180   .884   .172   1.61   .169  -.007   3
  48 HYP180M   510 1046    537     19      2    .525    .49   1.71   .317   .906   .239   1.89   .230  -.009   3
  49 HYP181M  1233 1706    474     17      4    .457    .33   1.07   .206   .907   .239   1.77   .225  -.006   3
  50 SDH005M  1227 2008    782     29      3    .559    .29   1.06   .117   .782   .214   2.12   .210   .004   2
  51 SDH006M   975 2008   1034     39      2    .514    .29    .76   .108   .667   .241   2.05   .217  -.008   3
  52 SDH009M  1442 2007    566     21      6    .423    .46   1.54   .296   .934   .201   2.03   .191   .002   1
  53 SDH016M  1471 2001    531     20      0    .663    .31    .69   .113   .758   .223   1.65   .209  -.005   3
  54 SDH021M  1418 2006    589     22      1    .598    .41   1.76   .265   .901   .253   1.70   .226  -.005   3
  55 SDH022M  1452 2008    557     20      1    .509    .43   1.06   .215   .930   .187   1.65   .181  -.001   2
  56 SDH023M  1400 2008    609     22      0    .632    .37   1.88   .231   .875   .279   1.70   .253   .012   1
  57 SDH024B  1308 2008    701     26      0    .598    .29   2.20   .219   .879   .334   2.05   .292  -.016   3
  58 SDH027M  1399 2008    610     22      0    .643    .41   1.81   .288   .908   .253   1.90   .217  -.020   3
  59 SDH029M  1441 2008    568     21      0    .664    .47   2.27   .251   .920   .174   1.50   .168   .005   1
  60 SDH044M  1493 2008    516     19      0    .592    .45   1.24   .188   .850   .194   1.45   .187  -.005   1
  61 SDX008M  1659 2008    350     12      1    .450    .62   1.54   .279   .898   .164   1.47   .161   .001   2
  62 SDX010A  1615 2007    393     14      5    .380    .65   1.72   .238   .910   .122   1.44   .128   .014   1
  63 SDX015A  1624 2008    385     14      9    .339    .60   1.88   .450   .946   .203   2.26   .214  -.012   1
  64 SDX016A  1669 2008    340     12      0    .609    .55   1.17   .218   .646   .284   1.91   .262   .005   1
  65 SDX017M  1382 2008    627     23      1    .632    .35    .89   .135   .611   .295   1.70   .250  -.003   0
  66 SDX022M  1678 2008    331     11      4    .361    .82   1.92   .270   .857   .137   1.46   .139   .021   1
  67 SDX026M  1515 2008    494     18      2    .552    .31   1.07   .141   .786   .242   1.91   .222  -.003   2
  68 SDX028M  1512 1897    386     13      3    .463    .64   1.80   .317   .903   .170   1.54   .166   .002   3
  69 SDX030M  1495 2008    514     19      0    .616    .29    .69   .121   .692   .268   1.83   .248   .004   3
 --- -------- ---------  -----  -----  -----   ------ -----  -----  -----  -----  -----  -----  -----  -----  --
 Total or mean:          44953   1650    126    .570    .33   2.27   .173   .817   .258   2.63   .236  -.003

 DATA CHECKS (rwl.check): chin070
-----------------------------------------------------------------------------------------------------------------------------------
 rwl.check: data_files/treering/measurements/asia/chin070.rwl
 69 series, 44953 measurements, 56-2009, 0.001 mm precision
 0 error(s), 0 warning(s), 1 note(s)
 -------------
 Nothing to report at this severity.
 1 note(s) not shown; see rwl.check() or the 'check' element of this report.

 NOTES
-----------------------------------------------------------------------------------------------------------------------------------
 Report generated using dplR 1.8.1 (R 4.5.2) on 2026-10-01 16:56 PDT.
 Measurement file chin070.rwl, MD5 fd4b25be021e9da1b742416b34fe724b.
 Filtering: each series divided by a 32-year smoothing spline (caps()), then prewhitened with
   an AR model (order by AIC, at most 3).
 Master: biweight robust mean of the other series (leave-one-out).
 Correlation: Pearson, one-tailed, pcrit = 0.01; critical r = 0.3281 for 50-year segments.
 Segments: 50 years, lagged 25, first segment floored to 100. Lags searched: +/- 10 years.
 A segment is tested only where the series and the master cover all of it, at the dated
   position and at every lag. COFECHA also tests partial segments at the ends of a series, so
   series here may show fewer segments, and no flags can be raised at the ends of the record.
 Lags follow COFECHA: negative means rings are probably missing from the series, positive means
   false rings. A missing ring carries its lag into every segment before it, so look where the
   lag changes along a series. A B flag is a hypothesis to check on the wood; the gain says how
   seriously to take it.
 A B flag marked "weak at every lag" correlates under the critical value even at its best lag:
   the segment is weak wherever it is placed, and the shift is not evidence of a dating error.
   Treat it as a low correlation, like an A.
 Averages in the summary and the totals are weighted by the number of years in each series, as
   COFECHA's are.
 Unfiltered block and mean sensitivity: the measurements as read, and sens1().
 dplR filtered block: the series that was correlated, after filtering. COFECHA's filtered
   series is defined differently, so these three columns are not COFECHA's numbers.
 AR: order of the AR model used to prewhiten.
