
 COFECHA-style crossdating report: chin054
 Report generated using dplR 1.8.1 (R 4.5.2) on 2026-10-01 16:54 PDT
 Built with dplR's xdate.report(), not COFECHA; see the notes at the end.


      Measurement file name  : chin054.rwl
      MD5 of measurement file: e418ddc153b8ee3a776313aa56f6874e
      Date checked           : 01OCT26
      Beginning year         : 711
      Ending year            : 2003
      Principal investigators: Shao, X.
      Site name              : Delingha DLH5
      Species information    : JUPR Juniperus przewalskii Komarov = Sabina przewalskii Komarov
      Latitude               : 37.4497 N
      Longitude              : 97.7853 E
      Elevation              : 3700 m

      Series intercorrelation: 0.828
      Avg mean sensitivity   : 0.617
      Avg standard deviation : 0.167
      Avg autocorrelation    : 0.600
      Number dated series    : 65
      Segment length tested  : 50

      Number problem segments: 2  (A 2, B 0)
      Pct problem segments   : 0.12


 CORRELATION OF SERIES BY SEGMENTS: chin054
-----------------------------------------------------------------------------------------------------------------------------------
 Correlations of  50-year dated segments, lagged  25 years
 Flags:  A = correlation under   .3281 but highest as dated;  B = correlation higher at other than dated position

 Seq Series  Time_span   800  825  850  875  900  925  950  975 1000 1025 1050 1075 1100 1125 1150 1175 1200 1225 1250 1275 
                         849  874  899  924  949  974  999 1024 1049 1074 1099 1124 1149 1174 1199 1224 1249 1274 1299 1324 
 --- -------- ---------  ---- ---- ---- ---- ---- ---- ---- ---- ---- ---- ---- ---- ---- ---- ---- ---- ---- ---- ---- ---- 
   1 DLH503A1  757 1000  .53  .46  .50  .72  .74  .76  .74                                                                  
   2 DLH503A2 1150 2002                                                                             .50  .59  .67  .76  .83 
   3 DLH503B   760 1780  .55  .44  .51  .68  .77  .72  .63  .57  .57  .56  .73  .64  .67  .75  .61  .36  .37  .29A .46  .80 
   4 DLH511A  1020 2002                                               .62  .66  .78  .89  .89  .86  .89  .95  .91  .91  .93 
   5 DLH511C  1121 2002                                                                   .80  .84  .87  .93  .92  .93  .96 
   6 DLH512A   866 2002                 .83  .60  .48  .63  .80  .75  .77  .83  .72  .70  .81  .67  .61  .89  .83  .80  .85 
   7 DLH512B   822 2002       .74  .76  .82  .59  .51  .67  .89  .83  .74  .77  .77  .83  .86  .78  .72  .80  .89  .89  .91 
   8 DLH513A  1079 2002                                                              .91  .89  .89  .90  .84  .85  .88  .87 
   9 DLH513B  1070 2002                                                         .89  .91  .89  .88  .82  .77  .82  .85  .90 
  10 DLH515A  1057 1810                                                         .77  .77  .79  .80  .84  .87  .84  .79  .84 
  11 DLH515B1  972 1700                                     .78  .78  .84  .83  .82  .82  .87  .86  .81  .83  .78  .84  .89 
  12 DLH518A  1059 2002                                                         .75  .78  .70  .71  .81  .80  .71  .70  .70 
  13 DLH526A  1049 2002                                                    .53  .84  .90  .86  .65  .51  .79  .89  .79  .77 
  14 DLH526B   965 1694                                     .70  .71  .59  .58  .79  .88  .78  .64  .62  .78  .92  .91  .90 
  15 DLH529A  1059 2002                                                         .78  .86  .94  .94  .90  .91  .94  .94  .94 
  16 DLH529B1 1097 1437                                                              .86  .91  .92  .88  .90  .88  .86  .88 
  18 DLH531B  1014 2002                                               .69  .81  .63  .60  .76  .80  .81  .88  .87  .83  .83 
  19 DLH533A  1041 2002                                                    .66  .70  .74  .82  .64  .48  .64  .60  .57  .74 
  20 DLH533B  1030 2002                                                    .71  .69  .70  .80  .58  .42  .75  .68  .56  .72 
  21 DLH535A  1056 2002                                                         .79  .74  .49  .54  .90  .87  .80  .76  .74 
  22 DLH536A1  987 1420                                          .77  .75  .81  .88  .90  .89  .90  .89  .86  .90  .90  .89 
  24 DLH537A   884 1470                      .71  .74  .80  .76  .74  .76  .57  .64  .81  .86  .88  .90  .89  .88  .89  .91 
  25 DLH537B  1079 2003                                                              .80  .87  .89  .89  .86  .85  .87  .88 
  26 DLH538A1  971 1551                                     .78  .87  .86  .88  .90  .90  .90  .89  .88  .90  .77  .78  .90 
  28 DLH538B1  965 1156                                     .72  .66  .67  .81  .92  .73                                    
  29 DLH539A1  979 1270                                          .88  .88  .92  .93  .90  .92  .93  .88  .86                
  31 DLH539B1  967 1230                                     .75  .75  .68  .77  .90  .84  .69  .72  .83                     
  32 DLH539C   957 2003                                     .84  .85  .90  .85  .85  .85  .83  .82  .81  .83  .81  .69  .75 
  33 DLH540A  1067 2003                                                         .87  .91  .92  .91  .85  .86  .92  .86  .81 
  34 DLH540B   954 2003                                     .86  .84  .85  .87  .90  .92  .93  .94  .91  .90  .93  .91  .89 
  35 DLH541A1  736 1150  .70  .74  .83  .87  .86  .88  .86  .86  .90  .85  .83  .82  .48                                    
  36 DLH541A2 1200 2003                                                                                       .78  .70  .80 
  37 DLH541B1  747 1450  .70  .78  .84  .87  .84  .89  .91  .87  .85  .79  .76  .79  .87  .87  .82  .82  .87  .80  .65  .74 
  38 DLH542B1  711 1130  .57  .57  .82  .83  .80  .83  .85  .88  .90  .88  .87  .83                                         
  39 DLH542D1  802 1130       .61  .77  .79  .78  .85  .89  .87  .84  .83  .86  .83                                         
  40 DLH543A1 1043 1789                                                    .84  .92  .94  .91  .90  .92  .92  .93  .92  .95 
  41 DLH543B1 1048 1792                                                         .93  .89  .88  .89  .92  .93  .90  .91  .95 
  42 DLH544A1 1020 1780                                               .88  .90  .90  .85  .83  .86  .88  .92  .90  .79  .81 
  43 DLH544B1 1028 1650                                                    .89  .92  .91  .81  .80  .88  .94  .91  .88  .90 
  44 DLH545A  1072 2002                                                         .92  .94  .75  .74  .91  .86  .88  .88  .79 
  45 DLH545B1 1037 1452                                                    .86  .91  .90  .86  .82  .80  .93  .93  .91  .93 
  47 DLH546A1 1018 1565                                               .54  .57  .73  .75  .83  .87  .85  .87  .84  .78  .84 
  49 DLH546B1 1022 1550                                               .48  .47  .66  .77  .83  .87  .87  .89  .85  .76  .84 
  51 DLH547A1 1050 1630                                                         .50  .71  .84  .75  .73  .72  .65  .72  .73 
  52 DLH547B1 1037 1630                                                    .57  .67  .78  .75  .70  .77  .80  .72  .74  .77 
  53 DLH548A  1041 1790                                                    .86  .65  .67  .84  .89  .90  .92  .94  .93  .93 
  54 DLH548B1 1057 1692                                                         .92  .91  .93  .94  .92  .92  .92  .94  .94 
  55 DLH549A1 1022 1400                                               .74  .82  .85  .87  .65  .60  .83  .84  .87  .92  .90 
  56 DLH549B1 1024 1420                                                    .89  .89  .91  .94  .89  .88  .87  .89  .85  .84 
  57 DLH551B1 1028 1400                                                    .85  .88  .92  .93  .92  .90  .87  .87  .87  .88 
  58 DLH552A1 1083 1449                                                              .86  .90  .88  .83  .92  .87  .79  .76 
  60 DLH552B1 1032 1483                                                    .71  .76  .82  .83  .80  .76  .87  .82  .76  .84 
  62 DLH553A  1085 2002                                                              .86  .82  .83  .85  .91  .91  .94  .95 
  63 DLH553B  1190 2002                                                                                  .92  .91  .91  .94 
  64 DLH556B  1095 2002                                                              .86  .89  .90  .90  .89  .85  .81  .76 
  65 DLH557A  1079 2002                                                              .81  .78  .82  .90  .88  .89  .90  .93 
 Av segment correlation  .61  .62  .72  .80  .75  .74  .78  .80  .79  .75  .77  .81  .82  .84  .81  .81  .85  .84  .82  .85 

 CORRELATION OF SERIES BY SEGMENTS: chin054
-----------------------------------------------------------------------------------------------------------------------------------
 Correlations of  50-year dated segments, lagged  25 years
 Flags:  A = correlation under   .3281 but highest as dated;  B = correlation higher at other than dated position

 Seq Series  Time_span  1300 1325 1350 1375 1400 1425 1450 1475 1500 1525 1550 1575 1600 1625 1650 1675 1700 1725 1750 1775 
                        1349 1374 1399 1424 1449 1474 1499 1524 1549 1574 1599 1624 1649 1674 1699 1724 1749 1774 1799 1824 
 --- -------- ---------  ---- ---- ---- ---- ---- ---- ---- ---- ---- ---- ---- ---- ---- ---- ---- ---- ---- ---- ---- ---- 
   2 DLH503A2 1150 2002  .70  .49  .59  .76  .72  .64  .57  .60  .75  .69  .61  .68  .70  .68  .74  .81  .77  .74  .78  .85 
   3 DLH503B   760 1780  .81  .74  .73  .79  .76  .77  .77  .73  .74  .74  .72  .70  .60  .51  .42  .58  .53  .29A          
   4 DLH511A  1020 2002  .92  .85  .92  .94  .93  .93  .96  .93  .87  .93  .95  .95  .94  .91  .88  .89  .89  .90  .86  .90 
   5 DLH511C  1121 2002  .94  .88  .90  .93  .92  .90  .89  .86  .85  .90  .91  .92  .93  .89  .89  .93  .93  .94  .86  .89 
   6 DLH512A   866 2002  .85  .84  .86  .87  .91  .88  .91  .92  .84  .87  .89  .87  .85  .87  .89  .88  .85  .88  .91  .90 
   7 DLH512B   822 2002  .92  .88  .85  .87  .94  .87  .90  .94  .90  .89  .89  .86  .89  .89  .83  .86  .85  .85  .93  .93 
   8 DLH513A  1079 2002  .86  .76  .84  .91  .88  .90  .91  .87  .83  .88  .90  .93  .90  .90  .88  .87  .86  .82  .77  .86 
   9 DLH513B  1070 2002  .89  .77  .85  .90  .90  .93  .94  .89  .81  .86  .89  .90  .93  .92  .90  .83  .84  .91  .82  .84 
  10 DLH515A  1057 1810  .86  .77  .82  .72  .60  .73  .84  .83  .85  .87  .88  .89  .86  .80  .76  .78  .76  .75  .72      
  11 DLH515B1  972 1700  .88  .83  .85  .87  .88  .85  .86  .86  .77  .78  .85  .84  .85  .83  .79                          
  12 DLH518A  1059 2002  .65  .66  .75  .75  .83  .91  .92  .91  .78  .75  .86  .87  .78  .76  .82  .88  .92  .89  .87  .87 
  13 DLH526A  1049 2002  .81  .82  .80  .87  .83  .83  .90  .88  .77  .81  .85  .91  .90  .82  .81  .87  .90  .88  .87  .88 
  14 DLH526B   965 1694  .90  .87  .81  .85  .87  .88  .88  .81  .75  .85  .91  .92  .89  .77                               
  15 DLH529A  1059 2002  .93  .84  .85  .89  .82  .79  .88  .93  .90  .90  .93  .96  .93  .80  .78  .90  .88  .82  .86  .90 
  16 DLH529B1 1097 1437  .89  .88  .83  .80                                                                                 
  17 DLH529B2 1500 2002                                               .83  .75  .79  .83  .84  .88  .86  .83  .75  .82  .90 
  18 DLH531B  1014 2002  .83  .73  .72  .81  .85  .80  .81  .85  .84  .82  .88  .88  .87  .85  .83  .90  .93  .92  .90  .86 
  19 DLH533A  1041 2002  .80  .69  .77  .83  .81  .73  .72  .65  .63  .81  .78  .79  .67  .65  .81  .81  .72  .70  .81  .86 
  20 DLH533B  1030 2002  .82  .72  .79  .83  .80  .77  .80  .76  .65  .75  .85  .88  .89  .88  .85  .82  .82  .77  .75  .80 
  21 DLH535A  1056 2002  .76  .87  .81  .83  .84  .86  .90  .87  .80  .85  .92  .92  .87  .86  .83  .84  .85  .85  .91  .86 
  22 DLH536A1  987 1420  .89  .83  .82                                                                                      
  23 DLH536A2 1480 2003                                          .87  .87  .89  .83  .81  .85  .86  .83  .81  .76  .81  .86 
  24 DLH537A   884 1470  .90  .76  .78  .79  .74                                                                            
  25 DLH537B  1079 2003  .83  .75  .77  .80  .77  .82  .91  .91  .88  .89  .86  .86  .84  .86  .90  .88  .87  .88  .85  .91 
  26 DLH538A1  971 1551  .90  .85  .87  .91  .89  .78  .83  .88  .90                                                        
  27 DLH538A2 1571 2003                                                         .92  .91  .89  .88  .91  .89  .86  .67  .71 
  30 DLH539A2 1599 1995                                                                   .91  .90  .77  .68  .69  .83  .92 
  32 DLH539C   957 2003  .82  .75  .83  .81  .83  .85  .82  .82  .86  .85  .92  .93  .90  .90  .89  .86  .86  .86  .90  .88 
  33 DLH540A  1067 2003  .80  .78  .81  .88  .91  .90  .86  .83  .84  .88  .88  .88  .89  .91  .89  .89  .89  .88  .89  .90 
  34 DLH540B   954 2003  .87  .86  .88  .90  .92  .95  .89  .88  .93  .93  .92  .91  .90  .91  .90  .91  .88  .81  .86  .90 
  36 DLH541A2 1200 2003  .86  .89  .88  .78  .79  .79  .84  .80  .76  .84  .90  .88  .89  .90  .88  .91  .93  .92  .72  .76 
  37 DLH541B1  747 1450  .84  .86  .81  .87  .89                                                                            
  40 DLH543A1 1043 1789  .95  .87  .92  .93  .95  .96  .92  .89  .87  .90  .95  .95  .94  .94  .90  .86  .88  .89           
  41 DLH543B1 1048 1792  .95  .92  .93  .94  .95  .95  .94  .92  .89  .91  .95  .96  .94  .94  .95  .92  .91  .91           
  42 DLH544A1 1020 1780  .87  .86  .85  .88  .92  .92  .84  .77  .72  .79  .92  .93  .95  .94  .94  .90  .89  .92           
  43 DLH544B1 1028 1650  .90  .84  .87  .90  .88  .89  .88  .82  .76  .81  .93  .92  .90                                    
  44 DLH545A  1072 2002  .75  .81  .83  .86  .87  .91  .90  .86  .89  .92  .88  .92  .95  .94  .93  .93  .89  .79  .85  .90 
  45 DLH545B1 1037 1452  .92  .83  .84  .85  .85                                                                            
  46 DLH545B2 1560 2002                                                         .91  .92  .94  .93  .92  .81  .73  .88  .90 
  47 DLH546A1 1018 1565  .84  .69  .51  .60  .77  .85  .90  .86  .76                                                        
  48 DLH546A2 1580 2002                                                              .75  .75  .84  .84  .83  .75  .79  .88 
  49 DLH546B1 1022 1550  .85  .76  .67  .75  .82  .87  .91  .91  .86                                                        
  50 DLH546B2 1578 2002                                                              .80  .80  .83  .81  .84  .85  .85  .89 
  51 DLH547A1 1050 1630  .68  .54  .62  .71  .83  .50  .58  .81  .83  .85  .73  .66                                         
  52 DLH547B1 1037 1630  .78  .66  .63  .71  .81  .46  .58  .82  .82  .87  .78  .71                                         
  53 DLH548A  1041 1790  .93  .92  .91  .92  .88  .85  .89  .87  .85  .91  .95  .94  .92  .83  .83  .89  .83  .71           
  54 DLH548B1 1057 1692  .93  .89  .92  .94  .84  .83  .89  .88  .84  .89  .94  .93  .91  .91                               
  55 DLH549A1 1022 1400  .88  .73  .77                                                                                      
  56 DLH549B1 1024 1420  .86  .75  .82                                                                                      
  57 DLH551B1 1028 1400  .92  .83  .80                                                                                      
  58 DLH552A1 1083 1449  .76  .82  .87  .90  .86                                                                            
  59 DLH552A2 1550 2002                                                         .90  .92  .92  .86  .87  .90  .89  .89  .85 
  60 DLH552B1 1032 1483  .83  .81  .89  .89  .89  .86                                                                       
  61 DLH552B2 1570 2002                                                         .89  .94  .91  .82  .86  .89  .85  .85  .81 
  62 DLH553A  1085 2002  .94  .88  .90  .93  .93  .94  .93  .89  .89  .94  .94  .96  .95  .96  .96  .90  .90  .94  .86  .91 
  63 DLH553B  1190 2002  .94  .87  .88  .92  .92  .92  .93  .90  .89  .91  .90  .93  .93  .95  .94  .93  .93  .92  .87  .89 
  64 DLH556B  1095 2002  .78  .88  .87  .82  .87  .92  .93  .93  .91  .89  .88  .88  .93  .91  .90  .90  .83  .77  .84  .92 
  65 DLH557A  1079 2002  .89  .80  .91  .87  .87  .91  .92  .87  .79  .86  .93  .93  .92  .90  .88  .85  .84  .83  .84  .87 
 Av segment correlation  .85  .80  .82  .85  .85  .84  .86  .85  .82  .85  .88  .88  .88  .86  .85  .86  .85  .82  .84  .87 

 CORRELATION OF SERIES BY SEGMENTS: chin054
-----------------------------------------------------------------------------------------------------------------------------------
 Correlations of  50-year dated segments, lagged  25 years
 Flags:  A = correlation under   .3281 but highest as dated;  B = correlation higher at other than dated position

 Seq Series  Time_span  1800 1825 1850 1875 1900 1925 1950 
                        1849 1874 1899 1924 1949 1974 1999 
 --- -------- ---------  ---- ---- ---- ---- ---- ---- ---- 
   2 DLH503A2 1150 2002  .81  .71  .66  .74  .72  .59  .69 
   4 DLH511A  1020 2002  .93  .90  .87  .90  .90  .90  .90 
   5 DLH511C  1121 2002  .92  .90  .91  .90  .86  .87  .88 
   6 DLH512A   866 2002  .89  .86  .85  .83  .83  .85  .88 
   7 DLH512B   822 2002  .87  .81  .83  .86  .86  .87  .90 
   8 DLH513A  1079 2002  .90  .86  .85  .86  .87  .86  .91 
   9 DLH513B  1070 2002  .92  .93  .89  .89  .89  .85  .89 
  12 DLH518A  1059 2002  .82  .76  .86  .91  .86  .82  .84 
  13 DLH526A  1049 2002  .86  .79  .77  .82  .79  .78  .78 
  15 DLH529A  1059 2002  .90  .89  .83  .78  .79  .79  .69 
  17 DLH529B2 1500 2002  .90  .87  .79  .74  .79  .78  .67 
  18 DLH531B  1014 2002  .86  .87  .85  .85  .81  .79  .86 
  19 DLH533A  1041 2002  .87  .81  .69  .69  .60  .59  .72 
  20 DLH533B  1030 2002  .77  .72  .78  .68  .46  .40  .71 
  21 DLH535A  1056 2002  .73  .66  .77  .86  .84  .74  .80 
  23 DLH536A2 1480 2003  .76  .69  .78  .81  .79  .82  .87 
  25 DLH537B  1079 2003  .93  .89  .88  .80  .75  .83  .86 
  27 DLH538A2 1571 2003  .74  .69  .87  .84  .75  .74  .87 
  30 DLH539A2 1599 1995  .91  .89  .90  .90  .86  .85      
  32 DLH539C   957 2003  .87  .89  .85  .88  .89  .87  .88 
  33 DLH540A  1067 2003  .92  .92  .87  .89  .85  .83  .92 
  34 DLH540B   954 2003  .90  .90  .92  .90  .88  .90  .92 
  36 DLH541A2 1200 2003  .87  .83  .83  .91  .91  .82  .80 
  44 DLH545A  1072 2002  .86  .83  .92  .95  .90  .88  .91 
  46 DLH545B2 1560 2002  .85  .83  .91  .94  .93  .91  .95 
  48 DLH546A2 1580 2002  .90  .85  .80  .80  .80  .81  .81 
  50 DLH546B2 1578 2002  .92  .90  .86  .88  .82  .78  .85 
  59 DLH552A2 1550 2002  .86  .90  .85  .89  .86  .84  .87 
  61 DLH552B2 1570 2002  .82  .87  .82  .80  .83  .89  .89 
  62 DLH553A  1085 2002  .94  .88  .89  .92  .90  .89  .89 
  63 DLH553B  1190 2002  .93  .94  .91  .93  .92  .91  .83 
  64 DLH556B  1095 2002  .93  .90  .88  .89  .88  .85  .86 
  65 DLH557A  1079 2002  .86  .82  .74  .81  .88  .89  .90 
 Av segment correlation  .87  .84  .84  .85  .83  .81  .84 

 FLAGGED SEGMENTS: chin054
-----------------------------------------------------------------------------------------------------------------------------------
 Seq Series   Segment    Flag  r dated  Best lag  r at lag   Gain  Note
 --- -------- ---------  ----  -------  --------  --------  -----  -----------------
   3 DLH503B  1225 1274     A     .287         0
   3 DLH503B  1725 1774     A     .295         0

 DESCRIPTIVE STATISTICS: chin054
-----------------------------------------------------------------------------------------------------------------------------------

                                                Corr   //-------- Unfiltered --------\\  //-- dplR filtered --\\
                           No.    No.    No.    with   Mean   Max     Std   Auto   Mean   Max     Std   Auto  AR
 Seq Series   Interval   Years  Segmt  Flags   Master  msmt   msmt    dev   corr   sens  value    dev   corr  ()
 --- -------- ---------  -----  -----  -----   ------ -----  -----  -----  -----  -----  -----  -----  -----  --
   1 DLH503A1  757 1000    244      7      0    .648    .24    .89   .141   .730   .360   2.02   .330   .052   0
   2 DLH503A2 1150 2002    853     32      0    .685    .12    .40   .063   .360   .553   3.22   .449   .001   3
   3 DLH503B   760 1780   1021     38      2    .623    .16    .83   .113   .755   .434   2.37   .365  -.011   3
   4 DLH511A  1020 2002    983     38      0    .898    .26    .82   .157   .607   .576   2.80   .458  -.010   3
   5 DLH511C  1121 2002    882     34      0    .892    .23    .77   .145   .517   .626   3.14   .491  -.009   3
   6 DLH512A   866 2002   1137     44      0    .833    .19    .97   .142   .802   .522   3.10   .446  -.015   3
   7 DLH512B   822 2002   1181     46      0    .849    .20   1.24   .168   .844   .523   3.22   .437  -.015   3
   8 DLH513A  1079 2002    924     35      0    .871    .21    .67   .126   .569   .575   2.62   .449  -.007   3
   9 DLH513B  1070 2002    933     36      0    .878    .27    .82   .141   .492   .511   2.60   .407  -.006   3
  10 DLH515A  1057 1810    754     28      0    .783    .16    .84   .136   .485   .839   3.17   .624  -.007   0
  11 DLH515B1  972 1700    729     28      0    .831    .31   1.62   .261   .712   .683   3.73   .553  -.017   0
  12 DLH518A  1059 2002    944     36      0    .797    .19    .59   .133   .506   .716   2.93   .541   .001   1
  13 DLH526A  1049 2002    954     37      0    .819    .21   1.18   .188   .732   .760   3.70   .590   .002   1
  14 DLH526B   965 1694    730     27      0    .797    .25    .91   .189   .727   .705   4.22   .580  -.002   1
  15 DLH529A  1059 2002    944     36      0    .858    .26   1.19   .188   .661   .638   2.56   .509   .005   1
  16 DLH529B1 1097 1437    341     12      0    .840    .22    .66   .130   .585   .584   2.74   .481  -.001   1
  17 DLH529B2 1500 2002    503     18      0    .810    .15    .69   .117   .550   .757   2.97   .594   .004   2
  18 DLH531B  1014 2002    989     38      0    .814    .17    .65   .103   .608   .540   2.78   .441   .003   1
  19 DLH533A  1041 2002    962     37      0    .712    .20    .86   .123   .601   .519   2.18   .395  -.002   2
  20 DLH533B  1030 2002    973     37      0    .728    .22   1.28   .154   .723   .509   2.33   .392  -.002   2
  21 DLH535A  1056 2002    947     36      0    .799    .16    .52   .103   .667   .551   3.30   .458  -.000   1
  22 DLH536A1  987 1420    434     15      0    .847    .43    .98   .176   .513   .400   2.23   .341  -.012   3
  23 DLH536A2 1480 2003    524     19      0    .826    .31    .92   .176   .675   .484   2.72   .404  -.001   3
  24 DLH537A   884 1470    587     21      0    .822    .22    .80   .123   .538   .575   2.60   .453  -.012   3
  25 DLH537B  1079 2003    925     35      0    .856    .18    .63   .109   .372   .719   3.10   .537  -.005   3
  26 DLH538A1  971 1551    581     22      0    .864    .25   1.04   .217   .824   .645   3.32   .542   .000   1
  27 DLH538A2 1571 2003    433     16      0    .815    .15    .61   .125   .520   .835   3.37   .646  -.014   3
  28 DLH538B1  965 1156    192      6      0    .722    .46    .95   .240   .836   .352   2.29   .330   .003   1
  29 DLH539A1  979 1270    292      9      0    .893    .35   1.51   .284   .803   .523   2.65   .450   .052   0
  30 DLH539A2 1599 1995    397     13      0    .814    .16    .57   .107   .277   .791   2.89   .582  -.025   3
  31 DLH539B1  967 1230    264      9      0    .761    .44   1.64   .337   .853   .470   2.88   .412  -.038   3
  32 DLH539C   957 2003   1047     40      0    .846    .29   1.74   .245   .770   .648   2.77   .496  -.012   3
  33 DLH540A  1067 2003    937     36      0    .873    .18    .77   .118   .546   .647   2.92   .485  -.009   3
  34 DLH540B   954 2003   1050     40      0    .889    .19    .71   .134   .689   .617   3.08   .488  -.004   3
  35 DLH541A1  736 1150    415     13      0    .742    .35    .82   .166   .541   .433   1.88   .339  -.005   3
  36 DLH541A2 1200 2003    804     30      0    .832    .14    .49   .097   .370   .830   3.38   .611  -.006   3
  37 DLH541B1  747 1450    704     25      0    .809    .24    .96   .184   .752   .555   3.38   .457   .036   0
  38 DLH542B1  711 1130    420     12      0    .779    .24   1.18   .170   .632   .637   3.06   .481  -.014   3
  39 DLH542D1  802 1130    329     11      0    .785    .18    .50   .103   .237   .723   2.73   .516  -.030   0
  40 DLH543A1 1043 1789    747     28      0    .909    .34   1.09   .223   .452   .767   3.48   .578  -.011   3
  41 DLH543B1 1048 1792    745     27      0    .918    .36   1.03   .228   .415   .755   3.69   .569  -.007   3
  42 DLH544A1 1020 1780    761     29      0    .859    .27    .99   .198   .630   .652   3.20   .515  -.010   3
  43 DLH544B1 1028 1650    623     23      0    .861    .27   1.04   .219   .652   .709   3.55   .581  -.011   3
  44 DLH545A  1072 2002    931     36      0    .869    .28   1.43   .225   .669   .740   3.07   .563  -.014   3
  45 DLH545B1 1037 1452    416     15      0    .858    .43   1.79   .335   .794   .593   3.65   .494  -.013   0
  46 DLH545B2 1560 2002    443     16      0    .885    .27    .84   .171   .336   .756   3.08   .545  -.018   3
  47 DLH546A1 1018 1565    548     20      0    .800    .40   1.13   .199   .681   .374   2.18   .313   .008   0
  48 DLH546A2 1580 2002    423     15      0    .810    .22    .78   .104   .404   .507   2.10   .394  -.013   3
  49 DLH546B1 1022 1550    529     20      0    .830    .41   1.15   .210   .714   .381   2.11   .317  -.060   0
  50 DLH546B2 1578 2002    425     15      0    .832    .23    .76   .111   .430   .490   2.07   .386   .068   0
  51 DLH547A1 1050 1630    581     21      0    .684    .41    .88   .172   .548   .379   2.02   .330  -.004   1
  52 DLH547B1 1037 1630    594     22      0    .704    .39    .93   .170   .546   .380   2.55   .331   .003   1
  53 DLH548A  1041 1790    750     28      0    .852    .28    .97   .204   .606   .738   3.78   .600  -.013   3
  54 DLH548B1 1057 1692    636     23      0    .895    .32   1.00   .215   .558   .727   3.58   .583  -.011   3
  55 DLH549A1 1022 1400    379     14      0    .798    .35   1.17   .244   .636   .647   2.91   .492   .004   2
  56 DLH549B1 1024 1420    397     13      0    .860    .30   1.04   .221   .590   .717   2.47   .543   .005   2
  57 DLH551B1 1028 1400    373     13      0    .869    .34   1.11   .250   .802   .588   2.72   .472   .007   1
  58 DLH552A1 1083 1449    367     13      0    .842    .21    .76   .125   .349   .684   2.36   .484  -.002   2
  59 DLH552A2 1550 2002    453     16      0    .874    .24    .93   .147   .405   .675   2.46   .490  -.017   3
  60 DLH552B1 1032 1483    452     16      0    .823    .24   1.01   .178   .616   .623   2.36   .476  -.001   2
  61 DLH552B2 1570 2002    433     16      0    .850    .17    .58   .119   .400   .753   3.00   .572   .009   0
  62 DLH553A  1085 2002    918     35      0    .899    .33    .85   .188   .541   .617   2.83   .473  -.006   3
  63 DLH553B  1190 2002    813     31      0    .905    .33    .99   .192   .534   .645   2.66   .476   .029   0
  64 DLH556B  1095 2002    908     35      0    .871    .34   1.67   .254   .681   .660   3.36   .522   .000   2
  65 DLH557A  1079 2002    924     35      0    .855    .19    .71   .135   .532   .748   3.98   .594  -.009   3
 --- -------- ---------  -----  -----  -----   ------ -----  -----  -----  -----  -----  -----  -----  -----  --
 Total or mean:          43832   1627      2    .828    .25   1.79   .167   .600   .617   4.22   .486  -.004

 DATA CHECKS (rwl.check): chin054
-----------------------------------------------------------------------------------------------------------------------------------
 rwl.check: data_files/treering/measurements/asia/chin054.rwl
 65 series, 43832 measurements, 711-2003, 0.01 mm precision
 0 error(s), 1 warning(s), 187 note(s)
 -------------
 WARNING
   RWL_SERIES_OUTLIER (1)
     DLH503B: correlates with the rest of the collection at r = 0.624 where the collection median is 0.829 (4 MAD below it); it does not fit the collection it is in
 187 note(s) not shown; see rwl.check() or the 'check' element of this report.

 NOTES
-----------------------------------------------------------------------------------------------------------------------------------
 Report generated using dplR 1.8.1 (R 4.5.2) on 2026-10-01 16:54 PDT.
 Measurement file chin054.rwl, MD5 e418ddc153b8ee3a776313aa56f6874e.
 Filtering: each series divided by a 32-year smoothing spline (caps()), then prewhitened with
   an AR model (order by AIC, at most 3).
 Master: biweight robust mean of the other series (leave-one-out).
 Correlation: Pearson, one-tailed, pcrit = 0.01; critical r = 0.3281 for 50-year segments.
 Segments: 50 years, lagged 25, first segment floored to 100. Lags searched: +/- 10 years.
 A segment is tested only where the series and the master cover all of it, at the dated
   position and at every lag. COFECHA also tests partial segments at the ends of a series, so
   series here may show fewer segments, and no flags can be raised at the ends of the record.
 Lags follow COFECHA: negative means rings are probably missing from the series, positive means
   false rings. A missing ring carries its lag into every segment before it, so look where the
   lag changes along a series. A B flag is a hypothesis to check on the wood; the gain says how
   seriously to take it.
 A B flag marked "weak at every lag" correlates under the critical value even at its best lag:
   the segment is weak wherever it is placed, and the shift is not evidence of a dating error.
   Treat it as a low correlation, like an A.
 Averages in the summary and the totals are weighted by the number of years in each series, as
   COFECHA's are.
 Unfiltered block and mean sensitivity: the measurements as read, and sens1().
 dplR filtered block: the series that was correlated, after filtering. COFECHA's filtered
   series is defined differently, so these three columns are not COFECHA's numbers.
 AR: order of the AR model used to prewhiten.
