
 COFECHA-style crossdating report: chn094
 Report generated using dplR 1.8.1 (R 4.5.2) on 2026-10-01 16:54 PDT
 Built with dplR's xdate.report(), not COFECHA; see the notes at the end.


      Measurement file name  : chn094.rwl
      MD5 of measurement file: 8ca313123b1d79c4b25d0282b1c4c1f5
      Date checked           : 01OCT26
      Beginning year         : 1677
      Ending year            : 2010
      Principal investigators: Qin, C.; Yang, B.; Bräuning, A.; Ljungqvist, F.C.; Osborn, T.J.; Shishov, V.; He, M.H.; Kang, S.; Schneider, L.; Esper, J.; Büntgen, U.; Grießinger, J.; Huang, D.; Zhang, P.; Talento, S.; Xoplaki, E.; Luterbacher, J.; Stenseth, N.C.
      Site name              : Hasi Mountains, Jingyuan
      Species information    : PITB Pinus tabulaeformis Carr.
      Latitude               : 38.2500 N
      Longitude              : 103.9550 E
      Elevation              : 2399 m

      Series intercorrelation: 0.730
      Avg mean sensitivity   : 0.436
      Avg standard deviation : 0.657
      Avg autocorrelation    : 0.725
      Number dated series    : 119
      Segment length tested  : 50

      Number problem segments: 9  (A 1, B 8; 3 of the B weak at every lag)
      Pct problem segments   : 1.29


 CORRELATION OF SERIES BY SEGMENTS: chn094
-----------------------------------------------------------------------------------------------------------------------------------
 Correlations of  50-year dated segments, lagged  25 years
 Flags:  A = correlation under   .3281 but highest as dated;  B = correlation higher at other than dated position

 Seq Series  Time_span  1700 1725 1750 1775 1800 1825 1850 1875 1900 1925 1950 
                        1749 1774 1799 1824 1849 1874 1899 1924 1949 1974 1999 
 --- -------- ---------  ---- ---- ---- ---- ---- ---- ---- ---- ---- ---- ---- 
   1 EDY25B   1677 2001  .87  .81  .74  .75  .80  .85  .86  .82  .87  .86  .60 
   2 EDY18M   1682 2010  .33B .81  .89  .94  .94  .94  .84  .81  .84  .84  .83 
   3 EDY37M   1682 2010  .87  .89  .85  .87  .89  .89  .82  .66  .70  .81  .86 
   4 EDY39M   1687 2010  .81  .87  .88  .88  .89  .93  .94  .85  .83  .86  .78 
   5 EDY45M   1695 2008  .50  .52  .70  .87  .94  .91  .81  .80  .81  .83  .88 
   6 EDY19B   1696 1891  .37  .88  .89  .87  .88  .88                          
   7 EDY11M   1698 2010  .60  .67  .66  .85  .78  .79  .79  .77  .75  .75  .76 
   8 EDY17M   1698 2010  .34  .65  .86  .81  .79  .84  .86  .79  .77  .80  .75 
   9 EDY74M   1698 1927       .78  .70  .74  .75  .85  .78  .66                
  10 EDY29M   1699 2010  .83  .89  .87  .89  .91  .87  .85  .84  .74  .77  .83 
  11 EDY52M   1701 2009       .90  .87  .87  .87  .88  .71  .50  .72  .85  .73 
  12 EDY03M   1706 2010       .74  .69  .83  .83  .83  .88  .54  .32B .56  .61 
  13 EDY16M   1707 2010       .72  .69  .76  .79  .68  .64  .80  .86  .88  .81 
  14 EDY27B   1707 2010       .79  .68  .76  .68  .62  .62  .51  .74  .80  .75 
  15 EDY69M   1707 2010       .84  .80  .85  .89  .83  .73  .61  .70  .79  .69 
  16 EDY04A   1708 2010       .32B .49  .46  .69  .82  .71  .65  .69  .74  .81 
  17 EDY02M   1709 2010       .83  .80  .73  .66  .62  .67  .46  .61  .73  .57 
  18 EDY44M   1709 2007       .78  .84  .87  .90  .91  .83  .79  .88  .89  .85 
  19 EDY64M   1709 2010       .80  .82  .85  .87  .87  .72  .70  .88  .72  .42 
  20 EDY22M   1711 2010       .86  .75  .77  .83  .84  .84  .78  .74  .77  .75 
  21 EDY28M   1711 2010       .82  .83  .84  .84  .83  .78  .70  .81  .82  .73 
  22 EDY71M   1714 2010       .82  .75  .86  .76  .69  .38  .22B .41  .58  .65 
  23 EDY63M   1718 2010       .87  .90  .91  .87  .80  .83  .84  .77  .78  .71 
  24 EDY15M   1721 2010       .70  .80  .76  .77  .83  .75  .75  .81  .84  .82 
  25 EDY62M   1721 2010       .73  .70  .86  .92  .89  .83  .84  .83  .87  .70 
  26 EDY43M   1722 1861       .62  .68  .82  .84                               
  27 EDY56M   1725 1867            .76  .70  .70                               
  28 EDY23M   1726 2000            .78  .83  .86  .86  .62  .52  .88  .85  .18B
  29 EDY26M   1726 2010            .78  .71  .72  .79  .80  .75  .84  .86  .82 
  30 EDY31M   1726 1940            .75  .76  .72  .80  .79  .67                
  31 EDY14M   1727 2010            .79  .83  .86  .89  .83  .79  .71  .68  .80 
  32 EDY78M   1727 2005            .83  .86  .85  .85  .86  .78  .86  .90  .81 
  33 EDY79M   1728 2009            .81  .83  .76  .72  .84  .85  .87  .90  .87 
  34 EDY51M   1729 2010            .69  .73  .82  .84  .68  .63  .75  .75  .68 
  35 EDY20M   1730 2010            .90  .94  .89  .90  .91  .80  .75  .81  .86 
  36 EDY50M   1732 2009            .75  .82  .78  .81  .74  .73  .79  .79  .85 
  37 EDY61M   1732 1908            .81  .85  .88  .88  .63                     
  38 EDY30M   1733 2010            .74  .87  .85  .72  .67  .71  .81  .77  .67 
  39 EDY33M   1733 1951            .82  .90  .92  .90  .85  .79  .81           
  40 EDY54M   1733 2008            .88  .94  .97  .95  .86  .84  .88  .87  .77 
  41 EDY68M   1733 2010            .46  .82  .79  .82  .85  .83  .91  .90  .78 
  42 EDY01M   1736 2010            .82  .80  .82  .86  .79  .57  .61  .69  .43 
  43 EDY32M   1737 2010            .85  .88  .87  .83  .81  .84  .81  .81  .75 
  44 EDY41M   1739 2010            .72  .77  .82  .85  .75  .71  .81  .86  .74 
  45 EDY70M   1739 1940            .64  .81  .75  .81  .83  .76                
  46 EDY48M   1742 2010            .72  .84  .82  .72  .60  .57  .76  .78  .66 
  47 EDY72M   1746 2010            .72  .88  .87  .86  .86  .81  .77  .83  .47 
  48 EDY05M   1747 2010            .60  .57  .57  .70  .79  .82  .85  .80  .72 
  49 EDY75M   1750 2010                 .90  .85  .82  .84  .82  .84  .87  .75 
  50 EDY53M   1753 2009                 .81  .88  .92  .91  .84  .83  .73  .62 
  51 EDY67M   1755 2010                 .92  .89  .87  .80  .72  .84  .84  .60 
  52 EDY76M   1756 2010                 .83  .86  .89  .74  .67  .71  .72  .51 
  53 EDY34M   1757 1992                 .82  .80  .85  .73  .66  .80  .84      
  54 EDY80A   1757 1971                 .88  .92  .90  .87  .78  .68           
  55 EDY77A   1758 2010                 .90  .93  .89  .80  .79  .66  .59  .63 
  56 EDY42M   1767 2009                 .71  .85  .88  .66  .67  .69  .57  .56 
  57 EDY12M   1770 2010                 .78  .83  .73  .57  .64  .88  .89  .86 
  58 EDY57M   1773 2010                 .13B .25B .42  .51  .50  .70  .82  .77 
  59 EDY60A   1773 2010                 .82  .87  .78  .73  .79  .85  .84  .78 
  60 EDY65M   1773 2008                 .82  .82  .85  .81  .72  .71  .81  .79 
  61 EDY66M   1773 2010                 .77  .83  .87  .71  .58  .76  .78  .76 
  62 EDY59M   1780 2010                      .91  .91  .64  .51  .78  .87  .84 
  63 EDY58B   1784 1854                      .85                               
  64 EDY49A   1785 1877                      .66  .66                          
  65 EDY55M   1794 2010                      .81  .86  .72  .58  .61  .75  .67 
  66 EDY07B   1796 2010                      .45  .41  .34  .32A .57  .57  .43 
  67 EDY36M   1807 2010                           .78  .69  .65  .73  .79  .81 
  68 EDY06M   1809 2008                           .89  .86  .81  .70  .74  .82 
  69 SDY04M   1818 2010                           .46  .61  .59  .79  .82  .71 
  70 TLY14M   1825 2009                                .62  .77  .69  .65  .72 
  71 TLY19M   1827 2010                                .64  .78  .74  .74  .73 
  72 TLY06M   1837 2008                                .64  .63  .72  .72  .54 
  73 SDY27M   1854 2010                                     .53  .82  .85  .73 
  74 TLY27M   1854 2010                                     .37  .62  .61  .48 
  75 TLY31M   1865 2009                                     .61  .75  .75  .75 
  76 SDY09A   1866 2010                                     .24B .67  .79  .74 
  77 TLY18M   1870 2010                                     .51  .63  .61  .57 
  78 TLY20M   1871 2010                                     .63  .77  .86  .76 
  79 TLY22M   1875 2010                                          .74  .78  .73 
  80 SDY28M   1876 2010                                          .80  .78  .73 
  81 TLY05A   1879 2005                                          .72  .77  .67 
  82 SDY32M   1880 2010                                          .53  .60  .57 
  83 EDY13M   1881 2010                                          .81  .82  .69 
  84 SDY30M   1881 2010                                          .81  .90  .89 
  85 EDY24B   1883 2010                                          .77  .81  .82 
  86 TLY13M   1884 2010                                          .70  .56  .49 
  87 SDY25M   1887 2010                                          .61  .74  .76 
  88 TLY10M   1888 2010                                          .83  .87  .72 
  89 TLY21M   1890 2010                                          .75  .78  .73 
  90 SDY18A   1892 2010                                          .70  .80  .74 
  91 TLY17M   1895 2009                                          .73  .76  .77 
  92 SDY10A   1896 2010                                          .61  .77  .81 
  93 SDY14M   1896 2010                                          .67  .83  .82 
  94 SDY22M   1896 2010                                          .52  .69  .66 
  95 TLY09M   1898 2010                                          .68  .78  .65 
  96 EDY40M   1899 2010                                               .70  .79 
  97 SDY11C   1904 2010                                               .63  .81 
  98 SDY17A   1904 2010                                               .79  .78 
  99 SDY12A   1907 2010                                               .80  .69 
 100 SDY16M   1908 2010                                               .84  .82 
 101 SDY05A   1916 2010                                               .83  .72 
 102 SDY07A   1917 2008                                               .74  .69 
 103 SDY31A   1919 2010                                               .55  .41 
 104 EDY38B   1920 2010                                               .86  .80 
 105 SDY26M   1929 2010                                                    .47 
 106 SDY19M   1934 2010                                                    .79 
 107 TLY07M   1934 2010                                                    .76 
 108 SDY08M   1936 2010                                                    .75 
 109 SDY23A   1936 2010                                                    .62 
 110 SDY24B   1936 2010                                                    .65 
 111 SDY01M   1937 2010                                                    .85 
 112 SDY06M   1939 2010                                                    .76 
 113 TLY28A   1940 2010                                                    .65 
 114 EDY08A   1945 2010                                                    .63 
 115 SDY21M   1946 2010                                                    .71 
 Av segment correlation  .61  .77  .76  .81  .81  .81  .75  .68  .75  .78  .71 

 FLAGGED SEGMENTS: chn094
-----------------------------------------------------------------------------------------------------------------------------------
 Seq Series   Segment    Flag  r dated  Best lag  r at lag   Gain  Note
 --- -------- ---------  ----  -------  --------  --------  -----  -----------------
   2 EDY18M   1700 1749     B     .327        -3      .448   .121
  12 EDY03M   1900 1949     B     .319        -2      .475   .156
  16 EDY04A   1725 1774     B     .321        -8      .389   .068
  22 EDY71M   1875 1924     B     .217        -4      .353   .136
  28 EDY23M   1950 1999     B     .179         8      .287   .108  weak at every lag
  58 EDY57M   1775 1824     B     .129        -4      .310   .181  weak at every lag
  58 EDY57M   1800 1849     B     .253        -4      .306   .053  weak at every lag
  66 EDY07B   1875 1924     A     .319         0
  76 SDY09A   1875 1924     B     .244         8      .344   .100

 DESCRIPTIVE STATISTICS: chn094
-----------------------------------------------------------------------------------------------------------------------------------

                                                Corr   //-------- Unfiltered --------\\  //-- dplR filtered --\\
                           No.    No.    No.    with   Mean   Max     Std   Auto   Mean   Max     Std   Auto  AR
 Seq Series   Interval   Years  Segmt  Flags   Master  msmt   msmt    dev   corr   sens  value    dev   corr  ()
 --- -------- ---------  -----  -----  -----   ------ -----  -----  -----  -----  -----  -----  -----  -----  --
   1 EDY25B   1677 2001    325     11      0    .773    .54   3.23   .478   .727   .501   2.37   .457   .011   1
   2 EDY18M   1682 2010    329     11      1    .715    .78   2.77   .606   .698   .527   3.64   .474  -.026   3
   3 EDY37M   1682 2010    329     11      0    .792    .64   3.29   .504   .746   .431   2.23   .405  -.008   1
   4 EDY39M   1687 2010    324     11      0    .817    .56   1.64   .313   .599   .432   2.19   .385   .008   1
   5 EDY45M   1695 2008    314     11      0    .752    .59   2.94   .466   .640   .580   2.78   .499   .021   1
   6 EDY19B   1696 1891    196      6      0    .705    .79   3.14   .629   .642   .553   2.46   .509   .020   1
   7 EDY11M   1698 2010    313     11      0    .720    .64   2.90   .459   .620   .555   2.66   .492  -.010   1
   8 EDY17M   1698 2010    313     11      0    .726    .69   3.30   .561   .748   .551   2.19   .473   .005   1
   9 EDY74M   1698 1927    230      7      0    .706    .84   4.73   .654   .769   .369   2.15   .335   .017   3
  10 EDY29M   1699 2010    312     11      0    .839    .90   4.44   .846   .773   .507   2.51   .430   .013   1
  11 EDY52M   1701 2009    309     10      0    .776    .58   3.44   .601   .793   .480   2.34   .442  -.003   2
  12 EDY03M   1706 2010    305     10      1    .696    .58   2.73   .446   .646   .495   2.45   .434   .000   1
  13 EDY16M   1707 2010    304     10      0    .737    .80   3.43   .577   .685   .459   2.14   .433  -.001   1
  14 EDY27B   1707 2010    304     10      0    .729    .67   2.47   .476   .801   .380   2.24   .356  -.001   3
  15 EDY69M   1707 2010    304     10      0    .775    .74   3.80   .616   .648   .540   2.65   .496  -.008   3
  16 EDY04A   1708 2010    303     10      1    .560    .96   3.66   .742   .850   .380   2.17   .367  -.023   3
  17 EDY02M   1709 2010    302     10      0    .650   1.16   4.22   .910   .809   .310   2.72   .316  -.029   3
  18 EDY44M   1709 2007    299     10      0    .788    .71   3.57   .590   .729   .489   2.62   .445   .011   1
  19 EDY64M   1709 2010    302     10      0    .759    .69   3.39   .552   .763   .431   2.33   .398   .010   1
  20 EDY22M   1711 2010    300     10      0    .782    .90   2.76   .528   .496   .531   2.73   .457   .018   0
  21 EDY28M   1711 2010    300     10      0    .792    .75   2.74   .478   .697   .411   2.10   .366   .001   1
  22 EDY71M   1714 2010    297     10      1    .644    .74   3.45   .581   .779   .475   3.05   .437  -.006   2
  23 EDY63M   1718 2010    293     10      0    .812    .51   3.32   .482   .797   .419   2.45   .382   .007   1
  24 EDY15M   1721 2010    290     10      0    .769   1.00   3.43   .720   .736   .426   3.12   .419   .020   2
  25 EDY62M   1721 2010    290     10      0    .794    .67   4.35   .577   .732   .492   2.46   .436   .019   1
  26 EDY43M   1722 1861    140      4      0    .759   1.22   3.69   .696   .633   .415   2.28   .400   .046   1
  27 EDY56M   1725 1867    143      3      0    .652   1.43   4.29   .968   .847   .345   1.66   .311  -.014   2
  28 EDY23M   1726 2000    275      9      1    .687    .57   3.27   .496   .758   .480   2.39   .433   .021   1
  29 EDY26M   1726 2010    285      9      0    .799    .55   1.96   .347   .600   .494   2.17   .419  -.000   1
  30 EDY31M   1726 1940    215      6      0    .748    .86   6.31   .814   .795   .351   1.95   .342   .011   2
  31 EDY14M   1727 2010    284      9      0    .803    .77   4.80   .678   .771   .455   2.48   .412   .014   1
  32 EDY78M   1727 2005    279      9      0    .828    .84   5.61   .806   .855   .437   2.25   .392  -.001   2
  33 EDY79M   1728 2009    282      9      0    .783    .92   3.80   .701   .784   .462   3.30   .434   .006   1
  34 EDY51M   1729 2010    282      9      0    .711    .76   3.67   .490   .753   .359   1.76   .310   .002   2
  35 EDY20M   1730 2010    281      9      0    .862    .64   2.91   .565   .739   .569   2.61   .475  -.001   3
  36 EDY50M   1732 2009    278      9      0    .771    .51   2.24   .370   .734   .480   2.54   .415   .009   1
  37 EDY61M   1732 1908    177      5      0    .775   1.05   3.99   .734   .678   .429   2.09   .387  -.009   2
  38 EDY30M   1733 2010    278      9      0    .763   1.11   5.52   .819   .771   .371   2.10   .326   .013   1
  39 EDY33M   1733 1951    219      7      0    .832    .72   2.47   .495   .701   .412   2.51   .373   .010   1
  40 EDY54M   1733 2008    276      9      0    .864    .94   4.08   .700   .690   .487   2.14   .422   .005   1
  41 EDY68M   1733 2010    278      9      0    .740    .82   3.53   .572   .723   .430   2.21   .408  -.007   3
  42 EDY01M   1736 2010    275      9      0    .630   1.12  11.51  1.520   .869   .415   3.11   .415  -.015   3
  43 EDY32M   1737 2010    274      9      0    .819    .93   3.80   .788   .842   .403   2.22   .352   .019   1
  44 EDY41M   1739 2010    272      9      0    .775    .81   3.45   .600   .686   .426   2.26   .397  -.010   1
  45 EDY70M   1739 1940    202      6      0    .718   1.05   7.15   .785   .618   .455   2.73   .420  -.011   2
  46 EDY48M   1742 2010    269      9      0    .722    .94   6.18   .981   .869   .327   1.77   .308  -.008   2
  47 EDY72M   1746 2010    265      9      0    .736   1.01   4.54   .832   .817   .447   2.50   .407   .005   1
  48 EDY05M   1747 2010    264      9      0    .723    .57   1.60   .343   .789   .345   1.92   .330   .025   1
  49 EDY75M   1750 2010    261      8      0    .800    .90   2.54   .538   .675   .429   2.29   .411   .011   1
  50 EDY53M   1753 2009    257      8      0    .782    .57   1.65   .337   .661   .418   1.92   .384  -.001   1
  51 EDY67M   1755 2010    256      8      0    .766    .83   2.87   .516   .796   .349   2.36   .342   .001   1
  52 EDY76M   1756 2010    255      8      0    .727    .82   3.34   .632   .800   .418   2.37   .396   .029   1
  53 EDY34M   1757 1992    236      7      0    .760    .44   1.70   .315   .669   .539   2.69   .471  -.002   1
  54 EDY80A   1757 1971    215      6      0    .797    .72   3.23   .628   .719   .512   2.33   .453   .005   1
  55 EDY77A   1758 2010    253      8      0    .745    .58   3.07   .534   .761   .519   2.47   .447  -.019   3
  56 EDY42M   1767 2009    243      8      0    .680    .54   2.68   .412   .731   .472   2.25   .430   .013   1
  57 EDY12M   1770 2010    241      8      0    .766   1.14   3.53   .709   .814   .331   2.28   .332  -.002   1
  58 EDY57M   1773 2010    238      8      2    .563    .80   1.86   .338   .553   .328   1.87   .301   .012   2
  59 EDY60A   1773 2010    238      8      0    .808    .54   2.72   .415   .616   .586   2.35   .481   .036   0
  60 EDY65M   1773 2008    236      8      0    .784   1.08   4.93   .792   .789   .396   2.72   .385  -.005   1
  61 EDY66M   1773 2010    238      8      0    .772   1.15   6.58   .934   .813   .434   2.27   .414   .012   2
  62 EDY59M   1780 2010    231      7      0    .801    .86   3.54   .566   .671   .469   2.14   .414   .008   1
  63 EDY58B   1784 1854     71      1      0    .816    .87   2.31   .518   .526   .507   2.39   .476   .122   0
  64 EDY49A   1785 1877     93      2      0    .632   1.07   5.17   .920   .801   .380   2.00   .346  -.001   2
  65 EDY55M   1794 2010    217      7      0    .687    .64   1.82   .341   .612   .441   2.71   .392  -.001   3
  66 EDY07B   1796 2010    215      7      1    .491   1.67   7.72  1.277   .854   .362   2.05   .348   .009   1
  67 EDY36M   1807 2010    204      6      0    .758    .50   1.32   .305   .431   .589   2.30   .469  -.018   0
  68 EDY06M   1809 2008    200      6      0    .774    .87   3.76   .782   .664   .588   2.46   .472   .023   0
  69 SDY04M   1818 2010    193      6      0    .637    .77   2.56   .610   .777   .455   2.32   .417   .022   1
  70 TLY14M   1825 2009    185      5      0    .605    .66   1.84   .410   .661   .410   1.94   .402   .006   1
  71 TLY19M   1827 2010    184      5      0    .610   1.10   3.74   .914   .888   .335   1.66   .310  -.005   1
  72 TLY06M   1837 2008    172      5      0    .544    .69   2.42   .431   .752   .345   2.00   .352  -.032   1
  73 SDY27M   1854 2010    157      4      0    .728   1.42   4.69   .854   .825   .328   1.68   .309  -.004   3
  74 TLY27M   1854 2010    157      4      0    .485    .73   1.84   .452   .796   .286   2.25   .308   .030   1
  75 TLY31M   1865 2009    145      4      0    .649   1.64   7.84  1.423   .903   .286   1.92   .273   .008   1
  76 SDY09A   1866 2010    145      4      1    .635    .68   3.05   .592   .766   .460   2.13   .399  -.015   3
  77 TLY18M   1870 2010    141      4      0    .535   1.33   7.22  1.339   .889   .370   2.39   .353   .019   1
  78 TLY20M   1871 2010    140      4      0    .723   1.39   5.13   .963   .708   .429   2.19   .392   .013   1
  79 TLY22M   1875 2010    136      3      0    .652   1.73   3.92  1.052   .876   .241   1.72   .228  -.001   3
  80 SDY28M   1876 2010    135      3      0    .715   1.26   5.65   .940   .793   .373   2.87   .393   .034   1
  81 TLY05A   1879 2005    127      3      0    .603    .80   2.35   .531   .727   .425   2.10   .402  -.010   1
  82 SDY32M   1880 2010    131      3      0    .556   1.15   2.88   .551   .767   .254   1.71   .267   .000   1
  83 EDY13M   1881 2010    130      3      0    .796   1.21   4.49   .951   .781   .424   2.63   .419   .036   1
  84 SDY30M   1881 2010    130      3      0    .833    .89   4.80   .861   .749   .502   2.34   .472  -.007   2
  85 EDY24B   1883 2010    128      3      0    .750   1.75   6.67  1.247   .790   .361   3.33   .428  -.045   1
  86 TLY13M   1884 2010    127      3      0    .632    .80   2.40   .523   .733   .431   2.21   .390   .008   1
  87 SDY25M   1887 2010    124      3      0    .691   1.51   3.63   .928   .754   .394   1.85   .371   .016   2
  88 TLY10M   1888 2010    123      3      0    .758    .78   2.44   .482   .616   .469   1.99   .426   .020   1
  89 TLY21M   1890 2010    121      3      0    .716   1.31   2.78   .572   .713   .281   1.82   .273   .050   1
  90 SDY18A   1892 2010    119      3      0    .721   1.28   4.98   .909   .731   .430   2.14   .420  -.040   1
  91 TLY17M   1895 2009    115      3      0    .671   1.32   3.99   .803   .755   .342   1.87   .337   .019   1
  92 SDY10A   1896 2010    115      3      0    .717   1.37   8.77  1.337   .848   .410   2.16   .392   .009   1
  93 SDY14M   1896 2010    115      3      0    .698   1.09   3.05   .586   .578   .413   2.10   .369  -.007   3
  94 SDY22M   1896 2010    115      3      0    .635   1.35   3.86   .757   .747   .358   1.82   .346  -.002   1
  95 TLY09M   1898 2010    113      3      0    .691   1.02   2.63   .616   .599   .419   1.95   .382   .111   0
  96 EDY40M   1899 2010    112      2      0    .675   1.13   2.82   .598   .802   .320   1.84   .290  -.076   2
  97 SDY11C   1904 2010    107      2      0    .602   1.16   4.24   .766   .765   .408   2.12   .388  -.013   1
  98 SDY17A   1904 2010    107      2      0    .794    .44   1.04   .227   .372   .475   2.10   .397   .036   2
  99 SDY12A   1907 2010    104      2      0    .721   1.23   3.38   .587   .543   .376   2.01   .342  -.013   3
 100 SDY16M   1908 2010    103      2      0    .755   1.08   4.59   .769   .615   .457   2.33   .424  -.028   1
 101 SDY05A   1916 2010     95      2      0    .764   1.06   3.43   .717   .625   .399   1.81   .360   .088   0
 102 SDY07A   1917 2008     92      2      0    .754    .55   1.24   .302   .527   .440   1.86   .369   .028   0
 103 SDY31A   1919 2010     92      2      0    .490    .91   2.42   .524   .628   .446   2.03   .414   .062   1
 104 EDY38B   1920 2010     91      2      0    .837   1.47   4.92  1.087   .559   .560   2.59   .494   .096   0
 105 SDY26M   1929 2010     82      1      0    .594   1.79   4.01   .880   .714   .287   1.63   .273  -.050   3
 106 SDY19M   1934 2010     77      1      0    .702   1.27   4.19  1.020   .807   .415   1.86   .368  -.006   1
 107 TLY07M   1934 2010     77      1      0    .532   1.66   4.97  1.006   .751   .384   1.81   .367  -.011   1
 108 SDY08M   1936 2010     75      1      0    .712   1.08   3.84   .915   .640   .462   1.89   .388  -.026   0
 109 SDY23A   1936 2010     75      1      0    .621   1.16   2.48   .637   .619   .432   2.03   .399  -.011   3
 110 SDY24B   1936 2010     75      1      0    .657   1.28   5.25   .970   .550   .533   2.24   .482   .008   1
 111 SDY01M   1937 2010     74      1      0    .811   1.57   4.24   .969   .749   .326   1.72   .293  -.020   3
 112 SDY06M   1939 2010     72      1      0    .821    .70   1.72   .376   .338   .482   2.20   .425   .030   0
 113 TLY28A   1940 2010     71      1      0    .721   1.72   4.22  1.015   .704   .433   2.17   .373  -.005   2
 114 EDY08A   1945 2010     66      1      0    .642   1.06   2.76   .493   .515   .336   1.77   .286   .020   3
 115 SDY21M   1946 2010     65      1      0    .777   3.16   7.37  1.614   .664   .349   1.71   .332   .046   1
 116 EDY47A   1952 2010     59      0      0    .753    .84   1.76   .327   .436   .352   1.90   .318  -.073   3
 117 SDY02A   1953 2010     58      0      0    .628   2.06   4.44  1.117   .520   .467   1.99   .417   .027   1
 118 TLY29A   1953 2008     56      0      0    .500   2.24   6.91  1.887   .954   .236   1.54   .269   .101   1
 119 TLY30A   1958 2010     53      0      0    .538   1.20   5.98  1.128   .863   .348   1.74   .347   .117   1
 --- -------- ---------  -----  -----  -----   ------ -----  -----  -----  -----  -----  -----  -----  -----  --
 Total or mean:          23339    697      9    .730    .89  11.51   .657   .725   .436   3.64   .398   .005

 DATA CHECKS (rwl.check): chn094
-----------------------------------------------------------------------------------------------------------------------------------
 rwl.check: data_files/treering/measurements/asia/chn094.rwl
 119 series, 23339 measurements, 1677-2010, 0.01 mm precision
 0 error(s), 2 warning(s), 0 note(s)
 -------------
 WARNING
   RWL_HEADER_SPAN (1)
     the header declares 1677-2011 but the measurements cover 1677-2010
   RWL_NON_ASCII (1)
     6 byte(s) outside printable ASCII

 NOTES
-----------------------------------------------------------------------------------------------------------------------------------
 Report generated using dplR 1.8.1 (R 4.5.2) on 2026-10-01 16:54 PDT.
 Measurement file chn094.rwl, MD5 8ca313123b1d79c4b25d0282b1c4c1f5.
 Filtering: each series divided by a 32-year smoothing spline (caps()), then prewhitened with
   an AR model (order by AIC, at most 3).
 Master: biweight robust mean of the other series (leave-one-out).
 Correlation: Pearson, one-tailed, pcrit = 0.01; critical r = 0.3281 for 50-year segments.
 Segments: 50 years, lagged 25, first segment floored to 100. Lags searched: +/- 10 years.
 A segment is tested only where the series and the master cover all of it, at the dated
   position and at every lag. COFECHA also tests partial segments at the ends of a series, so
   series here may show fewer segments, and no flags can be raised at the ends of the record.
 Lags follow COFECHA: negative means rings are probably missing from the series, positive means
   false rings. A missing ring carries its lag into every segment before it, so look where the
   lag changes along a series. A B flag is a hypothesis to check on the wood; the gain says how
   seriously to take it.
 A B flag marked "weak at every lag" correlates under the critical value even at its best lag:
   the segment is weak wherever it is placed, and the shift is not evidence of a dating error.
   Treat it as a low correlation, like an A.
 Averages in the summary and the totals are weighted by the number of years in each series, as
   COFECHA's are.
 Unfiltered block and mean sensitivity: the measurements as read, and sens1().
 dplR filtered block: the series that was correlated, after filtering. COFECHA's filtered
   series is defined differently, so these three columns are not COFECHA's numbers.
 AR: order of the AR model used to prewhiten.
