
 COFECHA-style crossdating report: rus381
 Report generated using dplR 1.8.1 (R 4.5.2) on 2026-10-01 16:58 PDT
 Built with dplR's xdate.report(), not COFECHA; see the notes at the end.


      Measurement file name  : rus381.rwl
      MD5 of measurement file: ef63efda9aac84be2207f90774998e5f
      Date checked           : 01OCT26
      Beginning year         : 1518
      Ending year            : 1881
      Principal investigators: Solomina, O.; Matskovsky, V.V.
      Site name              : Vologda
      Species information    : PISY, PCAB
      Latitude               : 59.2200 N
      Longitude              : 39.8900 E
      Elevation              : 120 m

      Series intercorrelation: 0.483
      Avg mean sensitivity   : 0.206
      Avg standard deviation : 0.629
      Avg autocorrelation    : 0.816
      Number dated series    : 205
      Series crossdated      : 203
      Segment length tested  : 50

      Number problem segments: 44  (A 21, B 23; 11 of the B weak at every lag)
      Pct problem segments   : 10.33


 CORRELATION OF SERIES BY SEGMENTS: rus381
-----------------------------------------------------------------------------------------------------------------------------------
 Correlations of  50-year dated segments, lagged  25 years
 Flags:  A = correlation under   .3281 but highest as dated;  B = correlation higher at other than dated position

 Seq Series  Time_span  1600 1625 1650 1675 1700 1725 1750 1775 1800 1825 
                        1649 1674 1699 1724 1749 1774 1799 1824 1849 1874 
 --- -------- ---------  ---- ---- ---- ---- ---- ---- ---- ---- ---- ---- 
   1 AU1A     1759 1847                                     .50           
   2 AU1B     1759 1857                                     .37  .55      
   3 AU4A     1718 1818                           .56  .60                
   4 AU4B     1713 1864                           .61  .55  .46  .66      
   5 AU4C     1712 1837                           .75  .46  .28B          
   6 AU6A     1731 1864                                .49  .46  .58      
   7 AU6B     1731 1836                                .47  .51           
   8 AU10A    1723 1860                           .47  .49  .49  .50      
   9 AU10B    1723 1861                           .52  .52  .53  .58      
  10 AU11A    1788 1862                                          .31A     
  11 AU11B    1788 1863                                          .31B     
  12 AU12A    1707 1863                           .30A .26B .35  .29A     
  13 AU18A    1795 1862                                          .55      
  14 AU18B    1795 1862                                          .55      
  15 AU23A    1798 1859                                          .61      
  16 AU23B    1798 1863                                          .62      
  17 AU25A    1741 1860                                .59  .61  .67      
  18 AU25B    1741 1860                                .56  .54  .52      
  19 AU27A    1731 1863                                .53  .41B .60      
  20 AU27B    1731 1843                                .47  .37           
  21 AU34A    1760 1840                                     .44           
  22 AU34B    1760 1844                                     .53           
  23 AU34C    1718 1840                          -.03B .36  .65           
  24 AU34D    1717 1844                           .41  .54  .65           
  25 AU37A    1760 1851                                     .38B .31A     
  26 AU37B    1760 1850                                     .22B .27B     
  27 AU41A    1744 1858                                .54  .51  .37      
  28 AU41B    1744 1839                                .60  .61           
  29 AU42A    1773 1864                                     .49  .54      
  30 AU42B    1773 1856                                     .44  .60      
  31 AU43A    1709 1865                           .33  .49  .67  .71      
  32 AU43B    1712 1824                           .46  .50  .38           
  33 MA       1597 1713  .53  .32A .55                                    
  34 MB       1597 1703  .44  .40  .57                                    
  35 MMA      1578 1757  .43  .35  .22B .14B .35                          
  36 MMB      1578 1747  .54  .46  .32A .31A                              
  37 M2A      1636 1705            .59                                    
  38 M2B      1634 1718            .68                                    
  39 M4A      1594 1710  .44  .60  .59                                    
  40 M5A      1589 1759  .45  .50  .33  .07B .29A                         
  41 M5B      1585 1766  .57  .57  .44  .32A .30B                         
  42 M6A      1579 1768  .39  .45  .47  .27A .12B                         
  43 M6B      1579 1765  .46  .45  .45  .50  .37                          
  44 M7A      1595 1731  .55  .65  .71  .64                               
  45 M7B      1596 1712  .63  .70  .62                                    
  46 M8A      1553 1713  .58  .72  .72                                    
  47 M8B      1555 1699  .52  .58  .53                                    
  48 M9A      1606 1751       .59  .51  .43  .47                          
  49 M9B      1620 1732       .42  .53  .55                               
  50 M10A     1603 1686       .59                                         
  51 M10B     1603 1675       .35                                         
  52 M11A     1606 1731       .45  .60  .52                               
  53 M11B     1606 1739       .54  .62  .55                               
 114 B2B      1661 1859                 .38  .24A .39  .48  .49  .62      
 115 BA5A     1777 1879                                          .69  .62 
 116 BA5B     1777 1881                                          .61  .55 
 117 BA7A     1779 1880                                          .34  .26A
 118 BA7B     1779 1880                                          .40  .26A
 119 BA8A     1723 1878                           .44  .57  .59  .69  .72 
 120 BA8B     1723 1875                           .56  .64  .55  .68  .69 
 121 BA9A     1708 1876                           .57  .57  .47  .67  .69 
 122 BA9B     1708 1881                           .45  .60  .44  .39  .50 
 123 BA10A    1769 1881                                     .46  .72  .72 
 124 BA10B    1769 1874                                     .50  .72  .74 
 125 BA11A    1750 1880                                     .36  .20B .31A
 126 BA11B    1750 1879                                     .37  .25B .35 
 127 BA12A    1746 1881                                .62  .47  .58  .75 
 128 BA12B    1746 1879                                .60  .60  .64  .70 
 129 BA13A    1656 1867                 .36  .32A .35  .37  .48  .72      
 130 BA13B    1656 1867                 .54  .32A .41  .62  .63  .67      
 131 BA14A    1805 1878                                               .46 
 133 BA15A    1798 1880                                          .50  .43 
 134 BA15B    1798 1879                                          .63  .60 
 135 BA17A    1735 1876                                .67  .69  .64  .60 
 136 BA17B    1735 1874                                .59  .62  .66  .62 
 137 BA18A    1736 1881                                .35  .58  .48  .44 
 138 BA18B    1736 1864                                .38  .48  .43      
 139 BA22A    1776 1853                                          .25A     
 140 BA22B    1776 1852                                          .23B     
 141 BA23A    1789 1880                                          .66  .59 
 142 BA23B    1789 1879                                          .70  .67 
 143 BA24A    1758 1877                                     .45  .42  .40 
 144 BA24B    1758 1878                                     .54  .54  .57 
 145 BA25A    1724 1874                           .41  .54  .52  .64  .63 
 146 BA25B    1724 1873                           .38  .46  .56  .76      
 147 AV1A     1701 1829                           .62  .76  .70           
 148 AV1B     1701 1832                           .63  .71  .60           
 149 AV2A     1730 1832                                .73  .71           
 150 AV2B     1730 1829                                .72  .65           
 151 AV4A     1731 1832                                .61  .76           
 152 AV4B     1716 1828                           .58  .66  .64           
 153 AV5A     1718 1831                           .36  .35  .53           
 154 AV5B     1718 1831                           .38  .37  .47           
 155 AV6A     1709 1830                           .60  .66  .62           
 156 AV6B     1709 1830                           .54  .75  .68           
 157 AV7A     1655 1819                 .54  .51  .39  .45                
 158 AV7B     1655 1822                 .34B .39  .35B .46                
 159 AV9A     1738 1831                                .59  .55           
 160 AV9B     1738 1829                                .61  .62           
 161 AV11A    1703 1832                           .59  .80  .54           
 162 AV11B    1703 1823                           .62  .84                
 163 AV12A    1674 1725                 .34                               
 164 AV14A    1677 1809                      .48  .60  .51                
 165 AV14B    1677 1802                      .34  .55  .60                
 166 AV15A    1616 1831       .35  .37  .48  .45  .51  .51  .51           
 167 AV15B    1616 1831       .21B .42  .48  .38  .51  .59  .57           
 168 AV17A    1711 1828                           .72  .74  .59           
 169 AV17B    1711 1829                           .70  .71  .30A          
 170 AV16A    1721 1832                           .57  .73  .68           
 171 AV16B    1721 1829                           .57  .54  .47           
 172 AV20A    1727 1828                                .61  .44           
 173 AV20B    1727 1824                                .61  .62           
 174 AV21A    1678 1819                      .59  .55  .54                
 175 AV21B    1679 1808                      .42  .44  .44                
 176 AV23A    1711 1821                           .52  .64                
 177 AV23B    1710 1805                           .61  .74                
 178 AV24A    1702 1831                           .58  .54  .41           
 179 AV24B    1702 1811                           .68  .67                
 180 AV25A    1758 1867                                     .46  .70      
 181 AV25B    1758 1852                                     .48  .59      
 182 AV27A    1737 1830                                .68  .47           
 183 AV27B    1737 1821                                .54                
 184 AV31A    1719 1824                           .76  .70  .60           
 185 AV31B    1719 1829                           .74  .72  .68           
 186 AV34A    1706 1830                           .66  .71  .67           
 187 AV34B    1706 1832                           .53  .69  .53           
 188 AV36A    1691 1829                      .54  .58  .70  .72           
 189 AV36B    1691 1819                      .40  .64  .75                
 190 AV38A    1640 1827            .16B .55  .36  .52  .59  .50           
 191 AV38B    1640 1824            .38B .53  .33  .39  .47  .49           
 192 AV42A    1648 1819                 .58  .27A .21B .47                
 193 AV42B    1649 1817            .50  .53  .29A .37  .52                
 194 AV43A    1704 1804                           .43  .36B               
 195 AV43B    1704 1815                           .51  .55                
 196 AV44A    1732 1832                                .65  .62           
 197 AV44B    1732 1830                                .73  .62           
 198 AV45A    1672 1791                 .50  .43  .52                     
 199 AV45B    1671 1781                 .60  .34  .51                     
 200 AV47A    1720 1827                           .54  .65  .55           
 201 AV47B    1720 1823                           .54  .64                
 202 AV48A    1659 1826                 .44  .31A .63  .68  .65           
 203 AV48B    1659 1800                 .51  .40  .62  .53                
 204 AV50A    1704 1830                           .46  .62  .71           
 205 AV50B    1700 1827                           .50  .61  .61           
 Av segment correlation  .50  .49  .49  .45  .37  .51  .58  .53  .54  .55 

 FLAGGED SEGMENTS: rus381
-----------------------------------------------------------------------------------------------------------------------------------
 Seq Series   Segment    Flag  r dated  Best lag  r at lag   Gain  Note
 --- -------- ---------  ----  -------  --------  --------  -----  -----------------
   5 AU4C     1775 1824     B     .283         2      .295   .012  weak at every lag
  10 AU11A    1800 1849     A     .305         0
  11 AU11B    1800 1849     B     .309         9      .337   .028
  12 AU12A    1725 1774     A     .303         0
  12 AU12A    1750 1799     B     .262        -5      .332   .070
  12 AU12A    1800 1849     A     .294         0
  19 AU27A    1775 1824     B     .414         2      .479   .065
  23 AU34C    1725 1774     B    -.028        -5      .303   .331  weak at every lag
  25 AU37A    1775 1824     B     .383        10      .411   .028
  25 AU37A    1800 1849     A     .311         0
  26 AU37B    1775 1824     B     .223        10      .513   .289
  26 AU37B    1800 1849     B     .267        -2      .348   .081
  33 MA       1625 1674     A     .318         0
  35 MMA      1650 1699     B     .219        -8      .344   .125
  35 MMA      1675 1724     B     .139         5      .210   .071  weak at every lag
  36 MMB      1650 1699     A     .317         0
  36 MMB      1675 1724     A     .312         0
  40 M5A      1675 1724     B     .066         1      .253   .187  weak at every lag
  40 M5A      1700 1749     A     .288         0
  41 M5B      1675 1724     A     .323         0
  41 M5B      1700 1749     B     .295        10      .309   .014  weak at every lag
  42 M6A      1675 1724     A     .271         0
  42 M6A      1700 1749     B     .123        -3      .283   .160  weak at every lag
 114 B2B      1700 1749     A     .244         0
 117 BA7A     1825 1874     A     .263         0
 118 BA7B     1825 1874     A     .263         0
 125 BA11A    1800 1849     B     .201        -1      .226   .025  weak at every lag
 125 BA11A    1825 1874     A     .309         0
 126 BA11B    1800 1849     B     .254        -2      .292   .038  weak at every lag
 129 BA13A    1700 1749     A     .322         0
 130 BA13B    1700 1749     A     .316         0
 139 BA22A    1800 1849     A     .255         0
 140 BA22B    1800 1849     B     .231        -7      .260   .029  weak at every lag
 158 AV7B     1675 1724     B     .343       -10      .407   .064
 158 AV7B     1725 1774     B     .346        -4      .351   .005
 167 AV15B    1625 1674     B     .208        -6      .218   .009  weak at every lag
 169 AV17B    1775 1824     A     .297         0
 190 AV38A    1650 1699     B     .162        -6      .305   .143  weak at every lag
 191 AV38B    1650 1699     B     .381        -5      .444   .063
 192 AV42A    1700 1749     A     .266         0
 192 AV42A    1725 1774     B     .213        -5      .374   .160
 193 AV42B    1700 1749     A     .286         0
 194 AV43A    1750 1799     B     .361         8      .484   .123
 202 AV48A    1700 1749     A     .315         0

 DESCRIPTIVE STATISTICS: rus381
-----------------------------------------------------------------------------------------------------------------------------------

                                                Corr   //-------- Unfiltered --------\\  //-- dplR filtered --\\
                           No.    No.    No.    with   Mean   Max     Std   Auto   Mean   Max     Std   Auto  AR
 Seq Series   Interval   Years  Segmt  Flags   Master  msmt   msmt    dev   corr   sens  value    dev   corr  ()
 --- -------- ---------  -----  -----  -----   ------ -----  -----  -----  -----  -----  -----  -----  -----  --
   1 AU1A     1759 1847     89      1      0    .520   1.43   2.38   .442   .764   .172   1.32   .163   .134   0
   2 AU1B     1759 1857     99      2      0    .537   1.27   2.39   .493   .799   .203   1.67   .195   .120   0
   3 AU4A     1718 1818    101      2      0    .579   1.35   2.57   .412   .736   .170   1.58   .183  -.002   3
   4 AU4B     1713 1864    152      4      0    .585   1.08   2.15   .401   .785   .190   1.46   .190  -.046   3
   5 AU4C     1712 1837    126      3      1    .475   1.21   2.10   .365   .734   .156   1.53   .177   .017   1
   6 AU6A     1731 1864    134      3      0    .529   1.49   3.01   .516   .701   .210   1.66   .214   .011   1
   7 AU6B     1731 1836    106      2      0    .484   1.48   3.35   .570   .818   .177   1.54   .189   .028   1
   8 AU10A    1723 1860    138      4      0    .496   1.11   2.15   .449   .803   .210   1.57   .200   .009   2
   9 AU10B    1723 1861    139      4      0    .523   1.06   2.26   .415   .746   .212   1.83   .217   .001   1
  10 AU11A    1788 1862     75      1      1    .318   1.85   4.03   .734   .814   .190   1.41   .187  -.023   2
  11 AU11B    1788 1863     76      1      1    .334   1.73   4.35   .910   .882   .189   1.44   .196   .047   1
  12 AU12A    1707 1863    157      4      3    .308   1.12   2.69   .455   .697   .248   1.55   .224   .006   3
  13 AU18A    1795 1862     68      1      0    .494   1.85   2.79   .480   .711   .163   1.41   .171   .057   1
  14 AU18B    1795 1862     68      1      0    .558   1.76   2.71   .450   .766   .142   1.29   .147   .009   1
  15 AU23A    1798 1859     62      1      0    .619   2.19   4.17   .911   .905   .167   1.38   .152   .028   2
  16 AU23B    1798 1863     66      1      0    .605   2.12   3.82   .808   .869   .159   1.34   .156  -.017   2
  17 AU25A    1741 1860    120      3      0    .502   1.09   2.09   .350   .655   .207   1.45   .207  -.041   1
  18 AU25B    1741 1860    120      3      0    .443   1.27   2.97   .508   .789   .193   1.64   .204   .007   1
  19 AU27A    1731 1863    133      3      1    .526   1.18   2.60   .458   .835   .173   1.79   .172   .010   3
  20 AU27B    1731 1843    113      2      0    .429   1.24   2.16   .367   .703   .177   1.48   .185   .003   1
  21 AU34A    1760 1840     81      1      0    .542   1.81   4.29   .786   .710   .261   1.71   .259   .105   0
  22 AU34B    1760 1844     85      1      0    .511   1.63   6.22  1.111   .851   .238   2.27   .272   .082   1
  23 AU34C    1718 1840    123      3      1    .272   1.26   3.19   .878   .913   .269   2.53   .310   .017   2
  24 AU34D    1717 1844    128      3      0    .554   1.21   3.68   .886   .919   .257   1.65   .237   .031   3
  25 AU37A    1760 1851     92      2      2    .348   1.50   2.61   .517   .824   .167   1.38   .151  -.006   1
  26 AU37B    1760 1850     91      2      2    .227   1.47   2.59   .466   .592   .214   1.62   .220  -.016   1
  27 AU41A    1744 1858    115      3      0    .421   1.36   2.73   .559   .797   .196   1.93   .220   .002   1
  28 AU41B    1744 1839     96      2      0    .520   1.25   2.79   .504   .787   .203   1.51   .197  -.012   2
  29 AU42A    1773 1864     92      2      0    .546   1.82   3.12   .510   .641   .200   1.60   .185  -.004   1
  30 AU42B    1773 1856     84      2      0    .581   1.84   3.36   .569   .634   .215   1.40   .196   .064   0
  31 AU43A    1709 1865    157      4      0    .434   1.09   2.94   .721   .868   .261   2.70   .293   .001   1
  32 AU43B    1712 1824    113      3      0    .325   1.06   2.63   .687   .908   .266   2.20   .274   .009   1
  33 MA       1597 1713    117      3      1    .434   1.66   2.88   .506   .683   .206   1.75   .218  -.033   1
  34 MB       1597 1703    107      3      0    .491   1.86   3.04   .458   .682   .168   1.43   .169  -.011   1
  35 MMA      1578 1757    180      5      2    .323   1.07   5.31   .999   .972   .200   2.02   .214  -.002   2
  36 MMB      1578 1747    170      4      2    .393   1.08   5.20   .974   .978   .194   1.53   .200   .021   1
  37 M2A      1636 1705     70      1      0    .491   1.42   2.32   .372   .696   .155   1.37   .166   .006   1
  38 M2B      1634 1718     85      1      0    .571   1.44   2.25   .327   .545   .178   1.42   .173  -.010   1
  39 M4A      1594 1710    117      3      0    .476   1.49   5.71  1.144   .968   .189   1.54   .185   .015   1
  40 M5A      1589 1759    171      5      2    .373    .84   3.41   .528   .888   .210   2.14   .228  -.002   1
  41 M5B      1585 1766    182      5      2    .464    .88   3.18   .621   .923   .216   1.67   .234  -.007   1
  42 M6A      1579 1768    190      5      2    .288   1.07   3.76   .728   .925   .213   2.17   .239   .007   1
  43 M6B      1579 1765    187      5      0    .464   1.14   3.92   .709   .904   .214   1.72   .219  -.000   1
  44 M7A      1595 1731    137      4      0    .582   1.33   4.98  1.040   .961   .159   1.57   .171   .029   1
  45 M7B      1596 1712    117      3      0    .588   1.40   4.77   .989   .946   .174   1.49   .170   .034   3
  46 M8A      1553 1713    161      3      0    .635   1.61   4.76   .843   .852   .209   1.54   .209  -.005   2
  47 M8B      1555 1699    145      3      0    .500   1.40   3.99   .858   .886   .208   1.72   .214   .021   1
  48 M9A      1606 1751    146      4      0    .472   1.80   3.25   .704   .811   .212   1.72   .204  -.003   1
  49 M9B      1620 1732    113      3      0    .459   1.72   3.44   .760   .838   .227   1.81   .238  -.004   1
  50 M10A     1603 1686     84      1      0    .577   2.28   5.98   .903   .790   .173   1.88   .184   .016   1
  51 M10B     1603 1675     73      1      0    .333   2.35   4.49   .908   .883   .157   1.41   .153   .006   1
  52 M11A     1606 1731    126      3      0    .434   1.86   3.79   .672   .772   .215   2.24   .236   .050   2
  53 M11B     1606 1739    134      3      0    .496   1.59   3.55   .770   .841   .227   1.68   .229  -.002   1
  54 BB1A     1529 1612     84      0      0    .492   1.48   2.65   .547   .768   .207   1.53   .214  -.007   1
  55 BB1B     1529 1620     92      0      0    .592   1.55   2.47   .471   .713   .210   1.47   .198  -.074   2
  56 BB2A     1555 1621     67      0      0    .448   1.80   4.65  1.000   .943   .132   1.41   .134   .020   1
  57 BB2B     1555 1630     76      0      0    .531   1.70   5.05   .974   .938   .154   1.46   .154   .041   1
  58 BB5A     1559 1632     74      0      0    .539   1.49   4.70  1.071   .964   .132   1.45   .146  -.014   3
  59 BB5B     1559 1631     73      0      0    .699   1.59   5.04  1.105   .951   .187   1.43   .170   .040   1
  60 BB7A     1537 1632     96      0      0    .618   1.44   2.94   .424   .627   .203   1.54   .206   .005   1
  61 BB7B     1537 1631     95      0      0    .584   1.44   2.92   .463   .676   .212   1.75   .220  -.021   3
  62 BB8A     1518 1632    115      0      0    .419   1.39   3.26   .716   .858   .233   1.54   .234   .039   1
  63 BB8B     1518 1632    115      0      0    .476   1.36   3.39   .636   .791   .224   1.78   .228   .014   2
  64 ВВ9A   1540 1631     92      0      0    .429   1.15   3.03   .729   .912   .196   1.37   .191   .015   2
  65 ВВ9B   1541 1632     92      0      0    .393   1.27   3.35   .826   .937   .197   1.39   .193  -.005   1
  66 BB11A    1533 1622     90      0      0    .549   1.55   2.90   .541   .739   .211   1.54   .220   .018   1
  67 BB11B    1533 1632    100      0      0    .485   1.37   3.08   .507   .766   .191   1.54   .210   .009   2
  68 BB12A    1553 1630     78      0      0    .156   1.73   4.09  1.088   .920   .211   1.91   .230   .024   1
  69 BB12B    1553 1615     63      0      0    .359   1.73   3.94   .986   .880   .214   1.44   .190   .109   0
  70 BB13A    1537 1632     96      0      0    .553   1.36   3.05   .845   .905   .224   1.68   .226   .020   3
  71 BB13B    1537 1632     96      0      0    .450   1.45   3.76   .975   .903   .207   1.54   .212   .039   1
  72 BB15A    1544 1632     89      0      0    .444   1.16   3.67   .905   .972   .203   1.49   .209  -.017   3
  73 BB15B    1544 1632     89      0      0    .457   1.14   3.21   .805   .967   .190   1.33   .175   .034   3
  74 BB16A    1541 1631     91      0      0    .585   1.55   2.92   .569   .698   .212   1.90   .237   .030   1
  75 BB16B    1541 1621     81      0      0    .530   1.49   3.04   .683   .890   .184   1.60   .200   .028   1
  76 BB17A    1562 1632     71      0      0    .466   1.44   3.38   .747   .865   .188   1.55   .207   .086   1
  77 BB17B    1563 1632     70      0      0    .474   1.54   3.41   .760   .870   .203   1.49   .206   .101   1
  78 BB18A    1542 1632     91      0      0    .513   1.51   3.56   .669   .745   .211   1.76   .225   .007   2
  79 BB18B    1542 1630     89      0      0    .426   1.16   2.46   .496   .835   .208   1.65   .219  -.003   1
  80 BB19A    1550 1632     83      0      0    .420   1.39   3.23   .644   .890   .174   1.38   .185   .103   1
  81 BB19B    1550 1632     83      0      0    .417   1.31   3.25   .706   .909   .154   1.48   .168   .035   2
  82 BB20A    1518 1632    115                         1.23   3.29   .790   .889   .226                         
  83 BB20B    1518 1632    115      0      0    .267   1.32   3.58   .784   .873   .206   1.60   .247   .320   1
  84 BB22A    1541 1632     92      0      0    .400   1.71   4.22   .900   .802   .279   1.76   .267   .149   0
  85 BB22B    1541 1632     92      0      0    .504   1.60   4.01   .843   .811   .273   1.50   .261   .083   1
  86 BB23A    1570 1632     63      0      0    .611   1.65   2.45   .414   .716   .154   1.31   .151   .055   3
  87 BB23B    1570 1632     63      0      0    .420   1.74   2.86   .488   .737   .170   1.35   .174   .063   1
  88 BB24A    1595 1632     38      0      0    .369   3.31   5.06   .962   .663   .165   1.35   .156  -.168   3
  89 BB24B    1595 1632     38      0      0    .279   3.23   4.84   .833   .615   .175   1.41   .172   .057   1
  90 BB25A    1537 1631     95      0      0    .418   1.21   4.26   .916   .974   .159   1.55   .171   .028   1
  91 BB25B    1537 1632     96      0      0    .515   1.28   3.93   .881   .956   .184   1.60   .188   .067   1
  92 BB26A    1529 1632    104      0      0    .504   1.37   2.70   .452   .572   .233   1.62   .209  -.065   0
  93 BB26B    1529 1631    103      0      0    .536   1.25   2.68   .468   .760   .206   1.68   .212   .053   1
  94 BB27A    1548 1632     85      0      0    .443   1.38   3.12   .710   .922   .171   1.38   .164  -.015   1
  95 BB27B    1548 1632     85      0      0    .435   1.24   2.71   .681   .937   .174   1.34   .171  -.020   2
  96 BB30A    1543 1629     87      0      0    .545   1.80   3.36   .808   .865   .183   1.53   .187   .053   2
  97 BB30B    1541 1617     77      0      0    .232   1.80   3.66   .780   .788   .250   2.53   .270  -.003   0
  98 BB32A    1532 1632    101      0      0    .597   1.59   5.85   .823   .790   .240   1.96   .267   .053   1
  99 BB32B    1532 1632    101      0      0    .538   1.38   2.66   .525   .772   .186   1.85   .202  -.003   1
 100 BB33A    1544 1626     83      0      0    .438   1.79   3.76   .954   .922   .172   1.32   .163  -.005   1
 101 BB33B    1544 1632     89      0      0    .447   1.49   4.28  1.017   .926   .160   1.59   .169   .017   2
 102 BB34A    1528 1633    105                         1.01   1.91   .225   .597   .147                         
 103 BB34B    1528 1632    105      0      0    .189   1.22   2.30   .333   .677   .160   1.54   .163  -.016   3
 104 BB35A    1540 1632     93      0      0    .301   1.13   2.74   .551   .879   .186   1.67   .192   .057   1
 105 BB35B    1540 1627     88      0      0    .428   1.18   2.59   .580   .895   .197   1.38   .177   .010   2
 106 BB36A    1531 1632    102      0      0    .628   1.38   3.30   .573   .777   .216   1.79   .234   .023   1
 107 BB36B    1531 1632    102      0      0    .649   1.47   3.39   .609   .803   .219   1.54   .215   .032   1
 108 BB38A    1565 1632     68      0      0    .657   1.71   3.64   .590   .861   .130   1.39   .144   .111   1
 109 BB38B    1565 1632     68      0      0    .506   1.51   3.87   .576   .817   .128   1.54   .143   .203   1
 110 BB40A    1533 1627     95      0      0    .548   1.44   2.88   .596   .848   .167   1.41   .167   .003   1
 111 BB40B    1533 1632    100      0      0    .440   1.38   2.80   .581   .889   .161   1.39   .148   .003   1
 112 BB41A    1535 1621     87      0      0    .592   1.81   3.98   .737   .761   .225   1.53   .241   .041   1
 113 BB41B    1535 1632     98      0      0    .475   1.33   2.54   .502   .636   .265   2.13   .281   .108   3
 114 B2B      1661 1859    199      6      1    .439    .63   1.98   .244   .697   .219   1.65   .228  -.021   1
 115 BA5A     1777 1879    103      2      0    .439   1.15   2.04   .362   .619   .195   1.57   .205  -.023   1
 116 BA5B     1777 1881    105      2      0    .436   1.19   2.11   .317   .505   .208   1.57   .194   .009   1
 117 BA7A     1779 1880    102      2      1    .312   1.40   3.58   .658   .876   .180   1.48   .195  -.001   1
 118 BA7B     1779 1880    102      2      1    .298   1.46   3.45   .684   .899   .148   1.58   .172   .042   1
 119 BA8A     1723 1878    156      5      0    .593    .77   2.07   .335   .839   .202   1.59   .192  -.020   1
 120 BA8B     1723 1875    153      5      0    .611    .78   1.47   .297   .808   .198   1.47   .192   .013   1
 121 BA9A     1708 1876    169      5      0    .570    .73   2.52   .419   .894   .197   1.57   .209   .038   1
 122 BA9B     1708 1881    174      5      0    .449    .70   2.15   .396   .904   .195   1.69   .199   .002   1
 123 BA10A    1769 1881    113      3      0    .575    .98   3.88   .773   .933   .195   1.43   .175   .032   2
 124 BA10B    1769 1874    106      3      0    .602    .98   4.17   .722   .887   .201   1.55   .200  -.006   1
 125 BA11A    1750 1880    131      3      2    .347    .92   4.22   .926   .957   .253   1.93   .260   .034   1
 126 BA11B    1750 1879    130      3      1    .348    .93   4.31   .784   .921   .253   1.73   .258  -.035   1
 127 BA12A    1746 1881    136      4      0    .569    .86   1.93   .406   .847   .216   1.55   .203  -.003   2
 128 BA12B    1746 1879    134      4      0    .618    .82   1.58   .291   .807   .183   1.49   .172   .001   2
 129 BA13A    1656 1867    212      6      1    .408    .63   1.48   .336   .814   .254   2.49   .300  -.010   3
 130 BA13B    1656 1867    212      6      1    .487    .57   1.47   .313   .845   .229   2.05   .245  -.006   3
 131 BA14A    1805 1878     74      1      0    .452   1.68   3.77   .668   .743   .180   1.73   .186   .018   1
 132 BA14B    1805 1868     64      0      0    .414   1.58   3.69   .611   .783   .176   1.44   .176  -.000   1
 133 BA15A    1798 1880     83      2      0    .456   1.33   2.49   .481   .820   .177   1.55   .173   .148   0
 134 BA15B    1798 1879     82      2      0    .586   1.34   2.34   .446   .797   .178   1.57   .181  -.020   1
 135 BA17A    1735 1876    142      4      0    .602    .71   1.59   .212   .721   .167   1.50   .159  -.000   2
 136 BA17B    1735 1874    140      4      0    .569    .84   1.77   .310   .779   .189   1.73   .200   .024   1
 137 BA18A    1736 1881    146      4      0    .368    .87   2.39   .398   .761   .228   1.69   .226  -.029   1
 138 BA18B    1736 1864    129      3      0    .390   1.07   2.60   .431   .807   .189   1.58   .189  -.011   3
 139 BA22A    1776 1853     78      1      1    .126   1.34   2.48   .525   .799   .196   1.35   .189   .029   1
 140 BA22B    1776 1852     77      1      1    .183   1.34   2.53   .566   .803   .210   1.45   .205  -.000   1
 141 BA23A    1789 1880     92      2      0    .597   1.18   2.66   .498   .865   .160   1.62   .178   .026   1
 142 BA23B    1789 1879     91      2      0    .593   1.23   2.74   .517   .821   .192   1.39   .187  -.006   1
 143 BA24A    1758 1877    120      3      0    .408   1.37   2.70   .535   .788   .209   1.67   .224  -.029   1
 144 BA24B    1758 1878    121      3      0    .495   1.15   2.56   .514   .847   .206   1.52   .203   .031   1
 145 BA25A    1724 1874    151      5      0    .527    .70   1.35   .198   .606   .189   1.56   .181   .012   1
 146 BA25B    1724 1873    150      4      0    .548    .68   1.43   .201   .539   .232   1.57   .218  -.008   1
 147 AV1A     1701 1829    129      3      0    .648   1.25   2.84   .531   .870   .177   1.58   .177   .024   1
 148 AV1B     1701 1832    132      3      0    .605   1.33   2.61   .458   .744   .202   1.55   .204  -.002   1
 149 AV2A     1730 1832    103      2      0    .603   1.28   4.11   .756   .870   .228   1.83   .241   .010   2
 150 AV2B     1730 1829    100      2      0    .583   1.22   3.54   .742   .897   .213   1.82   .243   .028   1
 151 AV4A     1731 1832    102      2      0    .624   1.22   2.47   .424   .770   .188   1.47   .189  -.023   1
 152 AV4B     1716 1828    113      3      0    .630   1.45   4.13   .919   .910   .214   1.56   .204   .002   2
 153 AV5A     1718 1831    114      3      0    .383   1.29   2.58   .637   .862   .265   2.98   .334  -.017   2
 154 AV5B     1718 1831    114      3      0    .373   1.28   2.50   .627   .838   .262   2.92   .329   .077   1
 155 AV6A     1709 1830    122      3      0    .587   1.29   2.42   .494   .773   .223   1.54   .215  -.028   1
 156 AV6B     1709 1830    122      3      0    .590   1.30   2.74   .578   .782   .243   1.59   .230  -.019   1
 157 AV7A     1655 1819    165      4      0    .397   1.20   3.12   .775   .892   .252   1.95   .269  -.021   1
 158 AV7B     1655 1822    168      4      2    .335   1.11   2.63   .671   .897   .235   1.79   .228   .001   2
 159 AV9A     1738 1831     94      2      0    .550   1.82   4.50   .957   .938   .175   1.39   .160  -.010   3
 160 AV9B     1738 1829     92      2      0    .541   1.82   3.79   .903   .923   .162   1.33   .153   .007   2
 161 AV11A    1703 1832    130      3      0    .537   1.39   2.78   .647   .819   .229   1.64   .222  -.002   2
 162 AV11B    1703 1823    121      2      0    .573   1.54   3.39   .744   .844   .218   1.55   .213   .020   1
 163 AV12A    1674 1725     52      1      0    .348   3.34   6.41  1.585   .927   .147   1.24   .139   .041   1
 164 AV14A    1677 1809    133      3      0    .458   1.33   3.70   .908   .873   .301   2.90   .308  -.065   3
 165 AV14B    1677 1802    126      3      0    .452   1.30   3.43   .897   .926   .214   2.05   .222  -.016   1
 166 AV15A    1616 1831    216      7      0    .423    .95   1.98   .388   .673   .299   2.41   .295  -.023   3
 167 AV15B    1616 1831    216      7      1    .424    .90   1.84   .388   .793   .247   1.94   .246  -.001   3
 168 AV17A    1711 1828    118      3      0    .568   1.34   2.23   .380   .547   .222   1.45   .197   .035   0
 169 AV17B    1711 1829    119      3      1    .402   1.51   2.46   .397   .679   .175   1.88   .176   .087   0
 170 AV16A    1721 1832    112      3      0    .631   1.60   3.87   .735   .906   .162   1.41   .147   .022   1
 171 AV16B    1721 1829    109      3      0    .511   1.86   4.19   .817   .869   .180   1.56   .169   .031   1
 172 AV20A    1727 1828    102      2      0    .475   1.69   5.19  1.122   .917   .217   1.38   .198  -.019   1
 173 AV20B    1727 1824     98      2      0    .508   1.85   5.25  1.058   .858   .219   1.52   .217   .018   1
 174 AV21A    1678 1819    142      3      0    .527   1.40   2.71   .471   .659   .215   1.63   .214   .019   2
 175 AV21B    1679 1808    130      3      0    .452   1.41   2.56   .518   .577   .270   1.81   .264   .029   2
 176 AV23A    1711 1821    111      2      0    .605   1.63   4.70   .869   .885   .212   1.44   .196  -.085   1
 177 AV23B    1710 1805     96      2      0    .624   1.53   4.15   .929   .931   .204   1.60   .205  -.033   1
 178 AV24A    1702 1831    130      3      0    .502   1.43   2.69   .490   .784   .171   1.57   .181   .017   3
 179 AV24B    1702 1811    110      2      0    .548   1.64   3.58   .420   .600   .166   1.66   .182   .016   1
 180 AV25A    1758 1867    110      2      0    .472   1.43   2.78   .503   .742   .188   1.82   .190   .013   1
 181 AV25B    1758 1852     95      2      0    .510   1.47   2.99   .567   .710   .212   1.57   .205   .116   0
 182 AV27A    1737 1830     94      2      0    .562   1.97   3.70   .724   .724   .217   1.31   .170  -.098   0
 183 AV27B    1737 1821     85      1      0    .516   1.96   3.80   .716   .712   .206   1.48   .182   .044   0
 184 AV31A    1719 1824    106      3      0    .641   1.62   4.10   .716   .877   .182   1.71   .186   .014   1
 185 AV31B    1719 1829    111      3      0    .696   1.50   3.53   .612   .865   .157   1.37   .143  -.013   3
 186 AV34A    1706 1830    125      3      0    .646   1.39   2.94   .539   .832   .168   1.78   .179  -.021   1
 187 AV34B    1706 1832    127      3      0    .525   1.40   2.93   .555   .831   .167   1.88   .184   .020   1
 188 AV36A    1691 1829    139      4      0    .645   1.37   2.91   .471   .731   .203   1.37   .192   .007   3
 189 AV36B    1691 1819    129      3      0    .612   1.41   3.19   .513   .733   .204   1.55   .198   .008   1
 190 AV38A    1640 1827    188      6      1    .385    .96   3.17   .657   .870   .322   2.40   .294   .000   3
 191 AV38B    1640 1824    185      6      1    .412   1.00   3.48   .561   .711   .290   2.22   .308   .019   3
 192 AV42A    1648 1819    172      4      2    .388   1.05   3.68   .908   .912   .289   2.27   .329  -.026   3
 193 AV42B    1649 1817    169      5      1    .398   1.25   4.83  1.101   .926   .293   1.97   .304  -.035   1
 194 AV43A    1704 1804    101      2      1    .265   2.12   4.50   .795   .783   .199   1.87   .217   .011   1
 195 AV43B    1704 1815    112      2      0    .373   1.91   4.20   .802   .867   .200   2.16   .233   .192   1
 196 AV44A    1732 1832    101      2      0    .603   1.49   3.34   .610   .855   .183   1.39   .172  -.011   1
 197 AV44B    1732 1830     99      2      0    .637   1.50   2.86   .639   .846   .187   1.45   .183   .011   1
 198 AV45A    1672 1791    120      3      0    .480   1.68   4.61   .843   .871   .199   1.86   .207  -.027   3
 199 AV45B    1671 1781    111      3      0    .522   1.59   4.26   .725   .873   .189   1.69   .199  -.005   3
 200 AV47A    1720 1827    108      3      0    .563   1.70   3.84   .787   .892   .171   1.66   .182   .018   1
 201 AV47B    1720 1823    104      2      0    .456   1.88   4.41   .870   .881   .191   1.44   .186  -.025   1
 202 AV48A    1659 1826    168      5      1    .441   1.34   2.61   .647   .895   .211   2.17   .210  -.077   3
 203 AV48B    1659 1800    142      4      0    .465   1.23   2.93   .678   .891   .219   1.47   .200  -.024   3
 204 AV50A    1704 1830    127      3      0    .562   1.15   2.29   .391   .778   .194   1.39   .183  -.006   1
 205 AV50B    1700 1827    128      3      0    .556   1.18   2.54   .458   .863   .161   1.39   .153   .021   1
 --- -------- ---------  -----  -----  -----   ------ -----  -----  -----  -----  -----  -----  -----  -----  --
 Total or mean:          22949    426     44    .483   1.33   6.41   .629   .816   .206   2.98   .210   .012

 DATA CHECKS (rwl.check): rus381
-----------------------------------------------------------------------------------------------------------------------------------
 rwl.check: data_files/treering/measurements/asia/rus381.rwl
 205 series, 22949 measurements, 1518-1881, 0.01 mm precision
 0 error(s), 3 warning(s), 67 note(s)
 -------------
 WARNING
   RWL_INTERNAL_NA (1)
     BB34A: no measurement for 1582, inside the measured span of the series. The file records nothing for that year, which is not a fault, but detrend(), chron(), strip.rwl(), rwi.stats() and sss() fail on interior gaps and this series cannot be crossdated. Use fill.internal.NA() to close them deliberately
   RWL_NON_ASCII (1)
     80 byte(s) outside printable ASCII
   RWL_SERIES_OUTLIER (1)
     BB20B: correlates with the rest of the collection at r = -0.02 where the collection median is 0.483 (4.5 MAD below it); it does not fit the collection it is in
 67 note(s) not shown; see rwl.check() or the 'check' element of this report.

 NOTES
-----------------------------------------------------------------------------------------------------------------------------------
 Report generated using dplR 1.8.1 (R 4.5.2) on 2026-10-01 16:58 PDT.
 Measurement file rus381.rwl, MD5 ef63efda9aac84be2207f90774998e5f.
 Filtering: each series divided by a 32-year smoothing spline (caps()), then prewhitened with
   an AR model (order by AIC, at most 3).
 Master: biweight robust mean of the other series (leave-one-out).
 Correlation: Pearson, one-tailed, pcrit = 0.01; critical r = 0.3281 for 50-year segments.
 Segments: 50 years, lagged 25, first segment floored to 100. Lags searched: +/- 10 years.
 A segment is tested only where the series and the master cover all of it, at the dated
   position and at every lag. COFECHA also tests partial segments at the ends of a series, so
   series here may show fewer segments, and no flags can be raised at the ends of the record.
 Lags follow COFECHA: negative means rings are probably missing from the series, positive means
   false rings. A missing ring carries its lag into every segment before it, so look where the
   lag changes along a series. A B flag is a hypothesis to check on the wood; the gain says how
   seriously to take it.
 A B flag marked "weak at every lag" correlates under the critical value even at its best lag:
   the segment is weak wherever it is placed, and the shift is not evidence of a dating error.
   Treat it as a low correlation, like an A.
 Averages in the summary and the totals are weighted by the number of years in each series, as
   COFECHA's are.
 Unfiltered block and mean sensitivity: the measurements as read, and sens1().
 dplR filtered block: the series that was correlated, after filtering. COFECHA's filtered
   series is defined differently, so these three columns are not COFECHA's numbers.
 AR: order of the AR model used to prewhiten.
 Left out of the crossdating: the 'nyrs' spline for series BB20A is not all positive, so
   dividing by it would give negative or infinite indices. Remove the series, or detrend the
   data yourself with detrend() and pass the indices with 'nyrs = NULL'
 Left out of the crossdating: series BB34A has internal NA values, and the 'nyrs' spline needs
   an unbroken series. Fill them with fill.internal.NA(), remove the series, or use 'n' instead
   of 'nyrs'
