
 COFECHA-style crossdating report: russ282
 Report generated using dplR 1.8.1 (R 4.5.2) on 2026-10-01 16:53 PDT
 Built with dplR's xdate.report(), not COFECHA; see the notes at the end.


      Measurement file name  : russ282.rwl
      MD5 of measurement file: 01306f4419b6c05685da7f83031d2658
      Date checked           : 01OCT26
      Beginning year         : 1823
      Ending year            : 2015
      Principal investigators: Khasanov, B.
      Site name              : Kozelsk
      Species information    : QURO Quercus robur L. = Quercus pendunculata Ehrl.
      Latitude               : 53.9100 N
      Longitude              : 35.8250 E
      Elevation              : 160 m

      Series intercorrelation: 0.612
      Avg mean sensitivity   : 0.263
      Avg standard deviation : 1.065
      Avg autocorrelation    : 0.752
      Number dated series    : 97
      Series crossdated      : 96
      Segment length tested  : 50

      Number problem segments: 2  (A 0, B 2; 1 of the B weak at every lag)
      Pct problem segments   : 0.69


 CORRELATION OF SERIES BY SEGMENTS: russ282
-----------------------------------------------------------------------------------------------------------------------------------
 Correlations of  50-year dated segments, lagged  25 years
 Flags:  A = correlation under   .3281 but highest as dated;  B = correlation higher at other than dated position

 Seq Series  Time_span  1900 1925 1950 
                        1949 1974 1999 
 --- -------- ---------  ---- ---- ---- 
   1 Bl0116a  1843 2015  .37  .53  .67 
   2 Bl0116b  1840 2015  .35  .53  .61 
   3 Bl0216a  1845 2015  .65  .53  .62 
   4 Bl0216b  1855 2015  .69  .67  .67 
   5 Bl0316a  1857 2015  .58  .57  .62 
   6 Bl0316b  1831 2015  .58  .57  .45 
   7 Bl0416a  1870 2015  .56  .71  .78 
   8 Bl0416b  1870 2015  .63  .74  .73 
   9 Bl0516a  1864 2015  .39  .48  .45 
  10 Bl0516b  1881 2015  .39  .44  .19B
  11 Bl0616a  1844 2015  .61  .65  .63 
  12 Bl0616b  1838 2015  .61  .74  .76 
  13 Bl0716a  1843 2015  .35B .40  .40 
  14 Bl0716b  1887 2015  .54  .48  .52 
  15 Bl4316a  1852 2015  .59  .47  .47 
  16 Bl4316b  1854 2015  .60  .62  .72 
  17 Bl4416a  1853 2015  .65  .68  .61 
  18 Bl4416b  1854 2015  .57  .38  .59 
  19 Bl4516a  1860 2015  .50  .75  .76 
  20 Bl4516b  1863 2015  .58  .72  .76 
  21 Bl4616a  1868 2015  .44  .43  .53 
  22 Bl4616b  1859 2015  .43  .40  .40 
  23 Bl4716a  1855 2015  .60  .48  .62 
  24 Bl4716b  1868 2015  .63  .52  .58 
  25 Bl4816a  1866 2015  .58  .54  .53 
  26 Bl4816b  1856 2015  .64  .67  .67 
  27 Bl4916a  1861 2015  .59  .55  .48 
  28 Bl4916b  1860 2015  .50  .58  .53 
  29 Bl5016a  1864 2015  .59  .59  .52 
  30 Bl5016b  1862 2015  .49  .54  .56 
  31 Bl0916a  1856 2015  .71  .74  .80 
  32 Bl0916b  1868 2015  .71  .80  .85 
  33 Bl1016a  1857 2015  .69  .86  .84 
  34 Bl1016b  1844 2015  .71  .81  .82 
  35 Bl1116a  1831 2015  .73  .83  .88 
  36 Bl1116b  1846 2015  .70  .82  .87 
  37 Bl1216a  1850 2015  .70  .75  .83 
  38 Bl1216b  1845 2015  .51  .64  .87 
  39 Bl1316a  1843 2015  .64  .69  .74 
  40 Bl1316b  1866 2015  .70  .69  .69 
  41 Bl1416a  1880 2015  .80  .79  .78 
  42 Bl1416b  1869 2015  .70  .67  .65 
  43 Bl1516a  1853 2015  .74  .84  .84 
  44 Bl1516b  1848 2015  .73  .81  .81 
  45 Bl1616a  1884 2015  .80  .81  .76 
  46 Bl1616b  1875 2015  .74  .81  .75 
  47 Bl1716   1850 2015  .76  .78  .81 
  48 Bl1816a  1849 2015  .52  .62  .65 
  49 Bl1816b  1843 2015  .56  .75  .71 
  50 Bl1916a  1856 2015  .67  .53  .63 
  51 Bl1916b  1839 2015  .67  .60  .60 
  52 Bl3116a  1848 2015  .62  .71  .74 
  53 Bl3116b  1844 2015  .67  .73  .54 
  54 Bl3216a  1870 2015  .60  .78  .83 
  55 Bl3216b  1871 2015  .81  .85  .81 
  56 Bl3316a  1838 2015  .47  .39  .53 
  57 Bl3316b  1844 2015  .45  .47  .63 
  58 Bl3416a  1856 2015  .61  .56  .68 
  59 Bl3416b  1848 2015  .66  .62  .77 
  60 Bl3516a  1868 2015  .69  .64  .63 
  61 Bl3516b  1873 2015  .71  .71  .67 
  62 Bl3616a  1859 2015  .66  .68  .75 
  63 Bl3616b  1864 2015  .73  .70  .73 
  64 Bl3716a  1847 2015  .70  .75  .76 
  65 Bl3716b  1850 2015  .52  .65  .77 
  66 Bl3816a  1852 2015  .69  .77  .81 
  67 Bl3816b  1876 2015  .66  .84  .80 
  68 Bl3916a  1860 2015  .63  .66  .63 
  69 Bl3916b  1857 2015  .63  .60  .55 
  70 Bl4016a  1844 2015  .66  .63  .50 
  71 Bl4016b  1860 2015  .72  .62  .59 
  73 Bl4116b  1848 2015  .60  .70  .66 
  74 Bl4216a  1845 2015  .72  .69  .77 
  75 Bl4216b  1846 2015  .74  .70  .71 
  76 Bl2016a  1879 2015  .64  .61  .67 
  77 Bl2016b  1874 2015  .65  .78  .83 
  78 Bl2116a  1861 2015  .51  .54  .62 
  79 Bl2116b  1875 2015  .58  .53  .69 
  80 Bl2216a  1840 2015  .71  .71  .73 
  81 Bl2216b  1868 2015  .70  .65  .73 
  82 Bl2316a  1844 2015  .77  .75  .77 
  83 Bl2316b  1860 2015  .75  .78  .80 
  84 Bl2416a  1868 2015  .69  .77  .72 
  85 Bl2416b  1857 2015  .66  .70  .71 
  86 Bl2516a  1850 2015  .73  .76  .75 
  87 Bl2516b  1842 2015  .74  .72  .69 
  88 Bl2616a  1851 2015  .60  .60  .60 
  89 Bl2616b  1823 2015  .64  .63  .50 
  90 Bl2716a  1854 2015  .69  .78  .84 
  91 Bl2716b  1841 2015  .73  .75  .79 
  92 Bl2816a  1856 2015  .52  .51  .64 
  93 Bl2816b  1872 2015  .48  .59  .75 
  94 Bl2916a  1859 2015  .55  .59  .73 
  95 Bl2916b  1844 2015  .60  .48  .57 
  96 Bl3016a  1857 2015  .60  .63  .67 
  97 Bl3016b  1843 2015  .58  .72  .72 
 Av segment correlation  .62  .65  .68 

 FLAGGED SEGMENTS: russ282
-----------------------------------------------------------------------------------------------------------------------------------
 Seq Series   Segment    Flag  r dated  Best lag  r at lag   Gain  Note
 --- -------- ---------  ----  -------  --------  --------  -----  -----------------
  10 Bl0516b  1950 1999     B     .191         6      .259   .068  weak at every lag
  13 Bl0716a  1900 1949     B     .355        -7      .400   .045

 DESCRIPTIVE STATISTICS: russ282
-----------------------------------------------------------------------------------------------------------------------------------

                                                Corr   //-------- Unfiltered --------\\  //-- dplR filtered --\\
                           No.    No.    No.    with   Mean   Max     Std   Auto   Mean   Max     Std   Auto  AR
 Seq Series   Interval   Years  Segmt  Flags   Master  msmt   msmt    dev   corr   sens  value    dev   corr  ()
 --- -------- ---------  -----  -----  -----   ------ -----  -----  -----  -----  -----  -----  -----  -----  --
   1 Bl0116a  1843 2015    173      3      0    .491   2.43   5.45  1.107   .805   .228   1.70   .223   .021   1
   2 Bl0116b  1840 2015    176      3      0    .494   2.33   4.96   .951   .738   .227   1.71   .210  -.014   3
   3 Bl0216a  1845 2015    171      3      0    .529   2.30   5.71  1.216   .771   .256   1.84   .246  -.001   1
   4 Bl0216b  1855 2015    161      3      0    .599   2.57   6.53  1.209   .708   .272   1.69   .258  -.022   3
   5 Bl0316a  1857 2015    159      3      0    .532   2.86   6.71  1.363   .787   .234   1.80   .233   .002   1
   6 Bl0316b  1831 2015    185      3      0    .127   1.84   5.52  1.024   .803   .266   8.93   .648   .214   0
   7 Bl0416a  1870 2015    146      3      0    .599   2.14   4.23   .733   .676   .223   1.65   .214  -.025   3
   8 Bl0416b  1870 2015    146      3      0    .622   2.09   3.52   .683   .728   .200   1.42   .196  -.027   3
   9 Bl0516a  1864 2015    152      3      0    .365   2.07   4.38   .837   .760   .219   2.61   .244   .031   1
  10 Bl0516b  1881 2015    135      3      1    .322   2.16   4.54   .776   .709   .221   1.59   .209  -.016   2
  11 Bl0616a  1844 2015    172      3      0    .465   1.79   4.66  1.048   .826   .275   3.18   .355  -.033   1
  12 Bl0616b  1838 2015    178      3      0    .478   1.71   4.52  1.079   .801   .327   1.91   .324   .012   2
  13 Bl0716a  1843 2015    173      3      1    .204   2.08   4.71  1.123   .771   .278   5.08   .471  -.014   1
  14 Bl0716b  1887 2015    129      3      0    .505   2.25   5.92   .966   .750   .254   1.69   .235  -.044   1
  15 Bl4316a  1852 2015    164      3      0    .524   1.98   5.30   .996   .818   .250   1.63   .243  -.004   1
  16 Bl4316b  1854 2015    162      3      0    .599   1.65   4.79   .879   .810   .279   2.04   .270   .002   1
  17 Bl4416a  1853 2015    163      3      0    .578   1.92   4.48   .854   .738   .257   1.83   .249  -.003   1
  18 Bl4416b  1854 2015    162      3      0    .589   1.84   4.35   .762   .765   .237   1.77   .234  -.014   1
  19 Bl4516a  1860 2015    156      3      0    .599   1.74   4.84   .884   .706   .281   2.10   .292  -.028   3
  20 Bl4516b  1863 2015    153      3      0    .614   1.88   4.94   .908   .716   .289   2.19   .287  -.031   3
  21 Bl4616a  1868 2015    148      3      0    .413   1.82   4.31   .751   .755   .233   1.77   .225   .016   2
  22 Bl4616b  1859 2015    157      3      0    .397   1.89   3.85   .728   .817   .197   1.46   .199   .021   1
  23 Bl4716a  1855 2015    161      3      0    .551   1.74   5.35   .971   .842   .243   1.79   .240   .000   1
  24 Bl4716b  1868 2015    148      3      0    .546   1.61   3.78   .677   .799   .212   1.60   .208  -.003   1
  25 Bl4816a  1866 2015    150      3      0    .518   2.19   6.35  1.310   .878   .222   1.55   .215   .014   1
  26 Bl4816b  1856 2015    160      3      0    .573   1.98   4.50   .846   .798   .224   1.49   .217  -.024   3
  27 Bl4916a  1861 2015    155      3      0    .491   1.95   7.25   .967   .810   .203   1.77   .208   .039   1
  28 Bl4916b  1860 2015    156      3      0    .462   1.79   5.70   .867   .865   .188   1.55   .187   .018   1
  29 Bl5016a  1864 2015    152      3      0    .534   2.95   7.27  1.141   .668   .236   1.92   .239   .001   2
  30 Bl5016b  1862 2015    154      3      0    .497   2.42   5.01   .924   .747   .212   1.65   .223  -.007   2
  31 Bl0916a  1856 2015    160      3      0    .738   2.26   6.09  1.266   .776   .300   2.01   .306  -.010   3
  32 Bl0916b  1868 2015    148      3      0    .786   2.45   6.13  1.251   .783   .273   1.69   .267   .010   3
  33 Bl1016a  1857 2015    159      3      0    .750   2.43   5.29   .985   .690   .255   1.64   .253  -.060   3
  34 Bl1016b  1844 2015    172      3      0    .782   3.07   7.12  1.524   .863   .219   1.60   .225  -.023   3
  35 Bl1116a  1831 2015    185      3      0    .730   2.09   6.56  1.004   .760   .258   1.80   .255   .037   3
  36 Bl1116b  1846 2015    170      3      0    .764   2.10   5.41   .845   .689   .252   1.72   .245  -.025   3
  37 Bl1216a  1850 2015    166      3      0    .772   2.48   9.06  1.827   .889   .244   2.18   .279   .020   1
  38 Bl1216b  1845 2015    171      3      0    .688   2.66   7.62  1.615   .807   .258   1.99   .284  -.023   3
  39 Bl1316a  1843 2015    173      3      0    .693   2.44   5.65   .972   .786   .221   1.44   .206  -.009   3
  40 Bl1316b  1866 2015    150      3      0    .660   2.76   7.26  1.494   .848   .234   1.58   .222  -.043   3
  41 Bl1416a  1880 2015    136      3      0    .721   2.13   5.28  1.196   .715   .333   2.11   .336  -.026   3
  42 Bl1416b  1869 2015    147      3      0    .632   1.96   4.90  1.150   .792   .313   2.39   .355  -.018   3
  43 Bl1516a  1853 2015    163      3      0    .776   2.50   6.08  1.440   .889   .221   1.55   .226  -.025   3
  44 Bl1516b  1848 2015    168      3      0    .769   2.64   6.33  1.442   .865   .243   1.74   .256  -.029   3
  45 Bl1616a  1884 2015    132      3      0    .763   1.89   5.43  1.075   .745   .305   1.90   .300  -.021   3
  46 Bl1616b  1875 2015    141      3      0    .747   1.82   5.24  1.020   .759   .291   1.68   .299  -.019   3
  47 Bl1716   1850 2015    166      3      0    .755   2.55   6.21  1.087   .743   .220   1.78   .240  -.028   3
  48 Bl1816a  1849 2015    167      3      0    .619   3.18   6.55  1.486   .727   .290   1.95   .299  -.013   2
  49 Bl1816b  1843 2015    173      3      0    .616   3.00   7.35  1.417   .743   .290   2.00   .286  -.003   3
  50 Bl1916a  1856 2015    160      3      0    .591   2.36   5.48   .857   .608   .261   1.63   .247   .022   1
  51 Bl1916b  1839 2015    177      3      0    .581   2.44   5.90   .886   .660   .258   1.49   .232   .010   1
  52 Bl3116a  1848 2015    168      3      0    .609   2.42   5.75  1.041   .800   .223   1.64   .225  -.011   3
  53 Bl3116b  1844 2015    172      3      0    .559   2.41   5.76  1.100   .807   .255   1.86   .241  -.026   3
  54 Bl3216a  1870 2015    146      3      0    .701   1.60   3.24   .632   .488   .343   1.92   .306  -.044   3
  55 Bl3216b  1871 2015    145      3      0    .771   2.31   4.95  1.036   .598   .352   1.70   .308  -.025   3
  56 Bl3316a  1838 2015    178      3      0    .483   1.82   6.44  1.156   .838   .250   1.83   .248   .002   1
  57 Bl3316b  1844 2015    172      3      0    .571   1.88   5.73  1.203   .845   .274   1.72   .249   .005   1
  58 Bl3416a  1856 2015    160      3      0    .649   2.28   5.88  1.270   .820   .270   1.70   .243  -.014   3
  59 Bl3416b  1848 2015    168      3      0    .714   2.28   5.45  1.203   .805   .265   1.97   .268  -.008   3
  60 Bl3516a  1868 2015    148      3      0    .650   1.70   5.12   .961   .811   .246   1.65   .251   .016   1
  61 Bl3516b  1873 2015    143      3      0    .661   1.56   8.03  1.104   .881   .212   1.65   .228  -.015   1
  62 Bl3616a  1859 2015    157      3      0    .729   2.09   4.96   .861   .647   .266   1.75   .274  -.039   3
  63 Bl3616b  1864 2015    152      3      0    .731   2.46   7.04  1.205   .689   .299   1.84   .301  -.016   3
  64 Bl3716a  1847 2015    169      3      0    .729   2.38   5.75  1.090   .723   .246   1.70   .255  -.033   3
  65 Bl3716b  1850 2015    166      3      0    .676   2.04   5.44   .911   .717   .236   1.86   .235  -.029   3
  66 Bl3816a  1852 2015    164      3      0    .710   2.09   4.50   .994   .700   .297   2.35   .317  -.013   3
  67 Bl3816b  1876 2015    140      3      0    .725   1.73   3.74   .677   .521   .306   2.21   .305  -.015   3
  68 Bl3916a  1860 2015    156      3      0    .620   2.35   5.31  1.033   .701   .281   1.89   .278   .077   3
  69 Bl3916b  1857 2015    159      3      0    .615   2.04   4.78   .926   .737   .252   1.94   .263   .025   3
  70 Bl4016a  1844 2015    172      3      0    .492   1.88   3.94   .783   .676   .283   2.00   .285  -.013   2
  71 Bl4016b  1860 2015    156      3      0    .590   2.36   6.01   .898   .729   .229   1.58   .214  -.040   3
  72 Bl4116a  1829 2015    187                         2.18   6.74  1.068   .701   .290                         
  73 Bl4116b  1848 2015    168      3      0    .597   2.03   5.07   .997   .774   .273   1.88   .256  -.001   3
  74 Bl4216a  1845 2015    171      3      0    .727   2.21   6.30  1.268   .863   .262   1.72   .267  -.020   3
  75 Bl4216b  1846 2015    170      3      0    .723   2.17   5.59  1.110   .829   .258   1.84   .269  -.028   3
  76 Bl2016a  1879 2015    137      3      0    .636   2.17   5.07   .949   .730   .267   1.66   .252  -.023   3
  77 Bl2016b  1874 2015    142      3      0    .725   2.25   5.60  1.130   .789   .267   1.71   .273  -.003   3
  78 Bl2116a  1861 2015    155      3      0    .605   2.70   6.97  1.417   .560   .370   2.30   .397  -.020   3
  79 Bl2116b  1875 2015    141      3      0    .661   1.98   5.16   .955   .503   .367   2.42   .368  -.020   3
  80 Bl2216a  1840 2015    176      3      0    .680   2.27   5.72   .995   .698   .246   1.75   .257   .026   1
  81 Bl2216b  1868 2015    148      3      0    .713   2.80   6.71  1.485   .674   .326   2.05   .329   .029   1
  82 Bl2316a  1844 2015    172      3      0    .741   1.86   5.40  1.180   .859   .297   2.53   .323  -.014   3
  83 Bl2316b  1860 2015    156      3      0    .778   2.36   5.66  1.168   .720   .315   2.36   .331  -.015   3
  84 Bl2416a  1868 2015    148      3      0    .673   2.33   4.26   .865   .621   .262   1.68   .255   .032   1
  85 Bl2416b  1857 2015    159      3      0    .682   2.42   4.84   .863   .546   .271   1.89   .267  -.004   3
  86 Bl2516a  1850 2015    166      3      0    .733   2.82   7.02  1.200   .726   .262   1.92   .255  -.041   3
  87 Bl2516b  1842 2015    174      3      0    .702   2.87   6.71  1.246   .768   .253   1.68   .243  -.007   3
  88 Bl2616a  1851 2015    165      3      0    .628   2.06   7.08  1.212   .835   .268   1.91   .266  -.002   1
  89 Bl2616b  1823 2015    193      3      0    .109   2.04   7.43  1.469   .885   .295   1.81   .297  -.189   3
  90 Bl2716a  1854 2015    162      3      0    .729   1.74   4.57  1.044   .769   .318   2.05   .327  -.007   3
  91 Bl2716b  1841 2015    175      3      0    .679   1.76   5.48   .955   .661   .320   2.41   .332  -.003   3
  92 Bl2816a  1856 2015    160      3      0    .590   2.60   5.58  1.046   .698   .276   2.15   .261  -.024   3
  93 Bl2816b  1872 2015    144      3      0    .614   2.58   4.99   .967   .694   .252   1.74   .256  -.002   3
  94 Bl2916a  1859 2015    157      3      0    .648   2.14   4.58   .961   .771   .250   1.76   .262   .014   2
  95 Bl2916b  1844 2015    172      3      0    .551   1.89   4.49   .967   .738   .290   1.85   .309  -.010   3
  96 Bl3016a  1857 2015    159      3      0    .616   2.19   4.66   .948   .748   .244   1.81   .244   .018   3
  97 Bl3016b  1843 2015    173      3      0    .655   1.87   5.47   .907   .785   .244   1.69   .242   .000   3
 --- -------- ---------  -----  -----  -----   ------ -----  -----  -----  -----  -----  -----  -----  -----  --
 Total or mean:          15562    288      2    .612   2.20   9.06  1.065   .752   .263   8.93   .270  -.007

 DATA CHECKS (rwl.check): russ282
-----------------------------------------------------------------------------------------------------------------------------------
 rwl.check: data_files/treering/measurements/asia/russ282.rwl
 97 series, 15562 measurements, 1823-2015, 0.001 mm precision
 0 error(s), 0 warning(s), 2 note(s)
 -------------
 Nothing to report at this severity.
 2 note(s) not shown; see rwl.check() or the 'check' element of this report.

 NOTES
-----------------------------------------------------------------------------------------------------------------------------------
 Report generated using dplR 1.8.1 (R 4.5.2) on 2026-10-01 16:53 PDT.
 Measurement file russ282.rwl, MD5 01306f4419b6c05685da7f83031d2658.
 Filtering: each series divided by a 32-year smoothing spline (caps()), then prewhitened with
   an AR model (order by AIC, at most 3).
 Master: biweight robust mean of the other series (leave-one-out).
 Correlation: Pearson, one-tailed, pcrit = 0.01; critical r = 0.3281 for 50-year segments.
 Segments: 50 years, lagged 25, first segment floored to 100. Lags searched: +/- 10 years.
 A segment is tested only where the series and the master cover all of it, at the dated
   position and at every lag. COFECHA also tests partial segments at the ends of a series, so
   series here may show fewer segments, and no flags can be raised at the ends of the record.
 Lags follow COFECHA: negative means rings are probably missing from the series, positive means
   false rings. A missing ring carries its lag into every segment before it, so look where the
   lag changes along a series. A B flag is a hypothesis to check on the wood; the gain says how
   seriously to take it.
 A B flag marked "weak at every lag" correlates under the critical value even at its best lag:
   the segment is weak wherever it is placed, and the shift is not evidence of a dating error.
   Treat it as a low correlation, like an A.
 Averages in the summary and the totals are weighted by the number of years in each series, as
   COFECHA's are.
 Unfiltered block and mean sensitivity: the measurements as read, and sens1().
 dplR filtered block: the series that was correlated, after filtering. COFECHA's filtered
   series is defined differently, so these three columns are not COFECHA's numbers.
 AR: order of the AR model used to prewhiten.
 Left out of the crossdating: the 'nyrs' spline for series Bl4116a is not all positive, so
   dividing by it would give negative or infinite indices. Remove the series, or detrend the
   data yourself with detrend() and pass the indices with 'nyrs = NULL'
