
 COFECHA-style crossdating report: russ242
 Report generated using dplR 1.8.1 (R 4.5.2) on 2026-10-01 16:53 PDT
 Built with dplR's xdate.report(), not COFECHA; see the notes at the end.


      Measurement file name  : russ242.rwl
      MD5 of measurement file: 411d90c8c1a2f6238976f1f8a724c89b
      Date checked           : 01OCT26
      Beginning year         : 1495
      Ending year            : 2006
      Principal investigators: Myglan, V.S.
      Site name              : Churapcha
      Species information    : LAGM Larix gmelinii (Rupr.) Kuzen.=L.kurulensis(Maxim ex Regel)Pilg.=L.dahuricaTurcz.exTratv=Larix cajanderi Mayr
      Latitude               : 62.0000 N
      Longitude              : 132.5000 E
      Elevation              : 180 m

      Series intercorrelation: 0.672
      Avg mean sensitivity   : 0.353
      Avg standard deviation : 0.543
      Avg autocorrelation    : 0.763
      Number dated series    : 90
      Segment length tested  : 50

      Number problem segments: 1  (A 1, B 0)
      Pct problem segments   : 0.25


 CORRELATION OF SERIES BY SEGMENTS: russ242
-----------------------------------------------------------------------------------------------------------------------------------
 Correlations of  50-year dated segments, lagged  25 years
 Flags:  A = correlation under   .3281 but highest as dated;  B = correlation higher at other than dated position

 Seq Series  Time_span  1500 1525 1550 1575 1600 1625 1650 1675 1700 1725 1750 1775 1800 1825 1850 1875 1900 1925 1950 
                        1549 1574 1599 1624 1649 1674 1699 1724 1749 1774 1799 1824 1849 1874 1899 1924 1949 1974 1999 
 --- -------- ---------  ---- ---- ---- ---- ---- ---- ---- ---- ---- ---- ---- ---- ---- ---- ---- ---- ---- ---- ---- 
   1 I_01     1819 2006                                                                   .80  .84  .84  .85  .79  .76 
   2 I_02     1857 2006                                                                             .69  .79  .86  .83 
   3 I_03     1863 2006                                                                             .74  .81  .82  .76 
   4 I_04     1857 2006                                                                             .69  .77  .84  .82 
   5 I_05me   1771 2005                                                         .59  .62  .79  .83  .85  .90  .79  .72 
   6 I_06me   1854 2005                                                                             .87  .93  .89  .86 
   7 I_07     1845 2004                                                                        .65  .78  .85  .75  .68 
   8 I_08     1809 2006                                                                   .83  .85  .84  .84  .81  .67 
   9 I_09     1866 2006                                                                             .85  .82  .71  .65 
  10 I_10     1830 2005                                                                        .80  .88  .86  .72  .63 
  11 I_11a    1842 1941                                                                        .77  .82                
  13 I_12me   1649 1953                                .72  .73  .81  .83  .68  .59  .67  .82  .89  .89  .88           
  14 I_14     1859 2000                                                                             .70  .75  .68  .81 
  15 I_15     1862 1984                                                                             .54  .78  .75      
  16 ll_1me   1781 2006                                                              .58  .66  .79  .81  .85  .81  .71 
  17 ll_2_    1856 2006                                                                             .76  .80  .80  .71 
  18 ll_2     1870 2006                                                                             .74  .83  .84  .77 
  19 ll_3me   1751 2006                                                         .75  .81  .66  .63  .80  .85  .69  .63 
  20 ll_4     1908 2006                                                                                       .78  .68 
  21 ll_5     1830 2006                                                                        .72  .72  .85  .83  .74 
  22 ll_6me   1784 2006                                                              .80  .86  .83  .76  .78  .78  .66 
  23 01b_2b   1733 2006                                                    .51  .67  .65  .78  .82  .69  .64  .72  .71 
  24 03b_me   1783 2006                                                              .60  .71  .77  .82  .83  .71  .57 
  25 04b      1825 2006                                                                        .72  .76  .71  .68  .72 
  26 05b      1885 2002                                                                                  .65  .59  .51 
  27 06b_me   1671 2006                                     .57  .64  .65  .71  .68  .69  .82  .80  .80  .83  .69  .51 
  28 07b_me   1664 2003                                     .46  .63  .73  .64  .68  .62  .73  .69  .64  .64  .56  .57 
  29 08B      1851 2006                                                                             .67  .81  .75  .56 
  30 10b      1726 1962                                                    .49  .57  .53  .62  .72  .75  .77           
  31 11b      1743 1993                                                    .50  .58  .69  .79  .79  .83  .86  .82      
  32 12b      1710 1994                                               .50  .46  .46  .48  .66  .66  .80  .79  .66      
  33 13b_me   1686 1973                                          .54  .46  .40  .52  .53  .72  .71  .66  .73           
  34 L_07     1661 1915                                     .51  .62  .62  .49  .59  .59  .67  .79                     
  35 L_08r1   1759 1970                                                         .62  .57  .55  .60  .76  .80           
  36 L_08r2   1895 1991                                                                                  .85  .77      
  37 L_09     1654 1922                                     .56  .71  .63  .55  .70  .63  .62  .80                     
  38 L_13     1775 1857                                                              .70                               
  39 L_14_me  1765 1908                                                         .45  .55  .73  .81                     
  40 L_16     1585 1859                      .67  .67  .58  .52  .64  .61  .58  .69  .71                               
  41 N_1me    1679 1831                                          .55  .76  .61  .55                                    
  42 N_2      1647 1789                                .61  .69  .71  .76                                              
  43 N_6me    1662 1844                                     .36  .61  .69  .61  .55                                    
  44 N_7me    1654 1841                                     .53  .63  .74  .70  .43                                    
  45 1_me     1591 1689                      .54  .76                                                                  
  49 2lenta   1595 1689                      .49  .66                                                                  
  50 3lenta   1613 1689                           .61                                                                  
  51 4lenta   1622 1688                           .60                                                                  
  55 bok      1601 1688                           .66                                                                  
  56 torch_1  1808 1965                                                                   .62  .66  .74  .86           
  57 j1       1544 1728            .71  .72  .76  .81  .80  .76                                                        
  58 j2       1589 1728                      .73  .78  .78  .78                                                        
  59 g7_me    1591 1849                      .70  .77  .80  .71  .68  .72  .75  .65  .45                               
  60 g8_me    1787 1892                                                              .64  .66                          
  61 M_1      1538 1727            .69  .85  .75  .64  .67  .65                                                        
  62 m_2      1538 1727            .70  .82  .75  .67  .69  .56                                                        
  63 m_3me    1550 1721                 .69  .61  .58  .68                                                             
  64 M_4      1556 1721                 .69  .57  .59  .63                                                             
  65 m_5me    1580 1718                      .69  .65  .63                                                             
  67 k1       1542 1760            .77  .83  .84  .77  .71  .73  .71                                                   
  68 k2       1543 1760            .83  .85  .86  .82  .70  .74  .69                                                   
  69 k3       1628 1760                                .50  .51  .55                                                   
  70 k4       1598 1760                      .42  .59  .63  .73  .78                                                   
  71 k5       1598 1760                      .47  .51  .55  .81  .80                                                   
  72 k6_me    1542 1760            .87  .86  .89  .85  .70  .67  .65                                                   
  73 k7       1540 1760            .86  .84  .84  .79  .63  .64  .66                                                   
  74 L1_dme   1571 1741                 .81  .75  .65  .65  .73                                                        
  75 L2_d_me  1589 1706                      .85  .77  .73                                                             
  76 L_3d_me  1591 1706                      .88  .79  .75                                                             
  77 L_4_dme  1590 1706                      .87  .82  .74                                                             
  78 L_5_d_me 1577 1740                      .80  .71  .72  .80                                                        
  79 L_6_d_me 1577 1740                      .74  .67  .61  .77                                                        
  80 20c_me   1508 1805       .39  .67  .66  .69  .71  .66  .73  .73  .72  .70                                         
  81 22c      1705 1793                                               .66                                              
  83 24_c_me  1740 1811                                                    .82                                         
  85 21c_me   1700 1801                                               .70  .69                                         
  86 18B      1648 1700                                .26A                                                            
  87 20b_me   1519 1684       .41  .59  .59  .55  .63                                                                  
  88 21b_me   1495 1668       .37  .53  .65  .61                                                                       
  89 23b_me   1613 1700                           .72  .73                                                             
  90 24b_me   1585 1698                      .72  .72                                                                  
 Av segment correlation       .39  .72  .76  .71  .70  .66  .65  .67  .67  .60  .59  .62  .72  .76  .77  .80  .75  .69 

 FLAGGED SEGMENTS: russ242
-----------------------------------------------------------------------------------------------------------------------------------
 Seq Series   Segment    Flag  r dated  Best lag  r at lag   Gain  Note
 --- -------- ---------  ----  -------  --------  --------  -----  -----------------
  86 18B      1650 1699     A     .256         0

 DESCRIPTIVE STATISTICS: russ242
-----------------------------------------------------------------------------------------------------------------------------------

                                                Corr   //-------- Unfiltered --------\\  //-- dplR filtered --\\
                           No.    No.    No.    with   Mean   Max     Std   Auto   Mean   Max     Std   Auto  AR
 Seq Series   Interval   Years  Segmt  Flags   Master  msmt   msmt    dev   corr   sens  value    dev   corr  ()
 --- -------- ---------  -----  -----  -----   ------ -----  -----  -----  -----  -----  -----  -----  -----  --
   1 I_01     1819 2006    188      6      0    .784    .91   3.19   .547   .749   .365   2.18   .353  -.006   1
   2 I_02     1857 2006    150      4      0    .739   1.17   5.49  1.082   .806   .402   2.27   .378   .020   1
   3 I_03     1863 2006    144      4      0    .764    .97   3.23   .669   .701   .402   2.56   .406  -.041   3
   4 I_04     1857 2006    150      4      0    .769   1.27   4.42   .991   .709   .478   2.44   .442  -.020   2
   5 I_05me   1771 2005    235      8      0    .733    .49   1.40   .248   .663   .353   1.84   .320  -.008   3
   6 I_06me   1854 2005    152      4      0    .877    .75   4.09   .600   .827   .367   1.86   .336  -.004   1
   7 I_07     1845 2004    160      5      0    .700   1.19   4.12   .896   .842   .328   2.21   .333   .028   1
   8 I_08     1809 2006    198      6      0    .760    .98   5.44   .912   .853   .430   2.30   .408  -.001   1
   9 I_09     1866 2006    141      4      0    .721   1.02   3.92   .694   .782   .327   2.01   .315   .019   1
  10 I_10     1830 2005    176      5      0    .744    .98   4.91   .859   .874   .289   1.66   .291   .016   3
  11 I_11a    1842 1941    100      2      0    .785   1.17   2.73   .597   .647   .371   1.72   .366   .019   1
  12 I_11b    1952 2006     55      0      0    .709    .42    .84   .177   .488   .356   1.59   .319   .153   0
  13 I_12me   1649 1953    305     11      0    .764    .91   3.35   .652   .841   .338   2.24   .359   .018   1
  14 I_14     1859 2000    142      4      0    .722   1.27   4.00   .906   .812   .370   1.78   .378   .062   1
  15 I_15     1862 1984    123      3      0    .620   1.18   4.17   .751   .525   .463   2.83   .474  -.014   3
  16 ll_1me   1781 2006    226      7      0    .740    .55   1.35   .214   .465   .324   2.02   .316   .025   2
  17 ll_2_    1856 2006    151      4      0    .768    .53   1.14   .193   .450   .314   1.57   .282   .003   2
  18 ll_2     1870 2006    137      4      0    .732    .47   1.04   .178   .461   .310   1.81   .281   .009   0
  19 ll_3me   1751 2006    256      8      0    .685    .60   3.04   .492   .824   .419   2.10   .397  -.006   3
  20 ll_4     1908 2006     99      2      0    .754    .60   1.70   .336   .566   .401   1.98   .395   .068   1
  21 ll_5     1830 2006    177      5      0    .721   1.01   3.70   .795   .806   .372   2.08   .350  -.020   1
  22 ll_6me   1784 2006    223      7      0    .745    .93   4.74   .819   .834   .416   2.18   .398   .011   1
  23 01b_2b   1733 2006    274      9      0    .650   1.29   4.81   .793   .772   .330   1.86   .299  -.018   1
  24 03b_me   1783 2006    224      7      0    .674    .37    .90   .191   .699   .351   1.95   .316   .016   3
  25 04b      1825 2006    182      5      0    .710    .47   1.22   .237   .761   .296   1.66   .270   .012   1
  26 05b      1885 2002    118      3      0    .516    .59   1.63   .403   .880   .291   1.79   .281   .103   0
  27 06b_me   1671 2006    336     12      0    .651    .59   2.17   .406   .828   .383   2.79   .370   .008   3
  28 07b_me   1664 2003    340     12      0    .616    .76   3.20   .686   .914   .354   1.97   .312  -.008   3
  29 08B      1851 2006    156      4      0    .673    .85   3.19   .641   .794   .367   2.01   .351   .004   1
  30 10b      1726 1962    237      7      0    .568    .90   3.30   .521   .747   .360   2.05   .355   .076   1
  31 11b      1743 1993    251      8      0    .710    .96   2.68   .548   .685   .317   1.95   .333  -.014   3
  32 12b      1710 1994    285      9      0    .583   1.01   3.17   .571   .792   .328   2.50   .305   .002   3
  33 13b_me   1686 1973    288      9      0    .612    .63   2.60   .459   .853   .355   2.42   .356   .017   1
  34 L_07     1661 1915    255      8      0    .605    .72   3.75   .690   .951   .299   1.86   .274  -.002   1
  35 L_08r1   1759 1970    212      6      0    .624    .69   3.60   .670   .718   .505   2.67   .477  -.005   3
  36 L_08r2   1895 1991     97      2      0    .756    .45   1.61   .313   .590   .443   2.35   .449  -.009   1
  37 L_09     1654 1922    269      8      0    .643    .80   4.29   .582   .914   .261   1.71   .252  -.002   1
  38 L_13     1775 1857     83      1      0    .658   1.21   4.41   .744   .712   .414   2.04   .351   .032   3
  39 L_14_me  1765 1908    144      4      0    .652   1.10   2.80   .577   .687   .347   1.93   .343  -.029   3
  40 L_16     1585 1859    275      9      0    .613    .60   2.18   .380   .674   .364   2.43   .362  -.021   3
  41 N_1me    1679 1831    153      4      0    .573   1.14   2.46   .485   .750   .254   1.70   .253  -.022   3
  42 N_2      1647 1789    143      4      0    .707   1.04   2.99   .557   .814   .266   1.59   .259  -.008   2
  43 N_6me    1662 1844    183      5      0    .544    .91   2.55   .529   .717   .378   2.10   .366   .025   1
  44 N_7me    1654 1841    188      5      0    .564    .96   3.32   .537   .779   .300   2.15   .298   .046   1
  45 1_me     1591 1689     99      2      0    .531    .96   2.16   .459   .774   .284   1.69   .280  -.005   2
  46 2_me     1636 1689     54      0      0    .668   1.07   2.22   .398   .698   .242   1.58   .233   .071   1
  47 3_me     1626 1689     64      0      0    .675    .98   2.29   .414   .661   .269   1.74   .281  -.033   3
  48 1lent_me 1639 1689     51      0      0    .614   1.17   3.46   .671   .784   .301   1.72   .285   .012   2
  49 2lenta   1595 1689     95      2      0    .497    .86   1.95   .406   .737   .283   1.63   .283   .001   2
  50 3lenta   1613 1689     77      1      0    .594   1.14   2.39   .446   .604   .276   1.65   .261  -.010   2
  51 4lenta   1622 1688     67      1      0    .610   1.14   2.53   .494   .648   .273   1.80   .289   .040   1
  52 4_smoll1 1649 1678     30      0      0    .376    .41   1.45   .285   .620   .413   1.98   .393   .146   0
  53 4smoll2  1658 1681     24      0      0    .154    .60   1.00   .200   .187   .364   1.63   .313   .064   0
  54 5lent_me 1638 1688     51      0      0    .654    .99   2.04   .453   .692   .264   1.51   .292   .094   1
  55 bok      1601 1688     88      1      0    .520    .98   2.11   .490   .739   .319   1.86   .324   .106   1
  56 torch_1  1808 1965    158      4      0    .733    .95   2.97   .640   .793   .345   2.07   .358  -.029   3
  57 j1       1544 1728    185      6      0    .709    .65   2.36   .391   .727   .390   2.18   .364   .023   1
  58 j2       1589 1728    140      4      0    .754    .93   3.15   .673   .691   .450   2.00   .421  -.030   1
  59 g7_me    1591 1849    259      9      0    .661    .56   2.02   .354   .710   .387   1.84   .329  -.008   2
  60 g8_me    1787 1892    106      2      0    .655   1.02   2.37   .510   .553   .387   2.10   .383   .016   2
  61 M_1      1538 1727    190      6      0    .688    .57   2.81   .412   .751   .374   2.30   .371  -.013   1
  62 m_2      1538 1727    190      6      0    .667    .55   2.50   .385   .759   .366   2.23   .359   .005   1
  63 m_3me    1550 1721    172      4      0    .620    .70   2.37   .498   .830   .292   1.96   .291  -.031   1
  64 M_4      1556 1721    166      4      0    .593    .63   2.40   .453   .867   .314   2.29   .315  -.003   2
  65 m_5me    1580 1718    139      3      0    .641    .88   1.85   .378   .723   .294   1.62   .263  -.018   1
  66 m_6      1650 1722     73      0      0    .597   1.44   2.88   .680   .793   .270   2.02   .287   .036   1
  67 k1       1542 1760    219      7      0    .754    .57   2.65   .518   .848   .471   2.27   .399   .005   2
  68 k2       1543 1760    218      7      0    .759    .55   2.84   .504   .851   .420   2.31   .372  -.011   1
  69 k3       1628 1760    133      3      0    .581    .49   1.11   .224   .579   .339   1.96   .315   .019   1
  70 k4       1598 1760    163      5      0    .614    .76   2.64   .483   .834   .333   1.76   .310   .018   1
  71 k5       1598 1760    163      5      0    .625    .82   2.85   .509   .841   .315   1.98   .314   .020   1
  72 k6_me    1542 1760    219      7      0    .753    .60   2.22   .524   .818   .435   2.56   .396  -.004   1
  73 k7       1540 1760    221      7      0    .738    .60   2.20   .533   .850   .435   2.72   .381  -.026   3
  74 L1_dme   1571 1741    171      5      0    .747    .87   4.17   .682   .844   .325   2.01   .321   .008   1
  75 L2_d_me  1589 1706    118      3      0    .776    .86   2.30   .525   .719   .376   1.95   .360  -.008   1
  76 L_3d_me  1591 1706    116      3      0    .801    .84   3.54   .571   .726   .389   2.24   .363   .001   3
  77 L_4_dme  1590 1706    117      3      0    .788    .84   3.96   .574   .678   .379   2.63   .372  -.007   3
  78 L_5_d_me 1577 1740    164      4      0    .768    .70   2.79   .524   .843   .344   1.90   .308  -.023   3
  79 L_6_d_me 1577 1740    164      4      0    .739    .73   3.12   .614   .848   .368   1.84   .321   .089   0
  80 20c_me   1508 1805    298     10      0    .619    .77   3.09   .528   .781   .394   1.83   .320  -.005   2
  81 22c      1705 1793     89      1      0    .626   1.09   3.33   .656   .788   .305   2.02   .306   .051   1
  82 23c      1739 1796     58      0      0    .692   1.07   2.72   .719   .737   .387   1.97   .385   .019   2
  83 24_c_me  1740 1811     72      1      0    .777   1.01   2.55   .704   .820   .314   1.86   .306   .012   2
  84 25c      1755 1809     55      0      0    .646    .78   2.21   .507   .764   .331   1.56   .289  -.016   2
  85 21c_me   1700 1801    102      2      0    .634   1.11   3.03   .615   .828   .233   1.76   .252   .000   3
  86 18B      1648 1700     53      1      1    .273    .17    .43   .075   .477   .332   1.76   .311   .094   0
  87 20b_me   1519 1684    166      5      0    .503    .89   2.94   .642   .850   .315   2.48   .300  -.013   1
  88 21b_me   1495 1668    174      4      0    .477    .80   2.29   .553   .876   .267   1.73   .251   .000   3
  89 23b_me   1613 1700     88      2      0    .755   1.08   2.44   .374   .557   .259   1.80   .263   .018   1
  90 24b_me   1585 1698    114      2      0    .683   1.40   2.84   .580   .667   .267   1.82   .278   .037   1
 --- -------- ---------  -----  -----  -----   ------ -----  -----  -----  -----  -----  -----  -----  -----  --
 Total or mean:          14314    394      1    .672    .82   5.49   .543   .763   .353   2.83   .336   .007

 DATA CHECKS (rwl.check): russ242
-----------------------------------------------------------------------------------------------------------------------------------
 rwl.check: data_files/treering/measurements/asia/russ242.rwl
 90 series, 14314 measurements, 1495-2006, 0.01 mm precision
 0 error(s), 0 warning(s), 8 note(s)
 -------------
 Nothing to report at this severity.
 8 note(s) not shown; see rwl.check() or the 'check' element of this report.

 NOTES
-----------------------------------------------------------------------------------------------------------------------------------
 Report generated using dplR 1.8.1 (R 4.5.2) on 2026-10-01 16:53 PDT.
 Measurement file russ242.rwl, MD5 411d90c8c1a2f6238976f1f8a724c89b.
 Filtering: each series divided by a 32-year smoothing spline (caps()), then prewhitened with
   an AR model (order by AIC, at most 3).
 Master: biweight robust mean of the other series (leave-one-out).
 Correlation: Pearson, one-tailed, pcrit = 0.01; critical r = 0.3281 for 50-year segments.
 Segments: 50 years, lagged 25, first segment floored to 100. Lags searched: +/- 10 years.
 A segment is tested only where the series and the master cover all of it, at the dated
   position and at every lag. COFECHA also tests partial segments at the ends of a series, so
   series here may show fewer segments, and no flags can be raised at the ends of the record.
 Lags follow COFECHA: negative means rings are probably missing from the series, positive means
   false rings. A missing ring carries its lag into every segment before it, so look where the
   lag changes along a series. A B flag is a hypothesis to check on the wood; the gain says how
   seriously to take it.
 A B flag marked "weak at every lag" correlates under the critical value even at its best lag:
   the segment is weak wherever it is placed, and the shift is not evidence of a dating error.
   Treat it as a low correlation, like an A.
 Averages in the summary and the totals are weighted by the number of years in each series, as
   COFECHA's are.
 Unfiltered block and mean sensitivity: the measurements as read, and sens1().
 dplR filtered block: the series that was correlated, after filtering. COFECHA's filtered
   series is defined differently, so these three columns are not COFECHA's numbers.
 AR: order of the AR model used to prewhiten.
