
 COFECHA-style crossdating report: th004
 Report generated using dplR 1.8.1 (R 4.5.2) on 2026-10-01 16:49 PDT
 Built with dplR's xdate.report(), not COFECHA; see the notes at the end.


      Measurement file name  : th004.rwl
      MD5 of measurement file: e6dc3705c62418b25abdbfa0053badd4
      Date checked           : 01OCT26
      Beginning year         : 1693
      Ending year            : 2006
      Principal investigators: Buckley, B.M.; Cook, B.I.; Wright, W.
      Site name              : Phu Toei
      Species information    : PIMK Pinus merkusii Jungh. & De Vriese
      Latitude               : 14.9833 N
      Longitude              : 99.4333 E
      Elevation              : 524 m

      Series intercorrelation: 0.625
      Avg mean sensitivity   : 0.367
      Avg standard deviation : 0.850
      Avg autocorrelation    : 0.677
      Number dated series    : 81
      Series crossdated      : 80
      Segment length tested  : 50

      Number problem segments: 2  (A 0, B 2; 1 of the B weak at every lag)
      Pct problem segments   : 0.49


 CORRELATION OF SERIES BY SEGMENTS: th004
-----------------------------------------------------------------------------------------------------------------------------------
 Correlations of  50-year dated segments, lagged  25 years
 Flags:  A = correlation under   .3281 but highest as dated;  B = correlation higher at other than dated position

 Seq Series  Time_span  1800 1825 1850 1875 1900 1925 1950 
                        1849 1874 1899 1924 1949 1974 1999 
 --- -------- ---------  ---- ---- ---- ---- ---- ---- ---- 
   1 PTM02a   1846 2005            .63  .65  .51  .60  .63 
   2 PTM02b   1865 2005                 .75  .67  .60  .61 
   3 PTM03a   1779 2005  .62  .57  .38  .45  .53  .53  .56 
   4 PTM03b   1853 2005                 .68  .60  .66  .64 
   5 PTM04a   1856 2005                 .59  .45  .55  .51 
   6 PTM04b   1868 2005                 .66  .55  .82  .75 
   7 PTM05a   1816 2005       .69  .80  .83  .67  .51  .54 
   8 PTM05b   1828 2005            .75  .74  .53  .65  .66 
   9 PTM06a   1796 2005  .61  .64  .56  .58  .54  .47  .37 
  10 PTM06b   1811 2005       .80  .74  .58  .46  .58  .59 
  11 PTM07a   1810 2005       .72  .66  .58  .53  .69  .67 
  12 PTM07b   1768 1995  .84  .87  .77  .65  .59  .61      
  13 PTM08a   1820 2005       .77  .65  .55  .55  .68  .56 
  14 PTM08b   1836 2005            .73  .73  .63  .79  .72 
  15 PTM09a   1811 1930       .75  .55  .23B               
  16 PTM09b   1829 2005            .68  .45  .43  .72  .66 
  17 PTM010a  1870 2005                 .52  .38  .40  .68 
  18 PTM010b  1834 2005            .77  .82  .72  .67  .75 
  19 PTM011a  1819 2005       .71  .75  .70  .62  .81  .76 
  20 PTM11b   1909 2005                           .72  .67 
  21 PTM12a   1782 2005  .71  .63  .60  .72  .75  .64  .63 
  22 PTM12b   1797 2005  .71  .69  .63  .69  .67  .71  .71 
  23 PTM12c   1877 2005                      .67  .72  .74 
  24 PTM13a   1826 2005            .68  .77  .74  .77  .76 
  25 PTM13b   1853 2005                 .73  .71  .76  .75 
  26 PTM14    1847 2005            .73  .77  .75  .78  .63 
  27 PTM14b   1820 2005       .49  .73  .82  .75  .82  .83 
  28 PTM14c   1816 2005       .50  .63  .77  .73  .83  .85 
  29 PTM15a   1841 2005            .69  .82  .88  .88  .84 
  30 PTM15b   1851 2005                 .82  .83  .81  .84 
  31 PTM16a   1852 2005                 .72  .73  .81  .83 
  32 PTM16b   1840 2005            .75  .84  .78  .72  .67 
  33 PTM17a   1870 1999                 .81  .65  .72  .74 
  34 PTM17b   1860 1999                 .79  .64  .43  .49 
  35 PTM17c   1893 1999                      .60  .48  .47 
  36 PTM17d   1884 2000                      .42  .63  .65 
  37 PTM18a   1760 2005  .74  .77  .72  .45  .34  .68  .76 
  38 PTM18b   1789 2005  .78  .65  .54  .46  .42  .64  .64 
  39 PTM19a   1880 2005                      .66  .75  .78 
  40 PTM19b   1872 2005                 .68  .71  .82  .80 
  41 PTM20a   1805 2005       .70  .71  .67  .58  .44  .45 
  42 PTM20b   1870 2005                 .75  .57  .70  .75 
  43 PTM21a   1726 1970  .78  .63  .62  .79  .66           
  44 PTM21b   1720 1976  .74  .48  .43  .74  .75  .35      
  46 PTM22b   1705 1960  .50  .58  .65  .73  .61           
  47 PTM23a   1752 2006  .31B .43  .57  .50  .43  .45  .34 
  48 PTM24A   1786 2006  .67  .73  .51  .50  .58  .61  .58 
  49 PTM24b   1784 2006  .74  .74  .58  .61  .59  .35  .33 
  50 PTM25a   1783 1950  .67  .66  .67  .63  .48           
  51 PTM25b   1785 1899  .79  .61  .41                     
  52 PTM26a   1821 1950       .56  .63  .75  .63           
  53 PTM26b   1819 1950       .53  .64  .79  .68           
  54 PTM27a   1836 2006            .75  .81  .78  .67  .70 
  55 PTM27b   1836 2006            .79  .82  .77  .78  .80 
  56 PTM28a   1860 2006                 .47  .58  .56  .63 
  57 PTM28b   1860 2006                 .60  .52  .37  .43 
  58 PTM29a   1803 2006       .65  .64  .70  .58  .42  .56 
  59 PTM30b   1807 2006       .42  .54  .56  .58  .70  .73 
  60 PTM30a.1 1915 2006                           .69  .80 
  61 PTM30a2  1822 1909       .55  .48                     
  62 PTM31a   1751 2006  .84  .68  .52  .51  .41  .57  .66 
  63 PTM31b   1764 2006  .86  .58  .47  .63  .58  .56  .55 
  64 PTM32a   1750 2006  .70  .55  .58  .62  .61  .47  .44 
  65 PTM32b   1764 2006  .68  .64  .69  .63  .49  .54  .56 
  66 PTM33a   1819 2006       .61  .61  .59  .56  .51  .43 
  67 PTM33b   1807 2006       .74  .59  .61  .56  .65  .71 
  68 PTM34a   1836 2006            .79  .77  .71  .46  .37 
  69 PTM34b   1801 2006       .62  .61  .78  .84  .86  .84 
  70 PTM34c   1823 2006            .68  .80  .77  .85  .84 
  71 PTM35a   1800 2006  .84  .77  .66  .66  .50  .54  .53 
  72 PTM36a   1824 2006            .65  .64  .42  .55  .48 
  73 PTM36b   1796 2006  .64  .61  .71  .68  .46  .57  .63 
  74 PTM36c   1750 2006  .79  .73  .69  .68  .56  .64  .70 
  75 PTM37a   1798 2006       .80  .81  .82  .81  .64  .57 
  76 PTM37b   1776 2006  .79  .69  .74  .75  .71  .58  .50 
  77 PTM38a   1868 2006                 .80  .75  .76  .66 
  78 PTM38b   1859 2006                 .64  .58  .76  .74 
  79 PTM39a   1830 2006            .70  .73  .73  .85  .67 
  80 PTM40a   1834 2006            .52  .70  .65  .67  .63 
  81 PTM40b   1839 2006            .59  .78  .63  .59  .65 
 Av segment correlation  .71  .65  .64  .68  .61  .64  .64 

 FLAGGED SEGMENTS: th004
-----------------------------------------------------------------------------------------------------------------------------------
 Seq Series   Segment    Flag  r dated  Best lag  r at lag   Gain  Note
 --- -------- ---------  ----  -------  --------  --------  -----  -----------------
  15 PTM09a   1875 1924     B     .225        -1      .318   .093  weak at every lag
  47 PTM23a   1800 1849     B     .307        -7      .400   .094

 DESCRIPTIVE STATISTICS: th004
-----------------------------------------------------------------------------------------------------------------------------------

                                                Corr   //-------- Unfiltered --------\\  //-- dplR filtered --\\
                           No.    No.    No.    with   Mean   Max     Std   Auto   Mean   Max     Std   Auto  AR
 Seq Series   Interval   Years  Segmt  Flags   Master  msmt   msmt    dev   corr   sens  value    dev   corr  ()
 --- -------- ---------  -----  -----  -----   ------ -----  -----  -----  -----  -----  -----  -----  -----  --
   1 PTM02a   1846 2005    160      5      0    .577   1.50   6.70  1.200   .805   .317   1.73   .287   .106   0
   2 PTM02b   1865 2005    141      4      0    .650   1.10   3.66   .785   .828   .296   1.84   .284  -.013   1
   3 PTM03a   1779 2005    227      7      0    .486   1.24   6.12   .936   .804   .353   2.65   .397   .002   2
   4 PTM03b   1853 2005    153      4      0    .643   1.51   6.01  1.059   .545   .522   2.68   .495   .001   1
   5 PTM04a   1856 2005    150      4      0    .521   1.41   4.10   .885   .685   .383   2.46   .383  -.009   2
   6 PTM04b   1868 2005    138      4      0    .690   1.43   4.30   .884   .675   .421   2.23   .384   .009   1
   7 PTM05a   1816 2005    190      6      0    .643   1.18   3.54   .796   .722   .364   2.17   .338   .011   1
   8 PTM05b   1828 2005    178      5      0    .637   1.07   3.61   .847   .736   .395   3.27   .425   .001   1
   9 PTM06a   1796 2005    210      7      0    .518   1.19   5.59  1.011   .795   .371   2.26   .362   .002   1
  10 PTM06b   1811 2005    195      6      0    .631   1.10   5.39   .960   .783   .367   1.97   .331   .094   0
  11 PTM07a   1810 2005    196      6      0    .623    .87   3.63   .587   .608   .423   2.40   .397   .012   1
  12 PTM07b   1768 1995    228      6      0    .603   1.22   6.30   .969   .689   .416   2.72   .400   .004   1
  13 PTM08a   1820 2005    186      6      0    .587   1.29   6.68   .996   .704   .356   2.44   .356  -.021   2
  14 PTM08b   1836 2005    170      5      0    .651   1.28   5.01   .889   .557   .438   2.89   .442  -.003   2
  15 PTM09a   1811 1930    120      3      1    .487   1.49   6.37  1.132   .784   .358   2.07   .323   .119   0
  16 PTM09b   1829 2005    177      5      0    .578   1.07   5.23   .931   .784   .384   4.26   .495   .006   1
  17 PTM010a  1870 2005    136      4      0    .481   1.06   5.70   .805   .578   .427   3.02   .466   .029   1
  18 PTM010b  1834 2005    172      5      0    .768   1.31   3.76   .713   .565   .380   2.14   .362   .019   1
  19 PTM011a  1819 2005    187      6      0    .695   2.20   5.21   .960   .362   .422   2.04   .380  -.017   2
  20 PTM11b   1909 2005     97      2      0    .714   1.89   5.67  1.104   .627   .414   1.84   .348  -.008   3
  21 PTM12a   1782 2005    224      7      0    .608   1.27   5.50   .985   .728   .382   3.16   .361  -.003   3
  22 PTM12b   1797 2005    209      7      0    .672   1.51   6.30  1.105   .697   .404   2.79   .404  -.022   3
  23 PTM12c   1877 2005    129      3      0    .689    .96   3.16   .543   .394   .382   2.62   .418  -.020   2
  24 PTM13a   1826 2005    180      5      0    .718   1.90   6.34  1.238   .714   .377   2.06   .352   .012   1
  25 PTM13b   1853 2005    153      4      0    .661   1.96  19.53  1.887   .509   .364   2.82   .365   .091   0
  26 PTM14    1847 2005    159      5      0    .682   1.29   5.87   .948   .696   .366   1.86   .325   .027   0
  27 PTM14b   1820 2005    186      6      0    .713   1.65   5.38  1.052   .778   .316   1.99   .295   .061   0
  28 PTM14c   1816 2005    190      6      0    .714   2.09   7.09  1.197   .772   .287   2.48   .298   .005   2
  29 PTM15a   1841 2005    165      5      0    .799   2.19   4.98   .982   .553   .346   2.01   .310   .075   0
  30 PTM15b   1851 2005    155      4      0    .755   2.21   5.13  1.018   .618   .339   2.01   .304   .008   1
  31 PTM16a   1852 2005    154      4      0    .754   1.44   3.58   .810   .792   .292   1.98   .278   .026   3
  32 PTM16b   1840 2005    166      5      0    .700   2.01   4.99   .836   .500   .307   1.65   .262  -.057   0
  33 PTM17a   1870 1999    130      4      0    .752   1.75   4.14   .634   .264   .333   1.67   .291  -.002   0
  34 PTM17b   1860 1999    140      4      0    .636   1.88   5.53   .761   .451   .321   1.74   .273  -.069   0
  35 PTM17c   1893 1999    107      3      0    .528   1.03   1.78   .312   .522   .244   1.53   .244   .001   1
  36 PTM17d   1884 2000    117      3      0    .587   1.14   2.04   .343   .322   .289   1.71   .265   .117   0
  37 PTM18a   1760 2005    246      7      0    .663   1.16   5.25   .954   .821   .308   3.32   .331  -.001   1
  38 PTM18b   1789 2005    217      7      0    .590    .90   5.03   .844   .806   .327   2.66   .335   .016   1
  39 PTM19a   1880 2005    126      3      0    .688   2.10   5.00   .902   .481   .358   2.28   .326  -.041   0
  40 PTM19b   1872 2005    134      4      0    .692   1.79   5.08   .902   .651   .314   2.00   .312   .027   1
  41 PTM20a   1805 2005    201      6      0    .577   1.81   8.67  1.321   .653   .371   2.28   .361   .004   1
  42 PTM20b   1870 2005    136      4      0    .702    .66   1.85   .367   .338   .522   2.67   .477   .001   3
  43 PTM21a   1726 1970    245      5      0    .654   1.04   3.47   .688   .691   .381   2.64   .362  -.011   1
  44 PTM21b   1720 1976    257      6      0    .554    .96   3.32   .635   .649   .347   2.08   .312   .035   0
  45 PTM22a   1693 1843    150                         1.13   4.48   .757   .578   .383                         
  46 PTM22b   1705 1960    256      5      0    .552    .95   3.96   .780   .602   .483   2.74   .467  -.003   3
  47 PTM23a   1752 2006    255      7      1    .392   1.29   6.13  1.312   .803   .412   2.22   .369  -.009   2
  48 PTM24A   1786 2006    221      7      0    .567    .87   4.22   .638   .765   .376   2.60   .361  -.008   1
  49 PTM24b   1784 2006    223      7      0    .566    .90   6.05   .838   .774   .395   2.67   .385  -.013   3
  50 PTM25a   1783 1950    168      5      0    .590    .78   2.74   .585   .795   .412   1.96   .372   .081   0
  51 PTM25b   1785 1899    115      3      0    .586   1.19   3.83   .732   .674   .401   2.13   .370   .115   0
  52 PTM26a   1821 1950    130      4      0    .587    .98   2.29   .441   .465   .354   1.83   .314  -.058   0
  53 PTM26b   1819 1950    132      4      0    .636   1.20   5.14   .760   .713   .341   1.89   .306   .078   0
  54 PTM27a   1836 2006    171      5      0    .721   1.25   3.65   .782   .768   .310   2.16   .277  -.024   0
  55 PTM27b   1836 2006    171      5      0    .746   1.52   3.73   .707   .660   .291   2.16   .273   .072   0
  56 PTM28a   1860 2006    147      4      0    .543    .61   3.67   .503   .630   .537   2.55   .493   .046   1
  57 PTM28b   1860 2006    147      4      0    .508    .53   1.92   .319   .544   .473   2.48   .443  -.009   1
  58 PTM29a   1803 2006    204      6      0    .576    .82   4.34   .806   .834   .447   3.05   .444   .004   1
  59 PTM30b   1807 2006    200      6      0    .502    .96   2.60   .526   .595   .385   2.32   .367   .010   2
  60 PTM30a.1 1915 2006     92      2      0    .756   1.11   4.19   .590   .558   .350   2.33   .334   .040   0
  61 PTM30a2  1822 1909     88      2      0    .511   1.11   2.64   .537   .464   .425   2.08   .390   .129   0
  62 PTM31a   1751 2006    256      7      0    .619   1.06   6.84   .890   .786   .353   2.55   .316  -.019   3
  63 PTM31b   1764 2006    243      7      0    .602   1.11   4.42   .800   .788   .338   1.95   .279   .010   2
  64 PTM32a   1750 2006    257      7      0    .587    .99   4.33   .856   .805   .332   2.03   .300   .047   0
  65 PTM32b   1764 2006    243      7      0    .614    .95   4.90   .836   .762   .391   2.23   .359   .017   3
  66 PTM33a   1819 2006    188      6      0    .494   1.24   6.94  1.055   .761   .314   2.14   .313   .084   0
  67 PTM33b   1807 2006    200      6      0    .620   1.31   7.75  1.265   .854   .341   2.15   .329   .019   1
  68 PTM34a   1836 2006    171      5      0    .595   1.45   4.02   .844   .765   .334   1.74   .308  -.002   1
  69 PTM34b   1801 2006    206      6      0    .734   1.08   4.17   .758   .782   .346   2.39   .311   .015   0
  70 PTM34c   1823 2006    184      5      0    .682   1.33   4.04   .649   .352   .394   2.24   .316   .005   3
  71 PTM35a   1800 2006    207      7      0    .635    .91   3.58   .672   .736   .375   2.06   .327   .026   0
  72 PTM36a   1824 2006    183      5      0    .578   1.26   4.10   .627   .588   .305   2.30   .322   .002   3
  73 PTM36b   1796 2006    211      7      0    .605   1.24   4.33   .697   .579   .386   2.70   .364   .023   3
  74 PTM36c   1750 2006    257      7      0    .634   1.29   3.33   .601   .552   .317   2.45   .335  -.005   1
  75 PTM37a   1798 2006    209      6      0    .747   1.18   3.88   .674   .765   .308   1.87   .295  -.021   3
  76 PTM37b   1776 2006    231      7      0    .676   1.08   3.55   .548   .702   .287   1.91   .286   .006   1
  77 PTM38a   1868 2006    139      4      0    .695   1.81   6.27  1.180   .713   .383   2.21   .357  -.012   3
  78 PTM38b   1859 2006    148      4      0    .639   1.86   6.96  1.291   .703   .468   3.24   .404  -.008   3
  79 PTM39a   1830 2006    177      5      0    .698   1.97   6.19  1.177   .771   .327   2.00   .309   .018   1
  80 PTM40a   1834 2006    173      5      0    .603   1.21   4.34   .832   .833   .298   1.94   .308   .004   3
  81 PTM40b   1839 2006    168      5      0    .613   1.24   3.23   .652   .744   .292   1.73   .275  -.009   1
 --- -------- ---------  -----  -----  -----   ------ -----  -----  -----  -----  -----  -----  -----  -----  --
 Total or mean:          14458    411      2    .625   1.28  19.53   .850   .677   .367   4.26   .349   .014

 DATA CHECKS (rwl.check): th004
-----------------------------------------------------------------------------------------------------------------------------------
 rwl.check: data_files/treering/measurements/asia/th004.rwl
 81 series, 14458 measurements, 1693-2006, 0.001 mm precision
 0 error(s), 1 warning(s), 10 note(s)
 -------------
 WARNING
   RWL_INTERNAL_NA (1)
     PTM22a: no measurement for 1795, inside the measured span of the series. The file records nothing for that year, which is not a fault, but detrend(), chron(), strip.rwl(), rwi.stats() and sss() fail on interior gaps and this series cannot be crossdated. Use fill.internal.NA() to close them deliberately
 10 note(s) not shown; see rwl.check() or the 'check' element of this report.

 NOTES
-----------------------------------------------------------------------------------------------------------------------------------
 Report generated using dplR 1.8.1 (R 4.5.2) on 2026-10-01 16:49 PDT.
 Measurement file th004.rwl, MD5 e6dc3705c62418b25abdbfa0053badd4.
 Filtering: each series divided by a 32-year smoothing spline (caps()), then prewhitened with
   an AR model (order by AIC, at most 3).
 Master: biweight robust mean of the other series (leave-one-out).
 Correlation: Pearson, one-tailed, pcrit = 0.01; critical r = 0.3281 for 50-year segments.
 Segments: 50 years, lagged 25, first segment floored to 100. Lags searched: +/- 10 years.
 A segment is tested only where the series and the master cover all of it, at the dated
   position and at every lag. COFECHA also tests partial segments at the ends of a series, so
   series here may show fewer segments, and no flags can be raised at the ends of the record.
 Lags follow COFECHA: negative means rings are probably missing from the series, positive means
   false rings. A missing ring carries its lag into every segment before it, so look where the
   lag changes along a series. A B flag is a hypothesis to check on the wood; the gain says how
   seriously to take it.
 A B flag marked "weak at every lag" correlates under the critical value even at its best lag:
   the segment is weak wherever it is placed, and the shift is not evidence of a dating error.
   Treat it as a low correlation, like an A.
 Averages in the summary and the totals are weighted by the number of years in each series, as
   COFECHA's are.
 Unfiltered block and mean sensitivity: the measurements as read, and sens1().
 dplR filtered block: the series that was correlated, after filtering. COFECHA's filtered
   series is defined differently, so these three columns are not COFECHA's numbers.
 AR: order of the AR model used to prewhiten.
 Left out of the crossdating: series PTM22a has internal NA values, and the 'nyrs' spline needs
   an unbroken series. Fill them with fill.internal.NA(), remove the series, or use 'n' instead
   of 'nyrs'
