
 COFECHA-style crossdating report: viet001
 Report generated using dplR 1.8.1 (R 4.5.2) on 2026-10-01 16:48 PDT
 Built with dplR's xdate.report(), not COFECHA; see the notes at the end.


      Measurement file name  : viet001.rwl
      MD5 of measurement file: a6f494ca0e4b2170b0ea2bc8b4b8f0cd
      Date checked           : 01OCT26
      Beginning year         : 1030
      Ending year            : 2008
      Principal investigators: Buckley, B.M.; Anchukaitis, K.J.; Cook, B.I.; Le, N.C.
      Site name              : Bidoup Nui Ba National Park
      Species information    : FOHO Fokienia hodginsii
      Latitude               : 11.9667 N
      Longitude              : 108.4500 E
      Elevation              : 1700 m

      Series intercorrelation: 0.554
      Avg mean sensitivity   : 0.315
      Avg standard deviation : 0.411
      Avg autocorrelation    : 0.661
      Number dated series    : 82
      Segment length tested  : 50

      Number problem segments: 70  (A 29, B 41; 26 of the B weak at every lag)
      Pct problem segments   : 5.96


 CORRELATION OF SERIES BY SEGMENTS: viet001
-----------------------------------------------------------------------------------------------------------------------------------
 Correlations of  50-year dated segments, lagged  25 years
 Flags:  A = correlation under   .3281 but highest as dated;  B = correlation higher at other than dated position

 Seq Series  Time_span  1100 1125 1150 1175 1200 1225 1250 1275 1300 1325 1350 1375 1400 1425 1450 1475 1500 1525 1550 1575 
                        1149 1174 1199 1224 1249 1274 1299 1324 1349 1374 1399 1424 1449 1474 1499 1524 1549 1574 1599 1624 
 --- -------- ---------  ---- ---- ---- ---- ---- ---- ---- ---- ---- ---- ---- ---- ---- ---- ---- ---- ---- ---- ---- ---- 
   5 BDF02A   1350 1855                                                         .48  .60  .44  .30B .37  .77  .65  .61  .68 
   6 BDF02B   1365 1639                                                         .52  .62  .48  .30A .47  .60  .35  .35  .44 
   7 BDF02C   1285 1930                                          .34  .37  .30A .44  .46  .45  .32A .33  .58  .56  .45  .44 
  16 BDF07A   1358 2007                                                         .66  .58  .48  .57  .64  .61  .55  .67  .69 
  17 BDF07B   1382 1700                                                              .63  .74  .76  .73  .74  .63  .70  .74 
  18 BDF07C   1340 1822                                                    .55  .65  .62  .69  .76  .75  .69  .62  .70  .73 
  19 BDF07D   1412 1906                                                                   .65  .73  .46  .53  .60  .61  .68 
  20 BDF08A   1535 2007                                                                                            .22B .68 
  21 BDF08B   1535 2007                                                                                            .53  .71 
  26 BDF12A   1550 1943                                                                                                 .47 
  28 BDF12C   1546 1922                                                                                            .42  .44 
  30 BDF13A   1445 1976                                                                        .68  .73  .73  .74  .74  .65 
  31 BDF13B   1411 1990                                                                   .45  .60  .61  .58  .53  .55  .56 
  32 BDF13C   1407 1970                                                                   .71  .75  .66  .72  .71  .51  .47 
  33 BDF16C   1541 2007                                                                                            .34  .21B
  36 BDF18B   1500 2007                                                                                       .38  .56  .42 
  40 BDF23C   1481 1925                                                                                  .34  .39  .51  .57 
  46 BDF29A   1520 1810                                                                                       .60  .29B .35 
  47 BDF29C   1570 2008                                                                                                 .60 
  48 BDF30B   1574 1822                                                                                                 .59 
  56 BDFH40A  1370 2008                                                         .49  .49  .69  .79  .77  .79  .71  .65  .64 
  57 BDFH40B  1377 2008                                                              .33B .40  .45  .61  .69  .42  .56  .65 
  58 BDFH40D  1409 2008                                                                   .40  .70  .68  .61  .58  .62  .64 
  59 BDFH42A  1295 1849                                          .43  .51  .64  .58  .45  .45  .63  .69  .67  .67  .56  .60 
  60 BDFH42B  1334 1529                                                    .59  .74  .69  .55  .63  .59                     
  61 BDFH42C  1449 1904                                                                             .69  .68  .57  .44  .63 
  62 BDFH45A  1546 2008                                                                                            .26B .47 
  63 PHFH08A  1350 2008                                                         .53  .47  .51  .45  .32A .40  .27B .31A .56 
  64 PHFH12A  1184 2008                      .48  .43  .54  .50  .50  .54  .63  .59  .55  .56  .49  .50  .66  .52  .37  .59 
  65 PHFH12B  1201 2008                           .66  .71  .68  .69  .64  .68  .73  .68  .62  .57  .56  .65  .51  .31A .44 
  66 PHFH12C  1200 2008                           .49  .46  .41  .50  .68  .64  .55  .47  .57  .67  .56  .57  .58  .52  .64 
  67 PHFH12D  1200 1750                           .49  .49  .48  .65  .60  .37  .42  .36  .45  .42  .37  .52  .39  .26B .37 
  68 PHFH12E  1304 1800                                               .60  .61  .62  .55  .63  .49  .45  .72  .74  .62  .64 
  69 PHFH15B  1030 1668                      .40  .37  .42  .54  .41  .41  .59  .52  .53  .59  .45  .56  .72  .52  .54  .58 
  70 PHFH15C  1183 1670                      .33A .43  .58  .59  .53  .41  .34B .43  .52  .53  .41  .42  .48  .47  .52  .47 
  71 PHFH19C  1390 1785                                                              .40  .36  .23B .24A .58  .61  .55  .70 
  72 PHFH36A  1419 1821                                                                   .39  .56  .51  .39B .34  .46  .60 
  73 PHFH36B  1384 1820                                                              .51  .34  .34  .54  .48  .31B .48  .50 
  74 PHFH36C  1430 1820                                                                        .46  .47  .17B .12B .52  .64 
  75 PHFH37B  1388 1820                                                              .18B .20B .36  .43  .44  .47  .25B .28A
  76 PHFH37C  1345 1780                                                    .33  .26A .16B .22B .47  .55  .39  .33  .38  .46 
  77 PHFH45B  1364 1806                                                         .30A .37  .38B .47  .49  .60  .65  .62  .74 
  78 PHFH45C  1359 1655                                                         .27A .29B .44  .44  .50  .61  .49  .51  .67 
  79 PHFH46A  1344 1850                                                    .28A .10B .06B .33  .33  .37  .35  .25A .42  .62 
  80 PHFH46B  1487 1772                                                                                 -.37B-.21B .12B .37 
  81 PHFH47A  1464 2008                                                                             .44  .66  .45  .34B .60 
  82 PHFH47B  1547 2008                                                                                            .44  .51 
 Av segment correlation                      .40  .48  .53  .53  .51  .53  .51  .49  .46  .49  .52  .53  .55  .49  .47  .56 

 CORRELATION OF SERIES BY SEGMENTS: viet001
-----------------------------------------------------------------------------------------------------------------------------------
 Correlations of  50-year dated segments, lagged  25 years
 Flags:  A = correlation under   .3281 but highest as dated;  B = correlation higher at other than dated position

 Seq Series  Time_span  1600 1625 1650 1675 1700 1725 1750 1775 1800 1825 1850 1875 1900 1925 1950 
                        1649 1674 1699 1724 1749 1774 1799 1824 1849 1874 1899 1924 1949 1974 1999 
 --- -------- ---------  ---- ---- ---- ---- ---- ---- ---- ---- ---- ---- ---- ---- ---- ---- ---- 
   1 BDF-2A   1640 1852            .53  .61  .62  .55  .53  .56  .57                               
   2 BDF01A   1606 2007       .56  .71  .61  .58  .62  .67  .62  .62  .75  .79  .80  .77  .67  .50 
   3 BDF01B   1623 2007       .69  .71  .64  .64  .66  .62  .70  .73  .76  .86  .89  .84  .78  .68 
   4 BDF01D   1733 2002                                .70  .66  .71  .73  .64  .73  .76  .54  .50 
   5 BDF02A   1350 1855  .52  .38  .47  .44  .45  .66  .53  .49  .58                               
   7 BDF02C   1285 1930  .49  .56  .57  .52  .41  .48  .57  .58  .52  .52  .57  .46                
   8 BDF03A   1715 2007                           .44  .30A .44  .69  .54  .57  .68  .72  .80  .75 
   9 BDF03C   1670 2007                 .29A .27A .39  .38  .50  .52  .60  .59  .68  .69  .61  .64 
  10 BDF03D   1772 2007                                     .58  .56  .59  .69  .72  .62  .62  .73 
  11 BDF05A   1706 2007                           .48  .57  .51  .48  .64  .70  .59  .43  .65  .63 
  12 BDF05B   1706 2007                           .45  .46  .49  .58  .72  .67  .58  .55  .63  .75 
  13 BDF05C   1800 2003                                               .72  .77  .63  .56  .66  .75 
  14 BDF06C   1727 2007                                .58  .42  .47  .76  .74  .58  .52  .50  .36 
  15 BDF06D   1700 2007                           .71  .64  .59  .59  .74  .79  .59  .63  .62  .30A
  16 BDF07A   1358 2007  .77  .77  .59  .63  .67  .68  .37  .36  .63  .57  .56  .46  .47  .59  .71 
  17 BDF07B   1382 1700  .71  .71  .70                                                             
  18 BDF07C   1340 1822  .66  .60  .45  .55  .67  .55  .42                                         
  19 BDF07D   1412 1906  .70  .69  .63  .66  .67  .56  .44  .50  .70  .53  .62                     
  20 BDF08A   1535 2007  .62  .55  .54  .53  .62  .75  .77  .75  .75  .76  .82  .89  .91  .74  .52 
  21 BDF08B   1535 2007  .74  .64  .55  .52  .59  .82  .76  .72  .76  .78  .82  .86  .85  .49  .47 
  22 BDF08D   1580 1980  .69  .71  .62  .65  .58  .67  .78  .74  .71  .67  .75  .80  .78  .80      
  23 BDF09C   1750 2007                                     .66  .74  .73  .69  .75  .82  .74  .67 
  24 BDF09D   1713 2007                           .60  .79  .75  .57  .61  .72  .76  .65  .44  .58 
  25 BDF10B   1748 1950                                .51  .34  .42  .66  .74  .71  .64           
  26 BDF12A   1550 1943  .61  .67  .53  .58  .52  .51  .62  .74  .77  .75  .78  .64                
  27 BDF12B   1630 1990            .44  .68  .66  .52  .65  .72  .77  .83  .78  .72  .61  .64      
  28 BDF12C   1546 1922  .57  .60  .51  .29B .41  .72  .69  .63  .70  .76  .70                     
  29 BDF12D   1580 1930  .59  .56  .42  .45  .56  .65  .67  .67  .60  .58  .71  .78                
  30 BDF13A   1445 1976  .75  .81  .72  .69  .64  .75  .76  .66  .68  .67  .72  .78  .79  .79      
  31 BDF13B   1411 1990  .65  .81  .81  .75  .74  .72  .75  .77  .77  .79  .72  .71  .68  .72      
  32 BDF13C   1407 1970  .71  .77  .63  .62  .65  .59  .52  .63  .81  .83  .84  .86  .84           
  33 BDF16C   1541 2007  .25A .42  .43  .52  .51  .52  .54  .54  .46  .32A .49  .52  .47  .63  .77 
  34 BDF17A   1780 2007                                          .63  .47  .55  .66  .44  .48  .69 
  35 BDF17B   1720 2005                           .45  .29B .42B .57  .61  .67  .51  .44  .69  .63 
  36 BDF18B   1500 2007  .48  .54  .23B .37  .56  .41  .39  .51  .36B .29A .48  .45  .40  .55  .63 
  37 BDF19C   1578 1941  .61  .59  .41  .46  .57  .52  .40  .44  .63  .64  .66  .69                
  38 BDF20A   1670 1970                 .43  .36  .43  .48  .51  .43  .55  .73  .72  .56           
  39 BDF22A   1615 2008       .43  .44  .42  .44  .49  .43  .46  .50  .53  .53  .56  .59  .55  .52 
  40 BDF23C   1481 1925  .39  .39  .57  .65  .63  .50  .39  .46  .47  .40  .55  .64                
  41 BDF24A   1750 2000                                     .56  .62  .59  .64  .66  .65  .56  .55 
  42 BDF24B   1670 2008                 .30A .53  .41  .32A .47  .42  .48  .66  .59  .56  .62  .61 
  43 BDF24C   1750 2000                                     .44  .57  .58  .65  .68  .66  .67  .62 
  44 BDF26A   1691 1924                      .69  .56  .59  .55  .53  .59  .72  .76                
  45 BDF28A   1721 2008                           .44  .48  .51  .58  .50  .34  .37  .47  .51  .77 
  46 BDF29A   1520 1810  .65  .65  .63  .70  .66  .49  .44                                         
  47 BDF29C   1570 2008  .61  .66  .60  .51  .61  .72  .61  .59  .70  .80  .79  .72  .73  .75  .67 
  48 BDF30B   1574 1822  .59  .62  .67  .76  .68  .55  .49                                         
  49 BDF31B   1686 2008                      .45  .54  .27A .32A .57  .54  .65  .63  .47  .56  .70 
  50 BDF32A   1720 2008                           .64  .68  .62  .62  .64  .66  .59  .67  .72  .75 
  51 BDF32B   1640 2008            .55  .57  .63  .65  .36  .18B .30A .56  .70  .66  .59  .55  .65 
  52 BDF33A   1710 2008                           .57  .51  .46  .52  .53  .58  .61  .67  .63  .43 
  53 BDF33C   1602 2008       .48  .45  .50  .50  .57  .48  .45  .56  .66  .61  .63  .58  .54  .72 
  54 BDF34C   1772 2008                                     .43  .43  .58  .67  .55  .31A .40B .49 
  55 BDF37A   1780 2008                                          .64  .66  .62  .49  .57  .61  .54 
  56 BDFH40A  1370 2008  .77  .84  .73  .67  .71  .71  .71  .73  .79  .87  .89  .89  .87  .81  .58 
  57 BDFH40B  1377 2008  .78  .68  .52  .54  .50  .48  .58  .69  .70  .76  .74  .66  .72  .71  .56 
  58 BDFH40D  1409 2008  .81  .81  .65  .70  .72  .74  .75  .66  .70  .81  .84  .73  .74  .78  .68 
  59 BDFH42A  1295 1849  .70  .71  .63  .69  .75  .36  .30B .49  .41                               
  61 BDFH42C  1449 1904  .75  .68  .63  .65  .55  .51  .58  .58  .59  .49  .42                     
  62 BDFH45A  1546 2008  .60  .57  .63  .43  .34  .63  .61  .55  .57  .54  .52  .52  .59  .60  .42 
  63 PHFH08A  1350 2008  .61  .56  .60  .34  .40  .63  .60  .62  .53  .53  .59  .55  .41  .37  .62 
  64 PHFH12A  1184 2008  .70  .65  .43  .49  .67  .65  .59  .72  .72  .67  .75  .80  .68  .58  .52 
  65 PHFH12B  1201 2008  .57  .61  .59  .54  .65  .64  .62  .66  .76  .70  .61  .68  .71  .71  .68 
  66 PHFH12C  1200 2008  .67  .58  .60  .60  .55  .64  .65  .54  .62  .75  .68  .68  .71  .73  .67 
  67 PHFH12D  1200 1750  .47  .45  .40  .35  .43                                                   
  68 PHFH12E  1304 1800  .70  .65  .64  .54  .43  .54  .55                                         
  69 PHFH15B  1030 1668  .49                                                                       
  70 PHFH15C  1183 1670  .46                                                                       
  71 PHFH19C  1390 1785  .72  .68  .47  .06B-.01B .29B                                             
  72 PHFH36A  1419 1821  .49  .34B .39  .53  .54  .47  .60                                         
  73 PHFH36B  1384 1820  .51  .49  .41  .40  .37  .48  .51                                         
  74 PHFH36C  1430 1820  .55  .49  .47  .56  .58  .56  .62                                         
  75 PHFH37B  1388 1820  .42  .41  .44  .41  .41  .59  .55                                         
  76 PHFH37C  1345 1780  .61  .69  .58  .46  .55  .73                                              
  77 PHFH45B  1364 1806  .61  .43  .54  .39  .29A .59  .51                                         
  78 PHFH45C  1359 1655  .52                                                                       
  79 PHFH46A  1344 1850  .56  .51  .47  .42  .25A .25B .43  .47  .43                               
  80 PHFH46B  1487 1772  .46  .40B .43  .50  .49                                                   
  81 PHFH47A  1464 2008  .63  .53  .52  .47  .55  .63  .58  .52  .60  .78  .87  .76  .64  .65  .75 
  82 PHFH47B  1547 2008  .46  .47  .57  .52  .54  .55  .55  .63  .65  .79  .79  .60  .51  .67  .81 
 Av segment correlation  .60  .59  .55  .52  .54  .57  .55  .56  .60  .64  .68  .66  .63  .63  .62 

 FLAGGED SEGMENTS: viet001
-----------------------------------------------------------------------------------------------------------------------------------
 Seq Series   Segment    Flag  r dated  Best lag  r at lag   Gain  Note
 --- -------- ---------  ----  -------  --------  --------  -----  -----------------
   5 BDF02A   1450 1499     B     .298        10      .370   .071
   6 BDF02B   1450 1499     A     .303         0
   7 BDF02C   1350 1399     A     .303         0
   7 BDF02C   1450 1499     A     .323         0
   8 BDF03A   1750 1799     A     .298         0
   9 BDF03C   1675 1724     A     .291         0
   9 BDF03C   1700 1749     A     .271         0
  15 BDF06D   1950 1999     A     .300         0
  20 BDF08A   1550 1599     B     .223         9      .238   .015  weak at every lag
  28 BDF12C   1675 1724     B     .294         1      .311   .016  weak at every lag
  33 BDF16C   1575 1624     B     .206        -3      .215   .009  weak at every lag
  33 BDF16C   1600 1649     A     .252         0
  33 BDF16C   1825 1874     A     .323         0
  35 BDF17B   1750 1799     B     .287        -7      .312   .025  weak at every lag
  35 BDF17B   1775 1824     B     .419        -4      .454   .035
  36 BDF18B   1650 1699     B     .233        -7      .256   .023  weak at every lag
  36 BDF18B   1800 1849     B     .361        -7      .396   .035
  36 BDF18B   1825 1874     A     .295         0
  42 BDF24B   1675 1724     A     .302         0
  42 BDF24B   1750 1799     A     .320         0
  46 BDF29A   1550 1599     B     .287        -3      .302   .014  weak at every lag
  49 BDF31B   1750 1799     A     .273         0
  49 BDF31B   1775 1824     A     .322         0
  51 BDF32B   1775 1824     B     .182         7      .288   .106  weak at every lag
  51 BDF32B   1800 1849     A     .302         0
  54 BDF34C   1900 1949     A     .311         0
  54 BDF34C   1925 1974     B     .404         9      .446   .043
  57 BDFH40B  1400 1449     B     .333        -1      .376   .043
  59 BDFH42A  1750 1799     B     .296        -7      .315   .019  weak at every lag
  62 BDFH45A  1550 1599     B     .258        -9      .294   .036  weak at every lag
  63 PHFH08A  1475 1524     A     .323         0
  63 PHFH08A  1525 1574     B     .271         5      .286   .014  weak at every lag
  63 PHFH08A  1550 1599     A     .307         0
  65 PHFH12B  1550 1599     A     .307         0
  67 PHFH12D  1550 1599     B     .258         7      .273   .015  weak at every lag
  70 PHFH15C  1200 1249     A     .327         0
  70 PHFH15C  1350 1399     B     .340        -7      .424   .084
  71 PHFH19C  1450 1499     B     .231        -7      .264   .033  weak at every lag
  71 PHFH19C  1475 1524     A     .243         0
  71 PHFH19C  1675 1724     B     .062        -5      .196   .134  weak at every lag
  71 PHFH19C  1700 1749     B    -.009         5      .257   .266  weak at every lag
  71 PHFH19C  1725 1774     B     .294         4      .386   .092
  72 PHFH36A  1500 1549     B     .393        -9      .420   .027
  72 PHFH36A  1625 1674     B     .337        -1      .367   .030
  73 PHFH36B  1525 1574     B     .312        -6      .314   .001  weak at every lag
  74 PHFH36C  1500 1549     B     .168        -7      .216   .048  weak at every lag
  74 PHFH36C  1525 1574     B     .118         8      .234   .116  weak at every lag
  75 PHFH37B  1400 1449     B     .183         8      .304   .121  weak at every lag
  75 PHFH37B  1425 1474     B     .196         6      .256   .060  weak at every lag
  75 PHFH37B  1550 1599     B     .248        -9      .300   .051  weak at every lag
  75 PHFH37B  1575 1624     A     .285         0
  76 PHFH37C  1375 1424     A     .257         0
  76 PHFH37C  1400 1449     B     .159         5      .238   .079  weak at every lag
  76 PHFH37C  1425 1474     B     .217         6      .344   .127
  77 PHFH45B  1375 1424     A     .297         0
  77 PHFH45B  1425 1474     B     .375        -6      .395   .019
  77 PHFH45B  1700 1749     A     .292         0
  78 PHFH45C  1375 1424     A     .268         0
  78 PHFH45C  1400 1449     B     .287         4      .317   .030  weak at every lag
  79 PHFH46A  1350 1399     A     .278         0
  79 PHFH46A  1375 1424     B     .096        -8      .248   .152  weak at every lag
  79 PHFH46A  1400 1449     B     .063         7      .297   .234  weak at every lag
  79 PHFH46A  1525 1574     A     .250         0
  79 PHFH46A  1700 1749     A     .254         0
  79 PHFH46A  1725 1774     B     .251         5      .286   .035  weak at every lag
  80 PHFH46B  1500 1549     B    -.375        -9      .369   .744
  80 PHFH46B  1525 1574     B    -.208        -9      .359   .567
  80 PHFH46B  1550 1599     B     .119         2      .182   .064  weak at every lag
  80 PHFH46B  1625 1674     B     .401        -5      .411   .010
  81 PHFH47A  1550 1599     B     .339         2      .361   .021

 DESCRIPTIVE STATISTICS: viet001
-----------------------------------------------------------------------------------------------------------------------------------

                                                Corr   //-------- Unfiltered --------\\  //-- dplR filtered --\\
                           No.    No.    No.    with   Mean   Max     Std   Auto   Mean   Max     Std   Auto  AR
 Seq Series   Interval   Years  Segmt  Flags   Master  msmt   msmt    dev   corr   sens  value    dev   corr  ()
 --- -------- ---------  -----  -----  -----   ------ -----  -----  -----  -----  -----  -----  -----  -----  --
   1 BDF-2A   1640 1852    213      7      0    .547    .55   1.74   .187   .642   .212   1.94   .205  -.003   1
   2 BDF01A   1606 2007    402     14      0    .637    .70   3.64   .493   .777   .316   1.97   .301  -.002   1
   3 BDF01B   1623 2007    385     14      0    .733    .92   3.39   .564   .804   .295   1.92   .278   .020   1
   4 BDF01D   1733 2002    270      9      0    .662    .59   1.50   .229   .564   .289   1.81   .274  -.000   1
   5 BDF02A   1350 1855    506     18      1    .501    .77   2.40   .355   .724   .277   2.07   .249   .002   2
   6 BDF02B   1365 1639    275      9      1    .437    .60   1.77   .293   .660   .387   2.14   .324  -.004   3
   7 BDF02C   1285 1930    646     24      2    .449    .69   3.24   .398   .706   .345   2.33   .318   .009   3
   8 BDF03A   1715 2007    293     10      1    .586    .89   5.45   .653   .813   .284   2.00   .298   .008   1
   9 BDF03C   1670 2007    338     12      2    .509    .93   6.17   .702   .518   .414   4.07   .439  -.002   3
  10 BDF03D   1772 2007    236      8      0    .644    .81   2.80   .432   .602   .309   2.35   .336   .012   2
  11 BDF05A   1706 2007    302     10      0    .554    .59   3.23   .330   .635   .351   2.80   .317  -.004   1
  12 BDF05B   1706 2007    302     10      0    .580    .65   2.33   .287   .575   .295   2.50   .293  -.011   1
  13 BDF05C   1800 2003    204      6      0    .605    .82   2.33   .317   .491   .276   2.37   .289   .002   2
  14 BDF06C   1727 2007    281      9      0    .535    .71   2.70   .329   .601   .295   2.69   .299  -.018   3
  15 BDF06D   1700 2007    308     10      1    .588    .75   2.68   .369   .669   .304   2.56   .303  -.006   2
  16 BDF07A   1358 2007    650     24      0    .596    .63   2.10   .298   .532   .306   2.34   .298   .001   3
  17 BDF07B   1382 1700    319     11      0    .694    .76   2.46   .362   .555   .317   2.20   .306   .012   1
  18 BDF07C   1340 1822    483     17      0    .608    .50   1.29   .196   .603   .274   2.30   .263   .004   3
  19 BDF07D   1412 1906    495     18      0    .587    .61   3.64   .456   .646   .367   2.65   .359   .010   1
  20 BDF08A   1535 2007    473     17      1    .624    .64   3.99   .535   .785   .353   2.37   .329  -.008   3
  21 BDF08B   1535 2007    473     17      0    .643    .67   4.13   .586   .797   .357   2.67   .342  -.008   3
  22 BDF08D   1580 1980    401     14      0    .721    .64   2.05   .453   .763   .358   1.96   .307  -.012   3
  23 BDF09C   1750 2007    258      8      0    .677    .76   2.85   .487   .801   .262   1.99   .270   .034   1
  24 BDF09D   1713 2007    295     10      0    .611    .81   2.78   .471   .755   .317   1.97   .294   .008   1
  25 BDF10B   1748 1950    203      7      0    .579    .70   2.22   .424   .784   .361   1.68   .313  -.012   1
  26 BDF12A   1550 1943    394     13      0    .593    .69   2.38   .393   .786   .287   2.17   .300  -.009   3
  27 BDF12B   1630 1990    361     12      0    .632    .75   1.97   .342   .666   .301   2.18   .286   .002   1
  28 BDF12C   1546 1922    377     13      1    .548    .68   2.08   .334   .638   .329   2.29   .323  -.025   3
  29 BDF12D   1580 1930    351     12      0    .593    .84   2.61   .405   .689   .281   1.91   .301   .018   1
  30 BDF13A   1445 1976    532     20      0    .704    .76   2.80   .373   .682   .245   1.96   .244   .007   1
  31 BDF13B   1411 1990    580     21      0    .644    .65   2.77   .305   .560   .277   3.21   .283  -.013   3
  32 BDF13C   1407 1970    564     20      0    .673    .73   3.51   .302   .613   .252   2.18   .250   .014   1
  33 BDF16C   1541 2007    467     17      3    .457    .67   2.62   .357   .570   .353   2.89   .372  -.001   1
  34 BDF17A   1780 2007    228      7      0    .558    .79   3.41   .602   .709   .452   2.13   .377  -.012   1
  35 BDF17B   1720 2005    286     10      2    .504    .91   3.43   .579   .525   .387   3.26   .419   .008   1
  36 BDF18B   1500 2007    508     18      3    .458    .69   2.89   .495   .662   .379   3.02   .395  -.003   1
  37 BDF19C   1578 1941    364     12      0    .533    .90   6.41   .697   .392   .463   3.92   .458   .060   0
  38 BDF20A   1670 1970    301     10      0    .527    .70   2.49   .364   .618   .322   2.17   .306  -.001   2
  39 BDF22A   1615 2008    394     14      0    .474   1.02   4.65   .578   .619   .302   2.81   .336  -.000   1
  40 BDF23C   1481 1925    445     16      0    .461    .84   3.83   .481   .542   .384   2.45   .389   .010   1
  41 BDF24A   1750 2000    251      8      0    .599    .87   3.37   .536   .489   .460   2.54   .443  -.019   1
  42 BDF24B   1670 2008    339     12      2    .470    .87   3.44   .576   .461   .491   4.09   .503   .001   1
  43 BDF24C   1750 2000    251      8      0    .595    .85   2.96   .510   .432   .470   2.79   .454  -.012   1
  44 BDF26A   1691 1924    234      8      0    .636    .70   2.10   .369   .508   .391   2.48   .385   .003   2
  45 BDF28A   1721 2008    288     10      0    .469   1.27   8.32   .773   .430   .357   3.71   .436  -.005   1
  46 BDF29A   1520 1810    291     10      1    .515    .93   5.43   .720   .594   .446   3.14   .432   .008   1
  47 BDF29C   1570 2008    439     16      0    .654    .88   3.87   .550   .520   .425   2.49   .421   .015   1
  48 BDF30B   1574 1822    249      8      0    .616   1.23   4.75   .668   .454   .399   2.83   .379  -.008   1
  49 BDF31B   1686 2008    323     11      2    .519    .90   3.14   .488   .717   .327   1.96   .339   .030   1
  50 BDF32A   1720 2008    289     10      0    .651    .85   2.27   .336   .554   .304   2.00   .292  -.010   1
  51 BDF32B   1640 2008    369     13      2    .500   1.13   5.06   .639   .522   .332   2.69   .366  -.007   1
  52 BDF33A   1710 2008    299     10      0    .537    .72   2.41   .350   .494   .362   2.16   .333   .003   1
  53 BDF33C   1602 2008    407     14      0    .490    .74   8.65   .572   .462   .403   4.63   .402  -.011   1
  54 BDF34C   1772 2008    237      8      2    .483   1.72   6.50  1.133   .631   .358   2.53   .362  -.015   1
  55 BDF37A   1780 2008    229      7      0    .558   1.13   6.33   .785   .662   .372   2.58   .392   .002   2
  56 BDFH40A  1370 2008    639     24      0    .718    .70   2.74   .308   .668   .281   1.88   .260   .007   3
  57 BDFH40B  1377 2008    632     23      1    .565    .57   1.53   .272   .739   .292   2.00   .285  -.011   3
  58 BDFH40D  1409 2008    600     22      0    .658    .70   3.34   .308   .688   .257   2.18   .255   .012   1
  59 BDFH42A  1295 1849    555     21      1    .552    .65   2.17   .286   .548   .274   1.98   .268  -.001   2
  60 BDFH42B  1334 1529    196      6      0    .536    .74   1.71   .300   .409   .356   1.92   .318  -.009   2
  61 BDFH42C  1449 1904    456     16      0    .579    .57   2.25   .306   .627   .323   2.78   .328  -.000   2
  62 BDFH45A  1546 2008    463     17      1    .503    .83   4.38   .640   .885   .285   1.91   .273   .014   1
  63 PHFH08A  1350 2008    659     24      3    .490    .82   3.51   .413   .773   .251   2.12   .256   .014   1
  64 PHFH12A  1184 2008    825     31      0    .583    .63   1.76   .295   .790   .258   1.80   .238  -.005   3
  65 PHFH12B  1201 2008    808     30      1    .622    .69   1.86   .316   .800   .271   2.72   .272   .002   3
  66 PHFH12C  1200 2008    809     30      0    .596    .63   1.41   .241   .769   .234   1.78   .226  -.007   3
  67 PHFH12D  1200 1750    551     20      1    .445    .58   1.84   .256   .862   .177   1.76   .178  -.016   1
  68 PHFH12E  1304 1800    497     18      0    .583    .63   1.84   .250   .688   .257   1.81   .244   .003   3
  69 PHFH15B  1030 1668    639     17      0    .501    .66   1.97   .323   .621   .401   2.09   .342  -.001   1
  70 PHFH15C  1183 1670    488     17      2    .457    .74   3.01   .368   .407   .435   3.27   .374  -.009   3
  71 PHFH19C  1390 1785    396     14      5    .406    .66   3.26   .362   .565   .348   2.72   .350  -.007   1
  72 PHFH36A  1419 1821    403     14      2    .472    .64   2.07   .281   .678   .289   1.95   .278   .003   1
  73 PHFH36B  1384 1820    437     15      1    .453    .64   1.55   .248   .634   .256   1.89   .253   .011   1
  74 PHFH36C  1430 1820    391     13      2    .473    .56   1.48   .265   .641   .367   2.11   .340  -.013   1
  75 PHFH37B  1388 1820    433     15      4    .377    .83   3.67   .513   .747   .310   2.04   .310  -.008   1
  76 PHFH37C  1345 1780    436     16      3    .459    .82   3.40   .525   .749   .327   2.83   .331  -.002   3
  77 PHFH45B  1364 1806    443     16      3    .483    .59   2.09   .362   .773   .277   1.89   .281   .003   1
  78 PHFH45C  1359 1655    297     10      2    .424    .64   2.39   .385   .623   .338   3.62   .380   .013   1
  79 PHFH46A  1344 1850    507     19      6    .366    .69   2.98   .408   .797   .256   1.99   .276  -.027   1
  80 PHFH46B  1487 1772    286      9      4    .230    .55   1.93   .287   .783   .267   1.96   .281  -.016   1
  81 PHFH47A  1464 2008    545     20      1    .585   1.01   3.84   .511   .832   .197   1.71   .202  -.002   1
  82 PHFH47B  1547 2008    462     17      0    .597    .89   2.91   .432   .849   .192   1.86   .193  -.006   1
 --- -------- ---------  -----  -----  -----   ------ -----  -----  -----  -----  -----  -----  -----  -----  --
 Total or mean:          33511   1175     70    .554    .74   8.65   .411   .661   .315   4.63   .310   .000

 DATA CHECKS (rwl.check): viet001
-----------------------------------------------------------------------------------------------------------------------------------
 rwl.check: data_files/treering/measurements/asia/viet001.rwl
 82 series, 33511 measurements, 1030-2008, 0.001 mm precision
 0 error(s), 0 warning(s), 46 note(s)
 -------------
 Nothing to report at this severity.
 46 note(s) not shown; see rwl.check() or the 'check' element of this report.

 NOTES
-----------------------------------------------------------------------------------------------------------------------------------
 Report generated using dplR 1.8.1 (R 4.5.2) on 2026-10-01 16:48 PDT.
 Measurement file viet001.rwl, MD5 a6f494ca0e4b2170b0ea2bc8b4b8f0cd.
 Filtering: each series divided by a 32-year smoothing spline (caps()), then prewhitened with
   an AR model (order by AIC, at most 3).
 Master: biweight robust mean of the other series (leave-one-out).
 Correlation: Pearson, one-tailed, pcrit = 0.01; critical r = 0.3281 for 50-year segments.
 Segments: 50 years, lagged 25, first segment floored to 100. Lags searched: +/- 10 years.
 A segment is tested only where the series and the master cover all of it, at the dated
   position and at every lag. COFECHA also tests partial segments at the ends of a series, so
   series here may show fewer segments, and no flags can be raised at the ends of the record.
 Lags follow COFECHA: negative means rings are probably missing from the series, positive means
   false rings. A missing ring carries its lag into every segment before it, so look where the
   lag changes along a series. A B flag is a hypothesis to check on the wood; the gain says how
   seriously to take it.
 A B flag marked "weak at every lag" correlates under the critical value even at its best lag:
   the segment is weak wherever it is placed, and the shift is not evidence of a dating error.
   Treat it as a low correlation, like an A.
 Averages in the summary and the totals are weighted by the number of years in each series, as
   COFECHA's are.
 Unfiltered block and mean sensitivity: the measurements as read, and sens1().
 dplR filtered block: the series that was correlated, after filtering. COFECHA's filtered
   series is defined differently, so these three columns are not COFECHA's numbers.
 AR: order of the AR model used to prewhiten.
