
 COFECHA-style crossdating report: aus128
 Report generated using dplR 1.8.1 (R 4.5.2) on 2026-10-01 16:47 PDT
 Built with dplR's xdate.report(), not COFECHA; see the notes at the end.


      Measurement file name  : aus128.rwl
      MD5 of measurement file: ca489dd85e5c64da6d0769d052c09aeb
      Date checked           : 01OCT26
      Beginning year         : 462
      Ending year            : 2012
      Principal investigators: Allen, K.J.
      Site name              : Buckleys Chance
      Species information    : LGFR Lagarostrobos franklinii (Hook. f.) Quinn
      Latitude               : 42.2700 S
      Longitude              : 145.8700 E
      Elevation              : 900 m

      Series intercorrelation: 0.540
      Avg mean sensitivity   : 0.166
      Avg standard deviation : 0.145
      Avg autocorrelation    : 0.845
      Number dated series    : 109
      Series crossdated      : 106
      Segment length tested  : 50

      Number problem segments: 130  (A 46, B 84; 48 of the B weak at every lag)
      Pct problem segments   : 6.84


 CORRELATION OF SERIES BY SEGMENTS: aus128
-----------------------------------------------------------------------------------------------------------------------------------
 Correlations of  50-year dated segments, lagged  25 years
 Flags:  A = correlation under   .3281 but highest as dated;  B = correlation higher at other than dated position

 Seq Series  Time_span   500  525  550  575  600  625  650  675  700  725  750  775  800  825  850  875  900  925  950  975 
                         549  574  599  624  649  674  699  724  749  774  799  824  849  874  899  924  949  974  999 1024 
 --- -------- ---------  ---- ---- ---- ---- ---- ---- ---- ---- ---- ---- ---- ---- ---- ---- ---- ---- ---- ---- ---- ---- 
  17 BCH115E   850 1349                                                                             .35  .56  .54  .63  .57 
  18 BCH115NE  897 2011                                                                                  .40  .31A .46  .55 
  22 BCH121NW  462 1399  .72  .73  .80  .82  .76  .75  .44  .32A .40  .62  .62  .69  .63  .51  .46  .02B-.00B .44  .54  .19B
  24 BCH121SE  499 2011  .72  .73  .80  .82  .76  .75  .44  .32B .40  .62  .62  .69  .63  .65  .61  .53  .49  .47  .63  .43 
  86 BCH19W    910 1422                                                                                       .46  .41  .53 
 Av segment correlation  .72  .73  .80  .82  .76  .75  .44  .32  .40  .62  .62  .69  .63  .58  .54  .30  .36  .44  .53  .46 

 CORRELATION OF SERIES BY SEGMENTS: aus128
-----------------------------------------------------------------------------------------------------------------------------------
 Correlations of  50-year dated segments, lagged  25 years
 Flags:  A = correlation under   .3281 but highest as dated;  B = correlation higher at other than dated position

 Seq Series  Time_span  1000 1025 1050 1075 1100 1125 1150 1175 1200 1225 1250 1275 1300 1325 1350 1375 1400 1425 1450 1475 
                        1049 1074 1099 1124 1149 1174 1199 1224 1249 1274 1299 1324 1349 1374 1399 1424 1449 1474 1499 1524 
 --- -------- ---------  ---- ---- ---- ---- ---- ---- ---- ---- ---- ---- ---- ---- ---- ---- ---- ---- ---- ---- ---- ---- 
   1 BCH106N  1167 2011                                     .43  .43  .45  .53  .65  .74  .54  .52  .66  .64  .59  .59  .45 
   2 BCH106NE 1180 2011                                          .43  .41  .35  .45  .69  .43  .30A .25A .41  .57  .59  .73 
   3 BCH106W  1183 2011                                          .39  .25B .31B .59  .59  .49  .49  .27A .37B .62  .55  .46 
   7 BCH109E  1319 2011                                                                   .68  .72  .56  .56  .54  .33A .48 
   8 BCH109N  1368 2011                                                                             .61  .58  .62  .59  .59 
   9 BCH110E  1260 2011                                                         .60  .68  .69  .65  .66  .65  .53  .47  .58 
  10 BCH110N  1323 2011                                                                        .62  .63  .54  .48  .37  .47 
  11 BCH110NW 1351 2011                                                                             .51  .54  .51  .52  .67 
  12 BCH111N  1299 2011                                                                   .28A .25B .39  .66  .65  .52  .61 
  13 BCH111W  1286 2011                                                              .51  .24B .27A .52  .66  .66  .59  .49 
  14 BCH112W  1305 2011                                                                   .49  .47  .45  .39  .44  .61  .71 
  15 BCH112N  1380 2011                                                                                  .67  .60  .63  .76 
  16 BCH112SW 1311 2011                                                                   .55  .50  .51  .58  .67  .66  .74 
  17 BCH115E   850 1349  .53  .56  .50  .55  .62  .54  .65  .71  .69  .46  .53  .69  .57                                    
  18 BCH115NE  897 2011  .56  .70  .67  .68  .82  .58  .48  .59  .57  .44  .57  .74  .69  .66  .66  .69  .70  .63  .50  .52 
  19 BCH115SW 1036 1909            .47  .50  .69  .69  .50  .57  .64  .38  .47  .68  .77  .59  .45  .62  .58  .52  .55  .65 
  20 BCH117W  1360 2011                                                                             .65  .73  .66  .53  .53 
  21 BCH117SW 1350 2011                                                                        .46  .69  .76  .74  .59  .56 
  22 BCH121NW  462 1399  .14B .69  .63  .50  .59  .67  .64  .56  .65  .61  .50  .67  .64  .44  .26A                         
  23 BCH121E  1400 2011                                                                                       .51  .36B .48 
  24 BCH121SE  499 2011  .34  .73  .66  .53  .61  .66  .70  .72  .73  .66  .68  .77  .73  .58  .41  .49  .72  .73  .62  .72 
  25 BCH124S  1450 2011                                                                                                 .29B
  26 BCH124W  1450 2011                                                                                                 .52 
  27 BCH126W  1422 2011                                                                                       .49  .64  .61 
  28 BCH126N  1407 2012                                                                                       .45  .68  .68 
  29 LGH01A   1172 1991                                     .21B .16B .17B .17B .31A .60  .52  .42  .49  .60  .69  .61  .62 
  30 LGH01B   1230 1991                                                    .50  .56  .60  .49  .35  .33  .50  .62  .63  .76 
  31 LGH01C   1280 1991                                                              .52  .57  .44  .27B .53  .72  .65  .62 
  36 LGH04A   1012 1944       .68  .71  .60  .65  .59  .58  .72  .72  .56  .40  .47B .46  .58  .47  .46  .69  .51  .32A .63 
  37 LGH04B   1319 1991                                                                   .48  .51  .53  .70  .53  .46  .64 
  38 LGH04C   1016 1976       .65  .68  .59  .51  .47  .59  .71  .72  .65  .41B .44  .49  .47  .24B .23A .56  .39  .13B .41 
  42 LGH08A   1180 1920                                          .28B .22B .38  .57  .64  .56  .51  .57  .67  .59  .59  .68 
  43 LGH08B   1240 1991                                                    .36  .66  .72  .66  .65  .71  .63  .58  .66  .71 
  44 LGH08B'  1240 1426                                                    .28A .39  .62  .58  .57  .44                     
  67 BCH10NE  1386 1991                                                                                  .41  .35  .55  .43 
  68 BCH10S   1396 1991                                                                                  .23A .30B .48  .60 
  72 BCH14SW  1409 1991                                                                                       .29A .39  .48 
  76 BCH15S   1372 1991                                                                             .47  .52  .52  .23B .34 
  77 BCH17N'  1454 1892                                                                                                 .53 
  78 BCH17N"  1396 1870                                                                                  .56  .51  .35  .38 
  81 BCH17X   1465 1879                                                                                                 .54 
  83 BCH18N'  1450 1657                                                                                                 .25B
  85 BCH19N   1000 1448       .44  .44  .65  .76  .80  .81  .73  .71  .60  .23A .35  .47  .47  .45  .57                     
  86 BCH19W    910 1422  .57  .41  .49  .59  .69  .63  .65  .67  .63  .59  .40  .57  .63  .56  .51                          
  88 BCH21A   1371 1991                                                                             .19B .12B .14B .41  .45 
  89 BCH21B   1436 1928                                                                                            .09B .20B
  92 BCH23NE  1324 1970                                                                        .29B .31B .37  .48  .50  .47 
  93 BCH24SE  1402 1761                                                                                       .37  .56  .29A
  94 BCH25B   1450 1991                                                                                                 .32A
  95 BCH26    1338 1991                                                                        .22A .36  .17B .24B .39  .38 
  97 BCH28W   1420 1840                                                                                       .36B .49  .50 
  98 BCH28W'  1410 1669                                                                                       .30A .57  .67 
 101 BCH31A   1390 1991                                                                                  .16B .24B .48  .53 
 102 BCH31B   1387 1991                                                                                  .32A .33  .56  .57 
 Av segment correlation  .43  .61  .58  .58  .66  .62  .62  .60  .55  .46  .42  .57  .62  .52  .45  .49  .53  .51  .50  .54 

 CORRELATION OF SERIES BY SEGMENTS: aus128
-----------------------------------------------------------------------------------------------------------------------------------
 Correlations of  50-year dated segments, lagged  25 years
 Flags:  A = correlation under   .3281 but highest as dated;  B = correlation higher at other than dated position

 Seq Series  Time_span  1500 1525 1550 1575 1600 1625 1650 1675 1700 1725 1750 1775 1800 1825 1850 1875 1900 1925 1950 
                        1549 1574 1599 1624 1649 1674 1699 1724 1749 1774 1799 1824 1849 1874 1899 1924 1949 1974 1999 
 --- -------- ---------  ---- ---- ---- ---- ---- ---- ---- ---- ---- ---- ---- ---- ---- ---- ---- ---- ---- ---- ---- 
   1 BCH106N  1167 2011  .44  .55  .41  .55  .59  .49  .42  .38  .50  .60  .64  .70  .70  .60  .59  .56  .49  .40  .44 
   2 BCH106NE 1180 2011  .60  .49  .50  .58  .64  .55  .49  .53  .58  .62  .63  .61  .52  .44  .53  .60  .59  .48  .48 
   3 BCH106W  1183 2011  .43  .47  .34  .49  .59  .44  .41  .45  .33  .03B .19B .57  .69  .70  .54  .65  .69  .57  .48 
   4 BCH108E  1620 2011                           .49  .68  .72  .60  .54  .64  .69  .62  .59  .60  .71  .74  .63  .51 
   5 BCH108NW 1620 2011                           .48  .66  .63  .56  .58  .54  .56  .62  .53  .58  .66  .65  .63  .45 
   6 BCH108W  1620 2011                           .49  .49  .46  .51  .53  .54  .55  .45  .31A .50  .62  .58  .57  .53 
   7 BCH109E  1319 2011  .63  .65  .70  .82  .79  .75  .83  .82  .79  .78  .81  .78  .79  .77  .59  .57  .52  .54  .60 
   8 BCH109N  1368 2011  .68  .72  .75  .80  .83  .69  .75  .76  .70  .71  .66  .67  .67  .64  .62  .70  .51  .47  .62 
   9 BCH110E  1260 2011  .68  .66  .55  .69  .77  .64  .65  .57  .55  .59  .58  .65  .70  .62  .52  .68  .59  .54  .61 
  10 BCH110N  1323 2011  .64  .70  .50  .51  .66  .61  .58  .63  .60  .59  .42  .46  .76  .58  .47  .60  .55  .46  .49 
  11 BCH110NW 1351 2011  .72  .65  .47  .62  .71  .64  .69  .71  .62  .60  .55  .42  .65  .59  .36  .56  .45  .33  .51 
  12 BCH111N  1299 2011  .64  .58  .58  .58  .53  .31B .45  .71  .69  .68  .65  .51  .48  .57  .66  .70  .66  .60  .57 
  13 BCH111W  1286 2011  .46  .49  .41  .50  .43  .43  .58  .69  .69  .69  .60  .48  .58  .53  .50  .72  .62  .57  .69 
  14 BCH112W  1305 2011  .63  .59  .64  .70  .65  .72  .81  .77  .75  .70  .66  .69  .67  .57  .48  .66  .64  .47  .37 
  15 BCH112N  1380 2011  .69  .53  .55  .72  .69  .72  .79  .76  .67  .52  .63  .80  .69  .56  .52  .75  .77  .47  .44 
  16 BCH112SW 1311 2011  .67  .45  .46  .59  .55  .70  .80  .72  .72  .73  .69  .69  .66  .63  .55  .52  .61  .59  .61 
  18 BCH115NE  897 2011  .53  .41  .38  .57  .63  .62  .54  .52  .52  .52  .65  .47  .55  .48  .27A .64  .67  .51  .49 
  19 BCH115SW 1036 1909  .73  .58  .38  .64  .72  .67  .58  .50  .51  .49  .62  .63  .68  .67  .63                     
  20 BCH117W  1360 2011  .68  .65  .48  .66  .70  .68  .72  .76  .80  .76  .59  .41  .46  .60  .66  .66  .61  .60  .54 
  21 BCH117SW 1350 2011  .61  .44  .34  .67  .68  .55  .61  .70  .76  .70  .61  .55  .51  .48  .47  .58  .56  .44  .48 
  23 BCH121E  1400 2011  .68  .68  .61  .74  .74  .59  .49  .31B .03B .07B .73  .63  .70  .77  .43  .44  .58  .51  .50 
  24 BCH121SE  499 2011  .81  .68  .59  .75  .72  .65  .65  .71  .58  .51  .36B .35  .39  .47  .59  .43  .39  .25B .10B
  25 BCH124S  1450 2011  .25A .49  .58  .13B .11B .50  .70  .74  .71  .53  .60  .66  .36  .36  .62  .67  .55  .60  .66 
  26 BCH124W  1450 2011  .49  .55  .34  .45  .49  .52  .66  .68  .72  .62  .57  .67  .61  .42  .52  .55  .49  .67  .75 
  27 BCH126W  1422 2011  .63  .64  .48  .41  .50  .67  .73  .70  .69  .68  .60  .64  .54  .55  .66  .65  .71  .74  .62 
  28 BCH126N  1407 2012  .62  .63  .43  .40  .53  .61  .68  .66  .63  .69  .72  .66  .74  .67  .63  .80  .75  .52  .50 
  29 LGH01A   1172 1991  .72  .73  .61  .64  .77  .74  .68  .66  .72  .57  .54  .64  .72  .61  .53  .52  .40  .40      
  30 LGH01B   1230 1991  .73  .70  .77  .78  .76  .75  .66  .53  .61  .58  .56  .65  .69  .61  .48  .54  .70  .67      
  31 LGH01C   1280 1991  .74  .79  .63  .63  .62  .66  .67  .60  .54  .50  .57  .65  .54  .54  .39  .43  .68  .66      
  32 LGH03A   1684 1987                                          .50  .52  .32B .21B .46  .48  .56  .66  .66  .65      
  33 LGH03A'  1807 1950                                                                   .62  .49  .46  .45           
  34 LGH03B   1719 1991                                               .35  .42  .31A .53  .69  .65  .52  .49  .43      
  35 LGH03B'  1700 1991                                               .50  .41  .34B .59  .63  .62  .59  .56  .53      
  36 LGH04A   1012 1944  .70  .56  .54  .69  .65  .70  .30A-.05B .30A .67  .59  .57  .68  .74  .67  .65                
  37 LGH04B   1319 1991  .74  .69  .53  .67  .62  .62  .67  .50  .58  .63  .60  .55  .50  .55  .65  .73  .71  .77      
  38 LGH04C   1016 1976  .58  .48  .44  .65  .63  .64  .64  .53  .53  .56  .52  .55  .66  .78  .73  .67  .68  .59      
  39 LGH05A   1750 1991                                                         .34  .61  .56  .21B .22B .43  .43      
  40 LGH06    1610 1991                           .43  .66  .70  .67  .66  .57  .60  .58  .55  .56  .61  .71  .71      
  41 LGH07    1603 1991                           .44  .72  .66  .60  .64  .61  .66  .65  .49  .55  .72  .67  .59      
  42 LGH08A   1180 1920  .67  .66  .61  .59  .71  .81  .75  .71  .75  .71  .58  .68  .82  .74  .70                     
  43 LGH08B   1240 1991  .69  .62  .58  .74  .81  .75  .73  .78  .76  .51  .43  .60  .70  .76  .70  .64  .42  .44      
  45 BCH01N   1730 1991                                                    .53  .49  .56  .65  .42  .56  .66  .52      
  46 BCH01S   1649 1951                                .46  .47  .46  .60  .61  .59  .64  .65  .63  .65  .58           
  47 BCH01S'  1649 1818                                .51  .52  .43  .44  .58                                         
  48 BCH02A   1624 1991                                .73  .75  .74  .58  .53  .65  .72  .72  .68  .68  .75  .77      
  49 BCH02B   1560 1991                 .11B .32A .54  .78  .84  .83  .70  .64  .63  .67  .75  .70  .67  .70  .58      
  50 BCH02C   1579 1991                      .46  .63  .73  .72  .73  .57  .56  .63  .67  .70  .64  .64  .68  .68      
  51 BCH02D   1577 1991                      .19B .56  .71  .76  .68  .50  .58  .70  .72  .70  .57  .58  .59  .60      
  52 BCH03N   1556 1991                 .73  .62  .52  .68  .72  .70  .67  .69  .65  .61  .58  .57  .64  .60  .52      
  53 BCH03E   1495 1991  .33A .49  .51  .31A .33  .46  .59  .62  .52  .55  .64  .66  .58  .50  .50  .51  .46  .56      
  54 BCH03S   1560 1991                 .66  .61  .67  .77  .69  .59  .64  .72  .68  .41  .31A .19B .38  .57  .54      
  55 BCH03S'  1560 1818                 .65  .70  .66  .79  .69  .55  .51  .52                                         
  56 BCH04A   1680 1991                                          .31A .41  .53  .50  .68  .76  .73  .72  .67  .51      
  57 BCH04A'  1665 1989                                     .28B .38  .57  .72  .71  .63  .62  .48  .51  .59  .52      
  58 BCH04B   1716 1991                                               .41  .59  .53  .69  .80  .79  .74  .64  .48      
  59 BCH04B'  1716 1990                                               .48  .68  .65  .73  .75  .66  .67  .28A .01B     
  60 BCH05W   1606 1991                           .29B .49  .43  .33B .15B .28B .56  .73  .68  .42  .48  .61  .63      
  61 BCH06A   1720 1991                                               .46  .66  .53  .41  .56  .67  .56  .51  .52      
  62 BCH07N   1708 1991                                               .34  .62  .55  .55  .66  .47  .56  .59  .51      
  63 BCH07N'  1708 1910                                               .48  .49  .47  .53  .54  .47                     
  64 BCH07S   1714 1991                                               .31A .36  .42  .62  .64  .52  .56  .55  .57      
  65 BCH08    1633 1970                                .36  .56  .64  .75  .55  .51  .66  .58  .59  .62  .51           
  66 BCH09S   1765 1991                                                         .33A .71  .71  .47  .37  .36  .20B     
  67 BCH10NE  1386 1991  .48  .59  .57  .74  .74  .60  .51  .56  .61  .60  .62  .59  .69  .68  .73  .75  .62  .53      
  68 BCH10S   1396 1991  .51  .32B .47  .78  .72  .45  .49  .67  .66  .62  .62  .51  .56  .57  .49  .56  .57  .66      
  69 BCH13N   1540 1991            .20B .27B .37  .54  .52  .55  .63  .56  .56  .55  .59  .62  .35  .41  .59  .46      
  70 BCH13SW  1489 1991  .36  .35B .32B .41  .37  .45  .41  .45  .46  .45  .63  .46  .53  .64  .56  .75  .60  .25B     
  71 BCH13W   1565 1991                 .32A .35  .42  .38  .43  .48  .47  .64  .48  .56  .56  .36  .39  .40  .67      
  72 BCH14SW  1409 1991  .59  .55  .42  .50  .49  .52  .58  .54  .53  .53  .48  .48  .65  .61  .47  .62  .62  .52      
  73 BCH14N   1750 1991                                                         .52  .50  .55  .37  .48  .52  .49      
  76 BCH15S   1372 1991  .69  .70  .51  .58  .66  .71  .76  .74  .57  .54  .66  .56  .39  .40  .59  .66  .36  .42B     
  77 BCH17N'  1454 1892  .58  .61  .61  .71  .67  .57  .61  .61  .60  .67  .70  .65  .50  .49                          
  78 BCH17N"  1396 1870  .56  .64  .55  .67  .69  .53  .53  .62  .59  .63  .74  .71  .64                               
  79 BCH17W   1538 1991            .58  .68  .66  .56  .59  .67  .64  .47  .40  .55  .37  .29A .55  .68  .69  .66      
  80 BCH17S'  1647 1991                                .64  .83  .74  .60  .68  .78  .71  .66  .60  .62  .68  .61      
  81 BCH17X   1465 1879  .62  .60  .61  .75  .63  .53  .63  .61  .68  .76  .64  .54  .50  .53                          
  82 BCH18E   1480 1680  .36  .44  .31A .26A .34  .47                                                                  
  83 BCH18N'  1450 1657  .20B .32A .32A .29A .35                                                                       
  84 BCH18N   1780 1950                                                              .64  .54  .53  .53  .19B          
  87 BCH20N   1698 1991                                               .61  .46  .56  .78  .76  .60  .67  .62  .57      
  88 BCH21A   1371 1991  .60  .71  .60  .65  .69  .68  .76  .75  .62  .60  .54  .56  .67  .68  .69  .69  .62  .60      
  89 BCH21B   1436 1928  .42  .55  .61  .71  .79  .80  .76  .72  .68  .63  .61  .69  .73  .66  .63  .71                
  90 BCH22SW  1520 1991       .65  .60  .40  .40B .64  .66  .60  .62  .69  .73  .79  .79  .67  .65  .65  .62  .69      
  91 BCH22SE  1560 1991                 .59  .58  .70  .77  .78  .73  .77  .86  .78  .77  .80  .66  .71  .77  .77      
  92 BCH23NE  1324 1970  .52  .44  .34  .65  .69  .52  .46  .59  .70  .67  .60  .60  .71  .68  .52  .39  .46           
  93 BCH24SE  1402 1761  .36  .61  .75  .73  .68  .41  .43  .55  .46                                                   
  94 BCH25B   1450 1991  .47  .52  .59  .39  .26B .35  .43  .54  .70  .58  .54  .52  .51  .37  .24A .39  .53  .54      
  95 BCH26    1338 1991  .37  .31A .46  .64  .61  .60  .50  .49  .49  .38  .45  .55  .69  .64  .56  .62  .46  .43      
  96 BCH28N   1476 1918  .45  .63  .63  .78  .48  .63  .74  .55  .54  .57  .58  .53  .54  .55  .39B                    
  97 BCH28W   1420 1840  .53  .60  .49  .65  .62  .60  .58  .50  .48  .50  .51  .47                                    
  98 BCH28W'  1410 1669  .70  .65  .57  .71  .58                                                                       
  99 BCH29W   1497 1991  .67  .71  .54  .27B .34B .66  .77  .69  .61  .65  .62  .73  .78  .71  .74  .80  .76  .75      
 100 BCH29W'  1476 1991  .69  .80  .66  .44  .46  .58  .64  .62  .67  .71  .63  .68  .61  .52  .53  .70  .65  .61      
 101 BCH31A   1390 1991  .59  .65  .40  .17B .29A .52  .66  .71  .48  .56  .67  .63  .73  .68  .61  .49  .58  .52      
 102 BCH31B   1387 1991  .58  .59  .42  .08B .21A .61  .74  .73  .60  .59  .66  .65  .69  .61  .56  .61  .62  .36      
 103 BCH31C   1474 1935  .62  .63  .39  .25B .27B .34  .32B .37  .62  .72  .63  .67  .67  .52  .60  .79                
 104 BCH32A   1531 1991            .57  .64  .57  .57  .61  .57  .61  .59  .57  .61  .65  .58  .51  .43  .44  .66      
 105 BCH32B   1559 1991                 .65  .61  .62  .74  .67  .43  .42  .64  .61  .59  .52  .56  .57  .51  .65      
 106 BCH32B'  1559 1908                 .80  .76  .62  .62  .69  .72  .65  .72  .71  .59  .60  .71                     
 108 BCH35N   1745 1962                                                    .48  .52  .50  .54  .53  .49  .52           
 109 BCH35S   1745 1991                                                    .54  .43  .55  .64  .58  .56  .65  .65      
 Av segment correlation  .58  .58  .51  .57  .57  .58  .62  .62  .60  .57  .58  .58  .62  .60  .55  .60  .58  .54  .52 

 FLAGGED SEGMENTS: aus128
-----------------------------------------------------------------------------------------------------------------------------------
 Seq Series   Segment    Flag  r dated  Best lag  r at lag   Gain  Note
 --- -------- ---------  ----  -------  --------  --------  -----  -----------------
   2 BCH106NE 1350 1399     A     .300         0
   2 BCH106NE 1375 1424     A     .251         0
   3 BCH106W  1225 1274     B     .248        10      .282   .035  weak at every lag
   3 BCH106W  1250 1299     B     .313        -9      .322   .008  weak at every lag
   3 BCH106W  1375 1424     A     .271         0
   3 BCH106W  1400 1449     B     .368        -8      .413   .045
   3 BCH106W  1725 1774     B     .025        -4      .309   .284  weak at every lag
   3 BCH106W  1750 1799     B     .188         8      .275   .087  weak at every lag
   6 BCH108W  1825 1874     A     .306         0
   7 BCH109E  1450 1499     A     .325         0
  12 BCH111N  1325 1374     A     .283         0
  12 BCH111N  1350 1399     B     .251        -7      .348   .097
  12 BCH111N  1625 1674     B     .307         3      .393   .086
  13 BCH111W  1325 1374     B     .235        -9      .344   .109
  13 BCH111W  1350 1399     A     .273         0
  18 BCH115NE  925  974     A     .309         0
  18 BCH115NE 1850 1899     A     .272         0
  22 BCH121NW  675  724     A     .316         0
  22 BCH121NW  875  924     B     .021        -5      .237   .215  weak at every lag
  22 BCH121NW  900  949     B    -.000        -6      .258   .259  weak at every lag
  22 BCH121NW  975 1024     B     .191         5      .426   .234
  22 BCH121NW 1000 1049     B     .138         8      .422   .284
  22 BCH121NW 1350 1399     A     .262         0
  23 BCH121E  1450 1499     B     .363       -10      .421   .058
  23 BCH121E  1675 1724     B     .306        -1      .309   .003  weak at every lag
  23 BCH121E  1700 1749     B     .034        10      .281   .247  weak at every lag
  23 BCH121E  1725 1774     B     .065         6      .242   .177  weak at every lag
  24 BCH121SE  675  724     B     .316        -5      .333   .017
  24 BCH121SE 1750 1799     B     .363        -5      .372   .008
  24 BCH121SE 1925 1974     B     .248        -8      .249   .001  weak at every lag
  24 BCH121SE 1950 1999     B     .102         7      .280   .177  weak at every lag
  25 BCH124S  1475 1524     B     .288         2      .332   .044
  25 BCH124S  1500 1549     A     .252         0
  25 BCH124S  1575 1624     B     .127        -1      .254   .127  weak at every lag
  25 BCH124S  1600 1649     B     .111        -1      .241   .130  weak at every lag
  29 LGH01A   1175 1224     B     .212         1      .342   .130
  29 LGH01A   1200 1249     B     .159        -5      .252   .094  weak at every lag
  29 LGH01A   1225 1274     B     .173         8      .207   .033  weak at every lag
  29 LGH01A   1250 1299     B     .166         5      .282   .116  weak at every lag
  29 LGH01A   1275 1324     A     .310         0
  31 LGH01C   1375 1424     B     .273         8      .298   .025  weak at every lag
  32 LGH03A   1750 1799     B     .319         1      .406   .088
  32 LGH03A   1775 1824     B     .211         1      .281   .070  weak at every lag
  34 LGH03B   1775 1824     A     .313         0
  35 LGH03B'  1775 1824     B     .338        10      .355   .016
  36 LGH04A   1275 1324     B     .474        -9      .477   .004
  36 LGH04A   1450 1499     A     .325         0
  36 LGH04A   1650 1699     A     .298         0
  36 LGH04A   1675 1724     B    -.047         1      .395   .441
  36 LGH04A   1700 1749     A     .303         0
  38 LGH04C   1250 1299     B     .408        -9      .415   .007
  38 LGH04C   1350 1399     B     .243         4      .328   .085  weak at every lag
  38 LGH04C   1375 1424     A     .231         0
  38 LGH04C   1450 1499     B     .128        -7      .279   .151  weak at every lag
  39 LGH05A   1850 1899     B     .211         8      .214   .003  weak at every lag
  39 LGH05A   1875 1924     B     .216         2      .300   .084  weak at every lag
  42 LGH08A   1200 1249     B     .279        -3      .321   .042  weak at every lag
  42 LGH08A   1225 1274     B     .221        -8      .279   .058  weak at every lag
  44 LGH08B'  1250 1299     A     .280         0
  49 BCH02B   1575 1624     B     .111         5      .233   .122  weak at every lag
  49 BCH02B   1600 1649     A     .316         0
  51 BCH02D   1600 1649     B     .193        -2      .396   .203
  53 BCH03E   1500 1549     A     .327         0
  53 BCH03E   1575 1624     A     .308         0
  54 BCH03S   1825 1874     A     .314         0
  54 BCH03S   1850 1899     B     .193         6      .354   .161
  56 BCH04A   1700 1749     A     .308         0
  57 BCH04A'  1675 1724     B     .283         4      .284   .001  weak at every lag
  59 BCH04B'  1900 1949     A     .283         0
  59 BCH04B'  1925 1974     B     .006         5      .260   .254  weak at every lag
  60 BCH05W   1625 1674     B     .291        -4      .429   .137
  60 BCH05W   1700 1749     B     .327         9      .365   .038
  60 BCH05W   1725 1774     B     .153        -3      .350   .196
  60 BCH05W   1750 1799     B     .279        -3      .332   .053
  64 BCH07S   1725 1774     A     .315         0
  66 BCH09S   1775 1824     A     .326         0
  66 BCH09S   1925 1974     B     .204        -6      .248   .044  weak at every lag
  68 BCH10S   1400 1449     A     .229         0
  68 BCH10S   1425 1474     B     .303       -10      .397   .094
  68 BCH10S   1525 1574     B     .321        -7      .368   .047
  69 BCH13N   1550 1599     B     .203         6      .235   .032  weak at every lag
  69 BCH13N   1575 1624     B     .275         5      .286   .011  weak at every lag
  70 BCH13SW  1525 1574     B     .349         6      .356   .007
  70 BCH13SW  1550 1599     B     .323        -8      .324   .000  weak at every lag
  70 BCH13SW  1925 1974     B     .253        -1      .339   .086
  71 BCH13W   1575 1624     A     .321         0
  72 BCH14SW  1425 1474     A     .292         0
  76 BCH15S   1450 1499     B     .227        -2      .367   .140
  76 BCH15S   1925 1974     B     .418        -7      .448   .030
  79 BCH17W   1825 1874     A     .287         0
  82 BCH18E   1550 1599     A     .311         0
  82 BCH18E   1575 1624     A     .263         0
  83 BCH18N'  1475 1524     B     .246        -1      .339   .093
  83 BCH18N'  1500 1549     B     .196        -1      .315   .118  weak at every lag
  83 BCH18N'  1525 1574     A     .318         0
  83 BCH18N'  1550 1599     A     .325         0
  83 BCH18N'  1575 1624     A     .292         0
  84 BCH18N   1900 1949     B     .193         9      .221   .028  weak at every lag
  85 BCH19N   1250 1299     A     .229         0
  88 BCH21A   1375 1424     B     .191        -9      .250   .059  weak at every lag
  88 BCH21A   1400 1449     B     .115         1      .239   .123  weak at every lag
  88 BCH21A   1425 1474     B     .139        -3      .276   .137  weak at every lag
  89 BCH21B   1450 1499     B     .088        -2      .273   .185  weak at every lag
  89 BCH21B   1475 1524     B     .203         5      .208   .005  weak at every lag
  90 BCH22SW  1600 1649     B     .400        -2      .429   .029
  92 BCH23NE  1350 1399     B     .292        -1      .344   .053
  92 BCH23NE  1375 1424     B     .311        10      .328   .017  weak at every lag
  93 BCH24SE  1475 1524     A     .290         0
  94 BCH25B   1475 1524     A     .316         0
  94 BCH25B   1600 1649     B     .259         2      .303   .043  weak at every lag
  94 BCH25B   1850 1899     A     .236         0
  95 BCH26    1350 1399     A     .220         0
  95 BCH26    1400 1449     B     .171        -3      .246   .076  weak at every lag
  95 BCH26    1425 1474     B     .243       -10      .313   .070  weak at every lag
  95 BCH26    1525 1574     A     .307         0
  96 BCH28N   1850 1899     B     .387         1      .504   .116
  97 BCH28W   1425 1474     B     .364         3      .391   .027
  98 BCH28W'  1425 1474     A     .300         0
  99 BCH29W   1575 1624     B     .271       -10      .293   .022  weak at every lag
  99 BCH29W   1600 1649     B     .340       -10      .374   .034
 101 BCH31A   1400 1449     B     .159        10      .273   .115  weak at every lag
 101 BCH31A   1425 1474     B     .242         7      .285   .043  weak at every lag
 101 BCH31A   1575 1624     B     .170         5      .370   .200
 101 BCH31A   1600 1649     A     .293         0
 102 BCH31B   1400 1449     A     .316         0
 102 BCH31B   1575 1624     B     .082         7      .258   .176  weak at every lag
 102 BCH31B   1600 1649     A     .208         0
 103 BCH31C   1575 1624     B     .250         7      .302   .052  weak at every lag
 103 BCH31C   1600 1649     B     .265        -2      .272   .007  weak at every lag
 103 BCH31C   1650 1699     B     .322         1      .352   .031

 DESCRIPTIVE STATISTICS: aus128
-----------------------------------------------------------------------------------------------------------------------------------

                                                Corr   //-------- Unfiltered --------\\  //-- dplR filtered --\\
                           No.    No.    No.    with   Mean   Max     Std   Auto   Mean   Max     Std   Auto  AR
 Seq Series   Interval   Years  Segmt  Flags   Master  msmt   msmt    dev   corr   sens  value    dev   corr  ()
 --- -------- ---------  -----  -----  -----   ------ -----  -----  -----  -----  -----  -----  -----  -----  --
   1 BCH106N  1167 2011    845     32      0    .521    .35   1.15   .236   .951   .183   1.70   .189   .005   1
   2 BCH106NE 1180 2011    832     31      2    .513    .28   1.05   .162   .921   .212   2.05   .216  -.012   1
   3 BCH106W  1183 2011    829     31      6    .434    .35   1.20   .221   .943   .195   1.71   .198   .005   1
   4 BCH108E  1620 2011    392     14      0    .595    .69   1.33   .153   .692   .137   1.53   .137  -.012   3
   5 BCH108NW 1620 2011    392     14      0    .552    .60   1.29   .171   .817   .138   1.47   .133   .001   1
   6 BCH108W  1620 2011    392     14      1    .492    .57   1.10   .203   .846   .158   1.51   .155  -.003   1
   7 BCH109E  1319 2011    693     26      1    .644    .43    .90   .149   .833   .171   1.50   .162   .004   1
   8 BCH109N  1368 2011    644     24      0    .656    .51   1.15   .149   .815   .140   1.44   .141  -.011   3
   9 BCH110E  1260 2011    752     28      0    .603    .34    .83   .115   .804   .174   1.50   .170  -.000   2
  10 BCH110N  1323 2011    689     25      0    .558    .44   1.18   .171   .867   .162   1.68   .156  -.006   3
  11 BCH110NW 1351 2011    661     24      0    .566    .05    .11   .015   .833   .129   1.61   .129   .001   2
  12 BCH111N  1299 2011    713     26      3    .548    .33    .93   .142   .829   .196   1.57   .193   .000   2
  13 BCH111W  1286 2011    726     27      2    .535    .41   1.13   .197   .887   .171   1.71   .183  -.017   1
  14 BCH112W  1305 2011    707     26      0    .602    .45   1.04   .129   .774   .148   1.44   .145  -.009   3
  15 BCH112N  1380 2011    632     23      0    .650    .41   1.17   .169   .869   .163   1.44   .156  -.002   2
  16 BCH112SW 1311 2011    701     26      0    .611    .46    .94   .152   .825   .146   1.48   .144  -.005   3
  17 BCH115E   850 1349    500     18      0    .533    .59   1.45   .178   .810   .144   1.62   .152   .012   1
  18 BCH115NE  897 2011   1115     43      2    .550    .41   1.32   .217   .929   .166   1.64   .166   .001   2
  19 BCH115SW 1036 1909    874     33      0    .565    .44   1.29   .254   .939   .164   2.00   .170   .006   2
  20 BCH117W  1360 2011    652     24      0    .594    .28    .60   .092   .785   .164   1.44   .148   .036   0
  21 BCH117SW 1350 2011    662     25      0    .570    .30    .60   .068   .622   .153   1.60   .141   .032   0
  22 BCH121NW  462 1399    938     35      6    .383    .31   1.02   .205   .939   .161   4.33   .200  -.005   1
  23 BCH121E  1400 2011    612     22      4    .494    .19    .40   .062   .799   .170   1.53   .161  -.005   3
  24 BCH121SE  499 2011   1513     59      4    .498    .34    .97   .171   .935   .149   1.88   .164  -.008   1
  25 BCH124S  1450 2011    562     20      4    .381    .03    .05   .009   .862   .142   1.90   .177  -.002   2
  26 BCH124W  1450 2011    562     20      0    .557    .35    .60   .087   .803   .116   1.47   .117  -.014   1
  27 BCH126W  1422 2011    590     22      0    .611    .49   1.50   .252   .906   .157   1.55   .165   .020   1
  28 BCH126N  1407 2012    606     22      0    .599    .28    .90   .140   .868   .217   1.67   .213  -.011   1
  29 LGH01A   1172 1991    820     31      5    .494    .42    .88   .139   .874   .138   1.79   .147  -.003   3
  30 LGH01B   1230 1991    762     28      0    .591    .46    .78   .111   .801   .121   1.39   .124  -.003   3
  31 LGH01C   1280 1991    712     26      1    .577    .40    .87   .146   .905   .128   1.36   .133  -.002   3
  32 LGH03A   1684 1987    304     10      2    .496    .37    .75   .138   .857   .171   1.54   .174  -.017   3
  33 LGH03A'  1807 1950    144      4      0    .509    .39    .88   .169   .872   .176   1.53   .176  -.025   3
  34 LGH03B   1719 1991    273      9      1    .440    .33    .95   .160   .884   .182   1.54   .187  -.013   3
  35 LGH03B'  1700 1991    292      9      1    .488    .38    .81   .147   .876   .159   1.52   .163  -.023   1
  36 LGH04A   1012 1944    933     35      5    .539    .28    .97   .127   .821   .253   1.89   .239  -.001   2
  37 LGH04B   1319 1991    673     25      0    .582    .24    .72   .090   .780   .200   1.76   .204  -.005   3
  38 LGH04C   1016 1976    961     37      4    .536    .26    .88   .111   .794   .220   1.66   .220  -.000   2
  39 LGH05A   1750 1991    242      7      2    .342    .53   1.06   .201   .847   .164   1.72   .176  -.019   3
  40 LGH06    1610 1991    382     13      0    .587    .61   1.09   .133   .693   .141   1.41   .134   .007   1
  41 LGH07    1603 1991    389     13      0    .590    .62   1.21   .166   .749   .152   1.45   .136  -.003   3
  42 LGH08A   1180 1920    741     27      2    .605    .32    .95   .137   .895   .156   1.48   .154  -.005   1
  43 LGH08B   1240 1991    752     28      0    .633    .25    .97   .157   .942   .192   1.73   .189  -.003   3
  44 LGH08B'  1240 1426    187      6      1    .462    .50    .90   .144   .812   .138   1.43   .143   .017   1
  45 BCH01N   1730 1991    262      8      0    .548    .41    .85   .124   .811   .145   1.47   .155  -.004   1
  46 BCH01S   1649 1951    303     11      0    .545    .31    .84   .118   .858   .160   1.82   .165  -.015   1
  47 BCH01S'  1649 1818    170      5      0    .500    .43    .79   .108   .649   .155   1.64   .174   .021   1
  48 BCH02A   1624 1991    368     12      0    .672    .44    .94   .127   .826   .139   1.47   .136   .001   2
  49 BCH02B   1560 1991    432     15      2    .557    .46    .78   .120   .716   .153   1.55   .156  -.005   3
  50 BCH02C   1579 1991    413     14      0    .603    .45    .89   .130   .768   .149   1.54   .149  -.002   2
  51 BCH02D   1577 1991    415     14      1    .551    .39    .84   .130   .838   .148   1.76   .152   .002   2
  52 BCH03N   1556 1991    436     15      0    .619    .52   1.15   .193   .903   .129   1.52   .138  -.006   3
  53 BCH03E   1495 1991    497     18      2    .476    .35    .94   .174   .925   .164   1.66   .170  -.021   1
  54 BCH03S   1560 1991    432     15      2    .559    .36   1.15   .160   .888   .159   1.57   .159  -.005   3
  55 BCH03S'  1560 1818    259      8      0    .626    .47   1.00   .146   .809   .144   1.51   .148   .017   1
  56 BCH04A   1680 1991    312     10      1    .551    .25    .55   .077   .738   .180   1.49   .180  -.018   3
  57 BCH04A'  1665 1989    325     11      1    .507    .23    .52   .095   .842   .182   1.55   .186  -.013   1
  58 BCH04B   1716 1991    276      9      0    .602    .23    .38   .060   .601   .191   1.44   .189   .032   1
  59 BCH04B'  1716 1990    275      9      2    .456    .26    .60   .115   .887   .178   1.53   .176  -.005   3
  60 BCH05W   1606 1991    386     13      4    .465    .28    .55   .083   .735   .169   2.09   .181  -.014   1
  61 BCH06A   1720 1991    272      9      0    .542    .34    .75   .133   .863   .170   1.45   .171  -.019   1
  62 BCH07N   1708 1991    284      9      0    .502    .38    .62   .091   .818   .114   1.42   .118   .036   1
  63 BCH07N'  1708 1910    203      6      0    .466    .57   1.12   .160   .877   .119   1.34   .119   .031   3
  64 BCH07S   1714 1991    278      9      1    .483    .54    .92   .128   .846   .111   1.44   .115  -.021   3
  65 BCH08    1633 1970    338     11      0    .479    .37    .84   .131   .873   .144   1.50   .147   .003   1
  66 BCH09S   1765 1991    227      7      2    .397    .52   1.18   .198   .896   .127   1.57   .137   .001   3
  67 BCH10NE  1386 1991    606     22      0    .594    .29    .77   .124   .865   .183   1.66   .179   .003   2
  68 BCH10S   1396 1991    596     22      3    .542    .24    .56   .089   .839   .163   1.54   .172   .008   1
  69 BCH13N   1540 1991    452     16      2    .443    .43   1.02   .118   .780   .142   1.53   .147  -.008   1
  70 BCH13SW  1489 1991    503     18      3    .452    .48   1.38   .236   .911   .152   1.60   .161  -.007   3
  71 BCH13W   1565 1991    427     15      1    .439    .45    .98   .157   .864   .145   1.52   .146  -.023   3
  72 BCH14SW  1409 1991    583     21      1    .486    .25    .62   .102   .865   .183   1.79   .186  -.005   2
  73 BCH14N   1750 1991    242      7      0    .497    .32    .65   .100   .881   .130   1.31   .132  -.019   1
  74 BCH15N   1328 1991    605                          .31    .97   .134   .828   .199                         
  75 BCH15E   1352 1991    624                          .37   1.15   .202   .889   .206                         
  76 BCH15S   1372 1991    620     23      2    .545    .47   1.36   .148   .757   .172   1.72   .166  -.007   3
  77 BCH17N'  1454 1892    439     15      0    .570    .29   1.09   .146   .827   .232   1.62   .222  -.017   3
  78 BCH17N"  1396 1870    475     17      0    .546    .27    .86   .123   .850   .203   1.59   .214   .004   1
  79 BCH17W   1538 1991    454     16      1    .538    .23    .57   .099   .778   .260   1.77   .245  -.019   3
  80 BCH17S'  1647 1991    345     12      0    .661    .36    .64   .095   .685   .168   1.42   .163  -.008   1
  81 BCH17X   1465 1879    415     15      0    .603    .28    .68   .115   .797   .226   1.66   .223  -.018   3
  82 BCH18E   1480 1680    201      6      2    .358    .29    .58   .083   .670   .181   1.64   .191   .042   1
  83 BCH18N'  1450 1657    208      6      5    .339    .34    .70   .107   .748   .178   1.62   .190   .020   1
  84 BCH18N   1780 1950    171      5      1    .404    .21    .50   .074   .671   .226   1.83   .237  -.028   3
  85 BCH19N   1000 1448    449     15      1    .440    .35    .91   .161   .901   .158   1.59   .173   .013   1
  86 BCH19W    910 1422    513     18      0    .513    .50   1.31   .236   .934   .138   1.72   .152   .020   1
  87 BCH20N   1698 1991    294      9      0    .631    .35    .55   .074   .777   .114   1.32   .115   .005   3
  88 BCH21A   1371 1991    621     23      3    .489    .34    .93   .157   .898   .169   1.69   .182  -.004   2
  89 BCH21B   1436 1928    493     18      2    .594    .35   1.23   .198   .931   .173   1.69   .174  -.008   3
  90 BCH22SW  1520 1991    472     17      1    .632    .42   1.28   .205   .906   .160   1.47   .156  -.008   3
  91 BCH22SE  1560 1991    432     15      0    .736    .42    .96   .168   .880   .147   1.47   .141  -.004   3
  92 BCH23NE  1324 1970    647     23      2    .518    .26    .55   .071   .778   .144   1.52   .143  -.003   3
  93 BCH24SE  1402 1761    360     12      1    .500    .29    .85   .189   .959   .176   1.47   .182   .014   1
  94 BCH25B   1450 1991    542     19      3    .410    .27    .78   .117   .872   .174   2.01   .177   .002   3
  95 BCH26    1338 1991    654     24      4    .417    .25    .63   .088   .719   .210   1.84   .215  -.011   3
  96 BCH28N   1476 1918    443     15      1    .516    .29    .88   .167   .919   .233   2.01   .238  -.009   3
  97 BCH28W   1420 1840    421     15      1    .507    .24    .59   .088   .765   .223   1.82   .220  -.013   3
  98 BCH28W'  1410 1669    260      8      1    .547    .46    .86   .160   .875   .149   1.52   .160  -.018   3
  99 BCH29W   1497 1991    495     18      2    .663    .45   1.38   .195   .880   .153   1.60   .158  -.012   1
 100 BCH29W'  1476 1991    516     18      0    .612    .47   1.58   .273   .936   .148   1.49   .159  -.013   1
 101 BCH31A   1390 1991    602     22      4    .474    .41   1.19   .163   .897   .157   1.71   .164   .013   1
 102 BCH31B   1387 1991    605     22      3    .482    .40   1.18   .157   .899   .153   1.56   .158  -.010   3
 103 BCH31C   1474 1935    462     16      3    .496    .33    .98   .128   .846   .173   1.64   .176  -.012   3
 104 BCH32A   1531 1991    461     16      0    .585    .35    .69   .107   .870   .124   1.43   .128   .014   1
 105 BCH32B   1559 1991    433     15      0    .586    .35    .59   .087   .821   .118   1.29   .116   .009   1
 106 BCH32B'  1559 1908    350     12      0    .639    .39    .57   .066   .513   .131   1.41   .135   .000   2
 107 BCH33S   1510 1991    463                          .49   1.39   .216   .917   .146                         
 108 BCH35N   1745 1962    218      7      0    .484    .50   1.20   .143   .773   .151   1.56   .154   .010   1
 109 BCH35S   1745 1991    247      8      0    .546    .44   1.41   .153   .820   .159   1.68   .170   .008   2
 --- -------- ---------  -----  -----  -----   ------ -----  -----  -----  -----  -----  -----  -----  -----  --
 Total or mean:          54935   1901    130    .540    .37   1.58   .145   .845   .166   4.33   .168  -.002

 DATA CHECKS (rwl.check): aus128
-----------------------------------------------------------------------------------------------------------------------------------
 rwl.check: data_files/treering/measurements/australia/aus128.rwl
 109 series, 54935 measurements, 462-2012, 0.001 mm precision
 0 error(s), 21 warning(s), 12 note(s)
 -------------
 WARNING
   RWL_HEADER_SPAN (1)
     the header declares 1179-2012 but the measurements cover 462-2012
   RWL_INTERNAL_NA (3)
     BCH15E: no measurement for 1923-1938, inside the measured span of the series. The file records nothing for those years, which is not a fault, but detrend(), chron(), strip.rwl(), rwi.stats() and sss() fail on interior gaps and this series cannot be crossdated. Use fill.internal.NA() to close them deliberately
     BCH15N: no measurement for 1511-1569, inside the measured span of the series. The file records nothing for those years, which is not a fault, but detrend(), chron(), strip.rwl(), rwi.stats() and sss() fail on interior gaps and this series cannot be crossdated. Use fill.internal.NA() to close them deliberately
     BCH33S: no measurement for 1781-1799, inside the measured span of the series. The file records nothing for those years, which is not a fault, but detrend(), chron(), strip.rwl(), rwi.stats() and sss() fail on interior gaps and this series cannot be crossdated. Use fill.internal.NA() to close them deliberately
   RWL_MIXED_EOL (1)
     line endings are not consistent: 3 carriage return(s) against 5621 line feed(s); mixed endings can defeat a reader
   RWL_SITE_CODE (16)
     LGH01A: site code differs from the bch used by 93 of 109 series
     LGH01B: site code differs from the bch used by 93 of 109 series
     LGH01C: site code differs from the bch used by 93 of 109 series
     LGH03A: site code differs from the bch used by 93 of 109 series
     LGH03A': site code differs from the bch used by 93 of 109 series
     LGH03B: site code differs from the bch used by 93 of 109 series
     LGH03B': site code differs from the bch used by 93 of 109 series
     LGH04A: site code differs from the bch used by 93 of 109 series
     LGH04B: site code differs from the bch used by 93 of 109 series
     LGH04C: site code differs from the bch used by 93 of 109 series
     ... and 6 more; see as.data.frame()
 12 note(s) not shown; see rwl.check() or the 'check' element of this report.

 NOTES
-----------------------------------------------------------------------------------------------------------------------------------
 Report generated using dplR 1.8.1 (R 4.5.2) on 2026-10-01 16:47 PDT.
 Measurement file aus128.rwl, MD5 ca489dd85e5c64da6d0769d052c09aeb.
 Filtering: each series divided by a 32-year smoothing spline (caps()), then prewhitened with
   an AR model (order by AIC, at most 3).
 Master: biweight robust mean of the other series (leave-one-out).
 Correlation: Pearson, one-tailed, pcrit = 0.01; critical r = 0.3281 for 50-year segments.
 Segments: 50 years, lagged 25, first segment floored to 100. Lags searched: +/- 10 years.
 A segment is tested only where the series and the master cover all of it, at the dated
   position and at every lag. COFECHA also tests partial segments at the ends of a series, so
   series here may show fewer segments, and no flags can be raised at the ends of the record.
 Lags follow COFECHA: negative means rings are probably missing from the series, positive means
   false rings. A missing ring carries its lag into every segment before it, so look where the
   lag changes along a series. A B flag is a hypothesis to check on the wood; the gain says how
   seriously to take it.
 A B flag marked "weak at every lag" correlates under the critical value even at its best lag:
   the segment is weak wherever it is placed, and the shift is not evidence of a dating error.
   Treat it as a low correlation, like an A.
 Averages in the summary and the totals are weighted by the number of years in each series, as
   COFECHA's are.
 Unfiltered block and mean sensitivity: the measurements as read, and sens1().
 dplR filtered block: the series that was correlated, after filtering. COFECHA's filtered
   series is defined differently, so these three columns are not COFECHA's numbers.
 AR: order of the AR model used to prewhiten.
 Left out of the crossdating: series BCH15N has internal NA values, and the 'nyrs' spline needs
   an unbroken series. Fill them with fill.internal.NA(), remove the series, or use 'n' instead
   of 'nyrs'
 Left out of the crossdating: series BCH15E has internal NA values, and the 'nyrs' spline needs
   an unbroken series. Fill them with fill.internal.NA(), remove the series, or use 'n' instead
   of 'nyrs'
 Left out of the crossdating: series BCH33S has internal NA values, and the 'nyrs' spline needs
   an unbroken series. Fill them with fill.internal.NA(), remove the series, or use 'n' instead
   of 'nyrs'
