
 COFECHA-style crossdating report: ausl042
 Report generated using dplR 1.8.1 (R 4.5.2) on 2026-10-01 16:47 PDT
 Built with dplR's xdate.report(), not COFECHA; see the notes at the end.


      Measurement file name  : ausl042.rwl
      MD5 of measurement file: 84ded5819dfac3b3f7a2d2c164ce64e4
      Date checked           : 01OCT26
      Beginning year         : 1344
      Ending year            : 2008
      Principal investigators: Allen, K.J.
      Site name              : Lake Mackenzie
      Species information    : ATCU Athrotaxis cupressoides D. Don
      Latitude               : 41.6000 S
      Longitude              : 146.5500 E
      Elevation              : 235 m

      Series intercorrelation: 0.572
      Avg mean sensitivity   : 0.217
      Avg standard deviation : 0.386
      Avg autocorrelation    : 0.811
      Number dated series    : 99
      Segment length tested  : 50

      Number problem segments: 54  (A 15, B 39; 20 of the B weak at every lag)
      Pct problem segments   : 6.10


 CORRELATION OF SERIES BY SEGMENTS: ausl042
-----------------------------------------------------------------------------------------------------------------------------------
 Correlations of  50-year dated segments, lagged  25 years
 Flags:  A = correlation under   .3281 but highest as dated;  B = correlation higher at other than dated position

 Seq Series  Time_span  1400 1425 1450 1475 1500 1525 1550 1575 1600 1625 1650 1675 1700 1725 1750 1775 1800 1825 1850 1875 
                        1449 1474 1499 1524 1549 1574 1599 1624 1649 1674 1699 1724 1749 1774 1799 1824 1849 1874 1899 1924 
 --- -------- ---------  ---- ---- ---- ---- ---- ---- ---- ---- ---- ---- ---- ---- ---- ---- ---- ---- ---- ---- ---- ---- 
   1 LME45B   1800 2004                                                                                       .60  .58  .43 
   2 LME48B   1640 1908                                                    .56  .41  .50  .58  .43  .56  .70  .47  .52      
   3 LME73B   1697 2004                                                              .61  .53  .59  .57  .47  .40  .38B .61 
   4 LME54A   1770 2003                                                                             .76  .81  .77  .65  .69 
   5 LME55B   1616 1778                                               .41B .56  .62  .56  .69                               
   6 LME74B   1860 2003                                                                                                 .50 
   7 LME40A   1500 1899                           .66  .63  .42  .34B .51  .53  .49  .63  .67  .57  .57  .64  .69  .64      
   8 LME50C   1629 1815                                                    .80  .76  .64  .47  .51                          
   9 LME50A   1625 1809                                                    .82  .79  .75  .70  .71                          
  10 LME50B   1591 1811                                          .54  .76  .84  .75  .58  .60  .74                          
  11 LME43A   1650 1806                                                         .58  .67  .68  .74                          
  12 LME43B   1612 1778                                               .58  .47  .46  .57  .59                               
  13 LME63A   1672 1803                                                         .27A .51  .60  .74                          
  14 LME61A   1700 1910                                                                   .64  .72  .72  .56  .43  .44      
  15 LME46A   1690 1830                                                              .46  .51  .48  .64                     
  16 LME73A   1700 2003                                                                   .64  .61  .44  .24B .22B .48  .66 
  17 LME58C   1541 1797                                .46  .44  .57  .47  .44  .56  .70  .63                               
  18 LME41A   1751 2004                                                                             .66  .72  .68  .61  .62 
  19 LME63B   1672 1797                                                         .48  .52  .65                               
  20 LME52A   1678 1794                                                              .69  .71                               
  21 LME52B   1690 1799                                                              .64  .66  .70                          
  22 LME64A   1650 1801                                                         .40  .61  .56  .41                          
  23 LME72A   1640 1791                                                    .39  .58  .71  .62                               
  24 LME61B   1650 1849                                                         .50  .68  .71  .60  .61  .38                
  25 LME46B   1550 1812                                     .38  .44  .51  .61  .72  .57  .52  .26B                         
  26 LME59A   1536 1866                                .37  .68  .58  .68  .75  .72  .55  .53  .67  .69  .58                
  27 LME59B   1557 1834                                     .69  .74  .78  .79  .77  .48  .49  .73  .64                     
  28 LMF12A   1554 1769                                     .42  .33  .59  .62  .59  .52                                    
  29 LMF24B   1530 1719                                .47  .44  .38  .52  .64                                              
  30 LMF30B   1693 1797                                                              .61  .44                               
  31 LMF13C   1563 1714                                     .43  .32B .36  .58                                              
  32 LME07A   1554 1794                                     .55  .44  .57  .53  .47  .60  .59                               
  33 LME07B   1558 1808                                     .62  .61  .49  .46  .49  .75  .73  .56                          
  34 LME07C   1536 1802                                .63  .47  .43  .55  .52  .49  .62  .56  .34                          
  35 LMF17A   1407 1692       .60  .46  .30A .35  .50  .46  .40  .41  .46                                                   
  36 LMF12B   1548 1812                                .58  .51  .42  .48  .56  .58  .48  .40  .19B                         
  37 LMF21A   1499 1606                           .70  .72                                                                  
  38 LMF21B   1499 1638                           .69  .68  .52                                                             
  39 LME05B   1600 1753                                               .55  .67  .57  .38                                    
  40 LME05C   1582 1783                                          .28A .45  .63  .58  .45  .60                               
  41 LME04C   1498 1762                      .43  .70  .75  .62  .54  .56  .72  .61  .48                                    
  42 LME04D   1531 1781                                .71  .58  .46  .55  .65  .70  .56  .41                               
  43 LME04A   1500 1778                           .70  .69  .54  .44  .52  .68  .65  .37  .36                               
  44 LME04B   1520 1781                           .39  .55  .56  .51  .47  .70  .72  .49  .29A                              
  45 LME03A   1500 1624                           .49  .57  .49                                                             
  46 900S     1821 2008                                                                                       .50  .64  .73 
  47 900NE    1821 2008                                                                                       .54  .57  .65 
  48 902S     1587 1949                                          .14B .22B .74  .72  .58  .59  .75  .73  .70  .69  .63  .49 
  49 902NW    1611 2008                                               .52  .74  .78  .69  .65  .68  .74  .81  .74  .73  .69 
  50 904N     1701 2008                                                                   .62  .72  .79  .75  .68  .74  .71 
  51 904E     1592 1881                                          .49  .65  .71  .68  .71  .70  .57  .54  .66  .73           
  52 905S     1344 2002  .12B .11B .57  .52  .35  .49  .51  .33  .45  .41  .54  .65  .56  .55  .63  .53  .59  .69  .60  .50 
  53 905SW    1388 2008  .36  .20B .37  .56  .55  .57  .64  .38  .25A .51  .58  .60  .64  .57  .56  .45  .39  .30A .27B .43 
  54 906A     1770 2008                                                                             .64  .73  .45  .41  .41 
  55 906B     1793 2008                                                                                  .66  .60  .52  .58 
  56 907SE    1806 1995                                                                                       .86  .71  .66 
  57 907S     1798 2002                                                                                  .70  .66  .54  .58 
  58 908N     1788 2008                                                                                  .86  .84  .85  .85 
  59 908E     1795 2008                                                                                  .88  .82  .84  .85 
  60 909S     1654 2008                                                         .58  .68  .65  .61  .63  .59  .65  .80  .80 
  61 909N     1664 2008                                                         .76  .63  .65  .69  .73  .69  .65  .77  .77 
  62 910NW    1776 2008                                                                                  .81  .89  .88  .85 
  63 910E     1798 2008                                                                                  .87  .78  .76  .83 
  64 911W     1441 2004            .50  .62  .61  .43  .49  .51  .53  .67  .74  .72  .56  .45  .35B .58  .71  .67  .70  .74 
  65 911S     1491 2008                      .54  .61  .64  .54  .53  .67  .75  .74  .73  .73  .68  .71  .79  .80  .83  .85 
  66 913W     1743 2008                                                                        .47  .61  .67  .76  .78  .77 
  67 913S     1626 2008                                                    .73  .73  .76  .71  .59  .67  .61  .66  .82  .74 
  68 914S     1637 2008                                                    .76  .73  .66  .60  .61  .69  .72  .64  .71  .78 
  69 915WNW   1560 2008                                     .46  .52  .51  .64  .68  .59  .67  .62  .68  .73  .66  .71  .77 
  70 915ESE   1646 2008                                                    .71  .74  .74  .76  .73  .71  .69  .66  .74  .81 
  71 916NE    1850 2008                                                                                                 .71 
  72 916E     1872 2008                                                                                                 .42 
  73 917NW    1860 2003                                                                                                 .28A
  74 917NE    1688 2008                                                              .68  .57  .53  .71  .70  .52  .63  .61 
  75 918SW    1647 2008                                                    .39  .51  .61  .67  .69  .74  .74  .71  .63  .63 
  76 918E     1714 2008                                                                   .70  .63  .57  .70  .72  .77  .78 
  77 920N     1587 2008                                          .52  .45  .66  .70  .72  .78  .63  .50  .25B .08B .59  .68 
  79 921W     1530 2008                                .56  .44  .36  .48  .77  .85  .71  .65  .68  .72  .65  .63  .76  .64 
  80 921S     1449 2008            .47  .70  .62  .55  .52  .40  .43  .66  .78  .75  .78  .78  .75  .74  .71  .71  .70  .68 
  81 922N     1597 2008                                          .28A .44  .71  .72  .72  .71  .62  .57  .53  .53  .33  .37 
  82 922W     1597 2008                                          .36  .65  .73  .68  .66  .65  .70  .73  .61  .35  .14B .37 
  83 923W     1704 2008                                                                   .74  .54  .54  .70  .72  .64  .64 
  84 923SE    1556 2008                                     .42  .47  .62  .71  .76  .74  .66  .42  .56  .70  .71  .65  .62 
  85 925SE    1754 2008                                                                             .72  .81  .70  .65  .73 
  86 925W     1783 2008                                                                                  .82  .73  .67  .67 
  87 926W     1431 2008            .53  .66  .61  .51  .54  .48  .09B .32B .21B .15B .62  .79  .67  .77  .78  .59  .65  .67 
  88 926NWb   1414 1770       .53  .65  .69  .67  .74  .78  .64  .59  .74  .78  .81  .71                                    
  89 926NW    1826 2008                                                                                            .40  .63 
  90 928SW    1751 2008                                                                             .57  .42  .15B .28A .51 
  91 928SEb   1587 1796                                          .60  .47  .67  .78  .80  .72                               
  92 928SE    1859 2008                                                                                                 .72 
  93 930S     1787 2008                                                                                  .62  .67  .67  .74 
  94 930E     1648 2008                                                    .56  .58  .63  .40  .30B .53  .65  .60  .18B .27B
  95 932S     1787 2008                                                                                  .62  .64  .62  .74 
  96 932N     1798 2008                                                                                  .61  .65  .66  .68 
  97 914N     1506 2008                           .61  .66  .61  .48  .51  .60  .58  .62  .63  .64  .70  .79  .75  .75  .82 
  98 912E     1627 1970                                                    .62  .60  .71  .71  .59  .63  .76  .75  .73  .72 
  99 924      1422 1963       .38B .54  .68  .55  .27B .02B .06B .28A .41  .66  .69  .51  .46  .58  .61  .41  .28A .41  .58 
 Av segment correlation  .24  .36  .51  .59  .53  .57  .57  .48  .44  .53  .64  .63  .62  .61  .59  .64  .66  .62  .62  .65 

 CORRELATION OF SERIES BY SEGMENTS: ausl042
-----------------------------------------------------------------------------------------------------------------------------------
 Correlations of  50-year dated segments, lagged  25 years
 Flags:  A = correlation under   .3281 but highest as dated;  B = correlation higher at other than dated position

 Seq Series  Time_span  1900 1925 1950 
                        1949 1974 1999 
 --- -------- ---------  ---- ---- ---- 
   1 LME45B   1800 2004  .18B .28B .58 
   3 LME73B   1697 2004  .64  .41  .56 
   4 LME54A   1770 2003  .61  .54  .46 
   6 LME74B   1860 2003  .55  .42  .59 
  16 LME73A   1700 2003  .65  .48  .54 
  18 LME41A   1751 2004  .65  .24A .51 
  46 900S     1821 2008  .76  .58  .64 
  47 900NE    1821 2008  .62  .55  .61 
  48 902S     1587 1949  .22B          
  49 902NW    1611 2008  .65  .61  .60 
  50 904N     1701 2008  .60  .56  .70 
  52 905S     1344 2002  .45  .35  .45 
  53 905SW    1388 2008  .47  .44  .52 
  54 906A     1770 2008  .31B .39B .47 
  55 906B     1793 2008  .60  .42B .43 
  56 907SE    1806 1995  .58  .35      
  57 907S     1798 2002  .43  .45  .26A
  58 908N     1788 2008  .74  .72  .67 
  59 908E     1795 2008  .79  .80  .87 
  60 909S     1654 2008  .70  .54  .64 
  61 909N     1664 2008  .64  .64  .63 
  62 910NW    1776 2008  .74  .72  .81 
  63 910E     1798 2008  .74  .69  .79 
  64 911W     1441 2004  .69  .35  .44 
  65 911S     1491 2008  .74  .55  .65 
  66 913W     1743 2008  .65  .49  .68 
  67 913S     1626 2008  .68  .70  .76 
  68 914S     1637 2008  .56  .51  .61 
  69 915WNW   1560 2008  .68  .69  .76 
  70 915ESE   1646 2008  .77  .51  .40 
  71 916NE    1850 2008  .62  .63  .60 
  72 916E     1872 2008  .39  .39  .69 
  73 917NW    1860 2003  .42  .71  .76 
  74 917NE    1688 2008  .37  .36B .55 
  75 918SW    1647 2008  .62  .65  .77 
  76 918E     1714 2008  .75  .76  .75 
  77 920N     1587 2008  .52  .52  .63 
  78 920SW    1878 2008  .72  .60  .65 
  79 921W     1530 2008  .57  .51  .48 
  80 921S     1449 2008  .64  .64  .56 
  81 922N     1597 2008  .54  .53  .60 
  82 922W     1597 2008  .51  .29A .45 
  83 923W     1704 2008  .59  .37  .46 
  84 923SE    1556 2008  .61  .36B .44 
  85 925SE    1754 2008  .64  .58  .71 
  86 925W     1783 2008  .57  .47  .51 
  87 926W     1431 2008  .46  .52  .78 
  89 926NW    1826 2008  .61  .68  .76 
  90 928SW    1751 2008  .54  .67  .62 
  92 928SE    1859 2008  .68  .31A .42 
  93 930S     1787 2008  .58  .42  .70 
  94 930E     1648 2008  .41  .42  .63 
  95 932S     1787 2008  .65  .54  .74 
  96 932N     1798 2008  .48  .32B .56 
  97 914N     1506 2008  .69  .60  .65 
  98 912E     1627 1970  .68           
  99 924      1422 1963  .49           
 Av segment correlation  .59  .52  .61 

 FLAGGED SEGMENTS: ausl042
-----------------------------------------------------------------------------------------------------------------------------------
 Seq Series   Segment    Flag  r dated  Best lag  r at lag   Gain  Note
 --- -------- ---------  ----  -------  --------  --------  -----  -----------------
   1 LME45B   1900 1949     B     .175       -10      .265   .089  weak at every lag
   1 LME45B   1925 1974     B     .280         5      .361   .082
   3 LME73B   1850 1899     B     .380        -1      .495   .115
   5 LME55B   1625 1674     B     .409        -2      .488   .079
   7 LME40A   1600 1649     B     .343         3      .350   .007
  13 LME63A   1675 1724     A     .271         0
  16 LME73A   1800 1849     B     .243        -9      .263   .019  weak at every lag
  16 LME73A   1825 1874     B     .221         1      .271   .050  weak at every lag
  18 LME41A   1925 1974     A     .237         0
  25 LME46B   1750 1799     B     .256         1      .410   .154
  31 LMF13C   1600 1649     B     .320         9      .362   .042
  35 LMF17A   1475 1524     A     .301         0
  36 LMF12B   1750 1799     B     .187        -4      .250   .063  weak at every lag
  40 LME05C   1600 1649     A     .279         0
  44 LME04B   1725 1774     A     .292         0
  48 902S     1600 1649     B     .141         2      .171   .030  weak at every lag
  48 902S     1625 1674     B     .218         2      .276   .058  weak at every lag
  48 902S     1900 1949     B     .216        -5      .281   .065  weak at every lag
  52 905S     1400 1449     B     .123        -8      .244   .121  weak at every lag
  52 905S     1425 1474     B     .111         4      .206   .095  weak at every lag
  53 905SW    1425 1474     B     .198         5      .225   .027  weak at every lag
  53 905SW    1600 1649     A     .245         0
  53 905SW    1825 1874     A     .300         0
  53 905SW    1850 1899     B     .273        -1      .351   .078
  54 906A     1900 1949     B     .310        -9      .318   .009  weak at every lag
  54 906A     1925 1974     B     .386         5      .394   .008
  55 906B     1925 1974     B     .424       -10      .430   .005
  57 907S     1950 1999     A     .264         0
  64 911W     1750 1799     B     .349       -10      .349   .000
  73 917NW    1875 1924     A     .284         0
  74 917NE    1925 1974     B     .365       -10      .389   .024
  77 920N     1800 1849     B     .251        -1      .284   .032  weak at every lag
  77 920N     1825 1874     B     .076        10      .181   .105  weak at every lag
  81 922N     1600 1649     A     .281         0
  82 922W     1850 1899     B     .142         9      .292   .150  weak at every lag
  82 922W     1925 1974     A     .286         0
  84 923SE    1925 1974     B     .357         7      .398   .041
  87 926W     1600 1649     B     .095        -9      .193   .099  weak at every lag
  87 926W     1625 1674     B     .321         2      .366   .045
  87 926W     1650 1699     B     .209         5      .434   .225
  87 926W     1675 1724     B     .145         5      .398   .253
  90 928SW    1825 1874     B     .147        -7      .301   .154  weak at every lag
  90 928SW    1850 1899     A     .283         0
  92 928SE    1925 1974     A     .314         0
  94 930E     1750 1799     B     .303        -7      .394   .091
  94 930E     1850 1899     B     .182        -1      .305   .124  weak at every lag
  94 930E     1875 1924     B     .270        -1      .379   .109
  96 932N     1925 1974     B     .317         5      .347   .030
  99 924      1425 1474     B     .377         6      .425   .048
  99 924      1525 1574     B     .267        -9      .283   .017  weak at every lag
  99 924      1550 1599     B     .018         4      .187   .168  weak at every lag
  99 924      1575 1624     B     .055        -4      .227   .172  weak at every lag
  99 924      1600 1649     A     .280         0
  99 924      1825 1874     A     .279         0

 DESCRIPTIVE STATISTICS: ausl042
-----------------------------------------------------------------------------------------------------------------------------------

                                                Corr   //-------- Unfiltered --------\\  //-- dplR filtered --\\
                           No.    No.    No.    with   Mean   Max     Std   Auto   Mean   Max     Std   Auto  AR
 Seq Series   Interval   Years  Segmt  Flags   Master  msmt   msmt    dev   corr   sens  value    dev   corr  ()
 --- -------- ---------  -----  -----  -----   ------ -----  -----  -----  -----  -----  -----  -----  -----  --
   1 LME45B   1800 2004    205      6      2    .461   2.28   4.40   .927   .729   .244   1.77   .237   .013   1
   2 LME48B   1640 1908    269      9      0    .513   1.19   2.80   .506   .785   .236   1.85   .247  -.025   1
   3 LME73B   1697 2004    308     11      1    .521    .59   2.14   .478   .957   .243   1.63   .262  -.005   1
   4 LME54A   1770 2003    234      8      0    .637   1.94   5.54   .954   .888   .179   1.75   .182  -.027   1
   5 LME55B   1616 1778    163      5      1    .589   1.62   3.83   .577   .864   .154   1.44   .152   .002   2
   6 LME74B   1860 2003    144      4      0    .442   1.14   2.72   .504   .773   .245   1.76   .263   .290   1
   7 LME40A   1500 1899    400     14      1    .573    .82   2.64   .391   .766   .235   2.24   .259  -.013   3
   8 LME50C   1629 1815    187      5      0    .540   1.70   3.69   .741   .745   .259   2.19   .270   .034   1
   9 LME50A   1625 1809    185      5      0    .737   1.48   4.70   .961   .850   .277   2.25   .302  -.007   2
  10 LME50B   1591 1811    221      7      0    .669   1.42   3.24   .630   .757   .250   2.15   .262  -.005   3
  11 LME43A   1650 1806    157      4      0    .538   1.71   4.23   .862   .874   .227   1.80   .235   .036   1
  12 LME43B   1612 1778    167      5      0    .490   3.04   5.99   .904   .719   .181   1.48   .172   .017   1
  13 LME63A   1672 1803    132      4      1    .501   1.17   2.44   .296   .534   .189   1.58   .181   .090   0
  14 LME61A   1700 1910    211      6      0    .467    .79   1.66   .317   .766   .243   1.76   .242  -.002   1
  15 LME46A   1690 1830    141      4      0    .471    .97   2.49   .316   .560   .207   2.35   .245   .043   1
  16 LME73A   1700 2003    304     10      2    .490    .72   2.70   .548   .926   .259   2.01   .293  -.005   2
  17 LME58C   1541 1797    257      8      0    .514   2.02   5.24   .892   .865   .210   1.73   .203  -.006   3
  18 LME41A   1751 2004    254      8      1    .619   2.60   4.74   .636   .663   .155   1.52   .158  -.022   1
  19 LME63B   1672 1797    126      3      0    .561   1.17   2.61   .381   .606   .216   1.70   .221   .034   1
  20 LME52A   1678 1794    117      2      0    .624   1.23   2.21   .429   .647   .246   1.50   .222  -.006   1
  21 LME52B   1690 1799    110      3      0    .502   1.56   2.75   .409   .590   .201   1.43   .173   .051   0
  22 LME64A   1650 1801    152      4      0    .443   1.30   2.61   .450   .690   .227   1.89   .223  -.017   1
  23 LME72A   1640 1791    152      4      0    .511   1.34   2.47   .444   .672   .228   1.72   .208   .089   0
  24 LME61B   1650 1849    200      6      0    .475    .70   2.47   .357   .803   .273   1.66   .260  -.011   1
  25 LME46B   1550 1812    263      8      1    .482   1.13   2.95   .502   .804   .218   1.91   .230  -.015   1
  26 LME59A   1536 1866    331     11      0    .539   1.39   3.03   .538   .791   .191   2.01   .213   .026   1
  27 LME59B   1557 1834    278      9      0    .571   1.59   3.94   .613   .822   .183   1.78   .200   .001   2
  28 LMF12A   1554 1769    216      6      0    .503   1.50   4.12   .650   .769   .244   1.70   .255   .002   1
  29 LMF24B   1530 1719    190      5      0    .531    .80   2.04   .386   .854   .228   1.58   .235  -.020   3
  30 LMF30B   1693 1797    105      2      0    .464   1.35   2.37   .468   .753   .225   1.46   .219  -.006   3
  31 LMF13C   1563 1714    152      4      1    .517   1.51   3.15   .569   .831   .208   1.60   .197  -.022   1
  32 LME07A   1554 1794    241      7      0    .568   1.38   2.83   .520   .877   .160   1.44   .158  -.011   3
  33 LME07B   1558 1808    251      8      0    .571   1.44   2.92   .426   .770   .161   1.48   .164   .002   3
  34 LME07C   1536 1802    267      9      0    .503   1.39   2.94   .499   .824   .176   1.58   .178   .024   1
  35 LMF17A   1407 1692    286      9      1    .408   1.51   4.56   .879   .902   .230   2.50   .281   .002   2
  36 LMF12B   1548 1812    265      9      1    .406   1.28   3.45   .580   .779   .245   2.50   .277  -.014   1
  37 LMF21A   1499 1606    108      2      0    .672   2.15   3.83   .728   .848   .139   1.30   .143  -.001   2
  38 LMF21B   1499 1638    140      3      0    .574   1.62   3.79   .735   .853   .174   1.57   .170   .022   3
  39 LME05B   1600 1753    154      4      0    .508    .77   1.76   .341   .764   .251   1.73   .245  -.013   3
  40 LME05C   1582 1783    202      6      1    .513    .72   2.45   .440   .863   .265   1.67   .259   .012   1
  41 LME04C   1498 1762    265      9      0    .589   1.47   3.85   .504   .831   .157   1.44   .159   .013   1
  42 LME04D   1531 1781    251      8      0    .572   1.16   2.30   .351   .759   .176   1.59   .182   .031   1
  43 LME04A   1500 1778    279      9      0    .500   1.03   3.02   .528   .881   .181   1.85   .183  -.028   3
  44 LME04B   1520 1781    262      9      1    .480   1.32   3.33   .538   .808   .188   1.87   .201   .004   3
  45 LME03A   1500 1624    125      3      0    .528    .95   1.63   .308   .749   .187   1.66   .200   .015   1
  46 900S     1821 2008    188      6      0    .654    .50   1.25   .209   .812   .207   1.57   .199   .011   1
  47 900NE    1821 2008    188      6      0    .609    .56   1.08   .183   .710   .206   1.71   .194   .017   1
  48 902S     1587 1949    363     13      3    .514    .76   2.03   .479   .920   .220   1.91   .222   .007   3
  49 902NW    1611 2008    398     14      0    .668    .78   1.85   .413   .913   .194   1.67   .205  -.008   1
  50 904N     1701 2008    308     10      0    .669    .53   1.39   .295   .873   .242   1.73   .241   .009   3
  51 904E     1592 1881    290     10      0    .638    .86   1.89   .378   .879   .177   1.53   .187   .025   1
  52 905S     1344 2002    659     23      2    .456    .30    .94   .094   .593   .231   1.67   .208  -.006   1
  53 905SW    1388 2008    621     23      4    .453    .29   1.07   .147   .786   .246   1.89   .239  -.010   1
  54 906A     1770 2008    239      8      2    .454    .48   1.48   .306   .908   .206   1.94   .214  -.027   1
  55 906B     1793 2008    216      7      1    .554    .47   1.39   .246   .884   .212   1.56   .198   .003   1
  56 907SE    1806 1995    190      5      0    .631    .57   1.36   .273   .848   .201   2.08   .228   .032   1
  57 907S     1798 2002    205      7      1    .437    .59   1.41   .244   .809   .211   1.69   .223   .012   1
  58 908N     1788 2008    221      7      0    .764    .86   1.66   .378   .845   .209   1.60   .211   .026   3
  59 908E     1795 2008    214      7      0    .824    .85   1.88   .415   .866   .213   1.97   .226  -.002   2
  60 909S     1654 2008    355     12      0    .646    .37   1.36   .179   .739   .251   2.01   .246   .013   3
  61 909N     1664 2008    345     12      0    .655    .44   1.50   .194   .785   .212   1.83   .223   .005   2
  62 910NW    1776 2008    233      7      0    .750   1.04   3.64   .746   .910   .238   1.71   .232   .018   1
  63 910E     1798 2008    211      7      0    .789    .85   2.52   .397   .847   .214   1.54   .213  -.004   1
  64 911W     1441 2004    564     21      1    .561    .48   1.95   .324   .885   .258   3.05   .266  -.002   1
  65 911S     1491 2008    518     19      0    .664    .55   2.33   .306   .803   .265   1.87   .256   .010   1
  66 913W     1743 2008    266      9      0    .664    .48    .81   .129   .544   .207   1.55   .201   .007   1
  67 913S     1626 2008    383     13      0    .702    .34   1.01   .134   .745   .228   1.76   .229  -.013   1
  68 914S     1637 2008    372     13      0    .664    .42   1.03   .198   .763   .251   1.68   .260  -.006   1
  69 915WNW   1560 2008    449     16      0    .631    .47   1.14   .199   .825   .212   1.90   .209  -.008   1
  70 915ESE   1646 2008    363     13      0    .645    .56   1.25   .221   .828   .190   1.61   .192  -.007   1
  71 916NE    1850 2008    159      4      0    .606    .55   1.39   .250   .743   .266   1.79   .252  -.022   1
  72 916E     1872 2008    137      4      0    .522   1.13   3.13   .544   .666   .306   1.69   .264   .077   0
  73 917NW    1860 2003    144      4      1    .474   1.15   2.26   .373   .692   .176   1.72   .184  -.001   3
  74 917NE    1688 2008    321     11      1    .590    .77   2.40   .400   .898   .190   1.66   .196  -.001   1
  75 918SW    1647 2008    362     13      0    .640    .70   1.49   .248   .727   .231   1.58   .229   .009   1
  76 918E     1714 2008    295     10      0    .694    .69   2.24   .265   .736   .217   1.81   .216  -.002   1
  77 920N     1587 2008    422     15      2    .554    .63   2.54   .355   .805   .248   1.74   .260  -.018   1
  78 920SW    1878 2008    131      3      0    .624    .94   2.40   .479   .659   .340   1.89   .324  -.005   2
  79 921W     1530 2008    479     17      0    .611    .41   1.44   .220   .853   .247   2.11   .245   .010   1
  80 921S     1449 2008    560     21      0    .639    .48   1.40   .258   .865   .223   1.58   .211   .007   1
  81 922N     1597 2008    412     15      1    .513    .62   1.74   .371   .911   .211   1.91   .225   .007   2
  82 922W     1597 2008    412     15      2    .520    .56   1.53   .280   .864   .218   1.80   .226   .003   1
  83 923W     1704 2008    305     10      0    .555    .46   1.01   .226   .863   .207   1.95   .225   .003   1
  84 923SE    1556 2008    453     16      1    .576    .46   1.44   .226   .864   .209   1.68   .212  -.018   1
  85 925SE    1754 2008    255      8      0    .699    .89   2.30   .353   .866   .157   1.64   .171   .013   1
  86 925W     1783 2008    226      7      0    .619    .79   1.72   .358   .885   .187   1.44   .190  -.014   3
  87 926W     1431 2008    578     21      4    .541    .57   2.36   .282   .822   .220   2.30   .232   .004   2
  88 926NWb   1414 1770    357     12      0    .667    .67   2.12   .419   .921   .197   1.81   .208  -.008   1
  89 926NW    1826 2008    183      5      0    .561    .42   1.27   .172   .711   .210   2.36   .238  -.010   1
  90 928SW    1751 2008    258      8      2    .465    .54   1.26   .256   .892   .194   1.57   .192  -.015   1
  91 928SEb   1587 1796    210      6      0    .635    .76   1.55   .226   .814   .152   1.49   .149  -.003   3
  92 928SE    1859 2008    150      4      1    .615    .61   1.06   .174   .749   .173   1.39   .158   .003   1
  93 930S     1787 2008    222      7      0    .627   1.14   2.70   .579   .929   .145   1.32   .151   .019   1
  94 930E     1648 2008    361     13      3    .467    .68   2.28   .331   .804   .211   1.79   .220  -.005   1
  95 932S     1787 2008    222      7      0    .645   1.14   2.69   .578   .931   .134   1.33   .143   .014   1
  96 932N     1798 2008    211      7      1    .579   1.25   4.32   .659   .887   .184   1.48   .184   .007   1
  97 914N     1506 2008    503     18      0    .648    .55   1.91   .303   .789   .292   2.46   .316   .013   1
  98 912E     1627 1970    344     11      0    .676    .63   1.58   .222   .766   .191   1.70   .186   .000   2
  99 924      1422 1963    542     20      6    .398    .39   1.51   .266   .894   .232   2.06   .256  -.003   2
 --- -------- ---------  -----  -----  -----   ------ -----  -----  -----  -----  -----  -----  -----  -----  --
 Total or mean:          27000    885     54    .572    .86   5.99   .386   .811   .217   3.05   .222   .004

 DATA CHECKS (rwl.check): ausl042
-----------------------------------------------------------------------------------------------------------------------------------
 rwl.check: data_files/treering/measurements/australia/ausl042.rwl
 99 series, 27000 measurements, 1344-2008, 0.01 mm precision
 0 error(s), 0 warning(s), 8 note(s)
 -------------
 Nothing to report at this severity.
 8 note(s) not shown; see rwl.check() or the 'check' element of this report.

 NOTES
-----------------------------------------------------------------------------------------------------------------------------------
 Report generated using dplR 1.8.1 (R 4.5.2) on 2026-10-01 16:47 PDT.
 Measurement file ausl042.rwl, MD5 84ded5819dfac3b3f7a2d2c164ce64e4.
 Filtering: each series divided by a 32-year smoothing spline (caps()), then prewhitened with
   an AR model (order by AIC, at most 3).
 Master: biweight robust mean of the other series (leave-one-out).
 Correlation: Pearson, one-tailed, pcrit = 0.01; critical r = 0.3281 for 50-year segments.
 Segments: 50 years, lagged 25, first segment floored to 100. Lags searched: +/- 10 years.
 A segment is tested only where the series and the master cover all of it, at the dated
   position and at every lag. COFECHA also tests partial segments at the ends of a series, so
   series here may show fewer segments, and no flags can be raised at the ends of the record.
 Lags follow COFECHA: negative means rings are probably missing from the series, positive means
   false rings. A missing ring carries its lag into every segment before it, so look where the
   lag changes along a series. A B flag is a hypothesis to check on the wood; the gain says how
   seriously to take it.
 A B flag marked "weak at every lag" correlates under the critical value even at its best lag:
   the segment is weak wherever it is placed, and the shift is not evidence of a dating error.
   Treat it as a low correlation, like an A.
 Averages in the summary and the totals are weighted by the number of years in each series, as
   COFECHA's are.
 Unfiltered block and mean sensitivity: the measurements as read, and sens1().
 dplR filtered block: the series that was correlated, after filtering. COFECHA's filtered
   series is defined differently, so these three columns are not COFECHA's numbers.
 AR: order of the AR model used to prewhiten.
