
 COFECHA-style crossdating report: ausl049
 Report generated using dplR 1.8.1 (R 4.5.2) on 2026-10-01 16:48 PDT
 Built with dplR's xdate.report(), not COFECHA; see the notes at the end.


      Measurement file name  : ausl049.rwl
      MD5 of measurement file: 1c900e5ab54954092f6b0a0e94cdc7a9
      Date checked           : 01OCT26
      Beginning year         : 1376
      Ending year            : 2004
      Principal investigators: Allen, K.J.; Ogden, J.G.
      Site name              : Walls of Jerusalem
      Species information    : ATCU Athrotaxis cupressoides D. Don
      Latitude               : 41.8500 S
      Longitude              : 145.7750 E
      Elevation              : 479 m

      Series intercorrelation: 0.524
      Avg mean sensitivity   : 0.255
      Avg standard deviation : 0.461
      Avg autocorrelation    : 0.765
      Number dated series    : 85
      Segment length tested  : 50

      Number problem segments: 81  (A 32, B 49; 32 of the B weak at every lag)
      Pct problem segments   : 10.60


 CORRELATION OF SERIES BY SEGMENTS: ausl049
-----------------------------------------------------------------------------------------------------------------------------------
 Correlations of  50-year dated segments, lagged  25 years
 Flags:  A = correlation under   .3281 but highest as dated;  B = correlation higher at other than dated position

 Seq Series  Time_span  1400 1425 1450 1475 1500 1525 1550 1575 1600 1625 1650 1675 1700 1725 1750 1775 1800 1825 1850 1875 
                        1449 1474 1499 1524 1549 1574 1599 1624 1649 1674 1699 1724 1749 1774 1799 1824 1849 1874 1899 1924 
 --- -------- ---------  ---- ---- ---- ---- ---- ---- ---- ---- ---- ---- ---- ---- ---- ---- ---- ---- ---- ---- ---- ---- 
   1 WDC49A   1812 2004                                                                                       .48  .40  .41 
   2 WDC59B   1738 2004                                                                        .24A .54  .55  .42  .49  .58 
   3 WDC42B   1679 2004                                                              .22B .08B .22B .21B .14B .38  .48  .54 
   4 WDC46A   1760 1998                                                                             .39  .41B .50  .66  .60 
   5 WDC57A   1770 2003                                                                             .30A .45  .46  .41  .43 
   6 WDC46B   1770 2003                                                                             .35  .37  .31A .50  .58 
   7 WDC43B   1670 2003                                                         .40  .40  .32B .37B .40  .54  .46  .35B .38 
   8 WDC56A   1787 2003                                                                                  .44  .42  .54  .69 
   9 WDC57B   1776 2003                                                                                  .39  .33  .40  .41 
  10 WDC44B   1620 1959                                               .09B .41  .55  .63  .60  .46  .38B .50  .50  .44  .30B
  11 WDC      1574 1826                                     .19B .32A .48  .65  .68  .54  .41  .37  .68                     
  12 WDC39C   1757 1939                                                                             .42  .28A .30A .62  .37 
  13 WDC39A   1755 1959                                                                             .42  .40  .44  .59  .44 
  14 WDC44C   1650 1979                                                         .65  .55  .51  .48  .42  .52  .49  .49  .40 
  15 WDC59A   1749 1939                                                                        .41  .38  .27A .27A .53  .53 
  16 WDC36A   1541 1799                                .36  .16B .27B .51  .54  .52  .48  .26A .29A                         
  17 WDC36B   1541 1823                                .28A .36  .33A .61  .62  .50  .43  .37  .40                          
  18 WDC11A   1483 1713                      .25B .38  .50  .43  .43  .58  .68                                              
  19 WDC08A   1614 1835                                               .42  .48  .51  .43  .44  .58  .44                     
  20 WDC08B   1614 1835                                               .29A .51  .61  .45  .39  .53  .42                     
  21 WDC11B   1482 1713                      .35  .65  .65  .51  .42  .65  .49                                              
  22 WDC12A   1497 1749                      .50  .52  .51  .53  .47  .72  .84  .76  .36                                    
  23 WDC15A   1615 1794                                               .52  .63  .66  .60  .51                               
  24 WDC15C   1621 1831                                               .60  .72  .59  .56  .53  .49  .47                     
  25 WDC07A   1557 1867                                     .44  .34  .53  .66  .74  .66  .53  .34  .45  .38                
  26 WDC07B   1524 1824                                .69  .43  .28A .65  .73  .66  .62  .53  .45  .44                     
  27 WDC07D   1500 1739                           .47  .63  .56  .47  .81  .80  .75                                         
  28 WDC07C   1511 1847                           .24B .30A .32A .39  .56  .69  .73  .60  .49  .35  .36                     
  29 WDC14B   1578 1798                                          .54  .46  .69  .64  .52  .57                               
  30 WDC14C   1578 1791                                          .50  .47  .65  .64  .51  .48                               
  31 WDC12B   1503 1800                           .67  .64  .69  .71  .72  .72  .72  .76  .60  .36                          
  32 WDC12C   1502 1777                           .57  .63  .59  .39  .64  .77  .71  .67  .59                               
  33 WDC06A   1570 1719                                     .45  .48  .71  .65                                              
  34 WDC06B   1523 1699                           .41  .57  .56  .54  .72  .44                                              
  35 WDC06C   1525 1765                                .57  .58  .52  .55  .64  .58  .42                                    
  36 WDC11C   1524 1748                                .62  .47  .45  .58  .68  .68                                         
  37 WDC01C   1612 1825                                               .40B .60  .57  .46  .40  .52  .51                     
  38 WDC01B   1672 1924                                                         .40  .49  .56  .58  .46  .59  .73  .72  .31A
  39 WDC13A   1529 1801                                .47  .37  .25B .50  .70  .68  .51  .47  .49                          
  40 WDC13B   1538 1825                                .50  .32B .05B .14B .47  .63  .59  .51  .42  .25A                    
  41 WDC13C   1538 1823                                .53  .23B .33  .67  .63  .51  .47  .54  .57                          
  42 DIX022   1706 1975                                                                   .45  .37  .56  .57  .52  .62  .64 
  43 DX101    1580 1975                                          .20B .55  .36  .26A .50  .56  .45  .39  .45  .37  .43  .65 
  44 DXR2     1805 1971                                                                                       .56  .45  .36 
  45 DXR6     1691 1974                                                              .57  .54  .59  .61  .73  .74  .66  .67 
  46 DIX141   1376 1975                 .01B .05B .43  .41  .25A .22B .55  .71  .71  .58  .45  .45  .49  .23B .22B .71  .70 
  47 DX161    1750 1975                                                                             .62  .76  .80  .71  .70 
  48 DX162    1750 1975                                                                             .67  .68  .63  .63  .70 
  49 DX081    1795 1975                                                                                  .69  .65  .62  .75 
  50 DX111    1573 1975                                     .17B .16B .32A .56  .68  .44  .35  .51  .62  .71  .58  .55  .72 
  51 DX112    1590 1849                                          .08B .63  .73  .68  .62  .51  .43  .62  .30B               
  52 DX91     1693 1968                                                              .58  .61  .69  .73  .75  .64  .49  .37 
  53 DX121    1709 1975                                                                   .56  .73  .85  .84  .81  .66  .70 
  54 DX052    1757 1975                                                                             .59  .52  .54  .71  .69 
  55 DX062    1637 1975                                                    .51  .54  .66  .67  .50  .59  .80  .84  .66  .71 
  56 DIX131   1620 1939                                               .59  .76  .76  .67  .53  .63  .76  .79  .79  .59  .43 
  57 DIX132   1530 1975                                .52  .30A .26B .47  .64  .41  .45  .56  .47  .68  .85  .78  .62  .65 
  58 DIX142   1780 1975                                                                                  .74  .75  .78  .79 
  59 DIX151   1640 1975                                                    .75  .72  .65  .56  .57  .58  .46  .48  .64  .57 
  60 DIX152   1600 1975                                               .60  .63  .55  .56  .59  .63  .51  .51  .74  .72  .75 
  61 DIX072   1800 1949                                                                                       .71  .71  .80 
  62 DIX073   1630 1939                                                    .63  .60  .70  .43  .23B .44  .64  .73  .67  .68 
  63 DIX074   1770 1918                                                                             .48  .57  .63  .66      
  64 DIX031   1550 1975                                     .27B .19B .56  .72  .69  .67  .63  .64  .77  .83  .84  .80  .61 
  65 DIX041   1801 1975                                                                                       .63  .60  .69 
  66 DIX042   1672 1975                                                         .66  .59  .65  .58  .63  .74  .79  .73  .77 
  67 DIX021   1767 1976                                                                             .59  .71  .68  .58  .57 
  68 DIX032   1560 1975                                     .37  .33A .54  .72  .69  .74  .73  .70  .74  .71  .76  .83  .64 
  69 DX01     1520 1951                           .45  .46  .09B-.03B .35  .62  .65  .36  .32A .45  .66  .75  .73  .61  .57 
  70 DXR1     1602 1973                                               .57  .66  .61  .57  .57  .65  .66  .59  .49  .52  .52 
  71 DXR5     1610 1973                                               .28A .55  .56  .53  .57  .52  .53  .32B .38  .64  .61 
  72 DX7      1699 1973                                                                   .46  .43  .47  .52  .55  .57  .39B
  73 DX051    1641 1975                                                    .66  .67  .72  .69  .61  .66  .74  .81  .71  .68 
  74 DIX03E   1787 1996                                                                                  .67  .69  .67  .72 
  75 DIX03F   1767 1973                                                                             .49  .57  .51  .49  .58 
  76 DIX02A   1775 1995                                                                                  .59  .55  .58  .60 
  77 DIX02B   1743 1933                                                                        .30A .46  .60  .71  .68  .61 
  78 DIX02C   1781 1942                                                                                  .63  .71  .62  .58 
  79 DIX02D   1690 1985                                                              .50  .43  .47  .62  .56  .52  .64  .65 
  80 DIX02E   1815 1994                                                                                       .55  .70  .60 
  81 DIX01A   1773 2001                                                                                  .74  .77  .77  .78 
  82 DIX01B   1780 2001                                                                                  .81  .80  .59  .58 
  83 DIX05A   1461 2001                 .44  .23B .39  .39  .27A .52  .49  .41  .46  .68  .64  .67  .67  .74  .66  .58  .45 
  84 DIX05B   1503 2002                           .58  .55  .31A .45  .52  .62  .79  .76  .70  .69  .75  .86  .83  .74  .57 
  85 DIX05C   1559 2001                                     .50  .42  .47  .75  .65  .67  .68  .62  .73  .77  .54  .61  .67 
 Av segment correlation                 .22  .28  .48  .51  .38  .35  .53  .63  .62  .56  .51  .49  .54  .59  .59  .61  .59 

 CORRELATION OF SERIES BY SEGMENTS: ausl049
-----------------------------------------------------------------------------------------------------------------------------------
 Correlations of  50-year dated segments, lagged  25 years
 Flags:  A = correlation under   .3281 but highest as dated;  B = correlation higher at other than dated position

 Seq Series  Time_span  1900 1925 1950 
                        1949 1974 1999 
 --- -------- ---------  ---- ---- ---- 
   1 WDC49A   1812 2004  .43  .50  .48 
   2 WDC59B   1738 2004  .51  .36B .39 
   3 WDC42B   1679 2004  .52  .43  .46 
   4 WDC46A   1760 1998  .41  .48      
   5 WDC57A   1770 2003  .32A .32A .51 
   6 WDC46B   1770 2003  .46  .37  .51 
   7 WDC43B   1670 2003  .41  .32B .46 
   8 WDC56A   1787 2003  .66  .47  .59 
   9 WDC57B   1776 2003  .39  .51  .43 
  10 WDC44B   1620 1959  .24B          
  13 WDC39A   1755 1959  .24B          
  14 WDC44C   1650 1979  .24B .16B     
  42 DIX022   1706 1975  .71  .67      
  43 DX101    1580 1975  .64  .60      
  44 DXR2     1805 1971  .34           
  45 DXR6     1691 1974  .59  .17B     
  46 DIX141   1376 1975  .62  .53      
  47 DX161    1750 1975  .64  .51      
  48 DX162    1750 1975  .76  .67      
  49 DX081    1795 1975  .70  .56      
  50 DX111    1573 1975  .69  .51      
  52 DX91     1693 1968  .33           
  53 DX121    1709 1975  .78  .54      
  54 DX052    1757 1975  .66  .37      
  55 DX062    1637 1975  .69  .41      
  57 DIX132   1530 1975  .75  .54      
  58 DIX142   1780 1975  .74  .67      
  59 DIX151   1640 1975  .42  .58      
  60 DIX152   1600 1975  .76  .64      
  61 DIX072   1800 1949  .78           
  64 DIX031   1550 1975  .55  .68      
  65 DIX041   1801 1975  .66  .49      
  66 DIX042   1672 1975  .72  .48      
  67 DIX021   1767 1976  .48  .40      
  68 DIX032   1560 1975  .55  .48      
  69 DX01     1520 1951  .56           
  70 DXR1     1602 1973  .50           
  71 DXR5     1610 1973  .51           
  72 DX7      1699 1973  .30A          
  73 DX051    1641 1975  .65  .59      
  74 DIX03E   1787 1996  .75  .61      
  75 DIX03F   1767 1973  .50           
  76 DIX02A   1775 1995  .50  .48      
  79 DIX02D   1690 1985  .52  .50      
  80 DIX02E   1815 1994  .47  .51      
  81 DIX01A   1773 2001  .60  .56  .61 
  82 DIX01B   1780 2001  .51  .54  .70 
  83 DIX05A   1461 2001  .31A .51  .63 
  84 DIX05B   1503 2002  .43  .54  .70 
  85 DIX05C   1559 2001  .51  .56  .69 
 Av segment correlation  .54  .50  .55 

 FLAGGED SEGMENTS: ausl049
-----------------------------------------------------------------------------------------------------------------------------------
 Seq Series   Segment    Flag  r dated  Best lag  r at lag   Gain  Note
 --- -------- ---------  ----  -------  --------  --------  -----  -----------------
   2 WDC59B   1750 1799     A     .243         0
   2 WDC59B   1925 1974     B     .357        -2      .358   .001
   3 WDC42B   1700 1749     B     .220        -4      .326   .105  weak at every lag
   3 WDC42B   1725 1774     B     .077        -7      .164   .087  weak at every lag
   3 WDC42B   1750 1799     B     .222        10      .290   .068  weak at every lag
   3 WDC42B   1775 1824     B     .214        10      .231   .016  weak at every lag
   3 WDC42B   1800 1849     B     .136       -10      .210   .074  weak at every lag
   4 WDC46A   1800 1849     B     .407        -6      .541   .134
   5 WDC57A   1775 1824     A     .297         0
   5 WDC57A   1900 1949     A     .323         0
   5 WDC57A   1925 1974     A     .318         0
   6 WDC46B   1825 1874     A     .309         0
   7 WDC43B   1725 1774     B     .316         2      .321   .004  weak at every lag
   7 WDC43B   1750 1799     B     .368        -1      .391   .023
   7 WDC43B   1850 1899     B     .347        -4      .388   .041
   7 WDC43B   1925 1974     B     .319        -2      .350   .031
  10 WDC44B   1625 1674     B     .092        -8      .125   .033  weak at every lag
  10 WDC44B   1775 1824     B     .381         2      .413   .032
  10 WDC44B   1875 1924     B     .300       -10      .389   .089
  10 WDC44B   1900 1949     B     .238       -10      .396   .158
  11 WDC      1575 1624     B     .187         2      .249   .062  weak at every lag
  11 WDC      1600 1649     A     .319         0
  12 WDC39C   1800 1849     A     .276         0
  12 WDC39C   1825 1874     A     .302         0
  13 WDC39A   1900 1949     B     .243        -9      .250   .007  weak at every lag
  14 WDC44C   1900 1949     B     .245        -4      .248   .003  weak at every lag
  14 WDC44C   1925 1974     B     .157         1      .442   .285
  15 WDC59A   1800 1849     A     .271         0
  15 WDC59A   1825 1874     A     .268         0
  16 WDC36A   1575 1624     B     .162       -10      .201   .038  weak at every lag
  16 WDC36A   1600 1649     B     .274         1      .332   .058
  16 WDC36A   1725 1774     A     .263         0
  16 WDC36A   1750 1799     A     .293         0
  17 WDC36B   1550 1599     A     .281         0
  17 WDC36B   1600 1649     A     .326         0
  18 WDC11A   1500 1549     B     .250        -9      .298   .048  weak at every lag
  20 WDC08B   1625 1674     A     .288         0
  26 WDC07B   1600 1649     A     .283         0
  28 WDC07C   1525 1574     B     .241         7      .305   .064  weak at every lag
  28 WDC07C   1550 1599     A     .300         0
  28 WDC07C   1575 1624     A     .318         0
  37 WDC01C   1625 1674     B     .405        -2      .462   .057
  38 WDC01B   1875 1924     A     .305         0
  39 WDC13A   1600 1649     B     .245        -8      .254   .009  weak at every lag
  40 WDC13B   1575 1624     B     .323        -2      .325   .002  weak at every lag
  40 WDC13B   1600 1649     B     .054        10      .276   .222  weak at every lag
  40 WDC13B   1625 1674     B     .142         8      .305   .163  weak at every lag
  40 WDC13B   1775 1824     A     .246         0
  41 WDC13C   1575 1624     B     .231        -2      .272   .041  weak at every lag
  43 DX101    1600 1649     B     .197        -5      .257   .060  weak at every lag
  43 DX101    1675 1724     A     .257         0
  45 DXR6     1925 1974     B     .171        -2      .278   .106  weak at every lag
  46 DIX141   1475 1524     B     .008         4      .249   .241  weak at every lag
  46 DIX141   1500 1549     B     .048         6      .271   .223  weak at every lag
  46 DIX141   1575 1624     A     .255         0
  46 DIX141   1600 1649     B     .221       -10      .225   .004  weak at every lag
  46 DIX141   1800 1849     B     .229         6      .447   .218
  46 DIX141   1825 1874     B     .224         6      .327   .103  weak at every lag
  50 DX111    1575 1624     B     .166        10      .225   .059  weak at every lag
  50 DX111    1600 1649     B     .156        -2      .264   .108  weak at every lag
  50 DX111    1625 1674     A     .324         0
  51 DX112    1600 1649     B     .079        -3      .219   .140  weak at every lag
  51 DX112    1800 1849     B     .303         1      .394   .091
  57 DIX132   1575 1624     A     .300         0
  57 DIX132   1600 1649     B     .262       -10      .282   .020  weak at every lag
  62 DIX073   1750 1799     B     .227         9      .322   .094  weak at every lag
  64 DIX031   1575 1624     B     .268        -5      .358   .089
  64 DIX031   1600 1649     B     .192        -5      .293   .101  weak at every lag
  68 DIX032   1600 1649     A     .327         0
  69 DX01     1575 1624     B     .089         9      .152   .063  weak at every lag
  69 DX01     1600 1649     B    -.027        -6      .178   .205  weak at every lag
  69 DX01     1725 1774     A     .321         0
  71 DXR5     1625 1674     A     .280         0
  71 DXR5     1800 1849     B     .319        -9      .362   .042
  72 DX7      1875 1924     B     .393        10      .402   .009
  72 DX7      1900 1949     A     .295         0
  77 DIX02B   1750 1799     A     .303         0
  83 DIX05A   1500 1549     B     .230        10      .334   .104
  83 DIX05A   1575 1624     A     .272         0
  83 DIX05A   1900 1949     A     .314         0
  84 DIX05B   1575 1624     A     .306         0

 DESCRIPTIVE STATISTICS: ausl049
-----------------------------------------------------------------------------------------------------------------------------------

                                                Corr   //-------- Unfiltered --------\\  //-- dplR filtered --\\
                           No.    No.    No.    with   Mean   Max     Std   Auto   Mean   Max     Std   Auto  AR
 Seq Series   Interval   Years  Segmt  Flags   Master  msmt   msmt    dev   corr   sens  value    dev   corr  ()
 --- -------- ---------  -----  -----  -----   ------ -----  -----  -----  -----  -----  -----  -----  -----  --
   1 WDC49A   1812 2004    193      6      0    .429   1.38   3.05   .646   .744   .275   2.10   .287   .009   3
   2 WDC59B   1738 2004    267      9      2    .458    .91   1.84   .401   .711   .288   2.45   .284  -.015   1
   3 WDC42B   1679 2004    326     11      5    .317   1.12   2.78   .490   .820   .222   1.72   .223  -.018   3
   4 WDC46A   1760 1998    239      7      1    .447    .94   2.88   .562   .785   .301   2.06   .319  -.003   1
   5 WDC57A   1770 2003    234      8      3    .396   1.48   3.39   .649   .841   .207   2.05   .224  -.019   1
   6 WDC46B   1770 2003    234      8      1    .438   1.09   2.73   .540   .748   .297   1.99   .306  -.010   2
   7 WDC43B   1670 2003    334     12      4    .413    .69   2.07   .333   .764   .275   1.93   .266   .003   3
   8 WDC56A   1787 2003    217      7      0    .541   1.19   3.42   .572   .818   .251   1.87   .241   .009   2
   9 WDC57B   1776 2003    228      7      0    .386   1.32   3.34   .594   .857   .212   1.72   .218   .009   2
  10 WDC44B   1620 1959    340     12      4    .390    .44   1.58   .203   .712   .267   2.16   .275   .007   3
  11 WDC      1574 1826    253      9      2    .511   1.37   3.89   .674   .864   .210   1.66   .210  -.001   1
  12 WDC39C   1757 1939    183      5      2    .354   1.08   2.64   .415   .721   .243   1.73   .249  -.028   3
  13 WDC39A   1755 1959    205      6      1    .381    .84   1.78   .318   .743   .232   1.77   .236  -.017   1
  14 WDC44C   1650 1979    330     11      2    .410    .39   1.45   .187   .734   .270   2.35   .280   .001   2
  15 WDC59A   1749 1939    191      6      2    .380   1.01   2.41   .483   .809   .263   1.97   .289   .020   1
  16 WDC36A   1541 1799    259      9      4    .371    .86   2.31   .337   .636   .250   1.67   .241   .027   1
  17 WDC36B   1541 1823    283      9      2    .418    .94   2.30   .421   .736   .266   1.86   .249   .079   0
  18 WDC11A   1483 1713    231      7      1    .481    .67   2.09   .301   .648   .305   1.96   .300  -.016   3
  19 WDC08A   1614 1835    222      7      0    .460    .71   1.61   .256   .579   .264   1.84   .267  -.025   3
  20 WDC08B   1614 1835    222      7      1    .436    .74   1.56   .280   .709   .236   1.94   .244  -.016   3
  21 WDC11B   1482 1713    232      7      0    .487    .75   2.01   .293   .640   .256   1.96   .264  -.018   3
  22 WDC12A   1497 1749    253      9      0    .561    .84   2.50   .447   .794   .260   1.87   .276  -.001   2
  23 WDC15A   1615 1794    180      5      0    .555   1.05   2.20   .370   .677   .215   1.84   .229   .013   1
  24 WDC15C   1621 1831    211      7      0    .539   1.11   4.90   .753   .887   .232   1.75   .235   .010   1
  25 WDC07A   1557 1867    311     10      0    .496    .61   1.81   .329   .794   .275   1.92   .278  -.007   2
  26 WDC07B   1524 1824    301     10      1    .525    .74   2.17   .372   .795   .234   2.07   .241  -.007   2
  27 WDC07D   1500 1739    240      7      0    .619    .74   1.83   .330   .623   .300   2.35   .316  -.011   3
  28 WDC07C   1511 1847    337     11      3    .470    .79   3.37   .427   .700   .284   2.47   .315  -.006   2
  29 WDC14B   1578 1798    221      6      0    .567   1.30   2.54   .431   .709   .205   1.86   .204   .023   3
  30 WDC14C   1578 1791    214      6      0    .540   1.27   2.80   .484   .795   .189   1.95   .215   .020   3
  31 WDC12B   1503 1800    298     10      0    .644    .78   2.27   .410   .786   .280   1.87   .285   .033   1
  32 WDC12C   1502 1777    276      9      0    .591    .82   1.98   .380   .762   .278   1.91   .281   .028   1
  33 WDC06A   1570 1719    150      4      0    .549    .43   1.01   .202   .616   .327   2.36   .321  -.015   1
  34 WDC06B   1523 1699    177      6      0    .450    .76   2.26   .441   .834   .300   2.14   .284   .011   2
  35 WDC06C   1525 1765    241      7      0    .500    .63   2.60   .473   .907   .292   1.77   .303   .007   3
  36 WDC11C   1524 1748    225      6      0    .568    .62   1.75   .245   .685   .247   1.65   .248  -.019   3
  37 WDC01C   1612 1825    214      7      1    .471    .48   1.62   .272   .796   .290   2.26   .312   .033   1
  38 WDC01B   1672 1924    253      9      1    .475    .96   1.94   .339   .727   .202   1.61   .212   .015   3
  39 WDC13A   1529 1801    273      9      1    .489    .69   2.68   .463   .897   .263   2.05   .279  -.027   1
  40 WDC13B   1538 1825    288     10      4    .408    .82   2.88   .437   .859   .238   1.60   .221   .002   2
  41 WDC13C   1538 1823    286      9      1    .492    .83   2.40   .449   .862   .230   1.87   .238   .003   1
  42 DIX022   1706 1975    270      9      0    .572   1.51   3.93   .684   .693   .281   1.92   .275   .010   2
  43 DX101    1580 1975    396     14      2    .457    .73   1.78   .358   .771   .276   2.07   .278   .001   1
  44 DXR2     1805 1971    167      4      0    .381    .85   4.77   .669   .869   .311   2.28   .292   .026   2
  45 DXR6     1691 1974    284     10      1    .580   1.22   2.15   .383   .748   .187   1.50   .193  -.031   1
  46 DIX141   1376 1975    600     19      6    .439   1.14   3.26   .548   .786   .289   2.01   .290   .008   1
  47 DX161    1750 1975    226      7      0    .620    .98   2.15   .411   .769   .252   1.94   .255  -.031   1
  48 DX162    1750 1975    226      7      0    .653   1.31   2.71   .468   .689   .243   1.71   .237  -.006   3
  49 DX081    1795 1975    181      6      0    .643   1.58   3.83   .859   .874   .260   1.88   .264   .035   1
  50 DX111    1573 1975    403     15      3    .480   1.04   2.69   .510   .803   .249   2.11   .268   .023   1
  51 DX112    1590 1849    260      9      2    .428   1.25   2.95   .554   .831   .225   1.75   .227  -.005   1
  52 DX91     1693 1968    276      9      0    .571    .66   2.31   .400   .808   .315   2.04   .309   .006   2
  53 DX121    1709 1975    267      9      0    .685    .99   2.67   .445   .736   .295   1.78   .295  -.008   1
  54 DX052    1757 1975    219      7      0    .570   1.50   3.49   .647   .762   .268   2.05   .281   .003   2
  55 DX062    1637 1975    339     12      0    .632   1.65   4.27   .741   .750   .257   1.83   .260   .005   2
  56 DIX131   1620 1939    320     11      0    .611    .85   2.32   .379   .726   .274   2.12   .277   .001   1
  57 DIX132   1530 1975    446     16      2    .545    .87   3.07   .404   .749   .276   2.25   .287  -.031   1
  58 DIX142   1780 1975    196      6      0    .722    .81   3.22   .491   .857   .307   1.76   .301   .022   1
  59 DIX151   1640 1975    336     12      0    .563    .73   1.99   .324   .765   .258   2.08   .271  -.012   1
  60 DIX152   1600 1975    376     13      0    .618    .92   2.68   .401   .797   .232   1.97   .241   .003   2
  61 DIX072   1800 1949    150      4      0    .731    .81   1.76   .374   .694   .298   1.85   .308  -.047   1
  62 DIX073   1630 1939    310     10      1    .551    .89   2.06   .408   .706   .284   1.74   .281   .023   3
  63 DIX074   1770 1918    149      4      0    .642    .99   1.99   .344   .573   .261   2.11   .270   .011   1
  64 DIX031   1550 1975    426     15      2    .625   1.35   2.83   .563   .742   .251   2.13   .263   .017   3
  65 DIX041   1801 1975    175      5      0    .634   1.02   2.16   .447   .687   .320   1.75   .309   .003   3
  66 DIX042   1672 1975    304     11      0    .670   1.52   3.02   .544   .594   .276   1.71   .259  -.001   1
  67 DIX021   1767 1976    210      7      0    .560   1.09   2.97   .416   .625   .275   1.96   .266  -.000   1
  68 DIX032   1560 1975    416     15      1    .633   1.56   3.24   .503   .777   .182   1.65   .191   .027   2
  69 DX01     1520 1951    432     16      3    .498   1.03   2.31   .413   .783   .214   1.78   .224  -.006   3
  70 DXR1     1602 1973    372     12      0    .524   1.09   2.79   .519   .879   .188   1.53   .190  -.002   1
  71 DXR5     1610 1973    364     12      2    .493   1.53   4.70  1.152   .952   .215   1.73   .221   .012   1
  72 DX7      1699 1973    275      8      2    .489   1.33   3.56   .523   .778   .218   1.61   .212  -.011   3
  73 DX051    1641 1975    335     12      0    .664   1.86   4.26   .711   .755   .208   1.67   .224   .018   1
  74 DIX03E   1787 1996    210      6      0    .646   1.00   2.47   .367   .769   .199   1.67   .208  -.044   1
  75 DIX03F   1767 1973    207      6      0    .472   1.50   3.88   .681   .809   .228   1.62   .224   .067   1
  76 DIX02A   1775 1995    221      6      0    .451   1.30   3.32   .510   .722   .238   1.95   .249   .011   1
  77 DIX02B   1743 1933    191      6      1    .543   1.30   3.00   .459   .517   .252   2.01   .262   .005   2
  78 DIX02C   1781 1942    162      4      0    .571    .88   2.72   .482   .730   .290   1.85   .283   .012   2
  79 DIX02D   1690 1985    296     10      0    .505    .78   1.98   .362   .783   .245   1.93   .264   .012   1
  80 DIX02E   1815 1994    180      5      0    .491    .90   2.09   .446   .785   .294   2.51   .314  -.001   1
  81 DIX01A   1773 2001    229      7      0    .652    .78   2.08   .411   .819   .270   2.00   .280  -.010   3
  82 DIX01B   1780 2001    222      7      0    .608    .95   3.04   .476   .829   .245   1.68   .260  -.040   1
  83 DIX05A   1461 2001    541     20      3    .501    .89   2.53   .438   .784   .296   1.90   .288  -.018   3
  84 DIX05B   1503 2002    500     18      1    .617    .99   2.40   .437   .794   .234   1.84   .245  -.009   3
  85 DIX05C   1559 2001    443     16      0    .610    .93   2.04   .373   .777   .225   1.77   .235   .030   1
 --- -------- ---------  -----  -----  -----   ------ -----  -----  -----  -----  -----  -----  -----  -----  --
 Total or mean:          23280    764     81    .524   1.00   4.90   .461   .765   .255   2.51   .260   .002

 DATA CHECKS (rwl.check): ausl049
-----------------------------------------------------------------------------------------------------------------------------------
 rwl.check: data_files/treering/measurements/australia/ausl049.rwl
 85 series, 23280 measurements, 1376-2004, 0.01 mm precision
 0 error(s), 0 warning(s), 42 note(s)
 -------------
 Nothing to report at this severity.
 42 note(s) not shown; see rwl.check() or the 'check' element of this report.

 NOTES
-----------------------------------------------------------------------------------------------------------------------------------
 Report generated using dplR 1.8.1 (R 4.5.2) on 2026-10-01 16:48 PDT.
 Measurement file ausl049.rwl, MD5 1c900e5ab54954092f6b0a0e94cdc7a9.
 Filtering: each series divided by a 32-year smoothing spline (caps()), then prewhitened with
   an AR model (order by AIC, at most 3).
 Master: biweight robust mean of the other series (leave-one-out).
 Correlation: Pearson, one-tailed, pcrit = 0.01; critical r = 0.3281 for 50-year segments.
 Segments: 50 years, lagged 25, first segment floored to 100. Lags searched: +/- 10 years.
 A segment is tested only where the series and the master cover all of it, at the dated
   position and at every lag. COFECHA also tests partial segments at the ends of a series, so
   series here may show fewer segments, and no flags can be raised at the ends of the record.
 Lags follow COFECHA: negative means rings are probably missing from the series, positive means
   false rings. A missing ring carries its lag into every segment before it, so look where the
   lag changes along a series. A B flag is a hypothesis to check on the wood; the gain says how
   seriously to take it.
 A B flag marked "weak at every lag" correlates under the critical value even at its best lag:
   the segment is weak wherever it is placed, and the shift is not evidence of a dating error.
   Treat it as a low correlation, like an A.
 Averages in the summary and the totals are weighted by the number of years in each series, as
   COFECHA's are.
 Unfiltered block and mean sensitivity: the measurements as read, and sens1().
 dplR filtered block: the series that was correlated, after filtering. COFECHA's filtered
   series is defined differently, so these three columns are not COFECHA's numbers.
 AR: order of the AR model used to prewhiten.
