
 COFECHA-style crossdating report: can703
 Report generated using dplR 1.8.1 (R 4.5.2) on 2026-10-01 16:50 PDT
 Built with dplR's xdate.report(), not COFECHA; see the notes at the end.


      Measurement file name  : can703.rwl
      MD5 of measurement file: fd7b346396db8d98f1f2dc1750cdfdea
      Date checked           : 01OCT26
      Beginning year         : 1710
      Ending year            : 1988
      Principal investigators: Filion, L.; Cloutier, C.; Cournoyer, L.
      Site name              : Kuujjuaraapik
      Species information    : LALA Larix laricina (Du Roi) K. Koch
      Latitude               : 55.2833 N
      Longitude              : 77.7400 W
      Elevation              : 28 m

      Series intercorrelation: 0.595
      Avg mean sensitivity   : 0.427
      Avg standard deviation : 0.324
      Avg autocorrelation    : 0.718
      Number dated series    : 120
      Series crossdated      : 119
      Segment length tested  : 50

      Number problem segments: 42  (A 1, B 41; 34 of the B weak at every lag)
      Pct problem segments   : 9.84


 CORRELATION OF SERIES BY SEGMENTS: can703
-----------------------------------------------------------------------------------------------------------------------------------
 Correlations of  50-year dated segments, lagged  25 years
 Flags:  A = correlation under   .3281 but highest as dated;  B = correlation higher at other than dated position

 Seq Series  Time_span  1800 1825 1850 1875 1900 1925 
                        1849 1874 1899 1924 1949 1974 
 --- -------- ---------  ---- ---- ---- ---- ---- ---- 
   1 K1101    1790 1987  .79  .74  .66  .77  .74  .76 
   2 K1121    1812 1987       .63  .56  .59  .70  .71 
   3 K111     1850 1987                 .79  .73  .69 
   4 K112     1860 1987                 .78  .79  .76 
   5 K1281    1710 1929 -.11B .02B .10B .07B          
   6 K1282    1710 1917  .10B .10B .02B               
   7 K121     1860 1987                 .82  .83  .81 
   8 K122     1855 1987                 .85  .83  .81 
   9 K141     1877 1987                      .70  .70 
  10 K142     1873 1987                 .83  .75  .71 
  11 K151     1847 1985            .67  .80  .80  .83 
  12 K152     1869 1988                 .85  .82  .83 
  13 K161     1860 1987                 .89  .90  .88 
  14 K181     1862 1987                 .73  .69  .70 
  15 K2111    1857 1987                 .66  .65  .67 
  16 K2112    1859 1987                 .61  .64  .67 
  17 K2131    1770 1987  .69  .59  .58  .71  .75  .77 
  18 K2132    1807 1987       .63  .57  .70  .75  .73 
  19 K2201    1801 1987       .75  .66  .81  .79  .77 
  20 K2202    1814 1987       .64  .55  .65  .71  .70 
  21 K2241    1880 1987                      .56  .53 
  22 K2242    1867 1987                 .66  .74  .73 
  23 K271     1862 1987                 .76  .72  .67 
  24 K272     1862 1987                 .71  .80  .82 
  25 K3151    1865 1987                 .86  .86  .84 
  26 K3152    1842 1987            .86  .91  .90  .87 
  27 K3171    1853 1987                 .79  .87  .88 
  28 K3172    1831 1987            .60  .78  .87  .88 
  29 K31A1    1860 1987                 .78  .86  .86 
  30 K31A2    1872 1987                 .77  .78  .80 
  31 K311     1818 1987       .81  .73  .70  .78  .82 
  32 K312     1820 1987       .82  .74  .78  .86  .88 
  33 K3281    1710 1876  .03B-.06B                    
  34 K3282    1710 1899  .12B .04B .03B               
  35 K3301    1826 1987            .63  .74  .90  .91 
  36 K3302    1835 1987            .71  .86  .90  .87 
  37 K4251    1855 1987                 .88  .84  .83 
  38 K4271    1816 1987       .79  .71  .80  .85  .83 
  39 K4272    1796 1987  .78  .83  .76  .77  .85  .88 
  40 K4311    1801 1987       .69  .58  .83  .78  .79 
  41 K4312    1832 1987            .64  .81  .84  .82 
  42 K4331    1710 1863  .04B                         
  43 K4351    1710 1862  .28B                         
  47 K4362    1710 1873 -.19B                         
  49 K4381    1820 1987       .81  .87  .89  .91  .90 
  50 K4382    1832 1968            .90  .92  .92      
  51 K4401    1895 1987                      .80  .86 
  52 K4402    1870 1987                 .67  .87  .85 
  53 K4403    1895 1987                      .83  .85 
  54 K4404    1874 1987                 .56  .84  .87 
  55 K4421    1734 1985  .84  .77  .67  .76  .88  .84 
  56 K4422    1788 1987  .88  .77  .67  .83  .89  .84 
  57 K4423    1811 1987       .70  .74  .72  .84  .92 
  58 K4441    1841 1987            .77  .81  .87  .88 
  59 K4442    1847 1987            .80  .85  .85  .86 
  60 K4461    1791 1987  .76  .78  .83  .86  .87  .85 
  61 K4462    1845 1987            .81  .79  .86  .90 
  62 K4481    1710 1862  .12B                         
  63 K4501    1864 1987                 .85  .81  .81 
  64 K4502    1832 1987            .55  .78  .76  .75 
  65 K4521    1821 1987       .61  .58  .80  .81  .77 
  66 K51001   1876 1987                      .92  .91 
  67 K51002   1867 1987                 .79  .89  .84 
  68 K51121   1847 1987            .77  .83  .85  .85 
  69 K51122   1852 1987                 .82  .90  .88 
  70 K51141   1819 1987       .45  .63  .71  .80  .79 
  72 K51161   1710 1902 -.03B .03B .06B               
  73 K51162   1710 1942 -.12B-.16B-.01B-.00B          
  74 K51281   1710 1913 -.26B-.08B .30A               
  75 K51282   1710 1862  .22B                         
  76 K51561   1869 1987                 .78  .88  .89 
  77 K51562   1866 1987                 .82  .90  .91 
  78 K5411    1710 1887 -.16B-.17B                    
  79 K5412    1710 1887 -.23B-.25B                    
  80 K5431    1820 1974       .42  .49  .68  .72  .69 
  81 K5432    1842 1987            .60  .86  .88  .83 
  82 K5601    1807 1987       .56  .58  .73  .88  .89 
  83 K5602    1860 1987                 .68  .88  .91 
  84 K5661    1864 1987                 .85  .92  .92 
  85 K5662    1865 1987                 .88  .92  .90 
  86 K5681    1862 1987                 .64  .72  .74 
  87 K5682    1842 1987            .62  .68  .77  .73 
  88 K61261   1807 1987       .80  .74  .72  .68  .65 
  89 K61262   1780 1987  .80  .79  .60  .61  .65  .70 
  90 K6471    1812 1987       .71  .60  .66  .68  .76 
  91 K6472    1812 1987       .58  .60  .70  .78  .68 
  92 K6611    1811 1987       .45  .37  .62  .73  .77 
  93 K6612    1900 1987                           .86 
  94 K6671    1710 1899  .01B .02B-.01B               
  95 K6672    1710 1915 -.19B-.21B-.04B               
  96 K6701    1710 1959 -.16B-.22B-.30B-.07B-.25B     
  97 K6711    1853 1987                 .77  .87  .84 
  98 K6712    1856 1987                 .73  .82  .85 
  99 K6721    1710 1987  .79  .72  .57  .53  .71  .60 
 100 K6731    1851 1987                 .77  .89  .91 
 101 K6732    1853 1987                 .75  .86  .87 
 102 K6751    1878 1987                      .80  .87 
 103 K6752    1875 1987                      .84  .89 
 104 K6801    1808 1987       .75  .74  .82  .90  .90 
 105 K6802    1810 1987       .83  .79  .81  .78  .76 
 106 K6821    1835 1987            .68  .66  .67  .84 
 107 K6822    1835 1987            .75  .76  .84  .65 
 108 K6901    1796 1987  .64  .76  .73  .78  .76  .76 
 109 K6902    1834 1987            .68  .77  .81  .78 
 110 K6921    1813 1987       .81  .76  .84  .85  .82 
 111 K6941    1810 1987       .62  .83  .86  .88  .89 
 112 K6942    1808 1987       .84  .84  .85  .91  .91 
 113 K6961    1851 1987                 .81  .76  .76 
 114 K71381   1836 1987            .68  .76  .91  .90 
 115 K71382   1846 1987            .61  .56  .71  .87 
 116 K71401   1801 1987       .82  .80  .86  .89  .83 
 117 K71421   1837 1987            .68  .76  .77  .79 
 118 K71422   1858 1987                 .80  .87  .89 
 119 K7811    1770 1987  .71  .81  .73  .54  .71  .76 
 120 K7812    1797 1987  .75  .80  .81  .59  .64  .69 
 Av segment correlation  .28  .51  .59  .74  .80  .81 

 FLAGGED SEGMENTS: can703
-----------------------------------------------------------------------------------------------------------------------------------
 Seq Series   Segment    Flag  r dated  Best lag  r at lag   Gain  Note
 --- -------- ---------  ----  -------  --------  --------  -----  -----------------
   5 K1281    1800 1849     B    -.108        10      .269   .376  weak at every lag
   5 K1281    1825 1874     B     .016        -2      .277   .260  weak at every lag
   5 K1281    1850 1899     B     .097        -2      .444   .347
   5 K1281    1875 1924     B     .068        -7      .230   .163  weak at every lag
   6 K1282    1800 1849     B     .100        -1      .262   .161  weak at every lag
   6 K1282    1825 1874     B     .101         3      .202   .101  weak at every lag
   6 K1282    1850 1899     B     .022        -4      .355   .333
  33 K3281    1800 1849     B     .028         5      .303   .274  weak at every lag
  33 K3281    1825 1874     B    -.063         5      .297   .360  weak at every lag
  34 K3282    1800 1849     B     .121        -1      .323   .202  weak at every lag
  34 K3282    1825 1874     B     .044        10      .216   .172  weak at every lag
  34 K3282    1850 1899     B     .034       -10      .255   .221  weak at every lag
  42 K4331    1800 1849     B     .041        -4      .273   .232  weak at every lag
  43 K4351    1800 1849     B     .284        -3      .392   .108
  47 K4362    1800 1849     B    -.194         9      .267   .461  weak at every lag
  62 K4481    1800 1849     B     .122        -3      .339   .218
  72 K51161   1800 1849     B    -.030        -4      .327   .357  weak at every lag
  72 K51161   1825 1874     B     .027         8      .392   .366
  72 K51161   1850 1899     B     .057         4      .158   .100  weak at every lag
  73 K51162   1800 1849     B    -.124        -2      .300   .423  weak at every lag
  73 K51162   1825 1874     B    -.157        -2      .211   .368  weak at every lag
  73 K51162   1850 1899     B    -.007         2      .243   .250  weak at every lag
  73 K51162   1875 1924     B    -.003         8      .251   .254  weak at every lag
  74 K51281   1800 1849     B    -.256        -9      .202   .458  weak at every lag
  74 K51281   1825 1874     B    -.083         5      .170   .254  weak at every lag
  74 K51281   1850 1899     A     .299         0
  75 K51282   1800 1849     B     .217        -3      .330   .113
  78 K5411    1800 1849     B    -.165         2      .220   .384  weak at every lag
  78 K5411    1825 1874     B    -.170        -8      .294   .464  weak at every lag
  79 K5412    1800 1849     B    -.230         3      .280   .510  weak at every lag
  79 K5412    1825 1874     B    -.251         3      .361   .612
  94 K6671    1800 1849     B     .009         4      .315   .306  weak at every lag
  94 K6671    1825 1874     B     .020         4      .182   .162  weak at every lag
  94 K6671    1850 1899     B    -.013        -9      .296   .309  weak at every lag
  95 K6672    1800 1849     B    -.192         2      .273   .465  weak at every lag
  95 K6672    1825 1874     B    -.210         9      .282   .492  weak at every lag
  95 K6672    1850 1899     B    -.044        -2      .260   .305  weak at every lag
  96 K6701    1800 1849     B    -.160         9      .278   .439  weak at every lag
  96 K6701    1825 1874     B    -.219        -6      .193   .412  weak at every lag
  96 K6701    1850 1899     B    -.296        -8      .302   .598  weak at every lag
  96 K6701    1875 1924     B    -.070        -9      .234   .304  weak at every lag
  96 K6701    1900 1949     B    -.251        -9      .328   .579  weak at every lag

 DESCRIPTIVE STATISTICS: can703
-----------------------------------------------------------------------------------------------------------------------------------

                                                Corr   //-------- Unfiltered --------\\  //-- dplR filtered --\\
                           No.    No.    No.    with   Mean   Max     Std   Auto   Mean   Max     Std   Auto  AR
 Seq Series   Interval   Years  Segmt  Flags   Master  msmt   msmt    dev   corr   sens  value    dev   corr  ()
 --- -------- ---------  -----  -----  -----   ------ -----  -----  -----  -----  -----  -----  -----  -----  --
   1 K1101    1790 1987    198      6      0    .750    .41   1.54   .294   .761   .449   2.78   .447  -.011   1
   2 K1121    1812 1987    176      5      0    .651    .26    .95   .210   .838   .394   3.10   .458   .043   1
   3 K111     1850 1987    138      3      0    .727    .63   2.40   .494   .866   .378   2.12   .365  -.007   2
   4 K112     1860 1987    128      3      0    .759    .64   1.98   .474   .822   .365   2.47   .380  -.017   1
   5 K1281    1710 1929    220      4      4    .004    .40   1.71   .276   .767   .411   2.56   .410   .000   2
   6 K1282    1710 1917    208      3      3    .040    .45   1.50   .311   .755   .454   2.74   .449   .018   1
   7 K121     1860 1987    128      3      0    .817    .82   1.95   .448   .762   .384   2.88   .389   .008   1
   8 K122     1855 1987    133      3      0    .822    .89   2.04   .471   .746   .379   2.58   .391   .016   1
   9 K141     1877 1987    111      2      0    .735    .96   2.86   .667   .787   .468   2.78   .476   .038   1
  10 K142     1873 1987    115      3      0    .726    .42   1.72   .260   .714   .445   2.44   .409   .009   1
  11 K151     1847 1985    139      4      0    .780    .84   2.64   .544   .808   .447   2.32   .421  -.019   1
  12 K152     1869 1988    120      3      0    .791    .72   2.04   .511   .793   .514   3.19   .482  -.006   1
  13 K161     1860 1987    128      3      0    .883    .75   2.47   .506   .797   .352   1.76   .344   .004   1
  14 K181     1862 1987    126      3      0    .691    .47   1.25   .271   .686   .400   2.94   .409   .022   1
  15 K2111    1857 1987    131      3      0    .692    .42   1.74   .330   .727   .487   3.02   .504  -.005   1
  16 K2112    1859 1987    129      3      0    .669    .37   1.27   .279   .727   .486   2.83   .525   .007   1
  17 K2131    1770 1987    218      6      0    .668    .37   1.39   .260   .663   .515   3.00   .480   .028   1
  18 K2132    1807 1987    181      5      0    .696    .33   1.16   .230   .630   .531   2.82   .504   .021   1
  19 K2201    1801 1987    187      5      0    .689    .57   2.08   .370   .688   .386   2.65   .403  -.043   1
  20 K2202    1814 1987    174      5      0    .633    .47   1.70   .314   .745   .407   2.61   .389  -.028   1
  21 K2241    1880 1987    108      2      0    .550    .63   1.92   .451   .811   .433   2.16   .408  -.016   2
  22 K2242    1867 1987    121      3      0    .677    .64   2.25   .428   .763   .388   2.47   .445   .042   1
  23 K271     1862 1987    126      3      0    .716    .98   2.66   .562   .819   .289   2.54   .318  -.016   1
  24 K272     1862 1987    126      3      0    .752   1.16   2.46   .523   .779   .278   1.71   .278   .010   1
  25 K3151    1865 1987    123      3      0    .848    .85   2.52   .431   .646   .389   2.77   .370   .026   1
  26 K3152    1842 1987    146      4      0    .864    .76   2.12   .409   .694   .372   2.19   .346  -.009   2
  27 K3171    1853 1987    135      3      0    .831    .57   2.13   .419   .790   .471   2.30   .452   .033   1
  28 K3172    1831 1987    157      4      0    .797    .42   1.32   .265   .720   .464   2.12   .443   .006   1
  29 K31A1    1860 1987    128      3      0    .780    .57   1.79   .390   .833   .341   2.26   .348  -.021   1
  30 K31A2    1872 1987    116      3      0    .776    .60   1.56   .357   .802   .303   2.30   .332   .040   1
  31 K311     1818 1987    170      5      0    .770    .29    .89   .178   .629   .462   2.20   .419   .001   1
  32 K312     1820 1987    168      5      0    .811    .30   1.16   .224   .747   .501   2.72   .459  -.020   1
  33 K3281    1710 1876    167      2      2    .000    .51   1.88   .347   .730   .420   3.31   .459   .029   1
  34 K3282    1710 1899    190      3      3    .070    .60   2.82   .527   .813   .467   2.78   .468  -.013   2
  35 K3301    1826 1987    162      4      0    .808    .32   1.01   .210   .743   .455   2.24   .427   .044   1
  36 K3302    1835 1987    153      4      0    .742    .47   1.27   .277   .699   .444   2.24   .407   .019   1
  37 K4251    1855 1987    133      3      0    .845    .48   1.07   .246   .719   .372   2.62   .377  -.003   1
  38 K4271    1816 1987    172      5      0    .794    .49   1.36   .244   .683   .346   1.98   .344   .026   1
  39 K4272    1796 1987    192      6      0    .825    .60   1.59   .326   .784   .341   2.20   .339   .010   1
  40 K4311    1801 1987    187      5      0    .764    .60   1.75   .420   .765   .508   2.72   .483   .035   1
  41 K4312    1832 1987    156      4      0    .787    .40   1.47   .308   .759   .556   2.72   .527   .027   1
  42 K4331    1710 1863    154      1      1    .066    .46   1.32   .289   .711   .462   2.45   .423   .028   1
  43 K4351    1710 1862    153      1      1    .259    .42   1.40   .308   .677   .640   3.12   .544   .032   1
  44 K4352    1710 1829    120      0      0   -.148    .56   1.66   .407   .665   .609   3.12   .551   .010   1
  45 K4353    1710 1826    117      0      0   -.024   1.00   2.35   .530   .625   .392   2.11   .400   .060   1
  46 K4361    1710 1831    122      0      0   -.010    .75   2.58   .487   .823   .330   1.96   .340   .029   1
  47 K4362    1710 1873    164      1      1   -.061    .55   1.44   .310   .775   .314   2.03   .321   .030   1
  48 K4363    1710 1811    102      0      0   -.029    .88   3.37   .715   .895   .359   2.47   .383   .003   1
  49 K4381    1820 1987    168      5      0    .864    .51   1.31   .304   .749   .440   2.36   .400   .020   1
  50 K4382    1832 1968    137      3      0    .900    .58   1.54   .352   .765   .435   2.22   .382   .002   1
  51 K4401    1895 1987     93      2      0    .805    .77   1.66   .382   .744   .271   1.65   .281   .110   1
  52 K4402    1870 1987    118      3      0    .719    .78   2.46   .528   .838   .327   2.02   .340   .022   3
  53 K4403    1895 1987     93      2      0    .807    .86   2.46   .592   .864   .308   1.72   .294   .096   2
  54 K4404    1874 1987    114      3      0    .690    .64   1.47   .362   .845   .261   2.04   .288   .003   1
  55 K4421    1734 1985    252      6      0    .677    .48   2.43   .363   .765   .476   2.48   .441   .004   1
  56 K4422    1788 1987    200      6      0    .793    .32   1.03   .194   .708   .451   2.35   .415   .009   1
  57 K4423    1811 1987    177      5      0    .810    .62   1.93   .425   .858   .384   1.88   .360   .014   3
  58 K4441    1841 1987    147      4      0    .813    .74   1.81   .394   .752   .357   1.88   .355   .050   1
  59 K4442    1847 1987    141      4      0    .838    .72   1.92   .361   .766   .315   1.84   .326   .062   1
  60 K4461    1791 1987    197      6      0    .804    .38    .88   .170   .558   .414   1.97   .360   .014   1
  61 K4462    1845 1987    143      4      0    .856    .46   1.05   .196   .576   .383   1.73   .324  -.019   1
  62 K4481    1710 1862    153      1      1    .131    .39   1.27   .282   .730   .578   3.21   .504   .022   1
  63 K4501    1864 1987    124      3      0    .811    .54   1.63   .413   .840   .384   3.05   .426   .035   1
  64 K4502    1832 1987    156      4      0    .713    .65   2.52   .436   .715   .423   3.19   .452   .005   2
  65 K4521    1821 1987    167      5      0    .682    .47   1.88   .313   .632   .421   2.82   .429   .009   2
  66 K51001   1876 1987    112      2      0    .838    .56   1.49   .322   .741   .382   2.26   .375   .080   1
  67 K51002   1867 1987    121      3      0    .768    .62   1.99   .376   .737   .398   1.97   .366   .033   1
  68 K51121   1847 1987    141      4      0    .801    .43   1.65   .292   .654   .506   2.25   .447   .004   2
  69 K51122   1852 1987    136      3      0    .825    .53   1.76   .345   .676   .524   2.59   .458  -.012   1
  70 K51141   1819 1987    169      5      0    .008    .40   1.08   .235   .677   .453 529.38 40.650   .023   0
  71 K51142   1819 1987    169                          .55   1.68   .312   .615   .458                         
  72 K51161   1710 1902    193      3      3   -.017    .27   1.30   .201   .546   .616   2.63   .529   .015   1
  73 K51162   1710 1942    233      4      4   -.054    .31   1.19   .204   .525   .561   2.69   .506   .009   1
  74 K51281   1710 1913    204      3      3   -.021    .46   2.14   .362   .815   .402   2.26   .396  -.013   1
  75 K51282   1710 1862    153      1      1    .218    .47   1.25   .264   .757   .363   2.05   .351   .003   1
  76 K51561   1869 1987    119      3      0    .837    .67   1.58   .336   .575   .383   2.23   .401   .054   1
  77 K51562   1866 1987    122      3      0    .865    .69   1.68   .363   .697   .370   2.02   .378   .050   1
  78 K5411    1710 1887    178      2      2   -.052    .56   1.53   .285   .633   .383   2.11   .368  -.013   1
  79 K5412    1710 1887    178      2      2   -.076    .36   1.01   .172   .588   .388   2.08   .357   .011   1
  80 K5431    1820 1974    155      5      0    .585    .41   1.57   .319   .762   .521   3.08   .445   .026   2
  81 K5432    1842 1987    146      4      0    .762    .35   1.00   .233   .754   .425   2.24   .396   .104   1
  82 K5601    1807 1987    181      5      0    .678    .48   1.77   .383   .791   .475   2.84   .465  -.005   3
  83 K5602    1860 1987    128      3      0    .782    .90   2.35   .441   .704   .337   2.16   .340   .051   1
  84 K5661    1864 1987    124      3      0    .871    .74   2.11   .484   .789   .433   2.23   .422  -.012   1
  85 K5662    1865 1987    123      3      0    .881    .66   1.82   .403   .699   .398   2.41   .427   .005   1
  86 K5681    1862 1987    126      3      0    .701    .85   2.25   .444   .665   .409   1.74   .359  -.003   3
  87 K5682    1842 1987    146      4      0    .688    .83   2.74   .499   .727   .419   2.12   .390  -.046   3
  88 K61261   1807 1987    181      5      0    .694    .32    .88   .172   .698   .347   1.84   .326  -.018   3
  89 K61262   1780 1987    208      6      0    .675    .21    .58   .120   .665   .394   2.02   .346  -.037   3
  90 K6471    1812 1987    176      5      0    .644    .22    .81   .157   .701   .425   2.85   .480   .014   1
  91 K6472    1812 1987    176      5      0    .589    .43   1.64   .306   .760   .409   3.46   .423   .043   2
  92 K6611    1811 1987    177      5      0    .620    .29   1.32   .183   .766   .385   1.90   .346   .009   2
  93 K6612    1900 1987     88      1      0    .821    .39   1.00   .210   .610   .398   1.92   .365   .141   1
  94 K6671    1710 1899    190      3      3    .018    .61   1.82   .411   .798   .377   2.00   .367   .029   1
  95 K6672    1710 1915    206      3      3   -.098    .33   1.68   .291   .852   .403   2.75   .408  -.007   2
  96 K6701    1710 1959    250      5      5   -.197    .25   1.94   .245   .712   .682   2.96   .585  -.026   3
  97 K6711    1853 1987    135      3      0    .790    .79   2.17   .428   .750   .309   1.99   .309   .009   1
  98 K6712    1856 1987    132      3      0    .779    .98   2.31   .501   .752   .302   1.92   .321  -.043   1
  99 K6721    1710 1987    278      6      0    .487    .13    .44   .082   .609   .443   2.58   .430  -.003   1
 100 K6731    1851 1987    137      3      0    .830    .50   1.26   .241   .582   .415   2.16   .400   .002   1
 101 K6732    1853 1987    135      3      0    .819    .70   2.14   .401   .651   .375   2.07   .382   .016   1
 102 K6751    1878 1987    110      2      0    .791    .69   1.46   .307   .629   .388   2.25   .356   .019   1
 103 K6752    1875 1987    113      2      0    .832    .78   1.85   .373   .555   .403   1.85   .362   .027   1
 104 K6801    1808 1987    180      5      0    .827    .39   1.29   .248   .627   .511   2.89   .483   .025   1
 105 K6802    1810 1987    178      5      0    .771    .31    .92   .196   .665   .472   3.21   .485  -.048   1
 106 K6821    1835 1987    153      4      0    .658    .36   1.19   .254   .864   .338   2.13   .359   .063   2
 107 K6822    1835 1987    153      4      0    .683    .26    .80   .171   .771   .404   1.93   .384   .047   1
 108 K6901    1796 1987    192      6      0    .730    .39   1.16   .220   .510   .475   2.41   .442   .005   1
 109 K6902    1834 1987    154      4      0    .751    .58   1.59   .272   .409   .405   2.19   .396   .018   1
 110 K6921    1813 1987    175      5      0    .804    .34    .92   .193   .716   .413   2.21   .382   .004   1
 111 K6941    1810 1987    178      5      0    .809    .51   1.69   .383   .754   .481   2.38   .405  -.004   1
 112 K6942    1808 1987    180      5      0    .863    .48   1.39   .319   .717   .493   2.32   .417  -.011   1
 113 K6961    1851 1987    137      3      0    .763    .80   2.11   .513   .782   .418   2.88   .412   .060   1
 114 K71381   1836 1987    152      4      0    .823    .43   1.58   .260   .733   .391   2.30   .377   .035   1
 115 K71382   1846 1987    142      4      0    .699    .29    .90   .162   .738   .375   1.91   .344  -.002   1
 116 K71401   1801 1987    187      5      0    .786    .40   1.25   .280   .584   .595   3.27   .524   .000   1
 117 K71421   1837 1987    151      4      0    .746    .37   1.29   .215   .661   .490   2.19   .420   .031   1
 118 K71422   1858 1987    130      3      0    .848    .54   1.78   .327   .720   .472   2.04   .418   .006   1
 119 K7811    1770 1987    218      6      0    .564    .73   2.43   .454   .782   .343   2.40   .355  -.001   2
 120 K7812    1797 1987    191      6      0    .669    .34   1.08   .183   .639   .368   2.26   .340   .025   2
 --- -------- ---------  -----  -----  -----   ------ -----  -----  -----  -----  -----  -----  -----  -----  --
 Total or mean:          18636    427     42    .595    .52   3.37   .324   .718   .427 529.38   .778   .013

 DATA CHECKS (rwl.check): can703
-----------------------------------------------------------------------------------------------------------------------------------
 rwl.check: data_files/treering/measurements/northamerica/canada/can703.rwl
 120 series, 18636 measurements, 1710-1988, 0.01 mm precision
 0 error(s), 4 warning(s), 98 note(s)
 -------------
 WARNING
   RWL_REPEATED_VALUE (4)
     K2112: 0.01 repeated in 7 consecutive rings, 1940-1946; a constant stretch is a placeholder, not a measurement
     K6471: 0.01 repeated in 9 consecutive rings, 1904-1912; a constant stretch is a placeholder, not a measurement
     K6721: 0.01 repeated in 8 consecutive rings, 1767-1774; a constant stretch is a placeholder, not a measurement
     K6802: 0.01 repeated in 7 consecutive rings, 1924-1930; a constant stretch is a placeholder, not a measurement
 98 note(s) not shown; see rwl.check() or the 'check' element of this report.

 NOTES
-----------------------------------------------------------------------------------------------------------------------------------
 Report generated using dplR 1.8.1 (R 4.5.2) on 2026-10-01 16:50 PDT.
 Measurement file can703.rwl, MD5 fd7b346396db8d98f1f2dc1750cdfdea.
 Filtering: each series divided by a 32-year smoothing spline (caps()), then prewhitened with
   an AR model (order by AIC, at most 3).
 Master: biweight robust mean of the other series (leave-one-out).
 Correlation: Pearson, one-tailed, pcrit = 0.01; critical r = 0.3281 for 50-year segments.
 Segments: 50 years, lagged 25, first segment floored to 100. Lags searched: +/- 10 years.
 A segment is tested only where the series and the master cover all of it, at the dated
   position and at every lag. COFECHA also tests partial segments at the ends of a series, so
   series here may show fewer segments, and no flags can be raised at the ends of the record.
 Lags follow COFECHA: negative means rings are probably missing from the series, positive means
   false rings. A missing ring carries its lag into every segment before it, so look where the
   lag changes along a series. A B flag is a hypothesis to check on the wood; the gain says how
   seriously to take it.
 A B flag marked "weak at every lag" correlates under the critical value even at its best lag:
   the segment is weak wherever it is placed, and the shift is not evidence of a dating error.
   Treat it as a low correlation, like an A.
 Averages in the summary and the totals are weighted by the number of years in each series, as
   COFECHA's are.
 Unfiltered block and mean sensitivity: the measurements as read, and sens1().
 dplR filtered block: the series that was correlated, after filtering. COFECHA's filtered
   series is defined differently, so these three columns are not COFECHA's numbers.
 AR: order of the AR model used to prewhiten.
 Left out of the crossdating: the 'nyrs' spline for series K51142 is not all positive, so
   dividing by it would give negative or infinite indices. Remove the series, or detrend the
   data yourself with detrend() and pass the indices with 'nyrs = NULL'
