
 COFECHA-style crossdating report: can704
 Report generated using dplR 1.8.1 (R 4.5.2) on 2026-10-01 16:49 PDT
 Built with dplR's xdate.report(), not COFECHA; see the notes at the end.


      Measurement file name  : can704.rwl
      MD5 of measurement file: 21424618f5d191738989ac5b34cb1e72
      Date checked           : 01OCT26
      Beginning year         : 1722
      Ending year            : 1990
      Principal investigators: Filion, L.; Cloutier, C.; Cournoyer, L.
      Site name              : Lac à l'eau claire
      Species information    : LALA Larix laricina (Du Roi) K. Koch
      Latitude               : 56.1000 N
      Longitude              : 73.8667 W
      Elevation              : 288 m

      Series intercorrelation: 0.726
      Avg mean sensitivity   : 0.342
      Avg standard deviation : 0.392
      Avg autocorrelation    : 0.701
      Number dated series    : 89
      Segment length tested  : 50

      Number problem segments: 2  (A 0, B 2)
      Pct problem segments   : 0.53


 CORRELATION OF SERIES BY SEGMENTS: can704
-----------------------------------------------------------------------------------------------------------------------------------
 Correlations of  50-year dated segments, lagged  25 years
 Flags:  A = correlation under   .3281 but highest as dated;  B = correlation higher at other than dated position

 Seq Series  Time_span  1800 1825 1850 1875 1900 1925 
                        1849 1874 1899 1924 1949 1974 
 --- -------- ---------  ---- ---- ---- ---- ---- ---- 
   1 LEA101   1846 1990            .45  .66  .65  .66 
   2 LEA102   1857 1990                 .75  .76  .78 
   3 LEA111   1865 1990                 .62  .71  .77 
   4 LEA112   1866 1990                 .76  .77  .72 
   5 LEA121   1790 1990  .54  .55  .76  .74  .77  .67 
   6 LEA122   1790 1990  .57  .58  .68  .77  .79  .79 
   7 LEA131   1806 1990       .79  .82  .83  .84  .86 
   8 LEA132   1770 1990  .80  .79  .58  .77  .80  .79 
   9 LEA141   1829 1990            .77  .89  .84  .62 
  10 LEA142   1829 1990            .71  .82  .80  .72 
  11 LEA151   1758 1990  .80  .79  .63  .75  .78  .61 
  12 LEA152   1758 1990  .74  .66  .62  .70  .65  .67 
  13 LEA161   1762 1990  .87  .81  .61  .76  .82  .77 
  14 LEA162   1762 1990  .81  .83  .69  .78  .69  .64 
  15 LEA171   1754 1990  .84  .75  .59  .71  .76  .80 
  16 LEA181   1722 1990  .75  .83  .78  .85  .82  .80 
  17 LEA182   1722 1990  .84  .65  .59  .72  .75  .80 
  18 LEA191   1855 1990                 .80  .75  .72 
  19 LEA192   1852 1990                 .78  .76  .79 
  20 LEA11    1884 1990                      .64  .69 
  21 LEA12    1904 1990                           .71 
  22 LEA201   1791 1990  .85  .73  .69  .78  .77  .74 
  23 LEA202   1792 1990  .81  .70  .77  .83  .83  .80 
  24 LEA211   1729 1990  .75  .85  .76  .85  .76  .76 
  25 LEA212   1729 1990  .79  .76  .70  .86  .80  .82 
  26 LEA221   1773 1990  .77  .72  .61  .83  .64  .44 
  27 LEA222   1773 1990  .72  .74  .65  .83  .68  .35 
  28 LEA231   1764 1990  .78  .81  .81  .82  .78  .74 
  29 LEA232   1768 1990  .76  .78  .76  .89  .86  .73 
  30 LEA21    1781 1990  .86  .82  .69  .85  .85  .81 
  31 LEA22    1781 1990  .85  .81  .69  .77  .76  .81 
  32 LEA31    1851 1990                 .85  .84  .75 
  33 LEA32    1851 1990                 .78  .79  .75 
  34 LEA41    1850 1990                 .80  .82  .85 
  35 LEA42    1850 1990                 .67  .73  .79 
  36 LEA51    1851 1990                 .78  .77  .79 
  37 LEA52    1851 1990                 .81  .79  .75 
  38 LEA61    1860 1990                 .80  .68  .69 
  39 LEA62    1861 1990                 .81  .81  .78 
  40 LEA71    1863 1990                 .44  .67  .73 
  41 LEA72    1863 1990                 .50  .72  .72 
  42 LEA81    1848 1990            .51  .72  .72  .72 
  43 LEA82    1868 1990                 .82  .82  .78 
  44 LEA91    1856 1990                 .81  .84  .81 
  45 LEA92    1847 1990            .54  .72  .84  .87 
  46 LEB101   1826 1990            .66  .81  .87  .86 
  47 LEB102   1826 1990            .56  .69  .78  .84 
  48 LEB111   1835 1990            .58  .87  .90  .81 
  49 LEB112   1865 1990                 .87  .85  .77 
  50 LEB121   1791 1990  .77  .70  .63  .85  .83  .81 
  51 LEB122   1799 1990  .81  .74  .67  .80  .81  .83 
  52 LEB11    1812 1990       .35B .66  .77  .78  .64 
  53 LEB12    1833 1990            .77  .78  .80  .73 
  54 LEB21    1796 1990  .51  .64  .71  .84  .77  .69 
  55 LEB22    1807 1990       .56  .66  .76  .75  .77 
  56 LEB31    1855 1990                 .82  .82  .73 
  57 LEB32    1883 1990                      .89  .79 
  58 LEB41    1739 1990  .72  .82  .76  .73  .70  .76 
  59 LEB42    1768 1990  .77  .72  .52  .69  .73  .72 
  60 LEB51    1807 1990       .66  .64  .83  .88  .83 
  61 LEB52    1821 1990       .67  .67  .80  .87  .82 
  62 LEB61    1817 1990       .43  .71  .85  .87  .88 
  63 LEB62    1817 1990       .29B .77  .89  .88  .85 
  64 LEB71    1829 1990            .60  .77  .84  .79 
  65 LEB72    1870 1990                 .70  .77  .81 
  66 LEB81    1872 1990                 .75  .77  .76 
  67 LEB82    1879 1990                      .77  .70 
  68 LEB91    1828 1990            .44  .80  .80  .68 
  69 LEB92    1828 1990            .55  .71  .72  .67 
  70 LEC101   1866 1990                 .69  .83  .85 
  71 LEC102   1867 1990                 .83  .89  .84 
  72 LEC11    1874 1990                      .76  .79 
  73 LEC12    1874 1990                      .79  .81 
  74 LEC21    1865 1990                 .73  .70  .69 
  75 LEC22    1867 1990                 .76  .74  .66 
  76 LEC31    1814 1990       .61  .75  .73  .69  .68 
  77 LEC32    1814 1990       .67  .79  .75  .64  .58 
  78 LEC41    1764 1990  .81  .62  .58  .79  .82  .80 
  79 LEC42    1764 1990  .78  .68  .70  .79  .81  .81 
  80 LEC51    1843 1990            .61  .83  .86  .78 
  81 LEC52    1843 1990            .70  .84  .87  .75 
  82 LEC61    1856 1990                 .78  .81  .77 
  83 LEC62    1856 1990                 .76  .78  .77 
  84 LEC71    1848 1990            .69  .83  .82  .79 
  85 LEC72    1848 1990            .57  .84  .88  .80 
  86 LEC81    1861 1990                 .68  .78  .77 
  87 LEC82    1861 1990                 .72  .78  .67 
  88 LEC91    1871 1990                 .71  .73  .73 
  89 LEC92    1870 1990                 .74  .75  .75 
 Av segment correlation  .77  .69  .66  .77  .78  .75 

 FLAGGED SEGMENTS: can704
-----------------------------------------------------------------------------------------------------------------------------------
 Seq Series   Segment    Flag  r dated  Best lag  r at lag   Gain  Note
 --- -------- ---------  ----  -------  --------  --------  -----  -----------------
  52 LEB11    1825 1874     B     .354        -8      .397   .043
  63 LEB62    1825 1874     B     .292        -8      .384   .093

 DESCRIPTIVE STATISTICS: can704
-----------------------------------------------------------------------------------------------------------------------------------

                                                Corr   //-------- Unfiltered --------\\  //-- dplR filtered --\\
                           No.    No.    No.    with   Mean   Max     Std   Auto   Mean   Max     Std   Auto  AR
 Seq Series   Interval   Years  Segmt  Flags   Master  msmt   msmt    dev   corr   sens  value    dev   corr  ()
 --- -------- ---------  -----  -----  -----   ------ -----  -----  -----  -----  -----  -----  -----  -----  --
   1 LEA101   1846 1990    145      4      0    .629    .76   2.04   .425   .791   .330   1.98   .313   .005   2
   2 LEA102   1857 1990    134      3      0    .722    .80   2.18   .407   .691   .352   2.39   .354  -.012   2
   3 LEA111   1865 1990    126      3      0    .694    .87   2.11   .442   .768   .294   1.75   .302  -.025   3
   4 LEA112   1866 1990    125      3      0    .755    .84   2.04   .419   .792   .298   1.93   .296  -.014   3
   5 LEA121   1790 1990    201      6      0    .602    .76   2.90   .533   .828   .352   2.33   .343   .007   1
   6 LEA122   1790 1990    201      6      0    .594    .52   1.22   .251   .673   .358   1.90   .335   .020   1
   7 LEA131   1806 1990    185      5      0    .788    .48   1.08   .219   .455   .406   3.04   .406  -.003   1
   8 LEA132   1770 1990    221      6      0    .692    .48   1.27   .260   .790   .342   2.31   .354   .018   1
   9 LEA141   1829 1990    162      4      0    .719    .80   2.47   .480   .748   .368   2.54   .356   .032   1
  10 LEA142   1829 1990    162      4      0    .740    .72   1.69   .415   .756   .359   1.97   .386   .008   1
  11 LEA151   1758 1990    233      6      0    .732    .41   1.51   .287   .800   .330   2.20   .323  -.022   3
  12 LEA152   1758 1990    233      6      0    .721    .36   1.52   .284   .804   .364   2.02   .371  -.005   1
  13 LEA161   1762 1990    229      6      0    .801    .37   1.67   .351   .842   .401   2.12   .385   .009   1
  14 LEA162   1762 1990    229      6      0    .753    .39   1.80   .367   .856   .464   2.43   .430  -.010   3
  15 LEA171   1754 1990    237      6      0    .773    .53   1.88   .298   .635   .357   2.43   .349   .005   1
  16 LEA181   1722 1990    269      6      0    .786    .40   2.49   .322   .726   .413   2.60   .391   .080   0
  17 LEA182   1722 1990    269      6      0    .747    .31   2.08   .349   .811   .531   2.82   .455  -.026   3
  18 LEA191   1855 1990    136      3      0    .741    .72   1.60   .301   .695   .279   1.73   .268  -.032   3
  19 LEA192   1852 1990    139      3      0    .749    .68   1.68   .320   .772   .283   1.57   .246  -.042   3
  20 LEA11    1884 1990    107      2      0    .616    .89   2.48   .521   .804   .291   1.77   .291  -.019   2
  21 LEA12    1904 1990     87      1      0    .730   1.24   3.95   .721   .824   .288   1.58   .274   .016   2
  22 LEA201   1791 1990    200      6      0    .814    .44   2.22   .273   .587   .375   2.18   .353  -.034   3
  23 LEA202   1792 1990    199      6      0    .816    .34   2.67   .306   .642   .445   2.30   .384  -.026   3
  24 LEA211   1729 1990    262      6      0    .770    .61   2.04   .337   .690   .313   2.77   .323   .019   1
  25 LEA212   1729 1990    262      6      0    .804    .50   1.89   .321   .727   .375   2.44   .347   .010   1
  26 LEA221   1773 1990    218      6      0    .624    .44   1.27   .237   .558   .425   2.22   .402  -.017   3
  27 LEA222   1773 1990    218      6      0    .601    .40   1.29   .245   .652   .438   2.15   .409   .028   1
  28 LEA231   1764 1990    227      6      0    .755    .38   1.26   .196   .742   .328   1.75   .307   .005   1
  29 LEA232   1768 1990    223      6      0    .759    .60   1.51   .297   .740   .309   2.28   .320   .036   1
  30 LEA21    1781 1990    210      6      0    .814    .47   1.30   .231   .590   .395   1.97   .340  -.008   3
  31 LEA22    1781 1990    210      6      0    .770    .46   1.38   .250   .539   .449   2.16   .399  -.013   3
  32 LEA31    1851 1990    140      3      0    .759    .96   1.88   .368   .645   .261   1.71   .256  -.026   3
  33 LEA32    1851 1990    140      3      0    .732    .90   1.81   .327   .667   .239   1.54   .240  -.052   3
  34 LEA41    1850 1990    141      3      0    .792    .97   3.29   .587   .730   .378   2.37   .381  -.013   3
  35 LEA42    1850 1990    141      3      0    .695    .94   2.47   .521   .704   .387   2.16   .380   .043   1
  36 LEA51    1851 1990    140      3      0    .760    .86   3.07   .514   .704   .377   2.64   .395  -.018   3
  37 LEA52    1851 1990    140      3      0    .762    .95   2.69   .464   .600   .357   2.30   .354  -.031   3
  38 LEA61    1860 1990    131      3      0    .730    .95   2.31   .399   .541   .311   2.10   .325  -.008   3
  39 LEA62    1861 1990    130      3      0    .774    .91   2.25   .357   .550   .302   2.04   .295  -.036   3
  40 LEA71    1863 1990    128      3      0    .614    .86   4.38   .589   .639   .387   2.59   .412   .012   2
  41 LEA72    1863 1990    128      3      0    .603    .82   3.33   .586   .767   .384   2.31   .381  -.016   2
  42 LEA81    1848 1990    143      4      0    .680    .82   2.05   .437   .733   .379   2.66   .370  -.001   2
  43 LEA82    1868 1990    123      3      0    .794    .98   1.99   .490   .727   .344   2.11   .354   .069   1
  44 LEA91    1856 1990    135      3      0    .796   1.27   3.27   .672   .784   .328   1.99   .330  -.015   3
  45 LEA92    1847 1990    144      4      0    .766    .93   2.67   .511   .736   .387   2.35   .363  -.019   3
  46 LEB101   1826 1990    165      4      0    .760   1.01   2.42   .510   .781   .286   1.75   .278  -.022   3
  47 LEB102   1826 1990    165      4      0    .635    .86   2.33   .471   .824   .295   1.78   .295   .065   1
  48 LEB111   1835 1990    156      4      0    .670    .92   2.36   .484   .782   .314   2.48   .329   .024   3
  49 LEB112   1865 1990    126      3      0    .830   1.18   2.83   .496   .636   .288   1.70   .282  -.019   3
  50 LEB121   1791 1990    200      6      0    .716    .81   1.92   .342   .555   .300   2.31   .301  -.010   2
  51 LEB122   1799 1990    192      6      0    .779    .80   1.79   .333   .541   .327   1.93   .315   .026   1
  52 LEB11    1812 1990    179      5      1    .506    .81   1.80   .415   .823   .275   2.00   .304   .001   2
  53 LEB12    1833 1990    158      4      0    .758   1.05   2.33   .405   .701   .252   1.64   .248   .022   1
  54 LEB21    1796 1990    195      6      0    .646    .92   2.93   .473   .642   .354   2.76   .354  -.027   2
  55 LEB22    1807 1990    184      5      0    .694    .54   1.27   .226   .623   .327   1.80   .291  -.000   2
  56 LEB31    1855 1990    136      3      0    .614   1.08   2.56   .611   .738   .323   1.84   .331   .048   1
  57 LEB32    1883 1990    108      2      0    .830   1.26   2.60   .487   .425   .307   2.07   .321  -.031   3
  58 LEB41    1739 1990    252      6      0    .671    .81   2.76   .449   .788   .287   1.91   .285   .030   1
  59 LEB42    1768 1990    223      6      0    .715    .94   2.45   .492   .751   .284   1.90   .292   .000   3
  60 LEB51    1807 1990    184      5      0    .734    .53   1.50   .270   .559   .415   2.21   .387   .009   1
  61 LEB52    1821 1990    170      5      0    .784    .50   2.06   .319   .714   .420   2.34   .376   .001   3
  62 LEB61    1817 1990    174      5      0    .735    .80   1.71   .322   .647   .301   1.91   .280  -.026   3
  63 LEB62    1817 1990    174      5      1    .708    .61   1.47   .287   .645   .375   1.72   .334   .018   1
  64 LEB71    1829 1990    162      4      0    .654    .69   1.67   .378   .710   .356   1.90   .343   .024   3
  65 LEB72    1870 1990    121      3      0    .770    .77   1.73   .337   .594   .348   1.84   .343  -.033   3
  66 LEB81    1872 1990    119      3      0    .743    .75   1.39   .257   .626   .256   1.62   .247   .009   2
  67 LEB82    1879 1990    112      2      0    .674    .69   1.44   .243   .638   .268   1.61   .248   .033   2
  68 LEB91    1828 1990    163      4      0    .614    .57   1.39   .287   .735   .314   2.30   .327  -.021   2
  69 LEB92    1828 1990    163      4      0    .654    .52   1.29   .256   .765   .312   1.98   .292  -.028   3
  70 LEC101   1866 1990    125      3      0    .774    .90   2.14   .433   .790   .255   1.68   .254  -.035   3
  71 LEC102   1867 1990    124      3      0    .821    .86   2.31   .498   .845   .267   1.63   .260   .003   3
  72 LEC11    1874 1990    117      2      0    .733   1.32   3.30   .680   .762   .260   1.67   .269  -.028   3
  73 LEC12    1874 1990    117      2      0    .701    .97   2.07   .408   .687   .258   1.73   .263  -.021   3
  74 LEC21    1865 1990    126      3      0    .704   1.25   2.82   .568   .715   .275   1.71   .274   .004   2
  75 LEC22    1867 1990    124      3      0    .701    .78   1.65   .309   .565   .304   2.23   .316   .038   1
  76 LEC31    1814 1990    177      5      0    .678   1.18   2.97   .630   .717   .348   1.83   .333   .025   1
  77 LEC32    1814 1990    177      5      0    .646    .99   2.60   .502   .639   .354   2.00   .339   .024   1
  78 LEC41    1764 1990    227      6      0    .724    .73   1.92   .396   .757   .320   1.97   .310  -.019   3
  79 LEC42    1764 1990    227      6      0    .740    .52   1.63   .281   .709   .338   1.92   .327  -.015   3
  80 LEC51    1843 1990    148      4      0    .778    .79   1.73   .315   .733   .231   1.73   .238   .032   1
  81 LEC52    1843 1990    148      4      0    .749    .77   1.75   .380   .773   .269   1.66   .263   .013   1
  82 LEC61    1856 1990    135      3      0    .799   1.52   3.23   .695   .764   .254   1.70   .269  -.031   3
  83 LEC62    1856 1990    135      3      0    .784   1.21   2.48   .482   .664   .282   1.67   .270  -.036   3
  84 LEC71    1848 1990    143      4      0    .794    .99   2.48   .522   .741   .337   1.86   .338  -.011   2
  85 LEC72    1848 1990    143      4      0    .790    .59   1.38   .274   .575   .390   2.06   .363   .049   1
  86 LEC81    1861 1990    130      3      0    .710   1.27   3.06   .675   .757   .303   1.96   .319  -.020   2
  87 LEC82    1861 1990    130      3      0    .701   1.26   3.28   .719   .725   .319   2.24   .350  -.018   2
  88 LEC91    1871 1990    120      3      0    .731   1.13   2.71   .545   .592   .344   1.95   .347  -.006   3
  89 LEC92    1870 1990    121      3      0    .748    .93   2.24   .468   .599   .351   2.18   .351  -.029   3
 --- -------- ---------  -----  -----  -----   ------ -----  -----  -----  -----  -----  -----  -----  -----  --
 Total or mean:          14838    375      2    .726    .74   4.38   .392   .701   .342   3.04   .332   .000

 DATA CHECKS (rwl.check): can704
-----------------------------------------------------------------------------------------------------------------------------------
 rwl.check: data_files/treering/measurements/northamerica/canada/can704.rwl
 89 series, 14838 measurements, 1722-1990, 0.01 mm precision
 0 error(s), 1 warning(s), 39 note(s)
 -------------
 WARNING
   RWL_NON_ASCII (1)
     2 byte(s) outside printable ASCII
 39 note(s) not shown; see rwl.check() or the 'check' element of this report.

 NOTES
-----------------------------------------------------------------------------------------------------------------------------------
 Report generated using dplR 1.8.1 (R 4.5.2) on 2026-10-01 16:49 PDT.
 Measurement file can704.rwl, MD5 21424618f5d191738989ac5b34cb1e72.
 Filtering: each series divided by a 32-year smoothing spline (caps()), then prewhitened with
   an AR model (order by AIC, at most 3).
 Master: biweight robust mean of the other series (leave-one-out).
 Correlation: Pearson, one-tailed, pcrit = 0.01; critical r = 0.3281 for 50-year segments.
 Segments: 50 years, lagged 25, first segment floored to 100. Lags searched: +/- 10 years.
 A segment is tested only where the series and the master cover all of it, at the dated
   position and at every lag. COFECHA also tests partial segments at the ends of a series, so
   series here may show fewer segments, and no flags can be raised at the ends of the record.
 Lags follow COFECHA: negative means rings are probably missing from the series, positive means
   false rings. A missing ring carries its lag into every segment before it, so look where the
   lag changes along a series. A B flag is a hypothesis to check on the wood; the gain says how
   seriously to take it.
 A B flag marked "weak at every lag" correlates under the critical value even at its best lag:
   the segment is weak wherever it is placed, and the shift is not evidence of a dating error.
   Treat it as a low correlation, like an A.
 Averages in the summary and the totals are weighted by the number of years in each series, as
   COFECHA's are.
 Unfiltered block and mean sensitivity: the measurements as read, and sens1().
 dplR filtered block: the series that was correlated, after filtering. COFECHA's filtered
   series is defined differently, so these three columns are not COFECHA's numbers.
 AR: order of the AR model used to prewhiten.
