
 COFECHA-style crossdating report: can708
 Report generated using dplR 1.8.1 (R 4.5.2) on 2026-10-01 16:50 PDT
 Built with dplR's xdate.report(), not COFECHA; see the notes at the end.


      Measurement file name  : can708.rwl
      MD5 of measurement file: 4e3c2e2185d3bab9e8a9bd41d323877e
      Date checked           : 01OCT26
      Beginning year         : 1664
      Ending year            : 1992
      Principal investigators: Filion, L.; Cloutier, C.; Cournoyer, L.
      Site name              : Lac Minto
      Species information    : LALA Larix laricina (Du Roi) K. Koch
      Latitude               : 56.2667 N
      Longitude              : 74.6667 W
      Elevation              : 198 m

      Series intercorrelation: 0.753
      Avg mean sensitivity   : 0.346
      Avg standard deviation : 0.315
      Avg autocorrelation    : 0.691
      Number dated series    : 76
      Segment length tested  : 50

      Number problem segments: 1  (A 0, B 1; 1 of the B weak at every lag)
      Pct problem segments   : 0.29


 CORRELATION OF SERIES BY SEGMENTS: can708
-----------------------------------------------------------------------------------------------------------------------------------
 Correlations of  50-year dated segments, lagged  25 years
 Flags:  A = correlation under   .3281 but highest as dated;  B = correlation higher at other than dated position

 Seq Series  Time_span  1700 1725 1750 1775 1800 1825 1850 1875 1900 1925 
                        1749 1774 1799 1824 1849 1874 1899 1924 1949 1974 
 --- -------- ---------  ---- ---- ---- ---- ---- ---- ---- ---- ---- ---- 
   1 M10A1    1858 1992                                     .74  .79  .75 
   2 M10A2    1852 1992                                     .66  .61  .61 
   3 M10B1    1877 1992                                          .67  .78 
   4 M10B2    1877 1992                                          .82  .78 
   5 M111     1830 1992                                .85  .74  .77  .81 
   6 M112     1835 1992                                .70  .60  .67  .74 
   7 M12A1    1810 1992                           .78  .83  .87  .85  .82 
   8 M12A2    1820 1992                           .76  .81  .80  .78  .74 
   9 M13A1    1870 1992                                     .76  .80  .77 
  10 M13A2    1870 1992                                     .84  .84  .80 
  11 M13B1    1769 1992                 .76  .78  .75  .75  .90  .91  .88 
  12 M13B2    1769 1992                 .83  .79  .74  .74  .84  .88  .86 
  13 M14A1    1810 1992                           .82  .72  .79  .90  .85 
  14 M14A2    1810 1992                           .73  .80  .83  .84  .81 
  15 M14B1    1867 1992                                     .69  .83  .84 
  16 M14B2    1867 1992                                     .76  .83  .82 
  17 M151     1834 1992                                .34  .68  .78  .70 
  18 M152     1834 1992                                .54  .69  .67  .60 
  19 M16A1    1831 1992                                .84  .87  .83  .76 
  20 M16A2    1824 1992                                .78  .83  .87  .81 
  21 M16B1    1840 1992                                .79  .82  .84  .83 
  22 M16B2    1840 1992                                .86  .92  .92  .82 
  23 M17A1    1810 1992                           .82  .72  .80  .78  .74 
  24 M17A2    1811 1992                           .83  .77  .82  .81  .70 
  25 M17B1    1835 1992                                .85  .76  .75  .75 
  26 M17B2    1835 1992                                .82  .89  .83  .71 
  27 M181     1780 1992                      .85  .82  .73  .84  .86  .79 
  28 M182     1780 1992                      .83  .73  .68  .83  .88  .77 
  29 M191     1820 1992                           .45  .76  .80  .82  .75 
  30 M192     1820 1992                           .42  .70  .78  .82  .75 
  31 M1A1     1820 1992                           .74  .78  .79  .84  .85 
  32 M1A2     1820 1992                           .73  .77  .72  .76  .82 
  33 M1B1     1850 1992                                     .76  .77  .77 
  34 M1B2     1850 1992                                     .77  .85  .83 
  35 M201     1806 1992                           .71  .69  .82  .84  .76 
  36 M202     1808 1992                           .76  .67  .77  .86  .85 
  37 M211     1822 1992                           .81  .69  .78  .85  .72 
  38 M212     1851 1992                                     .72  .89  .82 
  39 M221     1734 1970            .71  .80  .85  .74  .62  .76  .88      
  40 M222     1770 1960                 .85  .86  .84  .79  .77  .81      
  41 M231     1807 1992                           .61  .80  .85  .83  .74 
  42 M232     1807 1992                           .61  .73  .82  .86  .73 
  43 M25A1    1850 1992                                     .72  .80  .83 
  44 M25A2    1883 1992                                          .82  .84 
  45 M25B1    1883 1992                                          .76  .80 
  46 M25B2    1883 1992                                          .82  .82 
  47 M26A1    1870 1992                                     .56  .81  .79 
  48 M26A2    1870 1992                                     .63  .82  .76 
  49 M26B1    1899 1992                                               .80 
  50 M26B2    1899 1992                                               .88 
  51 M27A1    1727 1992            .85  .81  .84  .86  .65  .74  .90  .82 
  52 M27A2    1727 1992            .89  .89  .84  .78  .73  .84  .89  .83 
  53 M2A1     1795 1992                      .79  .85  .83  .85  .83  .76 
  54 M2A2     1795 1992                      .74  .82  .78  .83  .89  .78 
  55 M2B1     1844 1992                                .75  .85  .86  .75 
  56 M2B2     1844 1992                                .78  .85  .89  .84 
  57 M3A1     1814 1992                           .70  .72  .84  .87  .64 
  58 M3A2     1847 1992                                .81  .85  .86  .73 
  59 M3B1     1872 1992                                     .77  .82  .83 
  60 M3B2     1872 1992                                     .89  .91  .85 
  61 M4A1     1760 1992                 .77  .81  .81  .68  .74  .82  .81 
  62 M4A2     1820 1992                           .76  .55  .67  .78  .76 
  63 M5A1     1776 1992                      .75  .82  .79  .86  .87  .83 
  64 M5A2     1776 1992                      .58  .68  .76  .85  .89  .81 
  65 M5B1     1845 1992                                .82  .90  .93  .86 
  66 M5B2     1845 1992                                .89  .90  .90  .84 
  67 M6A1     1664 1992       .62  .78  .80  .80  .80  .71  .65  .72  .81 
  68 M6A2     1710 1992       .73  .82  .84  .61  .50  .56  .55  .69  .80 
  69 M7A1     1700 1992       .73  .82  .75  .76  .80  .70  .64  .69  .59 
  70 M7A2     1755 1992                 .79  .84  .82  .64  .79  .83  .74 
  71 M7B1     1850 1992                                     .70  .77  .71 
  72 M7B2     1844 1992                                .74  .70  .77  .84 
  73 M81      1710 1992       .74  .84  .84  .84  .83  .80  .87  .86  .81 
  74 M82      1708 1992       .78  .83  .82  .80  .80  .80  .86  .84  .77 
  75 M91      1864 1992                                     .81  .55  .19B
  76 M92      1864 1992                                     .80  .93  .84 
 Av segment correlation       .72  .82  .81  .79  .75  .74  .78  .82  .78 

 FLAGGED SEGMENTS: can708
-----------------------------------------------------------------------------------------------------------------------------------
 Seq Series   Segment    Flag  r dated  Best lag  r at lag   Gain  Note
 --- -------- ---------  ----  -------  --------  --------  -----  -----------------
  75 M91      1925 1974     B     .188       -10      .319   .131  weak at every lag

 DESCRIPTIVE STATISTICS: can708
-----------------------------------------------------------------------------------------------------------------------------------

                                                Corr   //-------- Unfiltered --------\\  //-- dplR filtered --\\
                           No.    No.    No.    with   Mean   Max     Std   Auto   Mean   Max     Std   Auto  AR
 Seq Series   Interval   Years  Segmt  Flags   Master  msmt   msmt    dev   corr   sens  value    dev   corr  ()
 --- -------- ---------  -----  -----  -----   ------ -----  -----  -----  -----  -----  -----  -----  -----  --
   1 M10A1    1858 1992    135      3      0    .738    .68   2.57   .471   .747   .321   2.16   .351   .031   1
   2 M10A2    1852 1992    141      3      0    .622    .67   2.62   .467   .831   .299   1.96   .328  -.027   1
   3 M10B1    1877 1992    116      2      0    .685    .73   1.50   .341   .754   .303   1.66   .288   .014   1
   4 M10B2    1877 1992    116      2      0    .780    .58   1.60   .361   .798   .325   1.87   .313   .002   1
   5 M111     1830 1992    163      4      0    .787   1.11   2.20   .368   .560   .263   1.83   .259  -.027   3
   6 M112     1835 1992    158      4      0    .693   1.22   2.90   .467   .657   .249   1.81   .265   .039   1
   7 M12A1    1810 1992    183      5      0    .792    .81   1.87   .296   .617   .275   2.10   .267  -.030   3
   8 M12A2    1820 1992    173      5      0    .753    .73   2.19   .343   .733   .278   2.10   .279  -.013   3
   9 M13A1    1870 1992    123      3      0    .747    .48   1.14   .203   .428   .369   2.24   .346   .124   0
  10 M13A2    1870 1992    123      3      0    .833    .54   1.08   .234   .478   .380   2.04   .357  -.010   1
  11 M13B1    1769 1992    224      7      0    .800    .42   1.01   .181   .618   .318   1.86   .306   .003   1
  12 M13B2    1769 1992    224      7      0    .802    .40    .82   .146   .376   .333   1.92   .313   .002   1
  13 M14A1    1810 1992    183      5      0    .802    .80   2.28   .507   .762   .364   1.95   .353   .004   1
  14 M14A2    1810 1992    183      5      0    .768    .57   1.66   .355   .700   .426   1.96   .390  -.014   3
  15 M14B1    1867 1992    126      3      0    .734    .71   1.96   .429   .780   .345   1.64   .326  -.036   1
  16 M14B2    1867 1992    126      3      0    .783    .97   2.19   .531   .761   .326   1.72   .318   .033   1
  17 M151     1834 1992    159      4      0    .625    .69   1.78   .371   .814   .254   2.31   .272   .032   1
  18 M152     1834 1992    159      4      0    .581    .77   1.99   .414   .819   .285   2.01   .286   .024   1
  19 M16A1    1831 1992    162      4      0    .790    .62   1.90   .412   .777   .369   2.25   .353  -.022   3
  20 M16A2    1824 1992    169      4      0    .815    .56   1.74   .351   .738   .373   1.91   .345  -.039   3
  21 M16B1    1840 1992    153      4      0    .781    .48   1.53   .289   .809   .317   1.88   .299  -.005   2
  22 M16B2    1840 1992    153      4      0    .841    .49   1.70   .391   .852   .369   1.98   .329  -.021   3
  23 M17A1    1810 1992    183      5      0    .795    .48   1.30   .283   .834   .266   1.87   .271   .001   1
  24 M17A2    1811 1992    182      5      0    .775    .54   1.52   .313   .783   .273   1.73   .274  -.013   2
  25 M17B1    1835 1992    158      4      0    .783    .41   1.37   .305   .867   .268   1.65   .257  -.000   1
  26 M17B2    1835 1992    158      4      0    .800    .44   1.39   .289   .839   .303   1.65   .274   .009   1
  27 M181     1780 1992    213      6      0    .806    .59   2.40   .328   .749   .282   2.03   .293   .012   1
  28 M182     1780 1992    213      6      0    .774    .49   1.52   .231   .679   .329   1.76   .310   .035   1
  29 M191     1820 1992    173      5      0    .688    .68   1.50   .298   .639   .298   1.71   .289   .046   1
  30 M192     1820 1992    173      5      0    .673    .67   1.74   .318   .701   .267   1.87   .276   .014   3
  31 M1A1     1820 1992    173      5      0    .794    .56   1.55   .301   .656   .407   1.99   .369   .011   2
  32 M1A2     1820 1992    173      5      0    .755    .75   2.23   .415   .600   .379   2.00   .344   .097   0
  33 M1B1     1850 1992    143      3      0    .790    .52   1.42   .288   .720   .347   1.82   .312  -.000   1
  34 M1B2     1850 1992    143      3      0    .805    .62   2.21   .406   .755   .354   1.76   .326  -.007   1
  35 M201     1806 1992    187      5      0    .767    .96   2.21   .370   .653   .264   1.65   .262   .018   2
  36 M202     1808 1992    185      5      0    .797    .62   1.50   .250   .576   .304   1.98   .299   .018   1
  37 M211     1822 1992    171      5      0    .749    .41   1.30   .231   .730   .333   1.83   .310  -.002   1
  38 M212     1851 1992    142      3      0    .771    .39   1.03   .215   .751   .310   1.85   .317   .009   1
  39 M221     1734 1970    237      7      0    .752    .32   1.45   .219   .684   .486   2.16   .426  -.017   1
  40 M222     1770 1960    191      6      0    .805    .31    .86   .170   .562   .452   1.81   .390  -.005   1
  41 M231     1807 1992    186      5      0    .670    .61   1.90   .366   .761   .351   2.08   .337   .009   2
  42 M232     1807 1992    186      5      0    .682    .74   2.20   .460   .771   .363   1.94   .339   .034   1
  43 M25A1    1850 1992    143      3      0    .677    .64   1.92   .381   .802   .322   2.29   .322   .002   1
  44 M25A2    1883 1992    110      2      0    .806    .74   1.99   .370   .689   .298   1.67   .281   .004   3
  45 M25B1    1883 1992    110      2      0    .740    .56   1.28   .283   .725   .270   1.65   .258  -.018   1
  46 M25B2    1883 1992    110      2      0    .741    .65   1.91   .357   .834   .253   1.56   .252   .018   1
  47 M26A1    1870 1992    123      3      0    .681    .79   2.14   .402   .768   .322   1.64   .289   .106   1
  48 M26A2    1870 1992    123      3      0    .705    .74   1.65   .364   .673   .339   2.00   .337   .078   1
  49 M26B1    1899 1992     94      1      0    .754    .60   1.41   .273   .526   .340   1.90   .294  -.001   2
  50 M26B2    1899 1992     94      1      0    .738    .73   1.88   .383   .693   .345   1.57   .301   .043   2
  51 M27A1    1727 1992    266      8      0    .806    .42   1.58   .256   .616   .420   2.67   .402  -.018   3
  52 M27A2    1727 1992    266      8      0    .796    .30   1.29   .183   .623   .416   2.20   .402   .006   1
  53 M2A1     1795 1992    198      6      0    .801    .60   1.72   .293   .683   .314   1.91   .307  -.015   3
  54 M2A2     1795 1992    198      6      0    .785    .60   1.93   .334   .699   .368   2.16   .349   .020   3
  55 M2B1     1844 1992    149      4      0    .787    .66   1.84   .325   .638   .336   1.90   .331   .044   1
  56 M2B2     1844 1992    149      4      0    .833    .58   1.49   .261   .605   .290   2.08   .307  -.010   3
  57 M3A1     1814 1992    179      5      0    .716    .58   2.08   .369   .700   .354   2.82   .375  -.012   3
  58 M3A2     1847 1992    146      4      0    .783    .84   3.74   .518   .723   .322   2.20   .339   .020   2
  59 M3B1     1872 1992    121      3      0    .761    .70   1.62   .317   .670   .306   1.68   .292   .023   1
  60 M3B2     1872 1992    121      3      0    .844    .69   1.63   .291   .630   .321   1.90   .306  -.016   1
  61 M4A1     1760 1992    233      7      0    .759    .37   1.25   .224   .605   .458   2.60   .412   .003   3
  62 M4A2     1820 1992    173      5      0    .724    .37   1.06   .234   .723   .431   2.25   .406  -.005   1
  63 M5A1     1776 1992    217      6      0    .727    .40   1.39   .256   .698   .425   2.16   .390   .006   3
  64 M5A2     1776 1992    217      6      0    .666    .53   1.80   .317   .636   .387   2.64   .377  -.005   3
  65 M5B1     1845 1992    148      4      0    .859    .54   1.55   .210   .504   .287   2.02   .283  -.001   3
  66 M5B2     1845 1992    148      4      0    .869    .45   1.37   .194   .592   .294   1.80   .290  -.013   3
  67 M6A1     1664 1992    329      9      0    .693    .32   1.31   .214   .663   .374   2.32   .364  -.018   3
  68 M6A2     1710 1992    283      9      0    .666    .28    .69   .125   .527   .367   1.86   .325  -.010   3
  69 M7A1     1700 1992    293      9      0    .652    .41   2.01   .401   .893   .430   2.94   .438  -.004   1
  70 M7A2     1755 1992    238      7      0    .778    .38   1.29   .268   .801   .450   2.36   .406  -.002   3
  71 M7B1     1850 1992    143      3      0    .724    .35    .84   .186   .719   .357   1.65   .307   .022   1
  72 M7B2     1844 1992    149      4      0    .730    .35    .74   .162   .615   .349   2.07   .331   .022   1
  73 M81      1710 1992    283      9      0    .801    .77   2.81   .517   .751   .387   2.15   .368  -.009   3
  74 M82      1708 1992    285      9      0    .769    .56   1.71   .343   .709   .422   1.99   .372  -.012   3
  75 M91      1864 1992    129      3      1    .548   1.32   3.08   .503   .612   .265   1.78   .267  -.033   2
  76 M92      1864 1992    129      3      0    .778   1.12   3.00   .404   .593   .251   1.94   .261  -.044   2
 --- -------- ---------  -----  -----  -----   ------ -----  -----  -----  -----  -----  -----  -----  -----  --
 Total or mean:          13119    350      1    .753    .58   3.74   .315   .691   .346   2.94   .330   .005

 DATA CHECKS (rwl.check): can708
-----------------------------------------------------------------------------------------------------------------------------------
 rwl.check: data_files/treering/measurements/northamerica/canada/can708.rwl
 76 series, 13119 measurements, 1664-1992, 0.01 mm precision
 0 error(s), 1 warning(s), 2 note(s)
 -------------
 WARNING
   RWL_SERIES_OUTLIER (1)
     M91: correlates with the rest of the collection at r = 0.502 where the collection median is 0.755 (4.9 MAD below it); it does not fit the collection it is in
 2 note(s) not shown; see rwl.check() or the 'check' element of this report.

 NOTES
-----------------------------------------------------------------------------------------------------------------------------------
 Report generated using dplR 1.8.1 (R 4.5.2) on 2026-10-01 16:50 PDT.
 Measurement file can708.rwl, MD5 4e3c2e2185d3bab9e8a9bd41d323877e.
 Filtering: each series divided by a 32-year smoothing spline (caps()), then prewhitened with
   an AR model (order by AIC, at most 3).
 Master: biweight robust mean of the other series (leave-one-out).
 Correlation: Pearson, one-tailed, pcrit = 0.01; critical r = 0.3281 for 50-year segments.
 Segments: 50 years, lagged 25, first segment floored to 100. Lags searched: +/- 10 years.
 A segment is tested only where the series and the master cover all of it, at the dated
   position and at every lag. COFECHA also tests partial segments at the ends of a series, so
   series here may show fewer segments, and no flags can be raised at the ends of the record.
 Lags follow COFECHA: negative means rings are probably missing from the series, positive means
   false rings. A missing ring carries its lag into every segment before it, so look where the
   lag changes along a series. A B flag is a hypothesis to check on the wood; the gain says how
   seriously to take it.
 A B flag marked "weak at every lag" correlates under the critical value even at its best lag:
   the segment is weak wherever it is placed, and the shift is not evidence of a dating error.
   Treat it as a low correlation, like an A.
 Averages in the summary and the totals are weighted by the number of years in each series, as
   COFECHA's are.
 Unfiltered block and mean sensitivity: the measurements as read, and sens1().
 dplR filtered block: the series that was correlated, after filtering. COFECHA's filtered
   series is defined differently, so these three columns are not COFECHA's numbers.
 AR: order of the AR model used to prewhiten.
