
 COFECHA-style crossdating report: cana557
 Report generated using dplR 1.8.1 (R 4.5.2) on 2026-10-01 16:55 PDT
 Built with dplR's xdate.report(), not COFECHA; see the notes at the end.


      Measurement file name  : cana557.rwl
      MD5 of measurement file: 6d3bf94836c3241ba30d59e86cb78e1d
      Date checked           : 01OCT26
      Beginning year         : 1842
      Ending year            : 2013
      Principal investigators: Sniderhan, A.E.; Baltzer, J.L.
      Site name              : Scotty Creek
      Species information    : PCMA Picea mariana (Mill.) Britton, Sterns, & Poggenb.
      Latitude               : 61.3080 N
      Longitude              : 121.2990 W
      Elevation              : 280 m

      Series intercorrelation: 0.452
      Avg mean sensitivity   : 0.192
      Avg standard deviation : 0.239
      Avg autocorrelation    : 0.882
      Number dated series    : 445
      Segment length tested  : 50

      Number problem segments: 138  (A 82, B 56; 34 of the B weak at every lag)
      Pct problem segments   : 19.35


 CORRELATION OF SERIES BY SEGMENTS: cana557
-----------------------------------------------------------------------------------------------------------------------------------
 Correlations of  50-year dated segments, lagged  25 years
 Flags:  A = correlation under   .3281 but highest as dated;  B = correlation higher at other than dated position

 Seq Series  Time_span  1900 1925 1950 
                        1949 1974 1999 
 --- -------- ---------  ---- ---- ---- 
   5 SCA006C  1942 2010            .48 
   6 SCA007A  1932 2012            .41 
   7 SCA009A  1926 2012            .43 
   8 SCA014A  1922 2006       .49  .47 
   9 SCA015A  1927 2012            .52 
  10 SCA017A  1927 2012            .39 
  11 SCA018A  1933 2012            .61 
  12 SCA019A  1926 2012            .51 
  13 SCA022A  1925 2012       .55  .42 
  14 SCA023A  1929 2012            .27A
  15 SCA024A  1922 2012       .28A .47 
  16 SCA025A  1942 2012            .35 
  17 SCA027A  1921 2011       .43  .52 
  18 SCA028A  1912 2012       .45  .55 
  19 SCA029A  1921 2011       .51  .43 
  20 SCA030A  1916 2012       .44  .40 
  21 SCA031A  1924 2003       .40  .35 
  22 SCA034A  1920 2012       .54  .37 
  23 SCA035A  1932 2011            .62 
  24 SCA036A  1923 2012       .28A .23B
  25 SCA037A  1933 2012            .44 
  26 SCA040A  1918 1994       .29A     
  27 SCA041A  1919 2012       .54  .61 
  28 SCA042A  1918 2012       .43  .24B
  29 SCA043A  1918 2010       .48  .37 
  30 SCA044A  1901 2011       .35  .38 
  31 SCA045A  1911 1997       .40      
  32 SCA047A  1929 2002            .32A
  33 SCA048A  1933 2001            .48 
  34 SCA049A  1944 2009            .63 
  35 SCA050A  1947 2000            .38 
  36 SCA051C  1939 2007            .43 
  37 SCA052A  1944 2002            .24A
  38 SCA053A  1948 2011            .31A
  39 SCB001A  1862 2012  .36  .49  .55 
  40 SCB002A  1851 2011  .63  .54  .62 
  41 SCB004A  1856 2011  .51  .43  .47 
  42 SCB005A  1884 2012  .40  .33  .37 
  43 SCB006A  1860 2012  .40  .51  .68 
  44 SCB007A  1879 2011  .27B .52  .67 
  45 SCB009A  1866 2012  .31B .36  .42 
  46 SCB010A  1866 2012  .52  .48  .71 
  47 SCB012A  1904 2012       .43  .61 
  48 SCB015A  1862 2011  .50  .56  .51 
  49 SCB016A  1923 2012       .47  .69 
  50 SCB017A  1859 2012  .38  .35  .36 
  51 SCB018A  1872 2012  .53  .52  .57 
  52 SCB019A  1870 2012  .43  .31B .39 
  53 SCB021A  1874 2011  .36  .44  .65 
  54 SCB022C  1852 1994  .56  .64      
  55 SCB023A  1862 2009  .30B .22B .42 
  56 SCB024A  1882 2010  .28A .45  .62 
  57 SCB025A  1864 2011  .50  .39  .43 
  58 SCB026A  1872 1994  .47  .24A     
  59 SCB027A  1867 2012  .55  .50  .56 
  60 SCB028A  1879 2011  .49  .52  .55 
  61 SCB030A  1861 2012  .47  .33  .50 
  62 SCB033A  1878 2012  .51  .37  .48 
  63 SCB034A  1870 2012  .65  .36  .56 
  64 SCB035A  1865 2012  .42  .44  .39 
  65 SCB036A  1843 2009  .30A .27A .43 
  66 SCB037A  1896 2011  .35B .27A .47 
  67 SCB039A  1858 2012  .25B .38  .53 
  68 SCB040A  1906 2012       .72  .69 
  69 SCB041A  1864 2009  .36  .23B .24B
  70 SCB042A  1860 2012  .52  .38  .52 
  71 SCB043A  1852 2012  .60  .23B .29A
  72 SCB044A  1860 2010  .47  .59  .69 
  73 SCB046C  1863 2012  .51  .60  .63 
  74 SCB048A  1860 2012  .30A .54  .61 
  75 SCB049A  1884 2012  .30B .33  .45 
  76 SCB050A  1859 2009  .50  .43  .54 
  77 SCB051C  1854 2012  .28A .41  .49 
  78 SCB052A  1863 2006  .35  .37  .47 
  79 SCB053A  1867 2012  .60  .36  .43 
  80 SCB056C  1893 2011  .41  .39  .48 
  81 SCB057A  1881 2006  .36  .33  .42 
  82 SCB058A  1862 2012  .35  .24A .55 
  83 SCB059A  1881 2012  .29B .49  .40 
  84 SCB061A  1891 2012  .39  .39  .60 
  85 SCB062A  1878 2012  .55  .57  .71 
  86 SCB063A  1870 2012  .28A .50  .73 
  87 SCB064A  1858 2012  .25B .45  .63 
  88 SCB065A  1869 2012  .42  .42  .67 
  89 SCB066A  1929 2012            .46 
  90 SCB067A  1878 2012  .45  .49  .58 
  91 SCB069A  1859 2007  .35  .30A .39 
  92 SCB070A  1895 1996  .09B .54      
  93 SCB071A  1867 2010  .51  .49  .55 
  94 SCB072A  1891 2012  .30A .45  .60 
  95 SCB073A  1863 2011  .38  .55  .58 
  96 SCB075A  1858 2012  .35  .44  .57 
  97 SCB076A  1862 2007  .39  .48  .57 
  98 SCB079A  1872 2012  .35  .55  .57 
  99 SCB087C  1852 1996  .45  .40      
 100 SCB088A  1863 2002  .44  .18A .43 
 101 SCB089A  1900 2004       .21B .61 
 102 SCB091A  1864 2001  .46  .44  .51 
 103 SCB092A  1861 1989  .46  .29A     
 104 SCB093A  1881 2002  .24B .46  .37 
 105 SCB097A  1881 1978  .41  .40      
 106 SCB100A  1866 2012  .70  .54  .44 
 107 SCB101A  1850 2004  .54  .53  .68 
 108 SCB102A  1842 1997  .54  .45      
 109 SCB104A  1882 1976  .58  .56      
 110 SCC004A  1943 2011            .33 
 114 SCC012A  1944 2012            .39 
 115 SCC013C  1937 2012            .28B
 116 SCC014C  1932 2012            .42 
 117 SCC015A  1937 2012            .57 
 118 SCC016A  1925 2012            .46 
 119 SCC021A  1929 2012            .58 
 120 SCC023A  1940 2012            .43 
 121 SCC024A  1942 2012            .41 
 122 SCC025A  1939 2012            .36 
 123 SCC030A  1947 2012            .39 
 125 SCC032A  1945 2012            .38 
 126 SCC033A  1945 2012            .24B
 127 SCC035A  1930 2012            .31A
 128 SCC040A  1930 2012            .27B
 129 SCC042A  1944 2012            .56 
 130 SCC045A  1940 2012            .24B
 131 SCC046A  1937 2001            .39 
 132 SCD001A  1888 1996  .49  .64      
 133 SCD002A  1919 2012       .50  .59 
 134 SCD003A  1930 2012            .61 
 135 SCD005A  1898 1992  .31A .30A     
 136 SCD007A  1930 2012            .53 
 137 SCD009A  1932 2012            .56 
 138 SCD010A  1927 2011            .59 
 139 SCD012A  1922 2012       .55  .60 
 140 SCD014A  1921 2012       .49  .54 
 141 SCD015A  1919 2012       .69  .59 
 142 SCD017A  1920 2012       .40  .36 
 143 SCD018A  1912 2012       .46  .54 
 144 SCD021C  1860 2012  .27A .49  .45 
 145 SCD022A  1904 2012       .36  .53 
 146 SCD025A  1920 2012       .48  .46 
 147 SCD026A  1872 1993  .18A .29A     
 148 SCD027A  1912 1985       .06B     
 149 SCD029A  1935 2012            .53 
 150 SCD031A  1938 2012            .42 
 151 SCD033A  1906 2012       .50  .69 
 152 SCD034A  1936 2012            .50 
 153 SCD035C  1909 2003       .66  .54 
 154 SCD037A  1873 2012  .40  .40  .53 
 155 SCD038A  1855 2012  .27B .36  .18B
 156 SCD039A  1875 2010  .47  .49  .53 
 157 SCD040A  1859 2012  .46  .39  .43 
 158 SCD041A  1871 2012  .12B .44  .54 
 159 SCD042A  1851 2011  .49  .39  .44 
 160 SCD043A  1856 2012  .29A .63  .61 
 161 SCD044A  1857 2012  .20B .39  .66 
 162 SCD045A  1898 2012  .25B .38  .45 
 163 SCD046C  1885 1992  .21B .47      
 164 SCD047A  1920 2012       .45  .45 
 165 SCD049A  1928 2011            .43 
 166 SCD050C  1870 2012  .30A .42  .55 
 167 SCD053A  1926 2012            .61 
 168 SCD055A  1931 2012            .60 
 169 SCD057A  1930 2012            .54 
 170 SCD058A  1880 2002  .34  .31A .36 
 171 SCD059C  1906 2000       .32A .45 
 172 SCD060A  1865 1991  .36  .47      
 173 SCD061A  1891 1993  .14B .07B     
 174 SCD063A  1929 2012            .67 
 175 SCD065A  1852 2012  .37  .30A .31A
 176 SCD066A  1878 2012  .44  .56  .52 
 177 SCD067C  1931 2012            .33B
 179 SCD070A  1919 2012       .54  .66 
 180 SCD072A  1900 2006       .33A .41 
 181 SCD074A  1902 2012       .46  .65 
 182 SCD075A  1905 2000       .36  .32A
 183 SCD076A  1896 1998  .34  .36      
 184 SCD077A  1919 2012       .55  .45 
 185 SCD078A  1923 2012       .43  .46 
 186 SCD079A  1927 2012            .34 
 187 SCD080A  1932 2012            .50 
 188 SCD081A  1929 2012            .48 
 189 SCD082A  1895 2008  .25B .58  .65 
 191 SCD084A  1881 1982  .30A .35      
 192 SCD086A  1929 2012            .49 
 193 SCD087A  1899 2012  .35  .36  .34 
 194 SCD089A  1898 2012  .34  .42  .44 
 195 SCE001A2 1937 2013            .49 
 197 SCE004A  1939 2013            .50 
 199 SCE006A  1929 2002            .22A
 200 SCE007A  1936 2010            .58 
 201 SCE009A2 1938 2013            .49 
 202 SCE011A2 1944 2013            .52 
 205 SCE015A2 1946 2013            .50 
 207 SCE017A  1943 2013            .51 
 208 SCE018A  1942 2013            .55 
 209 SCE019A2 1935 2013            .55 
 210 SCE020A  1948 2007            .43 
 211 SCE021A2 1934 2013            .46 
 212 SCE022A2 1946 2013            .47 
 213 SCE024A2 1901 2013       .44  .44 
 214 SCE025A2 1949 2003            .48 
 215 SCE026A2 1938 2013            .23B
 216 SCE027A2 1943 2013            .60 
 217 SCE028A  1933 2012            .62 
 218 SCE030A  1925 2013       .41  .44 
 219 SCE031A2 1946 2013            .35 
 220 SCE032A  1938 2010            .34 
 226 SCE038A1 1894 2013  .53  .29A .46 
 227 SCE040A  1904 2013       .26A .37 
 228 SCE041A2 1942 2013            .53 
 229 SCE042A  1949 2013            .55 
 230 SCE043A  1933 2013            .67 
 231 SCE044A  1935 2013            .64 
 232 SCE045A  1929 2013            .70 
 233 SCE046A2 1936 2013            .46 
 234 SCE047A  1947 2007            .25A
 235 SCE048A2 1935 2013            .41 
 236 SCE049A2 1912 2013       .30A .41 
 238 SCE052A2 1943 2013            .25A
 239 SCE053A2 1939 2013            .35 
 240 SCE054A2 1936 2013            .50 
 242 SCE056A2 1946 2013            .37 
 243 SCE057A2 1934 2013            .46 
 244 SCE058A2 1940 2013            .50 
 245 SCE059A2 1950 2013            .71 
 246 SCE060A2 1944 2013            .40 
 247 SCE061A2 1941 2013            .44 
 248 SCE063A2 1902 2013       .40  .43 
 249 SCE064A  1878 1985  .52  .31A     
 250 SCE065A2 1922 2013       .32A .29A
 251 SCE066A  1861 2000  .48  .32A .42 
 252 SCE067A  1854 1983  .27A .22A     
 253 SCE068A  1875 2000  .49  .41  .36 
 254 SCE069A2 1883 2012  .62  .40  .19B
 255 SCE070A  1930 2013            .48 
 256 SCE071A3 1928 2013            .44 
 257 SCE072A2 1938 2013            .23A
 258 SCE073A  1901 2013       .29A .22A
 259 SCE074A2 1932 2013            .50 
 260 SCE076A  1914 2013       .40  .51 
 261 SCE078A  1864 2013  .58  .59  .54 
 262 SCE079A  1929 2013            .41 
 263 SCE081A2 1893 2013  .32A .43  .43 
 264 SCE082A  1859 1984  .45  .29B     
 265 SCE083A2 1928 2013            .34 
 266 SCE084A  1925 2002            .34 
 267 SCE087A  1921 2000       .49  .35 
 268 SCE088A  1927 2003            .27B
 269 SCE089A2 1945 2013            .46 
 270 SCE090A2 1931 2013            .24A
 271 SCE091A2 1938 2013            .46 
 272 SCE092A2 1932 2013            .54 
 273 SCE093A  1945 2013            .54 
 274 SCE094A  1948 2013            .32A
 276 SCE097A  1932 2013            .65 
 277 SCE098A  1942 2013            .53 
 278 SCE099A2 1937 2013            .48 
 279 SCE100A  1942 2007            .55 
 280 SCE101A  1931 2013            .24B
 281 SCE102A2 1934 2010            .47 
 282 SCE103A2 1921 1996       .15B     
 284 SCE105A2 1940 2013            .26A
 285 SCE106A2 1938 2013            .30A
 286 SCE107A2 1939 2013            .54 
 287 SCE108A  1942 2013            .66 
 288 SCE109A2 1933 2013            .42 
 289 SCE110A2 1935 2013            .34 
 290 SCE111A  1933 2013            .50 
 291 SCE113A  1932 2013            .57 
 292 SCE114A2 1927 2013            .45 
 293 SCE115A2 1932 2013            .43B
 294 SCE116A  1927 2005            .21B
 295 SCE117A2 1935 2013            .39 
 296 SCE118A  1940 2013            .51 
 297 SCE119A2 1940 2013            .20A
 298 SCE120A  1931 2013            .35 
 299 SCE122A2 1942 2013            .32A
 300 SCE123A  1943 2013            .71 
 302 SCE126A  1948 2013            .23A
 303 SCE127A  1949 2013            .60 
 304 SCE128A2 1932 2013            .48 
 305 SCE129A2 1942 2013            .32A
 306 SCE131A  1949 2013            .40 
 307 SCE132A  1942 2013            .40 
 308 SCE133A  1943 2013            .46 
 309 SCE134A  1879 2006  .21B .14B .44 
 310 SCE135A  1937 2013            .34 
 311 SCE136A2 1933 2001            .05B
 312 SCE139A2 1930 2013            .60 
 313 SCE140A2 1939 2013            .56 
 316 SCE143A2 1944 2013            .45 
 318 SCE145A  1931 2013            .60 
 320 SCE148A  1923 1997       .28A     
 321 SCE149A  1939 2013            .45 
 322 SCE151A2 1943 2013            .64 
 323 SCE152A  1934 2013            .49 
 324 SCE153A2 1929 2013            .52 
 326 SCE155A2 1948 2013            .46 
 327 SCE156A  1853 1989  .34  .20B     
 328 SCE157A2 1941 2013            .47 
 329 SCE158A  1932 2013            .58 
 330 SCE159A  1934 2011            .34 
 331 SCE160A2 1943 2013            .49 
 332 SCE161A2 1937 2013            .56 
 333 SCE163A2 1929 2013            .56 
 334 SCE164A  1907 2013       .32A .18B
 335 SCE165A2 1902 2013       .33A .60 
 336 SCE166A  1877 2013  .36  .46  .62 
 337 SCE167A2 1876 2013  .23B .53  .67 
 338 SCE168A2 1937 2013            .40 
 340 SCE171A  1858 2013  .48  .48  .42 
 341 SCE172A  1932 2013            .56 
 342 SCE173A  1895 2013  .45  .42  .35 
 343 SCE174A2 1859 2013  .35  .46  .31A
 344 SCE175A2 1869 2013  .54  .44  .30B
 345 SCE176A2 1886 2013  .44  .56  .44 
 346 SCE177A  1896 2013  .51  .50  .52 
 348 SCE180A  1933 2013            .54 
 349 SCE181A  1922 2013       .52  .41 
 350 SCE182A  1931 2013            .46 
 351 SCE183A  1931 2013            .38 
 352 SCE184A2 1892 2002  .43  .54  .41 
 353 SCE185A2 1913 2013       .37  .24A
 354 SCE186A2 1924 2013            .61 
 355 SCE187A  1922 1986       .27A     
 356 SCE188A2 1942 2013            .52 
 357 SCE189A  1857 2013  .60  .54  .41 
 358 SCE191A2 1896 2013  .64  .45  .49 
 359 SCE194A2 1933 2013            .36 
 360 SCE196A2 1925 2013            .48 
 361 SCE197A2 1929 2013            .42 
 362 SCE198A  1938 2013            .58 
 363 SCE199A  1929 2013            .42 
 364 SCE200A  1943 2010            .50 
 365 SCE201A2 1941 2010            .42 
 366 SCF001A2 1938 2013            .52 
 367 SCF002A2 1945 2013            .38 
 368 SCF003A  1941 2013            .58 
 369 SCF004A  1940 2013            .64 
 370 SCF005A  1943 2013            .51 
 371 SCF006A2 1945 2013            .40 
 372 SCF007A2 1928 2013            .51 
 373 SCF008A2 1943 2013            .59 
 374 SCF009A  1945 2013            .53 
 375 SCF010A  1937 2013            .42 
 376 SCF011A  1937 2013            .35 
 378 SCF013A2 1946 2013            .55 
 380 SCF015A2 1944 2013            .64 
 381 SCF016A2 1944 2013            .63 
 382 SCF017A  1946 2013            .39 
 383 SCF018A  1934 2013            .30A
 384 SCF020A2 1937 2013            .62 
 385 SCF021A  1943 2013            .65 
 386 SCF022A2 1936 2013            .34 
 387 SCF023A2 1940 2013            .33B
 388 SCF024A  1947 2013            .40 
 390 SCF026A2 1939 2013            .23A
 391 SCF027A  1931 2013            .43 
 392 SCF028A2 1941 2013            .48 
 393 SCF029A  1945 2013            .43 
 394 SCF030A2 1932 2013            .51 
 395 SCF031A  1938 2013            .41 
 396 SCF032A  1939 2013            .57 
 397 SCF036A  1926 2013            .30A
 398 SCG001A  1926 2013            .52 
 399 SCG002A  1928 2013            .19B
 400 SCG003A2 1909 2013       .31B .28A
 401 SCG004A  1922 2013       .56  .44 
 402 SCG005A2 1860 2013  .45  .40  .31B
 403 SCG006A  1925 2013            .41 
 404 SCG007A  1931 2013            .55 
 405 SCG008A  1923 2011       .33A .30A
 406 SCG009A  1928 2013            .57 
 407 SCG010A  1878 2013  .62  .48  .52 
 408 SCG011A2 1911 2013       .28A .43 
 410 SCG013A  1929 2013            .34 
 411 SCG014A2 1927 2013            .33A
 412 SCG015A  1911 2013       .36  .47B
 413 SCG016A  1927 2013            .29A
 414 SCG017A2 1901 2013       .51  .57 
 415 SCG018A2 1921 2013       .38  .41 
 416 SCG019A2 1916 2013       .39  .36 
 417 SCG020A  1924 2013            .26B
 418 SCG021A2 1922 2013       .22A .27A
 419 SCG022A2 1923 2013       .51  .50 
 420 SCG023A  1894 2013  .46  .47  .42 
 421 SCG025A  1927 2013            .35 
 422 SCG027A2 1928 2013            .30A
 423 SCG028A  1923 2013       .50  .38 
 424 SCG029A2 1930 2013            .43 
 425 SCG030A  1906 2013       .42  .36 
 426 SCG031A  1929 2013            .42B
 427 SCG032A  1924 2013       .37  .38 
 428 SCG033A  1928 2013            .34 
 429 SCG035A2 1921 2013       .45  .47 
 430 SCTE01A  1855 1995  .38  .29A     
 431 SCTE02A  1861 2012  .41  .54  .65 
 432 SCTE03A2 1879 2012  .43  .48  .61 
 433 SCTE05A2 1893 2012  .56  .42  .36 
 434 SCTE06A  1861 2012  .50  .55  .71 
 435 SCTE07A  1884 2012  .55  .45  .55 
 436 SCTE08A  1856 2012  .31A .36  .54 
 437 SCTE09A  1876 2012  .16B .31A .38 
 438 SCTE11A  1866 2012  .31A .41  .52 
 439 SCTE12A2 1873 2012  .66  .48  .56 
 440 SCTE13A  1865 2012  .44  .52  .51 
 441 SCTE14A  1925 2012            .62 
 442 SCTN02A  1884 2012  .57  .54  .59 
 443 SCTN03A  1875 2012  .57  .52  .64 
 444 SCTN04A  1878 2012  .36  .41  .56 
 445 SCTN06A  1850 2012  .50  .35  .52 
 Av segment correlation  .41  .42  .46 

 FLAGGED SEGMENTS: cana557
-----------------------------------------------------------------------------------------------------------------------------------
 Seq Series   Segment    Flag  r dated  Best lag  r at lag   Gain  Note
 --- -------- ---------  ----  -------  --------  --------  -----  -----------------
  14 SCA023A  1950 1999     A     .267         0
  15 SCA024A  1925 1974     A     .282         0
  24 SCA036A  1925 1974     A     .283         0
  24 SCA036A  1950 1999     B     .230         3      .247   .017  weak at every lag
  26 SCA040A  1925 1974     A     .291         0
  28 SCA042A  1950 1999     B     .243        -3      .468   .225
  32 SCA047A  1950 1999     A     .325         0
  37 SCA052A  1950 1999     A     .237         0
  38 SCA053A  1950 1999     A     .306         0
  44 SCB007A  1900 1949     B     .267        -1      .468   .201
  45 SCB009A  1900 1949     B     .311        10      .327   .017  weak at every lag
  52 SCB019A  1925 1974     B     .310         5      .445   .135
  55 SCB023A  1900 1949     B     .300        -9      .316   .016  weak at every lag
  55 SCB023A  1925 1974     B     .218        -9      .339   .121
  56 SCB024A  1900 1949     A     .277         0
  58 SCB026A  1925 1974     A     .237         0
  65 SCB036A  1900 1949     A     .304         0
  65 SCB036A  1925 1974     A     .274         0
  66 SCB037A  1900 1949     B     .349         4      .382   .033
  66 SCB037A  1925 1974     A     .271         0
  67 SCB039A  1900 1949     B     .253         1      .368   .115
  69 SCB041A  1925 1974     B     .228        -9      .278   .050  weak at every lag
  69 SCB041A  1950 1999     B     .244         3      .266   .023  weak at every lag
  71 SCB043A  1925 1974     B     .226         8      .250   .024  weak at every lag
  71 SCB043A  1950 1999     A     .290         0
  74 SCB048A  1900 1949     A     .303         0
  75 SCB049A  1900 1949     B     .300        -1      .302   .002  weak at every lag
  77 SCB051C  1900 1949     A     .277         0
  82 SCB058A  1925 1974     A     .242         0
  83 SCB059A  1900 1949     B     .291        -8      .292   .001  weak at every lag
  86 SCB063A  1900 1949     A     .284         0
  87 SCB064A  1900 1949     B     .251        -8      .262   .011  weak at every lag
  91 SCB069A  1925 1974     A     .295         0
  92 SCB070A  1900 1949     B     .093        -9      .240   .147  weak at every lag
  94 SCB072A  1900 1949     A     .296         0
 100 SCB088A  1925 1974     A     .175         0
 101 SCB089A  1925 1974     B     .212        -9      .304   .092  weak at every lag
 103 SCB092A  1925 1974     A     .290         0
 104 SCB093A  1900 1949     B     .243        -4      .317   .074  weak at every lag
 115 SCC013C  1950 1999     B     .277       -10      .315   .038  weak at every lag
 126 SCC033A  1950 1999     B     .239         3      .274   .035  weak at every lag
 127 SCC035A  1950 1999     A     .312         0
 128 SCC040A  1950 1999     B     .269         3      .319   .049  weak at every lag
 130 SCC045A  1950 1999     B     .242         4      .267   .025  weak at every lag
 135 SCD005A  1900 1949     A     .309         0
 135 SCD005A  1925 1974     A     .295         0
 144 SCD021C  1900 1949     A     .270         0
 147 SCD026A  1900 1949     A     .182         0
 147 SCD026A  1925 1974     A     .287         0
 148 SCD027A  1925 1974     B     .061        -3      .318   .256  weak at every lag
 155 SCD038A  1900 1949     B     .266         1      .281   .015  weak at every lag
 155 SCD038A  1950 1999     B     .178        -8      .189   .011  weak at every lag
 158 SCD041A  1900 1949     B     .122         1      .287   .164  weak at every lag
 160 SCD043A  1900 1949     A     .285         0
 161 SCD044A  1900 1949     B     .200         8      .328   .128
 162 SCD045A  1900 1949     B     .254         8      .383   .130
 163 SCD046C  1900 1949     B     .209        -9      .338   .129
 166 SCD050C  1900 1949     A     .303         0
 170 SCD058A  1925 1974     A     .315         0
 171 SCD059C  1925 1974     A     .325         0
 173 SCD061A  1900 1949     B     .140        -1      .284   .144  weak at every lag
 173 SCD061A  1925 1974     B     .073        -4      .216   .144  weak at every lag
 175 SCD065A  1925 1974     A     .296         0
 175 SCD065A  1950 1999     A     .310         0
 177 SCD067C  1950 1999     B     .332         2      .343   .011
 180 SCD072A  1925 1974     A     .326         0
 182 SCD075A  1950 1999     A     .322         0
 189 SCD082A  1900 1949     B     .254       -10      .303   .048  weak at every lag
 191 SCD084A  1900 1949     A     .297         0
 199 SCE006A  1950 1999     A     .222         0
 215 SCE026A2 1950 1999     B     .234         3      .264   .030  weak at every lag
 226 SCE038A1 1925 1974     A     .289         0
 227 SCE040A  1925 1974     A     .260         0
 234 SCE047A  1950 1999     A     .249         0
 236 SCE049A2 1925 1974     A     .303         0
 238 SCE052A2 1950 1999     A     .251         0
 249 SCE064A  1925 1974     A     .306         0
 250 SCE065A2 1925 1974     A     .320         0
 250 SCE065A2 1950 1999     A     .289         0
 251 SCE066A  1925 1974     A     .316         0
 252 SCE067A  1900 1949     A     .268         0
 252 SCE067A  1925 1974     A     .222         0
 254 SCE069A2 1950 1999     B     .193        -3      .256   .063  weak at every lag
 257 SCE072A2 1950 1999     A     .230         0
 258 SCE073A  1925 1974     A     .287         0
 258 SCE073A  1950 1999     A     .225         0
 263 SCE081A2 1900 1949     A     .324         0
 264 SCE082A  1925 1974     B     .288         4      .307   .019  weak at every lag
 268 SCE088A  1950 1999     B     .271        -7      .344   .073
 270 SCE090A2 1950 1999     A     .235         0
 274 SCE094A  1950 1999     A     .316         0
 280 SCE101A  1950 1999     B     .236         7      .283   .047  weak at every lag
 282 SCE103A2 1925 1974     B     .152         4      .261   .109  weak at every lag
 284 SCE105A2 1950 1999     A     .256         0
 285 SCE106A2 1950 1999     A     .296         0
 293 SCE115A2 1950 1999     B     .431         3      .484   .053
 294 SCE116A  1950 1999     B     .214         3      .246   .031  weak at every lag
 297 SCE119A2 1950 1999     A     .202         0
 299 SCE122A2 1950 1999     A     .320         0
 302 SCE126A  1950 1999     A     .228         0
 305 SCE129A2 1950 1999     A     .317         0
 309 SCE134A  1900 1949     B     .206        -3      .374   .168
 309 SCE134A  1925 1974     B     .136         2      .152   .016  weak at every lag
 311 SCE136A2 1950 1999     B     .048         7      .333   .285
 320 SCE148A  1925 1974     A     .283         0
 327 SCE156A  1925 1974     B     .202        -3      .252   .050  weak at every lag
 334 SCE164A  1925 1974     A     .318         0
 334 SCE164A  1950 1999     B     .182        10      .244   .063  weak at every lag
 335 SCE165A2 1925 1974     A     .328         0
 337 SCE167A2 1900 1949     B     .233        -5      .347   .114
 343 SCE174A2 1950 1999     A     .311         0
 344 SCE175A2 1950 1999     B     .296        -1      .318   .023  weak at every lag
 353 SCE185A2 1950 1999     A     .238         0
 355 SCE187A  1925 1974     A     .271         0
 383 SCF018A  1950 1999     A     .304         0
 387 SCF023A2 1950 1999     B     .334         7      .341   .007
 390 SCF026A2 1950 1999     A     .234         0
 397 SCF036A  1950 1999     A     .303         0
 399 SCG002A  1950 1999     B     .189        -9      .247   .058  weak at every lag
 400 SCG003A2 1925 1974     B     .307         8      .341   .034
 400 SCG003A2 1950 1999     A     .280         0
 402 SCG005A2 1950 1999     B     .309       -10      .379   .070
 405 SCG008A  1925 1974     A     .328         0
 405 SCG008A  1950 1999     A     .297         0
 408 SCG011A2 1925 1974     A     .283         0
 411 SCG014A2 1950 1999     A     .328         0
 412 SCG015A  1950 1999     B     .470        -3      .471   .001
 413 SCG016A  1950 1999     A     .288         0
 417 SCG020A  1950 1999     B     .259        -3      .383   .123
 418 SCG021A2 1925 1974     A     .217         0
 418 SCG021A2 1950 1999     A     .271         0
 422 SCG027A2 1950 1999     A     .300         0
 426 SCG031A  1950 1999     B     .420        -3      .442   .022
 430 SCTE01A  1925 1974     A     .288         0
 436 SCTE08A  1900 1949     A     .306         0
 437 SCTE09A  1900 1949     B     .157         8      .380   .223
 437 SCTE09A  1925 1974     A     .308         0
 438 SCTE11A  1900 1949     A     .306         0

 DESCRIPTIVE STATISTICS: cana557
-----------------------------------------------------------------------------------------------------------------------------------

                                                Corr   //-------- Unfiltered --------\\  //-- dplR filtered --\\
                           No.    No.    No.    with   Mean   Max     Std   Auto   Mean   Max     Std   Auto  AR
 Seq Series   Interval   Years  Segmt  Flags   Master  msmt   msmt    dev   corr   sens  value    dev   corr  ()
 --- -------- ---------  -----  -----  -----   ------ -----  -----  -----  -----  -----  -----  -----  -----  --
   1 SCA001A  1963 2001     39      0      0    .171    .85   1.87   .346   .952   .121   1.28   .122  -.016   1
   2 SCA002A  1940 1990     51      0      0    .331    .53   1.44   .334   .942   .185   1.29   .168   .065   0
   3 SCA003A  1945 1995     51      0      0    .290    .67   1.47   .490   .980   .134   1.42   .148   .007   1
   4 SCA005A  1950 2012     63      0      0    .597    .36   1.01   .212   .934   .169   1.41   .163  -.019   1
   5 SCA006C  1942 2010     69      1      0    .439    .42   1.33   .317   .963   .175   1.45   .163   .009   2
   6 SCA007A  1932 2012     81      1      0    .278    .45   1.75   .517   .974   .170   1.59   .182  -.001   1
   7 SCA009A  1926 2012     87      1      0    .458    .46   1.32   .303   .896   .181   1.38   .168   .062   1
   8 SCA014A  1922 2006     85      2      0    .390    .50   1.46   .437   .975   .157   1.45   .151   .027   1
   9 SCA015A  1927 2012     86      1      0    .475    .44   1.34   .318   .948   .193   1.49   .174  -.018   1
  10 SCA017A  1927 2012     86      1      0    .440    .44   1.47   .369   .958   .190   1.71   .176  -.020   0
  11 SCA018A  1933 2012     80      1      0    .665    .48   1.17   .263   .906   .206   1.53   .184   .053   0
  12 SCA019A  1926 2012     87      1      0    .479    .34   1.02   .265   .961   .181   1.40   .167   .081   0
  13 SCA022A  1925 2012     88      2      0    .432    .29    .98   .282   .961   .205   1.46   .196   .102   0
  14 SCA023A  1929 2012     84      1      1    .416    .33   1.14   .276   .916   .215   1.88   .242  -.010   1
  15 SCA024A  1922 2012     91      2      1    .427    .33   1.06   .254   .899   .195   1.55   .184  -.055   0
  16 SCA025A  1942 2012     71      1      0    .473    .40    .81   .195   .939   .148   1.50   .162  -.005   1
  17 SCA027A  1921 2011     91      2      0    .497    .33    .79   .176   .907   .175   1.45   .151   .021   2
  18 SCA028A  1912 2012    101      2      0    .496    .31    .96   .187   .905   .204   1.71   .195  -.027   0
  19 SCA029A  1921 2011     91      2      0    .558    .35   1.14   .194   .925   .168   1.50   .170   .133   0
  20 SCA030A  1916 2012     97      2      0    .479    .44   1.30   .343   .954   .211   1.57   .214   .099   0
  21 SCA031A  1924 2003     80      2      0    .354    .46   1.23   .192   .843   .162   1.72   .168  -.007   1
  22 SCA034A  1920 2012     93      2      0    .405    .35   1.23   .276   .959   .188   1.35   .173   .019   0
  23 SCA035A  1932 2011     80      1      0    .637    .37   1.36   .240   .941   .176   1.31   .163   .104   0
  24 SCA036A  1923 2012     90      2      2    .363    .36    .95   .245   .950   .182   1.45   .169   .007   1
  25 SCA037A  1933 2012     80      1      0    .424    .39   1.46   .359   .966   .190   1.49   .192  -.013   1
  26 SCA040A  1918 1994     77      1      1    .217    .45   1.27   .342   .960   .180   1.60   .190  -.120   3
  27 SCA041A  1919 2012     94      2      0    .644    .50   1.82   .375   .954   .185   1.42   .171  -.012   1
  28 SCA042A  1918 2012     95      2      1    .402    .36   1.22   .221   .938   .179   1.56   .179  -.019   2
  29 SCA043A  1918 2010     93      2      0    .377    .35   1.57   .333   .954   .211   1.65   .208   .146   0
  30 SCA044A  1901 2011    111      2      0    .431    .26    .94   .203   .948   .195   1.44   .180  -.012   1
  31 SCA045A  1911 1997     87      1      0    .323    .50   1.11   .291   .926   .153   1.43   .148   .076   0
  32 SCA047A  1929 2002     74      1      1    .301    .42   1.20   .325   .947   .207   1.50   .195  -.009   1
  33 SCA048A  1933 2001     69      1      0    .349    .44   1.99   .443   .949   .204   1.85   .222   .048   1
  34 SCA049A  1944 2009     66      1      0    .527    .53   1.84   .393   .909   .205   1.41   .186   .152   0
  35 SCA050A  1947 2000     54      1      0    .394    .79   1.65   .370   .930   .156   1.27   .143   .009   1
  36 SCA051C  1939 2007     69      1      0    .363    .72   2.94   .803   .966   .191   1.61   .191  -.011   3
  37 SCA052A  1944 2002     59      1      1    .206    .70   1.93   .489   .938   .178   1.59   .198   .070   1
  38 SCA053A  1948 2011     64      1      1    .273    .47   1.13   .242   .868   .164   1.32   .148   .053   0
  39 SCB001A  1862 2012    151      3      0    .494    .33    .74   .128   .842   .175   1.54   .168  -.035   0
  40 SCB002A  1851 2011    161      3      0    .549    .22    .89   .139   .924   .225   1.74   .223  -.021   1
  41 SCB004A  1856 2011    156      3      0    .467    .25    .66   .134   .860   .228   1.77   .233   .010   3
  42 SCB005A  1884 2012    129      3      0    .449    .23    .66   .113   .885   .190   1.40   .160  -.077   0
  43 SCB006A  1860 2012    153      3      0    .576    .22    .58   .113   .871   .207   1.68   .208  -.005   2
  44 SCB007A  1879 2011    133      3      1    .434    .24    .77   .114   .702   .233   2.19   .264  -.005   3
  45 SCB009A  1866 2012    147      3      1    .307    .21    .53   .109   .892   .228   1.51   .217  -.007   2
  46 SCB010A  1866 2012    147      3      0    .626    .30    .62   .122   .840   .187   1.53   .186  -.007   1
  47 SCB012A  1904 2012    109      2      0    .503    .24    .49   .076   .437   .264   1.65   .239   .071   0
  48 SCB015A  1862 2011    150      3      0    .511    .28    .85   .107   .752   .211   1.71   .201   .024   1
  49 SCB016A  1923 2012     90      2      0    .579    .31    .71   .141   .909   .145   1.41   .154   .067   1
  50 SCB017A  1859 2012    154      3      0    .470    .22    .67   .103   .836   .200   1.71   .210   .015   1
  51 SCB018A  1872 2012    141      3      0    .630    .24    .71   .101   .706   .249   1.74   .241  -.010   1
  52 SCB019A  1870 2012    143      3      1    .414    .21    .69   .089   .675   .206   1.72   .201   .068   0
  53 SCB021A  1874 2011    138      3      0    .511    .27    .96   .135   .875   .181   1.45   .182   .000   2
  54 SCB022C  1852 1994    143      2      0    .434    .30   1.40   .284   .946   .189   1.65   .188   .023   1
  55 SCB023A  1862 2009    148      3      2    .371    .20   1.01   .157   .899   .229   1.53   .213  -.004   1
  56 SCB024A  1882 2010    129      3      1    .473    .25    .55   .090   .756   .221   2.06   .231   .015   3
  57 SCB025A  1864 2011    148      3      0    .483    .28    .57   .135   .888   .182   1.52   .197   .079   1
  58 SCB026A  1872 1994    123      2      1    .441    .35   1.00   .167   .811   .189   2.22   .268   .084   1
  59 SCB027A  1867 2012    146      3      0    .469    .25    .66   .106   .857   .176   1.59   .175  -.006   1
  60 SCB028A  1879 2011    133      3      0    .550    .27    .56   .078   .731   .177   1.49   .175   .011   1
  61 SCB030A  1861 2012    152      3      0    .525    .23    .71   .106   .818   .223   1.57   .210   .002   2
  62 SCB033A  1878 2012    135      3      0    .451    .24    .59   .097   .674   .204   2.80   .257  -.029   1
  63 SCB034A  1870 2012    143      3      0    .587    .25    .54   .102   .871   .198   1.58   .188   .014   1
  64 SCB035A  1865 2012    148      3      0    .530    .20    .65   .096   .840   .207   1.71   .203   .001   2
  65 SCB036A  1843 2009    167      3      2    .293    .17    .50   .098   .924   .192   1.54   .186  -.017   1
  66 SCB037A  1896 2011    116      3      2    .454    .24    .53   .077   .772   .173   1.49   .177   .028   1
  67 SCB039A  1858 2012    155      3      1    .431    .23    .99   .167   .945   .202   1.74   .215   .038   2
  68 SCB040A  1906 2012    107      2      0    .658    .33    .83   .111   .589   .196   1.81   .202   .015   1
  69 SCB041A  1864 2009    146      3      2    .380    .24    .80   .134   .887   .204   1.77   .213  -.020   1
  70 SCB042A  1860 2012    153      3      0    .537    .28    .90   .142   .854   .253   1.58   .224  -.053   0
  71 SCB043A  1852 2012    161      3      2    .487    .33   1.09   .184   .894   .205   1.92   .201   .044   0
  72 SCB044A  1860 2010    151      3      0    .592    .20   1.10   .190   .957   .215   1.80   .200  -.019   0
  73 SCB046C  1863 2012    150      3      0    .609    .26    .68   .157   .937   .195   1.48   .193  -.014   1
  74 SCB048A  1860 2012    153      3      1    .523    .23   1.02   .196   .951   .205   1.80   .200   .010   1
  75 SCB049A  1884 2012    129      3      1    .441    .24    .43   .081   .687   .193   1.49   .186   .113   0
  76 SCB050A  1859 2009    151      3      0    .446    .19   1.28   .231   .952   .234   1.84   .243  -.008   1
  77 SCB051C  1854 2012    159      3      1    .515    .22    .58   .100   .849   .202   1.62   .187   .026   0
  78 SCB052A  1863 2006    144      3      0    .453    .21    .38   .056   .552   .195   1.59   .197   .022   1
  79 SCB053A  1867 2012    146      3      0    .537    .15    .47   .072   .855   .184   1.63   .185   .007   2
  80 SCB056C  1893 2011    119      3      0    .477    .25    .58   .100   .773   .206   1.73   .225  -.048   1
  81 SCB057A  1881 2006    126      3      0    .391    .29    .65   .127   .837   .192   1.56   .193   .004   1
  82 SCB058A  1862 2012    151      3      1    .483    .21    .65   .102   .765   .271   1.85   .276  -.003   1
  83 SCB059A  1881 2012    132      3      1    .332    .32    .60   .117   .539   .301   1.84   .285   .028   1
  84 SCB061A  1891 2012    122      3      0    .436    .26    .62   .121   .846   .186   1.50   .188   .060   1
  85 SCB062A  1878 2012    135      3      0    .662    .37    .87   .136   .695   .201   1.62   .200  -.029   1
  86 SCB063A  1870 2012    143      3      1    .523    .26    .64   .104   .655   .233   2.31   .245   .020   1
  87 SCB064A  1858 2012    155      3      1    .584    .19    .65   .087   .701   .251   1.83   .247   .103   0
  88 SCB065A  1869 2012    144      3      0    .575    .33    .92   .149   .846   .191   1.58   .192  -.004   1
  89 SCB066A  1929 2012     84      1      0    .516    .29   1.06   .178   .686   .276   2.68   .342  -.012   3
  90 SCB067A  1878 2012    135      3      0    .521    .32    .66   .102   .591   .223   1.85   .217   .024   1
  91 SCB069A  1859 2007    149      3      1    .488    .23   1.08   .171   .874   .230   1.63   .236   .005   1
  92 SCB070A  1895 1996    102      2      1    .250    .37   1.38   .283   .948   .187   1.76   .172  -.100   0
  93 SCB071A  1867 2010    144      3      0    .580    .23    .56   .119   .901   .183   1.55   .177   .094   0
  94 SCB072A  1891 2012    122      3      1    .318    .26    .49   .113   .879   .191   1.88   .207   .031   1
  95 SCB073A  1863 2011    149      3      0    .493    .21    .93   .156   .935   .206   1.65   .200  -.012   1
  96 SCB075A  1858 2012    155      3      0    .380    .20    .76   .111   .858   .223   2.45   .259  -.020   1
  97 SCB076A  1862 2007    146      3      0    .402    .24    .69   .128   .861   .216   1.55   .202   .019   0
  98 SCB079A  1872 2012    141      3      0    .485    .27    .65   .116   .828   .205   1.49   .208  -.006   1
  99 SCB087C  1852 1996    145      2      0    .365    .23   1.17   .199   .923   .241   1.64   .241  -.017   1
 100 SCB088A  1863 2002    140      3      1    .471    .25    .77   .143   .842   .213   1.71   .217  -.024   1
 101 SCB089A  1900 2004    105      2      1    .374    .40    .93   .131   .431   .249   2.18   .278  -.013   1
 102 SCB091A  1864 2001    138      3      0    .483    .25    .73   .091   .715   .205   1.71   .194   .108   0
 103 SCB092A  1861 1989    129      2      1    .547    .30    .71   .129   .817   .202   1.64   .200  -.021   3
 104 SCB093A  1881 2002    122      3      1    .303    .33    .99   .162   .754   .213   3.57   .349   .302   1
 105 SCB097A  1881 1978     98      2      0    .411    .27    .51   .106   .870   .178   1.42   .177   .027   1
 106 SCB100A  1866 2012    147      3      0    .591    .29    .70   .156   .903   .182   1.62   .186  -.001   1
 107 SCB101A  1850 2004    155      3      0    .568    .30    .50   .071   .427   .202   1.49   .190  -.001   1
 108 SCB102A  1842 1997    156      2      0    .380    .26    .99   .176   .901   .183   1.74   .195  -.003   1
 109 SCB104A  1882 1976     95      2      0    .562    .35    .83   .110   .595   .214   1.46   .211  -.002   2
 110 SCC004A  1943 2011     69      1      0    .385    .44   1.08   .250   .929   .174   1.52   .190   .020   2
 111 SCC008A  1954 2008     55      0      0    .298    .63   1.97   .511   .948   .164   1.47   .163  -.000   2
 112 SCC009A  1949 1996     48      0      0    .064    .70   1.71   .443   .901   .224   2.06   .266   .124   1
 113 SCC010A  1952 2008     57      0      0    .279    .62   1.80   .570   .983   .147   1.54   .173   .096   1
 114 SCC012A  1944 2012     69      1      0    .457    .45   1.08   .330   .959   .222   1.49   .211  -.003   1
 115 SCC013C  1937 2012     76      1      1    .326    .35    .68   .150   .829   .182   1.58   .194  -.024   1
 116 SCC014C  1932 2012     81      1      0    .340    .32   1.06   .255   .951   .175   1.99   .202   .059   1
 117 SCC015A  1937 2012     76      1      0    .586    .38    .72   .122   .843   .152   1.44   .151  -.012   1
 118 SCC016A  1925 2012     88      1      0    .405    .63   1.44   .429   .944   .192   1.73   .227   .029   1
 119 SCC021A  1929 2012     84      1      0    .431    .48   2.32   .519   .954   .281   1.94   .307   .112   1
 120 SCC023A  1940 2012     73      1      0    .425    .44   1.63   .424   .943   .262   1.84   .313  -.036   3
 121 SCC024A  1942 2012     71      1      0    .384    .47   1.88   .464   .952   .169   1.54   .195   .040   1
 122 SCC025A  1939 2012     74      1      0    .314    .38   1.57   .423   .986   .186   1.36   .189  -.073   1
 123 SCC030A  1947 2012     66      1      0    .541    .44   1.02   .248   .949   .146   1.44   .162  -.042   1
 124 SCC031A  1950 2012     63      0      0    .417    .46   1.23   .278   .947   .166   1.72   .208   .027   1
 125 SCC032A  1945 2012     68      1      0    .473    .45   1.64   .359   .953   .192   1.58   .204  -.014   1
 126 SCC033A  1945 2012     68      1      1    .305    .40   1.33   .314   .875   .222   2.57   .286   .041   2
 127 SCC035A  1930 2012     83      1      1    .333    .45   1.97   .517   .958   .221   1.77   .237  -.027   1
 128 SCC040A  1930 2012     83      1      1    .307    .45   1.54   .394   .968   .183   1.74   .214   .041   1
 129 SCC042A  1944 2012     69      1      0    .521    .46   1.55   .362   .938   .231   2.04   .297  -.065   3
 130 SCC045A  1940 2012     73      1      1    .320    .37   1.51   .331   .952   .193   1.78   .211   .003   2
 131 SCC046A  1937 2001     65      1      0    .217    .60   2.90   .635   .933   .204   1.82   .245   .009   1
 132 SCD001A  1888 1996    109      2      0    .421    .47   1.01   .268   .945   .160   1.57   .172  -.017   2
 133 SCD002A  1919 2012     94      2      0    .561    .41   1.78   .328   .959   .175   1.57   .164   .005   2
 134 SCD003A  1930 2012     83      1      0    .650    .35   1.08   .229   .932   .182   1.47   .180   .151   0
 135 SCD005A  1898 1992     95      2      2    .298    .76   1.77   .406   .886   .180   1.72   .194   .015   1
 136 SCD007A  1930 2012     83      1      0    .582    .45   1.37   .313   .931   .183   1.39   .171   .073   1
 137 SCD009A  1932 2012     81      1      0    .514    .34   1.24   .316   .954   .242   2.17   .242   .019   1
 138 SCD010A  1927 2011     85      1      0    .563    .36   1.02   .222   .929   .174   1.33   .177  -.018   3
 139 SCD012A  1922 2012     91      2      0    .614    .46   1.18   .303   .956   .154   1.44   .160   .032   1
 140 SCD014A  1921 2012     92      2      0    .491    .42    .98   .173   .855   .147   1.66   .186   .029   1
 141 SCD015A  1919 2012     94      2      0    .572    .35   1.71   .301   .952   .178   1.70   .194  -.028   1
 142 SCD017A  1920 2012     93      2      0    .449    .34   1.53   .303   .976   .171   1.44   .176  -.019   3
 143 SCD018A  1912 2012    101      2      0    .539    .39   1.85   .369   .949   .159   1.45   .158  -.031   1
 144 SCD021C  1860 2012    153      3      1    .396    .39   1.71   .311   .909   .209   2.20   .244   .027   1
 145 SCD022A  1904 2012    109      2      0    .439    .28    .90   .224   .938   .188   1.55   .200  -.017   1
 146 SCD025A  1920 2012     93      2      0    .274    .36    .63   .131   .814   .157   2.73   .237   .131   0
 147 SCD026A  1872 1993    122      2      2    .340    .36   1.00   .202   .896   .215   1.59   .200   .024   2
 148 SCD027A  1912 1985     74      1      1    .046    .45   1.04   .311   .892   .272   1.87   .274   .027   1
 149 SCD029A  1935 2012     78      1      0    .523    .41    .83   .101   .763   .139   1.27   .139  -.025   1
 150 SCD031A  1938 2012     75      1      0    .462    .38   1.02   .200   .843   .226   1.55   .192  -.003   0
 151 SCD033A  1906 2012    107      2      0    .523    .51   1.30   .344   .930   .181   1.54   .187  -.014   1
 152 SCD034A  1936 2012     77      1      0    .603    .42   1.13   .192   .901   .185   1.77   .195   .126   0
 153 SCD035C  1909 2003     95      2      0    .568    .42   1.54   .398   .965   .149   1.42   .155   .074   1
 154 SCD037A  1873 2012    140      3      0    .512    .41    .85   .179   .861   .195   1.55   .185   .011   1
 155 SCD038A  1855 2012    158      3      2    .373    .25    .79   .171   .949   .187   1.44   .163  -.027   0
 156 SCD039A  1875 2010    136      3      0    .497    .25    .51   .108   .759   .240   1.66   .231  -.035   3
 157 SCD040A  1859 2012    154      3      0    .463    .60   1.38   .321   .928   .152   1.49   .163   .008   1
 158 SCD041A  1871 2012    142      3      1    .438    .35    .88   .166   .829   .207   1.63   .202  -.003   1
 159 SCD042A  1851 2011    161      3      0    .532    .27    .94   .180   .922   .226   1.76   .220  -.021   3
 160 SCD043A  1856 2012    157      3      1    .490    .21    .74   .121   .885   .203   2.04   .221  -.032   3
 161 SCD044A  1857 2012    156      3      1    .451    .30    .85   .182   .879   .218   1.84   .229   .015   1
 162 SCD045A  1898 2012    115      3      1    .420    .32    .78   .213   .945   .180   1.33   .156  -.085   0
 163 SCD046C  1885 1992    108      2      1    .195    .31    .71   .176   .887   .199   1.61   .203   .004   1
 164 SCD047A  1920 2012     93      2      0    .494    .25    .47   .089   .729   .209   1.68   .216   .017   1
 165 SCD049A  1928 2011     84      1      0    .474    .38   1.14   .180   .796   .179   1.82   .211  -.001   1
 166 SCD050C  1870 2012    143      3      1    .374    .31    .85   .180   .879   .244   1.71   .217  -.054   0
 167 SCD053A  1926 2012     87      1      0    .610    .49   1.67   .403   .941   .192   1.67   .180  -.038   0
 168 SCD055A  1931 2012     82      1      0    .424    .40   1.01   .242   .937   .157   1.56   .155   .035   1
 169 SCD057A  1930 2012     83      1      0    .548    .28    .94   .250   .920   .219   1.70   .220   .004   3
 170 SCD058A  1880 2002    123      3      1    .294    .28    .63   .138   .871   .200   2.25   .246  -.056   3
 171 SCD059C  1906 2000     95      2      1    .266    .28    .94   .252   .969   .170   1.43   .176  -.008   1
 172 SCD060A  1865 1991    127      2      0    .416    .30    .81   .187   .913   .203   2.08   .216  -.035   1
 173 SCD061A  1891 1993    103      2      2    .103    .30    .63   .128   .797   .197   2.20   .242  -.027   2
 174 SCD063A  1929 2012     84      1      0    .699    .41    .95   .169   .857   .181   1.38   .164   .027   1
 175 SCD065A  1852 2012    161      3      2    .394    .50   2.03   .423   .940   .185   1.53   .200  -.006   1
 176 SCD066A  1878 2012    135      3      0    .535    .32    .98   .250   .946   .217   1.57   .205   .086   0
 177 SCD067C  1931 2012     82      1      1    .438    .32   1.07   .235   .940   .189   1.43   .188   .053   2
 178 SCD069A  1940 1991     52      0      0    .098    .70   1.51   .365   .814   .238   2.26   .284  -.035   1
 179 SCD070A  1919 2012     94      2      0    .583    .38   1.37   .257   .970   .149   1.41   .147   .154   0
 180 SCD072A  1900 2006    107      2      1    .374    .55   1.69   .475   .970   .168   1.76   .190   .026   1
 181 SCD074A  1902 2012    111      2      0    .679    .49   1.34   .318   .942   .170   1.33   .160   .035   1
 182 SCD075A  1905 2000     96      2      1    .177    .41    .87   .181   .802   .227   1.58   .204  -.002   3
 183 SCD076A  1896 1998    103      2      0    .280    .40   1.08   .231   .917   .168   1.52   .144  -.109   0
 184 SCD077A  1919 2012     94      2      0    .533    .46   1.15   .271   .911   .202   1.69   .219   .011   2
 185 SCD078A  1923 2012     90      2      0    .329    .50   2.20   .498   .956   .211   2.58   .273   .066   1
 186 SCD079A  1927 2012     86      1      0    .398    .35    .83   .141   .910   .133   1.26   .129   .014   1
 187 SCD080A  1932 2012     81      1      0    .550    .48   1.12   .275   .936   .179   1.46   .160  -.016   0
 188 SCD081A  1929 2012     84      1      0    .528    .40   1.22   .323   .954   .197   1.40   .185  -.007   1
 189 SCD082A  1895 2008    114      3      1    .470    .35   1.05   .221   .928   .169   1.46   .160  -.029   1
 190 SCD083A  1928 1995     68      0      0    .246    .37    .76   .198   .939   .161   1.27   .160   .085   1
 191 SCD084A  1881 1982    102      2      1    .333    .40    .76   .156   .860   .158   1.43   .163  -.014   1
 192 SCD086A  1929 2012     84      1      0    .480    .44   1.21   .229   .897   .190   1.38   .168   .066   0
 193 SCD087A  1899 2012    114      3      0    .367    .37    .86   .263   .962   .147   1.39   .150  -.017   1
 194 SCD089A  1898 2012    115      3      0    .478    .44    .93   .132   .714   .170   1.65   .189   .032   2
 195 SCE001A2 1937 2013     77      1      0    .400    .47   1.31   .287   .904   .192   1.38   .180   .005   1
 196 SCE002A  1927 1997     71      0      0    .337    .49   1.68   .418   .971   .186   1.53   .203  -.006   1
 197 SCE004A  1939 2013     75      1      0    .491    .52   1.36   .193   .804   .185   1.40   .192   .019   1
 198 SCE005A  1930 1998     69      0      0    .455    .48   1.58   .374   .925   .206   1.77   .248   .073   1
 199 SCE006A  1929 2002     74      1      1    .236    .37   1.69   .416   .943   .256   1.86   .240   .081   0
 200 SCE007A  1936 2010     75      1      0    .598    .58   2.04   .400   .918   .220   1.61   .226  -.031   1
 201 SCE009A2 1938 2013     76      1      0    .515    .60    .96   .180   .815   .149   1.39   .144  -.013   2
 202 SCE011A2 1944 2013     70      1      0    .543    .79   1.58   .428   .914   .169   1.63   .183  -.016   3
 203 SCE013A2 1958 2013     56      0      0    .250    .54    .83   .139   .641   .178   1.34   .158   .056   0
 204 SCE014A2 1953 2013     61      0      0    .556    .44    .83   .195   .897   .170   1.48   .155  -.027   0
 205 SCE015A2 1946 2013     68      1      0    .526    .41   1.25   .275   .955   .168   1.53   .190   .057   1
 206 SCE016A  1953 2013     61      0      0    .608    .47   1.13   .349   .932   .232   1.74   .243  -.043   1
 207 SCE017A  1943 2013     71      1      0    .547    .47    .91   .214   .844   .211   1.44   .202   .012   1
 208 SCE018A  1942 2013     72      1      0    .498    .48   1.46   .348   .954   .164   1.51   .160  -.043   1
 209 SCE019A2 1935 2013     79      1      0    .484    .52   1.22   .307   .945   .157   1.42   .152   .146   0
 210 SCE020A  1948 2007     60      1      0    .348    .67   1.57   .479   .944   .163   1.28   .149  -.019   1
 211 SCE021A2 1934 2013     80      1      0    .528    .39   2.00   .467   .980   .279   1.71   .265   .034   2
 212 SCE022A2 1946 2013     68      1      0    .384    .44   1.44   .336   .965   .134   1.41   .145  -.004   1
 213 SCE024A2 1901 2013    113      2      0    .269    .28    .77   .171   .895   .213   1.87   .232   .029   1
 214 SCE025A2 1949 2003     55      1      0    .511    .63   1.53   .351   .928   .155   1.24   .144   .154   0
 215 SCE026A2 1938 2013     76      1      1    .204    .41   1.07   .289   .967   .174   2.14   .212   .029   0
 216 SCE027A2 1943 2013     71      1      0    .623    .44   1.20   .303   .934   .192   1.59   .193  -.003   1
 217 SCE028A  1933 2012     80      1      0    .572    .50   1.25   .325   .941   .156   1.42   .155  -.014   2
 218 SCE030A  1925 2013     89      2      0    .362    .48   1.28   .336   .955   .187   1.52   .179   .103   0
 219 SCE031A2 1946 2013     68      1      0    .384    .44   1.13   .276   .939   .162   1.29   .151  -.045   3
 220 SCE032A  1938 2010     73      1      0    .225    .52   1.53   .378   .931   .218   1.40   .190  -.002   3
 221 SCE033A  1949 2009     61      0      0    .353    .57    .96   .229   .890   .160   1.33   .140  -.019   3
 222 SCE034A2 1963 2013     51      0      0    .661    .60   1.42   .272   .879   .224   1.37   .187  -.017   3
 223 SCE035A2 1951 2013     63      0      0    .495    .55   1.10   .167   .368   .248   2.14   .264  -.064   3
 224 SCE036A2 1973 2013     41      0      0    .468    .63   1.10   .196   .685   .205   1.62   .212  -.007   2
 225 SCE037A2 1951 2013     63      0      0    .414    .44    .78   .159   .733   .227   1.55   .219  -.042   1
 226 SCE038A1 1894 2013    120      3      1    .533    .70   1.92   .474   .946   .194   1.50   .190  -.018   3
 227 SCE040A  1904 2013    110      2      1    .456    .73   1.84   .457   .929   .188   1.58   .192   .069   1
 228 SCE041A2 1942 2013     72      1      0    .569    .54   1.13   .246   .867   .198   1.38   .204   .062   1
 229 SCE042A  1949 2013     65      1      0    .541    .54   1.11   .249   .856   .224   1.71   .237   .097   1
 230 SCE043A  1933 2013     81      1      0    .624    .50   1.00   .286   .950   .152   1.35   .152   .026   1
 231 SCE044A  1935 2013     79      1      0    .541    .45   1.02   .213   .888   .175   1.42   .179   .072   1
 232 SCE045A  1929 2013     85      1      0    .712    .65   1.91   .373   .925   .178   1.51   .175  -.018   1
 233 SCE046A2 1936 2013     78      1      0    .539    .40   1.11   .258   .935   .186   1.35   .168  -.003   1
 234 SCE047A  1947 2007     61      1      1    .055    .63   1.89   .499   .948   .230   1.58   .235   .086   2
 235 SCE048A2 1935 2013     79      1      0    .558    .39    .77   .150   .855   .168   1.63   .174  -.007   1
 236 SCE049A2 1912 2013    102      2      1    .450    .51   1.37   .320   .902   .197   1.47   .204   .004   1
 237 SCE051A  1953 2013     61      0      0    .459    .71   1.28   .248   .847   .170   1.34   .160  -.024   1
 238 SCE052A2 1943 2013     71      1      1    .344    .56   1.57   .302   .818   .182   1.87   .198   .054   0
 239 SCE053A2 1939 2013     75      1      0    .432    .36   1.32   .296   .942   .223   1.45   .206   .023   1
 240 SCE054A2 1936 2013     78      1      0    .465    .46   1.14   .236   .863   .197   1.45   .177  -.018   1
 241 SCE055A2 1952 2013     62      0      0    .294    .44    .85   .157   .781   .164   1.47   .143   .074   3
 242 SCE056A2 1946 2013     68      1      0    .392    .43    .82   .127   .841   .137   1.34   .130   .100   0
 243 SCE057A2 1934 2013     80      1      0    .362    .40   1.09   .248   .903   .199   1.83   .219   .019   1
 244 SCE058A2 1940 2013     74      1      0    .473    .40   1.05   .238   .924   .198   1.61   .205  -.068   3
 245 SCE059A2 1950 2013     64      1      0    .723    .43   1.06   .246   .943   .184   1.38   .172   .146   0
 246 SCE060A2 1944 2013     70      1      0    .437    .44   1.13   .246   .906   .192   1.53   .187  -.050   1
 247 SCE061A2 1941 2013     73      1      0    .505    .45   1.04   .317   .929   .226   1.38   .178  -.014   1
 248 SCE063A2 1902 2013    112      2      0    .346    .33    .76   .214   .923   .220   1.94   .224  -.011   3
 249 SCE064A  1878 1985    108      2      1    .338    .40    .93   .182   .850   .181   1.99   .208   .025   3
 250 SCE065A2 1922 2013     92      2      2    .449    .37   1.01   .186   .796   .226   1.99   .248   .025   1
 251 SCE066A  1861 2000    140      3      1    .516    .24   1.03   .161   .947   .160   1.52   .167   .008   1
 252 SCE067A  1854 1983    130      2      2    .281    .22    .94   .179   .953   .198   1.50   .190   .020   2
 253 SCE068A  1875 2000    126      3      0    .423    .42    .99   .213   .912   .168   1.56   .160   .107   0
 254 SCE069A2 1883 2012    130      3      1    .441    .34   1.13   .254   .898   .227   1.56   .214   .005   0
 255 SCE070A  1930 2013     84      1      0    .506    .46   1.11   .277   .954   .159   1.37   .152  -.023   1
 256 SCE071A3 1928 2013     86      1      0    .371    .35   1.27   .303   .944   .198   1.60   .224   .063   3
 257 SCE072A2 1938 2013     76      1      1    .316    .45   1.31   .274   .941   .137   1.49   .142  -.019   2
 258 SCE073A  1901 2013    113      2      2    .337    .32    .68   .127   .792   .171   1.67   .192  -.040   1
 259 SCE074A2 1932 2013     82      1      0    .536    .42   1.30   .358   .969   .167   1.44   .163   .000   1
 260 SCE076A  1914 2013    100      2      0    .446    .37    .61   .109   .587   .199   1.71   .200   .057   2
 261 SCE078A  1864 2013    150      3      0    .461    .24    .70   .140   .880   .203   1.41   .186   .004   3
 262 SCE079A  1929 2013     85      1      0    .437    .53   1.44   .347   .956   .132   1.48   .143   .045   1
 263 SCE081A2 1893 2013    121      3      1    .442    .30    .68   .108   .797   .188   1.53   .194  -.004   1
 264 SCE082A  1859 1984    126      2      1    .426    .26    .73   .157   .904   .205   1.73   .212   .013   1
 265 SCE083A2 1928 2013     86      1      0    .455    .35   1.13   .224   .942   .156   1.32   .148  -.008   1
 266 SCE084A  1925 2002     78      1      0    .272    .36   1.29   .382   .975   .214   1.77   .254   .004   1
 267 SCE087A  1921 2000     80      2      0    .381    .52   1.10   .334   .948   .140   1.30   .135  -.024   1
 268 SCE088A  1927 2003     77      1      1    .099    .46   1.53   .437   .979   .137   1.43   .137   .146   0
 269 SCE089A2 1945 2013     69      1      0    .445    .43   1.40   .271   .895   .229   1.58   .207   .047   0
 270 SCE090A2 1931 2013     83      1      1    .378    .41   1.74   .459   .974   .172   1.49   .168  -.013   1
 271 SCE091A2 1938 2013     76      1      0    .487    .41   1.23   .350   .952   .220   1.44   .197   .024   2
 272 SCE092A2 1932 2013     82      1      0    .539    .43   1.43   .321   .934   .211   1.60   .187   .002   2
 273 SCE093A  1945 2013     69      1      0    .575    .54    .92   .188   .902   .138   1.35   .142  -.008   1
 274 SCE094A  1948 2013     66      1      1    .437    .48   1.09   .220   .874   .188   1.45   .178   .018   1
 275 SCE096A2 1960 2013     54      0      0    .442    .48   1.12   .156   .531   .190   1.85   .215   .067   0
 276 SCE097A  1932 2013     82      1      0    .601    .44   1.45   .333   .950   .194   1.69   .181   .071   0
 277 SCE098A  1942 2013     72      1      0    .495    .57   1.22   .323   .921   .163   1.45   .174   .102   1
 278 SCE099A2 1937 2013     77      1      0    .437    .41   1.47   .421   .962   .207   1.45   .199   .049   0
 279 SCE100A  1942 2007     66      1      0    .538    .42   1.14   .270   .934   .178   1.62   .191   .157   0
 280 SCE101A  1931 2013     83      1      1    .262    .57   1.61   .445   .958   .184   1.55   .175   .109   0
 281 SCE102A2 1934 2010     77      1      0    .509    .38    .98   .235   .939   .173   1.39   .163   .029   2
 282 SCE103A2 1921 1996     76      1      1    .092    .42   1.36   .407   .970   .178   1.54   .181   .129   0
 283 SCE104A  1925 1996     72      0      0    .163    .48   1.28   .426   .963   .157   1.61   .165   .031   2
 284 SCE105A2 1940 2013     74      1      1    .444    .47   1.16   .349   .969   .176   1.42   .166  -.017   2
 285 SCE106A2 1938 2013     76      1      1    .503    .42   1.07   .226   .930   .198   1.44   .195   .012   1
 286 SCE107A2 1939 2013     75      1      0    .478    .47   1.48   .387   .946   .178   1.40   .174   .006   1
 287 SCE108A  1942 2013     72      1      0    .680    .40   1.22   .288   .918   .222   1.65   .224   .059   1
 288 SCE109A2 1933 2013     81      1      0    .404    .44    .90   .178   .814   .200   1.60   .187   .059   0
 289 SCE110A2 1935 2013     79      1      0    .372    .39   1.15   .351   .961   .181   1.55   .174   .109   0
 290 SCE111A  1933 2013     81      1      0    .439    .50   2.03   .587   .978   .242   1.56   .230  -.018   0
 291 SCE113A  1932 2013     82      1      0    .604    .43   1.59   .387   .967   .167   1.39   .167  -.026   1
 292 SCE114A2 1927 2013     87      1      0    .421    .48   1.74   .480   .970   .195   1.54   .201   .025   2
 293 SCE115A2 1932 2013     82      1      1    .485    .33    .90   .204   .928   .185   1.48   .181   .036   1
 294 SCE116A  1927 2005     79      1      1    .143    .46   1.58   .416   .957   .160   1.71   .169  -.007   1
 295 SCE117A2 1935 2013     79      1      0    .477    .37   1.16   .269   .916   .235   1.45   .208   .067   0
 296 SCE118A  1940 2013     74      1      0    .495    .51   1.30   .341   .950   .152   1.34   .146  -.028   1
 297 SCE119A2 1940 2013     74      1      1    .151    .42   1.64   .421   .939   .269   1.77   .250   .079   0
 298 SCE120A  1931 2013     83      1      0    .378    .47   1.41   .466   .967   .179   1.44   .173  -.027   2
 299 SCE122A2 1942 2013     72      1      1    .431    .37    .77   .115   .649   .187   1.79   .182   .002   3
 300 SCE123A  1943 2013     71      1      0    .684    .56   1.23   .245   .909   .161   1.44   .161   .032   1
 301 SCE125A2 1956 2008     53      0      0    .191    .62   1.36   .338   .914   .158   1.61   .188   .022   2
 302 SCE126A  1948 2013     66      1      1    .254    .48    .83   .126   .674   .177   1.49   .182   .021   1
 303 SCE127A  1949 2013     65      1      0    .498    .49   1.64   .387   .955   .177   1.35   .169   .007   1
 304 SCE128A2 1932 2013     82      1      0    .399    .52   1.43   .470   .972   .164   1.52   .163   .013   1
 305 SCE129A2 1942 2013     72      1      1    .377    .42   1.68   .461   .957   .249   1.48   .212  -.055   3
 306 SCE131A  1949 2013     65      1      0    .495    .48    .97   .218   .922   .153   1.39   .135   .033   0
 307 SCE132A  1942 2013     72      1      0    .501    .41   1.40   .379   .947   .234   1.53   .203  -.015   3
 308 SCE133A  1943 2013     71      1      0    .429    .43   1.31   .333   .970   .166   1.28   .153  -.043   1
 309 SCE134A  1879 2006    128      3      2    .346    .34   1.33   .207   .820   .291   2.57   .330  -.013   1
 310 SCE135A  1937 2013     77      1      0    .419    .58   1.63   .467   .961   .194   1.84   .197   .131   0
 311 SCE136A2 1933 2001     69      1      1    .062    .53   1.57   .476   .973   .178   1.63   .197  -.003   1
 312 SCE139A2 1930 2013     84      1      0    .429    .45   1.34   .255   .931   .136   1.31   .140  -.004   3
 313 SCE140A2 1939 2013     75      1      0    .610    .39   1.16   .208   .889   .197   1.42   .168  -.009   3
 314 SCE141A  1948 2013     66      0      0    .402    .55   1.07   .188   .883   .128   1.34   .138   .055   3
 315 SCE142A  1929 1984     56      0      0    .245    .71   1.87   .547   .963   .204   2.53   .278  -.126   0
 316 SCE143A2 1944 2013     70      1      0    .500    .38    .85   .155   .812   .187   1.67   .195   .144   0
 317 SCE144A2 1948 2013     66      0      0    .501    .48   1.14   .275   .897   .204   1.72   .184   .025   3
 318 SCE145A  1931 2013     83      1      0    .472    .55   1.48   .402   .964   .128   1.32   .126  -.024   1
 319 SCE147A  1945 1998     54      0      0    .157    .62   1.90   .540   .966   .156   1.49   .163  -.023   1
 320 SCE148A  1923 1997     75      1      1    .282    .51   1.84   .498   .966   .167   1.48   .178   .009   1
 321 SCE149A  1939 2013     75      1      0    .511    .58   1.33   .245   .899   .144   1.47   .152  -.035   3
 322 SCE151A2 1943 2013     71      1      0    .657    .48    .98   .207   .839   .209   1.59   .201   .011   0
 323 SCE152A  1934 2013     80      1      0    .575    .47   1.50   .367   .955   .177   1.44   .188  -.024   1
 324 SCE153A2 1929 2013     85      1      0    .548    .45   1.47   .341   .928   .204   1.79   .216   .027   1
 325 SCE154A  1936 1993     58      0      0    .139    .61   1.25   .333   .928   .150   1.66   .175   .218   0
 326 SCE155A2 1948 2013     66      1      0    .374    .42    .86   .138   .854   .138   1.33   .140   .016   2
 327 SCE156A  1853 1989    137      2      1    .396    .24    .85   .158   .878   .217   1.90   .233  -.052   1
 328 SCE157A2 1941 2013     73      1      0    .582    .63   1.30   .286   .905   .160   1.46   .153  -.042   3
 329 SCE158A  1932 2013     82      1      0    .475    .58   1.43   .343   .941   .191   1.37   .183   .143   0
 330 SCE159A  1934 2011     78      1      0    .419    .46   1.10   .311   .955   .166   1.26   .140  -.127   0
 331 SCE160A2 1943 2013     71      1      0    .545    .39    .60   .079   .443   .165   1.34   .166  -.011   1
 332 SCE161A2 1937 2013     77      1      0    .642    .49   1.54   .359   .958   .169   1.39   .167  -.018   3
 333 SCE163A2 1929 2013     85      1      0    .588    .38   1.27   .308   .958   .210   1.53   .213   .024   2
 334 SCE164A  1907 2013    107      2      2    .272    .40   1.06   .317   .939   .218   1.83   .230  -.034   2
 335 SCE165A2 1902 2013    112      2      1    .507    .36    .85   .194   .865   .219   1.80   .248   .036   1
 336 SCE166A  1877 2013    137      3      0    .480    .37   1.11   .224   .836   .238   2.31   .274  -.000   3
 337 SCE167A2 1876 2013    138      3      1    .362    .38   1.41   .297   .918   .233   1.95   .252   .004   2
 338 SCE168A2 1937 2013     77      1      0    .473    .38   1.22   .253   .928   .201   1.87   .229   .004   1
 339 SCE170A  1925 1991     67      0      0    .487    .51   1.21   .353   .970   .144   1.40   .149   .033   1
 340 SCE171A  1858 2013    156      3      0    .457    .44   1.19   .255   .864   .197   1.75   .209   .002   2
 341 SCE172A  1932 2013     82      1      0    .478    .44   1.15   .272   .942   .158   1.52   .153   .027   1
 342 SCE173A  1895 2013    119      3      0    .279    .43   1.84   .423   .929   .254   1.64   .244   .005   1
 343 SCE174A2 1859 2013    155      3      1    .430    .28    .66   .160   .935   .156   1.78   .175  -.012   1
 344 SCE175A2 1869 2013    145      3      1    .392    .22    .51   .097   .771   .220   1.54   .214   .019   2
 345 SCE176A2 1886 2013    128      3      0    .413    .28    .71   .140   .852   .206   1.73   .209   .028   1
 346 SCE177A  1896 2013    118      3      0    .460    .35    .64   .132   .814   .183   1.58   .199   .004   1
 347 SCE179A2 1949 2013     65      0      0    .455    .48    .94   .173   .867   .162   1.34   .156   .039   3
 348 SCE180A  1933 2013     81      1      0    .622    .37   1.22   .310   .943   .212   1.60   .203   .023   2
 349 SCE181A  1922 2013     92      2      0    .475    .37    .84   .201   .876   .197   1.48   .190   .144   0
 350 SCE182A  1931 2013     83      1      0    .491    .40   1.03   .274   .934   .149   1.32   .149  -.017   2
 351 SCE183A  1931 2013     83      1      0    .562    .36    .96   .221   .936   .178   1.69   .189  -.006   1
 352 SCE184A2 1892 2002    111      3      0    .447    .35    .91   .206   .920   .171   1.46   .165  -.035   2
 353 SCE185A2 1913 2013    101      2      1    .321    .34   1.15   .268   .949   .198   1.49   .170  -.018   3
 354 SCE186A2 1924 2013     90      1      0    .625    .42   1.02   .194   .933   .139   1.29   .128   .028   2
 355 SCE187A  1922 1986     65      1      1    .256    .53   1.07   .257   .876   .187   1.76   .209   .067   1
 356 SCE188A2 1942 2013     72      1      0    .553    .41    .83   .127   .842   .146   1.32   .143  -.016   1
 357 SCE189A  1857 2013    157      3      0    .326    .32    .85   .225   .936   .187   1.58   .191   .027   1
 358 SCE191A2 1896 2013    118      3      0    .581    .27    .54   .095   .772   .183   1.50   .181   .023   1
 359 SCE194A2 1933 2013     81      1      0    .303    .41   1.26   .248   .878   .190   1.48   .180  -.028   2
 360 SCE196A2 1925 2013     89      1      0    .560    .37   1.26   .346   .936   .204   1.52   .200  -.007   1
 361 SCE197A2 1929 2013     85      1      0    .426    .35   1.26   .336   .947   .205   1.67   .192  -.047   0
 362 SCE198A  1938 2013     76      1      0    .661    .39   1.42   .389   .956   .267   1.59   .237  -.017   0
 363 SCE199A  1929 2013     85      1      0    .288    .49   1.31   .405   .953   .180   1.67   .189  -.006   1
 364 SCE200A  1943 2010     68      1      0    .557    .59   1.86   .491   .965   .168   1.47   .165  -.014   1
 365 SCE201A2 1941 2010     70      1      0    .450    .47    .92   .179   .881   .143   1.30   .139  -.019   3
 366 SCF001A2 1938 2013     76      1      0    .494    .56   1.50   .419   .962   .170   1.39   .166  -.000   1
 367 SCF002A2 1945 2013     69      1      0    .353    .43   1.57   .396   .967   .178   1.49   .184  -.002   1
 368 SCF003A  1941 2013     73      1      0    .618    .39   1.14   .302   .959   .154   1.69   .166   .002   1
 369 SCF004A  1940 2013     74      1      0    .675    .41   1.39   .272   .914   .161   1.54   .171   .078   1
 370 SCF005A  1943 2013     71      1      0    .548    .36   1.31   .331   .977   .182   1.38   .153  -.028   0
 371 SCF006A2 1945 2013     69      1      0    .405    .44   1.67   .373   .954   .151   1.44   .135   .026   2
 372 SCF007A2 1928 2013     86      1      0    .526    .40   1.22   .305   .945   .184   1.66   .188   .036   1
 373 SCF008A2 1943 2013     71      1      0    .566    .50   1.37   .407   .972   .143   1.52   .157   .071   1
 374 SCF009A  1945 2013     69      1      0    .556    .50   1.69   .402   .950   .183   1.39   .172   .026   1
 375 SCF010A  1937 2013     77      1      0    .519    .36   1.12   .282   .930   .244   1.51   .216   .013   1
 376 SCF011A  1937 2013     77      1      0    .379    .45   1.38   .403   .960   .200   1.65   .200   .043   2
 377 SCF012A2 1948 2013     66      0      0    .535    .45   1.35   .336   .963   .158   1.31   .142  -.005   3
 378 SCF013A2 1946 2013     68      1      0    .561    .50   1.35   .274   .923   .161   1.30   .135  -.085   0
 379 SCF014A  1954 2013     60      0      0    .529    .45   1.03   .279   .950   .163   1.32   .158   .024   3
 380 SCF015A2 1944 2013     70      1      0    .688    .52   1.56   .354   .922   .227   1.40   .173  -.008   3
 381 SCF016A2 1944 2013     70      1      0    .490    .48   1.31   .340   .963   .152   1.40   .168   .050   1
 382 SCF017A  1946 2013     68      1      0    .491    .49   1.58   .366   .935   .173   1.52   .173   .073   0
 383 SCF018A  1934 2013     80      1      1    .412    .38   1.21   .302   .907   .232   1.84   .243   .063   1
 384 SCF020A2 1937 2013     77      1      0    .506    .54   1.91   .495   .965   .200   1.69   .177  -.012   0
 385 SCF021A  1943 2013     71      1      0    .402    .39   1.38   .355   .968   .159   1.66   .170   .072   0
 386 SCF022A2 1936 2013     78      1      0    .304    .53   1.70   .509   .963   .187   1.37   .156   .004   0
 387 SCF023A2 1940 2013     74      1      1    .452    .47   1.52   .369   .946   .185   1.50   .177  -.010   1
 388 SCF024A  1947 2013     67      1      0    .525    .44   1.46   .252   .892   .168   1.44   .176  -.010   1
 389 SCF025A2 1956 2013     58      0      0    .416    .50    .87   .158   .835   .148   1.34   .144   .035   2
 390 SCF026A2 1939 2013     75      1      1    .270    .39   1.20   .286   .961   .130   1.36   .138   .037   2
 391 SCF027A  1931 2013     83      1      0    .336    .33   1.46   .269   .946   .187   1.47   .184   .043   1
 392 SCF028A2 1941 2013     73      1      0    .426    .34   1.18   .325   .970   .174   1.52   .186  -.008   1
 393 SCF029A  1945 2013     69      1      0    .420    .63   2.35   .515   .937   .129   1.30   .130  -.014   3
 394 SCF030A2 1932 2013     82      1      0    .404    .42   1.36   .263   .937   .174   1.42   .171  -.020   1
 395 SCF031A  1938 2013     76      1      0    .412    .59   1.72   .477   .947   .145   1.57   .146   .018   2
 396 SCF032A  1939 2013     75      1      0    .619    .65   1.82   .510   .945   .213   1.54   .202  -.049   3
 397 SCF036A  1926 2013     88      1      1    .395    .36   1.39   .275   .957   .149   1.65   .155  -.047   1
 398 SCG001A  1926 2013     88      1      0    .457    .32   1.02   .221   .914   .219   1.85   .212   .109   0
 399 SCG002A  1928 2013     86      1      1    .325    .39   1.78   .383   .953   .170   1.46   .165   .016   2
 400 SCG003A2 1909 2013    105      2      2    .318    .30    .99   .255   .955   .185   1.96   .205   .002   2
 401 SCG004A  1922 2013     92      2      0    .563    .34    .55   .094   .753   .148   1.36   .145   .027   2
 402 SCG005A2 1860 2013    154      3      1    .353    .37   1.47   .252   .913   .194   1.61   .204   .058   1
 403 SCG006A  1925 2013     89      1      0    .454    .57   1.74   .459   .958   .149   1.33   .147   .006   1
 404 SCG007A  1931 2013     83      1      0    .597    .38    .83   .167   .892   .159   1.38   .158  -.023   1
 405 SCG008A  1923 2011     89      2      2    .368    .36   1.11   .279   .940   .228   1.41   .172   .011   2
 406 SCG009A  1928 2013     86      1      0    .622    .38   1.12   .239   .940   .182   1.35   .157  -.025   3
 407 SCG010A  1878 2013    136      3      0    .598    .25    .45   .086   .771   .195   1.66   .196   .006   1
 408 SCG011A2 1911 2013    103      2      1    .378    .30    .78   .181   .926   .158   1.41   .148   .007   3
 409 SCG012A2 1953 2013     61      0      0    .497    .47   1.02   .189   .862   .168   1.51   .174  -.002   1
 410 SCG013A  1929 2013     85      1      0    .490    .35   1.05   .274   .949   .180   1.32   .166   .111   0
 411 SCG014A2 1927 2013     87      1      1    .410    .31   1.26   .221   .969   .141   1.52   .148   .009   2
 412 SCG015A  1911 2013    103      2      1    .459    .36   1.18   .299   .958   .192   1.39   .190  -.020   1
 413 SCG016A  1927 2013     87      1      1    .389    .36   1.21   .265   .952   .157   1.33   .146   .016   1
 414 SCG017A2 1901 2013    113      2      0    .478    .26    .57   .122   .849   .219   1.78   .205  -.011   2
 415 SCG018A2 1921 2013     93      2      0    .397    .33   1.24   .272   .950   .176   1.54   .166   .043   0
 416 SCG019A2 1916 2013     98      2      0    .501    .46   2.24   .495   .954   .183   1.50   .170   .136   0
 417 SCG020A  1924 2013     90      1      1    .513    .35   1.37   .368   .970   .210   1.46   .191   .021   2
 418 SCG021A2 1922 2013     92      2      2    .402    .35   1.12   .283   .968   .144   1.31   .136  -.011   3
 419 SCG022A2 1923 2013     91      2      0    .556    .33   1.08   .277   .966   .180   1.50   .161   .042   0
 420 SCG023A  1894 2013    120      3      0    .426    .30    .80   .169   .894   .198   1.63   .189   .116   0
 421 SCG025A  1927 2013     87      1      0    .330    .34   1.00   .259   .930   .193   1.39   .165   .012   0
 422 SCG027A2 1928 2013     86      1      1    .402    .38    .88   .256   .965   .168   1.47   .164  -.007   1
 423 SCG028A  1923 2013     91      2      0    .431    .32   1.11   .313   .958   .194   1.45   .187   .117   0
 424 SCG029A2 1930 2013     84      1      0    .410    .31    .92   .205   .930   .140   1.52   .150   .105   0
 425 SCG030A  1906 2013    108      2      0    .337    .43   1.23   .316   .945   .193   2.54   .234  -.043   3
 426 SCG031A  1929 2013     85      1      1    .455    .38   1.08   .258   .948   .171   1.37   .145  -.074   0
 427 SCG032A  1924 2013     90      2      0    .321    .32   1.24   .245   .947   .200   1.50   .197  -.018   1
 428 SCG033A  1928 2013     86      1      0    .343    .36   1.25   .341   .973   .159   1.47   .150  -.029   1
 429 SCG035A2 1921 2013     93      2      0    .565    .47   1.88   .454   .959   .199   1.46   .170  -.028   0
 430 SCTE01A  1855 1995    141      2      1    .300    .22    .57   .144   .929   .206   2.01   .228   .016   1
 431 SCTE02A  1861 2012    152      3      0    .577    .23    .78   .113   .891   .192   1.52   .199  -.032   1
 432 SCTE03A2 1879 2012    134      3      0    .575    .23    .58   .094   .756   .228   1.71   .223   .084   0
 433 SCTE05A2 1893 2012    120      3      0    .496    .30    .55   .099   .887   .131   1.31   .131   .010   1
 434 SCTE06A  1861 2012    152      3      0    .675    .22    .68   .123   .893   .181   1.52   .184  -.009   1
 435 SCTE07A  1884 2012    129      3      0    .577    .39   1.21   .174   .737   .209   1.60   .218   .076   1
 436 SCTE08A  1856 2012    157      3      1    .510    .26    .67   .110   .785   .182   2.24   .213  -.006   3
 437 SCTE09A  1876 2012    137      3      2    .323    .24    .59   .081   .592   .176   3.06   .242   .011   1
 438 SCTE11A  1866 2012    147      3      1    .538    .32    .58   .107   .790   .186   1.41   .175  -.002   1
 439 SCTE12A2 1873 2012    140      3      0    .631    .20    .65   .107   .861   .228   1.82   .234  -.012   2
 440 SCTE13A  1865 2012    148      3      0    .514    .23    .65   .117   .877   .194   1.72   .201   .001   2
 441 SCTE14A  1925 2012     88      1      0    .612    .32    .78   .152   .870   .216   1.76   .190  -.033   3
 442 SCTN02A  1884 2012    129      3      0    .581    .27    .64   .091   .717   .192   1.60   .202  -.001   1
 443 SCTN03A  1875 2012    138      3      0    .616    .21    .54   .078   .662   .236   2.00   .246   .013   1
 444 SCTN04A  1878 2012    135      3      0    .425    .20    .57   .086   .730   .213   1.76   .215   .012   1
 445 SCTN06A  1850 2012    163      3      0    .526    .21    .58   .099   .896   .199   1.58   .203   .039   3
 --- -------- ---------  -----  -----  -----   ------ -----  -----  -----  -----  -----  -----  -----  -----  --
 Total or mean:          42756    713    138    .452    .37   2.94   .239   .882   .192   3.57   .194   .015

 DATA CHECKS (rwl.check): cana557
-----------------------------------------------------------------------------------------------------------------------------------
 rwl.check: data_files/treering/measurements/northamerica/canada/cana557.rwl
 445 series, 42756 measurements, 1842-2013, 0.01 mm precision
 0 error(s), 1 warning(s), 138 note(s)
 -------------
 WARNING
   RWL_REPEATED_VALUE (1)
     SCA022A: 0.06 repeated in 7 consecutive rings, 1988-1994; a constant stretch is a placeholder, not a measurement
 138 note(s) not shown; see rwl.check() or the 'check' element of this report.

 NOTES
-----------------------------------------------------------------------------------------------------------------------------------
 Report generated using dplR 1.8.1 (R 4.5.2) on 2026-10-01 16:55 PDT.
 Measurement file cana557.rwl, MD5 6d3bf94836c3241ba30d59e86cb78e1d.
 Filtering: each series divided by a 32-year smoothing spline (caps()), then prewhitened with
   an AR model (order by AIC, at most 3).
 Master: biweight robust mean of the other series (leave-one-out).
 Correlation: Pearson, one-tailed, pcrit = 0.01; critical r = 0.3281 for 50-year segments.
 Segments: 50 years, lagged 25, first segment floored to 100. Lags searched: +/- 10 years.
 A segment is tested only where the series and the master cover all of it, at the dated
   position and at every lag. COFECHA also tests partial segments at the ends of a series, so
   series here may show fewer segments, and no flags can be raised at the ends of the record.
 Lags follow COFECHA: negative means rings are probably missing from the series, positive means
   false rings. A missing ring carries its lag into every segment before it, so look where the
   lag changes along a series. A B flag is a hypothesis to check on the wood; the gain says how
   seriously to take it.
 A B flag marked "weak at every lag" correlates under the critical value even at its best lag:
   the segment is weak wherever it is placed, and the shift is not evidence of a dating error.
   Treat it as a low correlation, like an A.
 Averages in the summary and the totals are weighted by the number of years in each series, as
   COFECHA's are.
 Unfiltered block and mean sensitivity: the measurements as read, and sens1().
 dplR filtered block: the series that was correlated, after filtering. COFECHA's filtered
   series is defined differently, so these three columns are not COFECHA's numbers.
 AR: order of the AR model used to prewhiten.
