
 COFECHA-style crossdating report: cana613
 Report generated using dplR 1.8.1 (R 4.5.2) on 2026-10-01 16:58 PDT
 Built with dplR's xdate.report(), not COFECHA; see the notes at the end.


      Measurement file name  : cana613.rwl
      MD5 of measurement file: ed1d774bbde9471498056565072202eb
      Date checked           : 01OCT26
      Beginning year         : 1884
      Ending year            : 2014
      Principal investigators: Sniderhan, A.E.; Mamet, S.D.; Johnstone, J.; Baltzer, J.L.
      Site name              : Southern Old Black Spruce 2
      Species information    : PCMA Picea mariana (Mill.) Britton, Sterns, & Poggenb.
      Latitude               : 53.9928 N
      Longitude              : 105.1161 W
      Elevation              : 591 m

      Series intercorrelation: 0.462
      Avg mean sensitivity   : 0.177
      Avg standard deviation : 0.165
      Avg autocorrelation    : 0.810
      Number dated series    : 225
      Segment length tested  : 50

      Number problem segments: 60  (A 23, B 37; 18 of the B weak at every lag)
      Pct problem segments   : 16.17


 CORRELATION OF SERIES BY SEGMENTS: cana613
-----------------------------------------------------------------------------------------------------------------------------------
 Correlations of  50-year dated segments, lagged  25 years
 Flags:  A = correlation under   .3281 but highest as dated;  B = correlation higher at other than dated position

 Seq Series  Time_span  1900 1925 1950 
                        1949 1974 1999 
 --- -------- ---------  ---- ---- ---- 
   1 SK0101A  1897 2014  .51  .45  .52 
   2 SK0102A  1902 2014       .20B .44 
   4 SK0104A  1908 2014       .34  .24B
   5 SK0105A_ 1909 2014       .30A .43 
   6 SK0106A  1917 2014       .48  .45 
   7 SK0107A  1917 2014       .57  .59 
   8 SK0108A  1923 2014       .37  .55 
   9 SK0109A  1904 2014       .67  .62 
  10 SK0110A  1920 2014       .63  .60 
  11 SK0201A  1917 2014       .52  .49 
  12 SK0202A_ 1906 2014      -.01B .28B
  13 SK0203A  1911 2014       .51  .64 
  14 SK0204aA 1903 2014       .49  .37 
  15 SK0205A  1908 2014       .39  .32A
  16 SK0206A  1923 2014       .34B .37 
  17 SK0207A  1918 2014       .58  .50 
  18 SK0208A_ 1911 2014       .38  .27A
  19 SK0209A  1907 2014       .31B .44 
  20 SK0210A  1906 2014       .48  .48 
  21 SK1101A  1932 2014            .42 
  22 SK1102A  1939 2014            .41 
  23 SK1103A  1912 2014       .41  .34 
  24 SK1104A2 1909 2014       .55  .55 
  25 SK1106A2 1911 2014       .49  .52 
  26 SK1107A  1900 2014       .29B .32B
  27 SK1108A  1921 2014       .60  .48 
  28 SK1109A  1906 2014       .55  .55 
  29 SK1110A  1891 2014  .45  .63  .57 
  30 SK1201A2 1901 2014       .27A .21A
  31 SK1202A  1902 2014       .25A .41 
  32 SK1203A  1909 2014       .25A .47 
  33 SK1205A  1893 2014  .46  .47  .57 
  34 SK1206A  1892 2014  .43  .71  .72 
  35 SK1207A  1908 2014       .53  .72 
  36 SK1208A  1884 2014  .29A .25B .54 
  37 SK1209A  1895 2014  .68  .61  .61 
  38 SK1210A  1898 2014  .56  .59  .39 
  39 SW1B01   1905 2012       .58  .62 
  40 SW1B02   1915 2012       .68  .74 
  41 SW1B03   1916 2012       .60  .78 
  42 SW1B04   1927 2012            .81 
  43 SW1B05   1915 2001       .54  .59 
  44 SW1B06   1919 2012       .60  .71 
  45 SW1B07   1911 2012       .01B .33 
  46 SW1B08   1908 2009       .40  .47 
  47 SW1B09   1900 2010  .45  .65  .56 
  48 SW1B10   1913 2012       .52  .57 
  49 SW1B11   1904 2012       .55  .65 
  50 SW1B12   1929 2012            .18B
  51 SW1B13   1901 2002       .62  .35 
  52 SW1B14   1899 2012  .65  .47  .40 
  53 SW1B15   1896 2008  .68  .23B .29A
  54 SW1B16   1916 2012       .69  .65 
  55 SW1B17   1913 2012       .62  .75 
  58 SW1B51   1903 2012       .42  .62 
  59 SW1B52   1924 2005       .59  .58 
  60 SW1B53   1924 2011       .48  .57 
  62 SW1B55   1925 2006            .37 
  63 SW1B56   1912 2012       .37  .56 
  64 SW1B57   1938 2011            .64 
  65 SW1B58   1940 2012            .57 
  66 SW1B59   1924 2012            .43 
  67 SW1B60   1925 2012            .53 
  68 SW1B61   1898 2012  .66  .49  .42 
  69 SW1B62   1936 2011            .57 
  70 SW1B63   1941 2011            .59 
  71 SW1B86   1911 2012       .52  .29A
  72 SW1B87   1908 2012       .56  .65 
  74 SW1F01   1899 2005  .45  .68  .72 
  75 SW1D01   1921 2007       .43  .64 
  76 SW1D03   1918 2004       .42  .33 
  78 SW2B02   1910 2012       .48  .60 
  79 SW2B03   1935 2012            .58 
  81 SW2B05   1941 2012            .68 
  83 SW2B07   1924 2012       .45  .55 
  85 SW2B09   1946 2012            .52 
  86 SW2B10   1929 2012            .64 
  87 SW2B11   1915 2012       .39  .60 
  88 SW2B12   1946 2012            .62 
  89 SW2B13   1897 2012  .27B .29A .28A
  90 SW2B14   1898 2012  .32B .05B-.04B
  91 SW2B15   1928 2012            .72 
  92 SW2B16   1924 2012            .43 
  93 SW2B17   1949 2012            .52 
 100 SW3B01   1907 2012       .37  .37 
 101 SW3B02   1900 2012       .59  .58 
 102 SW3B03   1917 2012       .60  .33 
 103 SW3B04   1901 2012       .44  .52 
 104 SW3B05   1931 2012            .38 
 105 SW3B06   1919 2012       .59  .67 
 106 SW3B07   1935 1999            .32A
 107 SW3B08   1911 2012       .50  .64 
 108 SW3B09   1948 2012            .35 
 109 SW3B10   1917 2012       .50  .54 
 110 SW3B11   1917 2012       .55  .62 
 111 SW3B13   1928 2010            .36 
 113 SW3B15   1926 2012            .58 
 114 SW3B16   1936 2012            .51 
 115 SW3B17   1908 2008       .45  .45 
 116 SW3B18   1907 2011       .60  .60 
 117 SW3B19   1917 2012       .47  .57 
 119 SW3B21   1909 2012       .58  .80 
 120 SW3B22   1910 2008       .29B .52 
 123 SW3F02   1908 1992       .38      
 124 SM1B01   1915 2012       .38  .43 
 125 SM1B02   1912 2012       .63  .54 
 126 SM1B03   1902 2012       .48  .45 
 127 SM1B04   1894 2012  .65  .39  .44 
 128 SM1B05   1928 2012            .66 
 129 SM1B06   1941 2012            .69 
 130 SM1B07   1908 2012       .53  .55 
 131 SM1B08   1903 2012       .42  .54 
 132 SM1B09   1903 2012       .63  .55 
 133 SM1B10   1911 2012       .64  .54 
 134 SM1B11   1931 2012            .55 
 135 SM1B12   1905 2012       .54  .47 
 136 SM1B13   1907 2007       .34  .15B
 137 SM1B14   1901 2012       .57  .65 
 138 SM1B15   1899 2009  .45  .31A .40 
 139 SM1B16   1933 2009            .35B
 140 SM1B17   1938 2012            .68 
 141 SM1B18   1901 2012       .36  .48 
 142 SM1B19   1906 2012       .39B .47 
 143 SM1B20   1902 2012       .47  .58 
 144 SM1B21   1893 2012  .31A .14B .21B
 145 SM1B22   1902 2012       .61  .63 
 146 SM1B23   1947 2012            .56 
 147 SM1B24   1901 2012       .41  .61 
 148 SM1B25   1940 2012            .42 
 149 SM1B26   1911 2011       .51  .74 
 150 SM1B27   1908 2012       .16B .32A
 151 SM1B28   1904 2012       .53  .65 
 152 SM1B29   1943 2012            .45 
 153 SM1D02   1900 2009       .34  .62 
 154 SM1F01   1935 2011            .29A
 155 SM2B01   1903 2012       .50  .33 
 156 SM2B02   1899 2012  .73  .45  .36 
 158 SM2B04   1895 2012  .43  .39  .53 
 159 SM2B05   1901 2012       .17B .40 
 160 SM2B06   1893 2012  .58  .44  .52 
 161 SM2B07   1893 2012  .44  .25B .42 
 163 SM2B09   1945 2012            .47 
 164 SM2B10   1906 2012       .49  .48 
 165 SM2B11   1909 2012       .60  .55 
 166 SM2B12   1901 2012       .41  .20B
 167 SM2B13   1902 2012       .63  .57 
 168 SM2B14   1900 2012       .47  .50 
 169 SM2B15   1927 2004            .39 
 170 SM2B16   1903 2012       .48  .51 
 171 SM2B17   1897 2012  .77  .58  .49 
 172 SM2B18   1902 1996       .42      
 173 SM2B19   1915 2012       .51  .60 
 174 SM2B20   1897 2012  .60  .43  .54 
 175 SM2B21   1904 2012       .40B .49 
 176 SM2B22   1901 2012       .38  .59 
 177 SM2B23   1904 2011       .34  .36 
 178 SM2B24   1895 1999  .31A .47  .38 
 179 SM2B25   1892 2003  .59  .43  .47 
 180 SM2B26   1891 2012  .49  .49  .58 
 181 SM2B27   1944 2012            .71 
 182 SM2B28   1943 2012            .59 
 183 SM2D01   1900 1996       .29A     
 184 SM2D02   1889 2009  .16B .31A .41 
 185 SM2D03   1901 2009       .33A .53 
 186 SM2D04   1908 1993       .41      
 187 SM2D05   1939 2005            .39 
 188 SM2F01   1897 2010  .70  .53  .62 
 189 SM2F02   1900 1988       .30A     
 190 SM3B01   1932 2012            .49 
 191 SM3B02   1905 2012       .45  .30B
 192 SM3B03   1922 2012       .59  .59 
 193 SM3B04   1925 2012            .50 
 194 SM3B05   1916 2012       .56  .37 
 195 SM3B06   1921 2012       .47  .49 
 196 SM3B07   1918 2012       .49  .45 
 198 SM3B09   1934 2012            .70 
 199 SM3B10   1940 2012            .50 
 200 SM3B11   1932 2012            .27B
 201 SM3B12   1932 2012            .49 
 202 SM3B13   1918 2012       .59  .63 
 203 SM3B14   1905 2012       .62  .59 
 204 SM3B15   1919 2012       .21B .22B
 205 SM3B16   1916 2012       .38  .37 
 206 SM3B17   1909 2012       .60  .62 
 207 SM3B18   1902 2011       .49  .31B
 208 SM3B19   1908 2012       .42  .53 
 209 SM3B20   1936 2012            .49 
 210 SM3B21   1897 1997  .56  .22B     
 212 SM3B23   1920 2012       .41  .49 
 214 SM3B25   1945 2012            .57 
 215 SM3B26   1936 2012            .42 
 216 SM3B27   1914 2012       .55  .53 
 217 SM3B28   1904 2012       .64  .60 
 219 SM3B30   1912 2012       .51  .38 
 221 SM3D01   1927 2006            .36 
 222 SM3D02   1910 2004       .62  .32B
 223 SM3D03   1905 1992       .58      
 224 SM3D04   1898 2005  .58  .21B .26B
 225 SM3F01   1900 1990       .28A     
 Av segment correlation  .51  .46  .50 

 FLAGGED SEGMENTS: cana613
-----------------------------------------------------------------------------------------------------------------------------------
 Seq Series   Segment    Flag  r dated  Best lag  r at lag   Gain  Note
 --- -------- ---------  ----  -------  --------  --------  -----  -----------------
   2 SK0102A  1925 1974     B     .200        -5      .393   .194
   4 SK0104A  1950 1999     B     .242        10      .282   .040  weak at every lag
   5 SK0105A_ 1925 1974     A     .299         0
  12 SK0202A_ 1925 1974     B    -.007         7      .371   .378
  12 SK0202A_ 1950 1999     B     .284         7      .307   .023  weak at every lag
  15 SK0205A  1950 1999     A     .323         0
  16 SK0206A  1925 1974     B     .344        -2      .349   .005
  18 SK0208A_ 1950 1999     A     .272         0
  19 SK0209A  1925 1974     B     .306        -5      .344   .037
  26 SK1107A  1925 1974     B     .291         2      .311   .020  weak at every lag
  26 SK1107A  1950 1999     B     .317        -8      .351   .034
  30 SK1201A2 1925 1974     A     .270         0
  30 SK1201A2 1950 1999     A     .209         0
  31 SK1202A  1925 1974     A     .255         0
  32 SK1203A  1925 1974     A     .253         0
  36 SK1208A  1900 1949     A     .289         0
  36 SK1208A  1925 1974     B     .247        -5      .349   .101
  45 SW1B07   1925 1974     B     .006        -6      .322   .316  weak at every lag
  50 SW1B12   1950 1999     B     .181         2      .243   .062  weak at every lag
  53 SW1B15   1925 1974     B     .226         5      .306   .079  weak at every lag
  53 SW1B15   1950 1999     A     .290         0
  71 SW1B86   1950 1999     A     .290         0
  89 SW2B13   1900 1949     B     .271        -7      .365   .094
  89 SW2B13   1925 1974     A     .294         0
  89 SW2B13   1950 1999     A     .277         0
  90 SW2B14   1900 1949     B     .318        10      .388   .070
  90 SW2B14   1925 1974     B     .048         4      .329   .281
  90 SW2B14   1950 1999     B    -.043         4      .291   .334  weak at every lag
 106 SW3B07   1950 1999     A     .320         0
 120 SW3B22   1925 1974     B     .292        -3      .364   .072
 136 SM1B13   1950 1999     B     .147         8      .229   .083  weak at every lag
 138 SM1B15   1925 1974     A     .313         0
 139 SM1B16   1950 1999     B     .345        -2      .349   .003
 142 SM1B19   1925 1974     B     .394         3      .489   .095
 144 SM1B21   1900 1949     A     .308         0
 144 SM1B21   1925 1974     B     .139         2      .257   .118  weak at every lag
 144 SM1B21   1950 1999     B     .213         5      .297   .084  weak at every lag
 150 SM1B27   1925 1974     B     .160        -4      .214   .053  weak at every lag
 150 SM1B27   1950 1999     A     .323         0
 154 SM1F01   1950 1999     A     .294         0
 159 SM2B05   1925 1974     B     .167        -1      .283   .117  weak at every lag
 161 SM2B07   1925 1974     B     .253         2      .357   .103
 166 SM2B12   1950 1999     B     .199        -8      .320   .121  weak at every lag
 175 SM2B21   1925 1974     B     .401         2      .449   .048
 178 SM2B24   1900 1949     A     .313         0
 183 SM2D01   1925 1974     A     .285         0
 184 SM2D02   1900 1949     B     .159        -1      .387   .228
 184 SM2D02   1925 1974     A     .307         0
 185 SM2D03   1925 1974     A     .327         0
 189 SM2F02   1925 1974     A     .299         0
 191 SM3B02   1950 1999     B     .303        10      .397   .094
 200 SM3B11   1950 1999     B     .272       -10      .442   .170
 204 SM3B15   1925 1974     B     .208         2      .222   .014  weak at every lag
 204 SM3B15   1950 1999     B     .215         5      .241   .026  weak at every lag
 207 SM3B18   1950 1999     B     .309       -10      .408   .099
 210 SM3B21   1925 1974     B     .223         9      .319   .096  weak at every lag
 222 SM3D02   1950 1999     B     .324        -9      .376   .052
 224 SM3D04   1925 1974     B     .213        -1      .315   .101  weak at every lag
 224 SM3D04   1950 1999     B     .257        -1      .260   .004  weak at every lag
 225 SM3F01   1925 1974     A     .280         0

 DESCRIPTIVE STATISTICS: cana613
-----------------------------------------------------------------------------------------------------------------------------------

                                                Corr   //-------- Unfiltered --------\\  //-- dplR filtered --\\
                           No.    No.    No.    with   Mean   Max     Std   Auto   Mean   Max     Std   Auto  AR
 Seq Series   Interval   Years  Segmt  Flags   Master  msmt   msmt    dev   corr   sens  value    dev   corr  ()
 --- -------- ---------  -----  -----  -----   ------ -----  -----  -----  -----  -----  -----  -----  -----  --
   1 SK0101A  1897 2014    118      3      0    .526    .52   2.19   .460   .920   .236   1.55   .245  -.012   1
   2 SK0102A  1902 2014    113      2      1    .102    .45   1.09   .211   .835   .174   1.71   .178   .039   1
   3 SK0103A  1950 2014     65      0      0    .511    .40    .57   .081   .521   .160   1.31   .153   .035   1
   4 SK0104A  1908 2014    107      2      1    .381    .56    .91   .122   .615   .156   1.40   .148   .026   1
   5 SK0105A_ 1909 2014    106      2      1    .453    .37   1.60   .253   .861   .182   1.74   .184  -.012   1
   6 SK0106A  1917 2014     98      2      0    .537    .47    .80   .118   .710   .153   1.35   .147  -.011   1
   7 SK0107A  1917 2014     98      2      0    .567    .47   1.39   .267   .943   .157   1.48   .153   .015   2
   8 SK0108A  1923 2014     92      2      0    .424    .33    .83   .120   .809   .156   1.40   .157  -.019   1
   9 SK0109A  1904 2014    111      2      0    .600    .37   1.35   .247   .844   .207   1.69   .188   .055   0
  10 SK0110A  1920 2014     95      2      0    .565    .43    .91   .113   .594   .189   1.53   .177   .061   1
  11 SK0201A  1917 2014     98      2      0    .469    .55    .95   .160   .725   .173   1.41   .171   .035   1
  12 SK0202A_ 1906 2014    109      2      2    .335    .31    .72   .200   .906   .184   1.56   .208  -.022   3
  13 SK0203A  1911 2014    104      2      0    .492    .46    .82   .163   .864   .147   1.31   .135   .010   1
  14 SK0204aA 1903 2014    112      2      0    .486    .60   1.21   .164   .527   .202   1.57   .194  -.020   1
  15 SK0205A  1908 2014    107      2      1    .481    .43    .93   .150   .829   .159   1.37   .153   .012   2
  16 SK0206A  1923 2014     92      2      1    .417    .57   1.19   .184   .835   .161   1.42   .153   .126   0
  17 SK0207A  1918 2014     97      2      0    .525    .39    .73   .086   .640   .138   1.45   .152  -.010   1
  18 SK0208A_ 1911 2014    104      2      1    .389    .41   1.07   .242   .905   .175   1.42   .159   .064   0
  19 SK0209A  1907 2014    108      2      1    .516    .47    .98   .136   .681   .173   1.72   .178  -.009   1
  20 SK0210A  1906 2014    109      2      0    .525    .46    .86   .152   .811   .169   1.32   .167   .006   1
  21 SK1101A  1932 2014     83      1      0    .457    .61   2.52   .559   .930   .212   1.68   .220  -.024   1
  22 SK1102A  1939 2014     76      1      0    .445    .60   1.76   .390   .912   .205   1.58   .216   .055   1
  23 SK1103A  1912 2014    103      2      0    .399    .47   1.18   .281   .920   .171   1.80   .194   .031   1
  24 SK1104A2 1909 2014    106      2      0    .488    .30    .76   .143   .831   .185   2.04   .216   .015   1
  25 SK1106A2 1911 2014    104      2      0    .531    .37    .82   .142   .834   .177   1.70   .194  -.045   1
  26 SK1107A  1900 2014    115      2      2    .414    .41   1.15   .189   .796   .175   2.09   .199   .026   1
  27 SK1108A  1921 2014     94      2      0    .476    .29   1.03   .179   .869   .227   2.02   .232   .018   1
  28 SK1109A  1906 2014    109      2      0    .543    .30    .57   .098   .747   .182   1.47   .192  -.022   3
  29 SK1110A  1891 2014    124      3      0    .500    .43   2.07   .432   .898   .227   1.90   .242   .039   1
  30 SK1201A2 1901 2014    114      2      2    .392    .29   1.11   .157   .801   .197   1.81   .216   .023   1
  31 SK1202A  1902 2014    113      2      1    .407    .27    .99   .192   .912   .190   1.58   .191   .011   1
  32 SK1203A  1909 2014    106      2      1    .468    .29    .63   .115   .849   .177   1.51   .179   .002   1
  33 SK1205A  1893 2014    122      3      0    .497    .29   1.99   .378   .918   .178   1.74   .194  -.002   3
  34 SK1206A  1892 2014    123      3      0    .542    .30   1.30   .209   .886   .209   1.59   .194  -.009   3
  35 SK1207A  1908 2014    107      2      0    .500    .41    .90   .146   .648   .220   1.50   .198   .025   3
  36 SK1208A  1884 2014    131      3      2    .393    .37   1.36   .279   .921   .158   1.98   .172  -.018   3
  37 SK1209A  1895 2014    120      3      0    .580    .48    .80   .121   .707   .155   1.75   .169  -.011   1
  38 SK1210A  1898 2014    117      3      0    .493    .33   1.51   .259   .927   .184   1.68   .185  -.004   1
  39 SW1B01   1905 2012    108      2      0    .627    .39    .82   .108   .673   .173   1.45   .172   .004   3
  40 SW1B02   1915 2012     98      2      0    .535    .24    .61   .144   .901   .218   1.58   .218   .084   1
  41 SW1B03   1916 2012     97      2      0    .674    .33    .72   .152   .929   .150   1.46   .159   .088   1
  42 SW1B04   1927 2012     86      1      0    .743    .38    .93   .137   .761   .187   1.48   .191  -.000   1
  43 SW1B05   1915 2001     87      2      0    .461    .31    .69   .155   .917   .169   1.49   .185  -.020   1
  44 SW1B06   1919 2012     94      2      0    .575    .20    .39   .073   .791   .185   1.41   .174  -.019   1
  45 SW1B07   1911 2012    102      2      1    .114    .49   1.39   .336   .776   .344   1.99   .327  -.005   3
  46 SW1B08   1908 2009    102      2      0    .463    .19    .47   .117   .945   .157   1.39   .157   .030   1
  47 SW1B09   1900 2010    111      3      0    .448    .29    .96   .123   .530   .172   2.13   .223   .031   0
  48 SW1B10   1913 2012    100      2      0    .539    .27    .47   .081   .693   .191   1.47   .187  -.058   1
  49 SW1B11   1904 2012    109      2      0    .555    .20    .40   .068   .774   .173   1.46   .171   .013   1
  50 SW1B12   1929 2012     84      1      1    .220    .16    .60   .141   .937   .213   1.59   .202   .036   2
  51 SW1B13   1901 2002    102      2      0    .519    .18    .59   .102   .840   .188   1.40   .196   .073   1
  52 SW1B14   1899 2012    114      3      0    .523    .26    .96   .134   .878   .150   1.58   .171  -.002   1
  53 SW1B15   1896 2008    113      3      2    .510    .27   1.76   .304   .914   .209   1.69   .216  -.102   3
  54 SW1B16   1916 2012     97      2      0    .592    .24    .50   .097   .835   .167   1.68   .174  -.005   1
  55 SW1B17   1913 2012    100      2      0    .651    .25    .61   .125   .911   .154   1.40   .157  -.011   1
  56 SW1B18   1968 2012     45      0      0    .319    .13    .24   .064   .927   .167   1.28   .163   .005   2
  57 SW1B19   1964 2010     47      0      0    .179    .14    .35   .102   .947   .183   1.58   .195  -.038   1
  58 SW1B51   1903 2012    110      2      0    .599    .30    .78   .135   .866   .170   1.31   .164   .050   1
  59 SW1B52   1924 2005     82      2      0    .574    .28    .64   .114   .791   .204   1.66   .213  -.031   1
  60 SW1B53   1924 2011     88      2      0    .503    .15    .41   .081   .894   .194   1.55   .184   .019   1
  61 SW1B54   1951 2008     58      0      0    .248    .12    .32   .054   .712   .213   1.63   .236   .176   1
  62 SW1B55   1925 2006     82      1      0    .360    .12    .34   .086   .904   .195   1.55   .205   .033   1
  63 SW1B56   1912 2012    101      2      0    .544    .41    .82   .163   .826   .193   1.53   .192   .071   1
  64 SW1B57   1938 2011     74      1      0    .488    .19    .60   .135   .923   .207   1.55   .203  -.043   1
  65 SW1B58   1940 2012     73      1      0    .510    .28    .79   .140   .853   .184   1.41   .181   .026   2
  66 SW1B59   1924 2012     89      1      0    .406    .31    .77   .139   .898   .146   1.33   .146   .019   3
  67 SW1B60   1925 2012     88      1      0    .513    .32    .57   .102   .801   .160   1.37   .157   .016   1
  68 SW1B61   1898 2012    115      3      0    .508    .35   1.22   .165   .804   .172   1.58   .188   .007   2
  69 SW1B62   1936 2011     76      1      0    .455    .17    .52   .123   .874   .222   1.41   .221   .069   1
  70 SW1B63   1941 2011     71      1      0    .409    .15    .41   .096   .915   .184   1.75   .205   .003   1
  71 SW1B86   1911 2012    102      2      1    .371    .17    .58   .075   .785   .168   1.50   .173   .117   1
  72 SW1B87   1908 2012    105      2      0    .649    .28    .47   .078   .712   .165   1.56   .166  -.009   1
  73 SW1B95   1966 2012     47      0      0    .471    .14    .31   .049   .707   .204   1.60   .216   .128   1
  74 SW1F01   1899 2005    107      3      0    .550    .33    .80   .119   .696   .205   1.55   .215   .011   1
  75 SW1D01   1921 2007     87      2      0    .468    .25    .46   .077   .716   .179   1.48   .187  -.002   1
  76 SW1D03   1918 2004     87      2      0    .360    .08    .22   .042   .851   .200   1.51   .212   .001   1
  77 SW2B01   1956 2012     57      0      0    .534    .32    .92   .122   .558   .207   2.22   .248   .022   2
  78 SW2B02   1910 2012    103      2      0    .515    .29    .69   .082   .507   .182   1.76   .199   .135   1
  79 SW2B03   1935 2012     78      1      0    .560    .31    .71   .110   .800   .162   1.49   .168  -.043   1
  80 SW2B04   1960 2012     53      0      0    .348    .23    .40   .063   .541   .196   1.57   .203   .057   1
  81 SW2B05   1941 2012     72      1      0    .674    .28    .50   .106   .837   .188   1.43   .189   .031   1
  82 SW2B06   1952 2012     61      0      0    .298    .17    .47   .102   .631   .360   1.90   .357   .102   0
  83 SW2B07   1924 2012     89      2      0    .511    .38    .78   .121   .765   .163   1.45   .176   .079   1
  84 SW2B08   1955 2012     58      0      0    .491    .17    .38   .068   .718   .231   1.53   .199  -.002   0
  85 SW2B09   1946 2012     67      1      0    .513    .25    .68   .122   .853   .183   1.46   .185   .039   2
  86 SW2B10   1929 2012     84      1      0    .486    .31    .74   .123   .766   .169   1.62   .184   .028   2
  87 SW2B11   1915 2012     98      2      0    .461    .24    .52   .102   .904   .151   1.49   .153  -.003   1
  88 SW2B12   1946 2012     67      1      0    .507    .27    .59   .109   .843   .167   1.43   .177  -.010   1
  89 SW2B13   1897 2012    116      3      3    .245    .48   1.72   .306   .725   .284   2.28   .305   .054   2
  90 SW2B14   1898 2012    115      3      3    .191    .40   1.70   .321   .842   .272   1.80   .282   .072   1
  91 SW2B15   1928 2012     85      1      0    .617    .37    .77   .127   .721   .212   1.56   .202  -.013   1
  92 SW2B16   1924 2012     89      1      0    .405    .36    .76   .136   .835   .183   1.57   .179   .071   2
  93 SW2B17   1949 2012     64      1      0    .474    .28    .66   .138   .905   .165   1.44   .182   .054   1
  94 SW2B18   1988 2008     21      0      0    .252    .15    .22   .060   .526   .326   1.60   .364   .039   1
  95 SW2B19   1978 2012     35      0      0    .469    .17    .28   .034   .076   .215   1.56   .186  -.031   0
  96 SW2B20   1972 2012     41      0      0    .297    .22    .31   .049   .314   .244   1.44   .197   .084   0
  97 SW2B21   1949 2012     64      0      0    .495    .33    .98   .187   .846   .211   1.64   .213   .056   2
  98 SW2B22   1977 2012     36      0      0    .319    .19    .34   .073   .788   .190   1.37   .184   .113   1
  99 SW2D02   1969 2011     43      0      0    .298    .16    .53   .128   .923   .200   1.86   .226  -.106   1
 100 SW3B01   1907 2012    106      2      0    .271    .27    .54   .096   .866   .127   1.38   .131   .031   1
 101 SW3B02   1900 2012    113      2      0    .515    .29    .60   .100   .844   .157   1.50   .161   .002   2
 102 SW3B03   1917 2012     96      2      0    .340    .21    .59   .133   .931   .200   2.23   .237   .032   1
 103 SW3B04   1901 2012    112      2      0    .608    .36    .67   .138   .833   .158   1.38   .159  -.029   1
 104 SW3B05   1931 2012     82      1      0    .310    .22    .50   .107   .892   .153   1.33   .157  -.007   1
 105 SW3B06   1919 2012     94      2      0    .623    .35    .85   .139   .830   .154   1.73   .166   .024   1
 106 SW3B07   1935 1999     65      1      1    .281    .14    .40   .084   .781   .286   1.56   .244   .079   3
 107 SW3B08   1911 2012    102      2      0    .619    .38    .78   .152   .862   .139   1.36   .144   .049   1
 108 SW3B09   1948 2012     65      1      0    .273    .14    .40   .073   .835   .236   1.94   .248  -.014   1
 109 SW3B10   1917 2012     96      2      0    .469    .35    .60   .135   .864   .153   1.43   .154   .012   1
 110 SW3B11   1917 2012     96      2      0    .546    .49    .79   .097   .570   .148   1.34   .150  -.018   1
 111 SW3B13   1928 2010     83      1      0    .258    .13    .44   .098   .942   .192   1.64   .175   .134   0
 112 SW3B14   1952 2005     54      0      0    .219    .12    .36   .098   .937   .201   1.80   .223   .000   1
 113 SW3B15   1926 2012     87      1      0    .554    .29    .60   .123   .833   .193   1.55   .199   .024   1
 114 SW3B16   1936 2012     77      1      0    .304    .39    .71   .150   .881   .137   1.38   .134   .028   1
 115 SW3B17   1908 2008    101      2      0    .409    .17    .53   .117   .926   .173   1.43   .187  -.026   1
 116 SW3B18   1907 2011    105      2      0    .391    .20    .77   .145   .940   .199   1.46   .195  -.067   1
 117 SW3B19   1917 2012     96      2      0    .513    .30    .59   .087   .736   .166   1.37   .159  -.004   1
 118 SW3B20   1950 2012     63      0      0    .362    .25    .78   .191   .807   .311   3.41   .461   .055   1
 119 SW3B21   1909 2012    104      2      0    .668    .32    .70   .140   .842   .192   1.78   .208   .031   1
 120 SW3B22   1910 2008     99      2      1    .461    .31    .66   .143   .906   .158   1.57   .170   .023   1
 121 SW3D01   1946 1983     38      0      0    .138    .23    .48   .131   .831   .228   1.51   .246   .166   1
 122 SW3F01   1934 1990     57      0      0    .404    .34    .62   .139   .845   .171   1.46   .186   .023   1
 123 SW3F02   1908 1992     85      1      0    .470    .21    .40   .061   .686   .169   1.57   .188   .027   2
 124 SM1B01   1915 2012     98      2      0    .453    .31    .56   .094   .734   .154   1.78   .173   .031   1
 125 SM1B02   1912 2012    101      2      0    .432    .31    .70   .079   .478   .156   1.46   .182   .251   1
 126 SM1B03   1902 2012    111      2      0    .519    .38   1.38   .286   .859   .171   1.81   .182  -.001   1
 127 SM1B04   1894 2012    119      3      0    .560    .52   2.18   .379   .916   .153   1.63   .163   .004   1
 128 SM1B05   1928 2012     85      1      0    .475    .22    .49   .079   .754   .201   1.44   .195   .038   0
 129 SM1B06   1941 2012     72      1      0    .513    .26    .69   .140   .881   .164   1.42   .173   .031   1
 130 SM1B07   1908 2012    105      2      0    .616    .29    .58   .098   .763   .151   1.38   .153   .006   1
 131 SM1B08   1903 2012    110      2      0    .453    .25    .80   .161   .876   .175   1.37   .163  -.023   3
 132 SM1B09   1903 2012    110      2      0    .623    .27    .95   .165   .861   .175   1.54   .175  -.063   2
 133 SM1B10   1911 2012    102      2      0    .601    .28    .73   .127   .884   .154   1.41   .154  -.022   1
 134 SM1B11   1931 2012     82      1      0    .601    .28    .52   .073   .604   .175   1.58   .175  -.007   1
 135 SM1B12   1905 2012    108      2      0    .342    .38   1.12   .220   .886   .160   1.52   .157  -.087   1
 136 SM1B13   1907 2007    101      2      1    .261    .25   1.09   .222   .915   .242   1.95   .229   .067   0
 137 SM1B14   1901 2012    112      2      0    .690    .42   1.20   .241   .848   .146   1.31   .132  -.048   0
 138 SM1B15   1899 2009    111      3      1    .391    .39   2.17   .443   .963   .172   1.43   .153  -.034   0
 139 SM1B16   1933 2009     77      1      1    .312    .23    .50   .067   .582   .162   1.57   .173   .170   1
 140 SM1B17   1938 2012     75      1      0    .643    .33    .63   .095   .827   .146   1.38   .140  -.059   3
 141 SM1B18   1901 2012    112      2      0    .436    .43   1.67   .308   .908   .132   1.48   .129   .033   0
 142 SM1B19   1906 2012    107      2      1    .476    .28    .74   .149   .863   .181   1.51   .175   .005   1
 143 SM1B20   1902 2012    111      2      0    .537    .34    .72   .159   .882   .152   1.47   .159   .010   1
 144 SM1B21   1893 2012    120      3      3    .250    .55   3.54   .596   .913   .142   2.04   .173  -.007   1
 145 SM1B22   1902 2012    111      2      0    .645    .37   1.00   .198   .865   .163   1.69   .171  -.029   1
 146 SM1B23   1947 2012     66      1      0    .517    .25    .52   .071   .766   .137   1.26   .138   .153   0
 147 SM1B24   1901 2012    112      2      0    .570    .48   1.50   .233   .735   .189   1.63   .194   .023   1
 148 SM1B25   1940 2012     73      1      0    .382    .14    .26   .043   .706   .181   1.43   .184  -.027   2
 149 SM1B26   1911 2011    101      2      0    .470    .35    .78   .144   .854   .162   1.40   .156   .097   0
 150 SM1B27   1908 2012    105      2      2    .421    .23    .97   .164   .873   .195   1.52   .200   .026   1
 151 SM1B28   1904 2012    109      2      0    .545    .36    .89   .201   .932   .139   1.46   .133   .077   0
 152 SM1B29   1943 2012     70      1      0    .362    .31    .48   .063   .424   .164   1.47   .162  -.081   1
 153 SM1D02   1900 2009    110      2      0    .532    .29    .65   .122   .861   .154   1.37   .150   .035   3
 154 SM1F01   1935 2011     77      1      1    .199    .42   1.07   .225   .930   .140   1.42   .145  -.118   1
 155 SM2B01   1903 2012    110      2      0    .487    .32    .73   .101   .751   .169   1.46   .158   .059   2
 156 SM2B02   1899 2012    114      3      0    .336    .33   1.53   .271   .820   .151   1.47   .167   .061   0
 157 SM2B03   1951 2012     62      0      0    .408    .20    .36   .050   .287   .223   1.41   .189   .016   0
 158 SM2B04   1895 2012    118      3      0    .535    .30   1.82   .298   .953   .138   1.58   .164  -.022   1
 159 SM2B05   1901 2012    112      2      1    .393    .37   1.09   .171   .836   .175   1.65   .175   .014   1
 160 SM2B06   1893 2012    120      3      0    .506    .29   1.45   .254   .919   .165   1.65   .189  -.036   1
 161 SM2B07   1893 2012    120      3      1    .484    .24   1.66   .256   .931   .175   1.85   .184  -.091   3
 162 SM2B08   1981 2012     32      0      0    .415    .27    .43   .062   .468   .172   1.36   .182   .213   0
 163 SM2B09   1945 2012     68      1      0    .440    .39    .66   .120   .738   .175   1.53   .163  -.006   2
 164 SM2B10   1906 2012    107      2      0    .488    .30    .57   .091   .675   .192   1.63   .198  -.041   3
 165 SM2B11   1909 2012    104      2      0    .623    .37    .57   .088   .685   .146   1.44   .144   .010   1
 166 SM2B12   1901 2012    112      2      1    .369    .30   1.14   .221   .929   .147   1.44   .145   .035   1
 167 SM2B13   1902 2012    111      2      0    .600    .39   1.03   .131   .771   .154   1.54   .148   .066   0
 168 SM2B14   1900 2012    113      2      0    .439    .25    .59   .100   .849   .165   1.52   .172   .003   2
 169 SM2B15   1927 2004     78      1      0    .322    .11    .24   .046   .731   .244   1.96   .251   .018   1
 170 SM2B16   1903 2012    110      2      0    .537    .31    .87   .162   .911   .145   1.44   .154   .019   1
 171 SM2B17   1897 2012    116      3      0    .619    .34   1.28   .196   .840   .155   1.61   .184   .022   1
 172 SM2B18   1902 1996     95      1      0    .355    .32   1.13   .154   .819   .179   1.58   .174   .032   1
 173 SM2B19   1915 2012     98      2      0    .534    .32    .55   .068   .526   .158   1.45   .149   .001   3
 174 SM2B20   1897 2012    116      3      0    .570    .46   2.06   .312   .915   .150   1.54   .155   .026   1
 175 SM2B21   1904 2012    109      2      1    .509    .28    .94   .177   .905   .177   1.57   .190  -.024   1
 176 SM2B22   1901 2012    112      2      0    .496    .38    .80   .117   .752   .157   1.51   .153  -.005   1
 177 SM2B23   1904 2011    108      2      0    .311    .20    .57   .112   .904   .165   1.48   .163  -.010   1
 178 SM2B24   1895 1999    105      3      1    .333    .48   2.82   .579   .970   .175   1.71   .181   .032   2
 179 SM2B25   1892 2003    112      3      0    .463    .32   1.52   .262   .892   .189   1.70   .196  -.072   1
 180 SM2B26   1891 2012    122      3      0    .528    .54   2.38   .501   .956   .170   1.44   .162  -.010   1
 181 SM2B27   1944 2012     69      1      0    .500    .40    .61   .100   .691   .168   1.31   .163   .112   1
 182 SM2B28   1943 2012     70      1      0    .527    .41    .87   .187   .916   .162   1.54   .175   .058   1
 183 SM2D01   1900 1996     97      1      1    .318    .21    .93   .170   .879   .190   1.48   .187   .018   1
 184 SM2D02   1889 2009    121      3      2    .198    .33   1.16   .181   .740   .232   1.83   .244  -.069   3
 185 SM2D03   1901 2009    109      2      1    .502    .27    .72   .117   .850   .159   1.50   .171   .012   2
 186 SM2D04   1908 1993     86      1      0    .359    .24    .50   .119   .847   .177   1.60   .197  -.030   1
 187 SM2D05   1939 2005     67      1      0    .304    .17    .33   .075   .880   .176   1.47   .189   .048   1
 188 SM2F01   1897 2010    114      3      0    .591    .28   1.43   .252   .908   .171   1.49   .187  -.059   1
 189 SM2F02   1900 1988     89      1      1    .216    .26    .80   .182   .923   .188   1.46   .174  -.040   1
 190 SM3B01   1932 2012     81      1      0    .492    .24    .53   .075   .546   .177   2.10   .212   .072   1
 191 SM3B02   1905 2012    108      2      1    .369    .41    .74   .116   .787   .132   1.49   .142  -.023   1
 192 SM3B03   1922 2012     91      2      0    .555    .61   1.21   .173   .752   .135   1.52   .155   .020   1
 193 SM3B04   1925 2012     88      1      0    .473    .38   1.03   .152   .742   .170   1.81   .187   .021   1
 194 SM3B05   1916 2012     97      2      0    .330    .37    .78   .199   .891   .175   1.45   .179   .075   1
 195 SM3B06   1921 2012     92      2      0    .403    .35    .69   .131   .873   .128   1.52   .138   .010   1
 196 SM3B07   1918 2012     95      2      0    .433    .37    .88   .184   .850   .177   1.54   .174  -.087   3
 197 SM3B08   1964 2012     49      0      0    .240    .27    .54   .069   .240   .182   1.78   .218   .100   0
 198 SM3B09   1934 2012     79      1      0    .572    .33    .60   .106   .758   .174   1.93   .191   .023   1
 199 SM3B10   1940 2012     73      1      0    .475    .35    .66   .084   .619   .150   1.82   .165   .052   1
 200 SM3B11   1932 2012     81      1      1    .274    .33    .73   .120   .901   .122   1.51   .138  -.005   2
 201 SM3B12   1932 2012     81      1      0    .474    .45   1.27   .270   .944   .131   1.44   .135   .022   1
 202 SM3B13   1918 2012     95      2      0    .551    .33    .52   .076   .638   .152   1.47   .157   .018   1
 203 SM3B14   1905 2012    108      2      0    .528    .22    .59   .095   .851   .154   1.56   .163  -.036   1
 204 SM3B15   1919 2012     94      2      2    .350    .89   1.91   .403   .914   .150   1.44   .166  -.041   1
 205 SM3B16   1916 2012     97      2      0    .363    .22    .68   .110   .861   .179   1.58   .182   .006   1
 206 SM3B17   1909 2012    104      2      0    .633    .35    .95   .145   .761   .159   1.57   .169  -.011   1
 207 SM3B18   1902 2011    110      2      1    .362    .24    .50   .115   .888   .172   1.65   .169  -.003   1
 208 SM3B19   1908 2012    105      2      0    .566    .50    .77   .100   .743   .108   1.32   .113   .022   1
 209 SM3B20   1936 2012     77      1      0    .489    .38    .73   .087   .686   .137   1.39   .140  -.009   1
 210 SM3B21   1897 1997    101      2      1    .444    .31   1.26   .252   .920   .189   1.56   .177  -.006   2
 211 SM3B22   1954 2012     59      0      0    .294    .36    .67   .092   .640   .155   1.53   .162  -.032   1
 212 SM3B23   1920 2012     93      2      0    .460    .42    .92   .135   .844   .134   1.44   .151  -.008   1
 213 SM3B24   1980 2012     33      0      0    .541    .19    .28   .044   .383   .211   1.28   .177  -.063   0
 214 SM3B25   1945 2012     68      1      0    .473    .31    .73   .074   .420   .158   1.95   .183   .030   1
 215 SM3B26   1936 2012     77      1      0    .427    .26    .57   .111   .884   .151   1.48   .154   .004   1
 216 SM3B27   1914 2012     99      2      0    .510    .45    .85   .131   .728   .173   1.38   .162   .033   1
 217 SM3B28   1904 2012    109      2      0    .640    .39    .85   .155   .841   .166   1.42   .161   .020   3
 218 SM3B29   1961 2012     52      0      0    .113    .12    .40   .070   .800   .231   1.79   .248  -.002   1
 219 SM3B30   1912 2012    101      2      0    .359    .31    .56   .068   .639   .145   1.33   .146   .010   1
 220 SM3B31   1951 2012     62      0      0    .428    .22    .45   .056   .324   .183   1.68   .151   .011   3
 221 SM3D01   1927 2006     80      1      0    .379    .29    .75   .156   .893   .193   1.67   .208   .001   1
 222 SM3D02   1910 2004     95      2      1    .379    .37    .84   .162   .840   .177   1.60   .171   .092   0
 223 SM3D03   1905 1992     88      1      0    .546    .32    .78   .147   .845   .178   1.38   .162  -.095   3
 224 SM3D04   1898 2005    108      3      2    .280    .23   1.04   .206   .905   .195   1.66   .208   .020   1
 225 SM3F01   1900 1990     91      1      1    .369    .30    .94   .248   .954   .177   1.38   .174  -.037   1
 --- -------- ---------  -----  -----  -----   ------ -----  -----  -----  -----  -----  -----  -----  -----  --
 Total or mean:          20810    371     60    .462    .33   3.54   .165   .810   .177   3.41   .182   .013

 DATA CHECKS (rwl.check): cana613
-----------------------------------------------------------------------------------------------------------------------------------
 rwl.check: data_files/treering/measurements/northamerica/canada/cana613.rwl
 225 series, 20810 measurements, 1884-2014, 0.01 mm precision
 1 error(s), 1 warning(s), 50 note(s)
 -------------
 ERROR
   RWL_DATING_LAG (1)
     SM2D05: correlates best with the master at lag 3 (r = 0.435 against r = 0.349 as dated); the series may be misdated by 3 year(s), most likely a false ring or a ring measured twice
 -------------
 WARNING
   RWL_SERIES_OUTLIER (1)
     SM3B29: correlates with the rest of the collection at r = -0.071 where the collection median is 0.472 (4.3 MAD below it); it does not fit the collection it is in
 50 note(s) not shown; see rwl.check() or the 'check' element of this report.

 NOTES
-----------------------------------------------------------------------------------------------------------------------------------
 Report generated using dplR 1.8.1 (R 4.5.2) on 2026-10-01 16:58 PDT.
 Measurement file cana613.rwl, MD5 ed1d774bbde9471498056565072202eb.
 Filtering: each series divided by a 32-year smoothing spline (caps()), then prewhitened with
   an AR model (order by AIC, at most 3).
 Master: biweight robust mean of the other series (leave-one-out).
 Correlation: Pearson, one-tailed, pcrit = 0.01; critical r = 0.3281 for 50-year segments.
 Segments: 50 years, lagged 25, first segment floored to 100. Lags searched: +/- 10 years.
 A segment is tested only where the series and the master cover all of it, at the dated
   position and at every lag. COFECHA also tests partial segments at the ends of a series, so
   series here may show fewer segments, and no flags can be raised at the ends of the record.
 Lags follow COFECHA: negative means rings are probably missing from the series, positive means
   false rings. A missing ring carries its lag into every segment before it, so look where the
   lag changes along a series. A B flag is a hypothesis to check on the wood; the gain says how
   seriously to take it.
 A B flag marked "weak at every lag" correlates under the critical value even at its best lag:
   the segment is weak wherever it is placed, and the shift is not evidence of a dating error.
   Treat it as a low correlation, like an A.
 Averages in the summary and the totals are weighted by the number of years in each series, as
   COFECHA's are.
 Unfiltered block and mean sensitivity: the measurements as read, and sens1().
 dplR filtered block: the series that was correlated, after filtering. COFECHA's filtered
   series is defined differently, so these three columns are not COFECHA's numbers.
 AR: order of the AR model used to prewhiten.
