
 COFECHA-style crossdating report: cana583
 Report generated using dplR 1.8.1 (R 4.5.2) on 2026-10-01 16:54 PDT
 Built with dplR's xdate.report(), not COFECHA; see the notes at the end.


      Measurement file name  : cana583.rwl
      MD5 of measurement file: c8a03d2c6303cc9b6128e0b35362665b
      Date checked           : 01OCT26
      Beginning year         : 1567
      Ending year            : 2013
      Principal investigators: Sauchyn, D.J.; Hozova, J.; Hacura, J.
      Site name              : Waldron Ranch
      Species information    : PSME Pseudotsuga menziesii (Mirb.) Franco
      Latitude               : 49.8900 N
      Longitude              : 114.1800 W
      Elevation              : 1570 m

      Series intercorrelation: 0.736
      Avg mean sensitivity   : 0.377
      Avg standard deviation : 0.354
      Avg autocorrelation    : 0.629
      Number dated series    : 70
      Segment length tested  : 50

      Number problem segments: 4  (A 2, B 2; 1 of the B weak at every lag)
      Pct problem segments   : 0.66


 CORRELATION OF SERIES BY SEGMENTS: cana583
-----------------------------------------------------------------------------------------------------------------------------------
 Correlations of  50-year dated segments, lagged  25 years
 Flags:  A = correlation under   .3281 but highest as dated;  B = correlation higher at other than dated position

 Seq Series  Time_span  1600 1625 1650 1675 1700 1725 1750 1775 1800 1825 1850 1875 1900 1925 1950 
                        1649 1674 1699 1724 1749 1774 1799 1824 1849 1874 1899 1924 1949 1974 1999 
 --- -------- ---------  ---- ---- ---- ---- ---- ---- ---- ---- ---- ---- ---- ---- ---- ---- ---- 
   1 WDR001A  1865 2012                                                         .76  .71  .69  .83 
   2 WDR001B  1706 2010                           .65  .78  .63  .55  .65  .73  .75  .75  .64  .62 
   3 WDR002A  1694 2012                      .84  .60  .65  .77  .69  .78  .86  .75  .70  .60  .77 
   4 WDR002B  1714 2012                           .69  .75  .75  .63  .69  .79  .74  .71  .60  .74 
   5 WDR004A  1664 1853                 .79  .79  .81  .71  .66  .75                               
   6 WDR004B  1855 2012                                                         .81  .68  .63  .82 
   7 WDR004C  1665 2012                 .75  .77  .82  .75  .68  .73  .70  .75  .67  .74  .79  .84 
   8 WDR005A  1795 2012                                          .78  .67  .66  .67  .71  .70  .71 
   9 WDR005B  1775 2012                                          .81  .68  .77  .86  .76  .59  .66 
  10 WDR006A  1788 2012                                          .64  .50  .54  .60  .67  .61  .47 
  11 WDR006B  1648 1867            .29B .26A .42  .55  .67  .73  .69                               
  12 WDR006C  1877 2012                                                              .80  .82  .83 
  13 WDR007A  1637 2012            .56  .73  .78  .76  .83  .84  .85  .74  .82  .86  .88  .82  .84 
  14 WDR007B  1645 1720            .65                                                             
  15 WDR007C  1723 2012                           .71  .83  .85  .82  .69  .75  .84  .88  .84  .84 
  16 WDR008A  1762 2012                                     .55  .58  .71  .68  .68  .68  .65  .77 
  17 WDR008B  1783 2012                                          .78  .76  .73  .72  .54  .47  .84 
  18 WDR009A  1671 2012                 .89  .86  .76  .84  .86  .84  .80  .78  .80  .84  .84  .79 
  19 WDR009C  1748 2012                                .88  .88  .86  .68  .74  .82  .76  .80  .81 
  20 WDR010A  1577 2012  .71  .84  .77  .69  .71  .79  .84  .86  .83  .77  .79  .85  .89  .78  .78 
  21 WDR010B  1567 1693  .73  .70                                                                  
  22 WDR010C  1683 2012                      .74  .84  .89  .86  .81  .71  .74  .79  .82  .81  .84 
  23 WDR011A  1671 2012                 .47  .59  .73  .71  .68  .67  .53  .67  .80  .84  .72  .74 
  24 WDR011B  1679 2012                      .51  .52  .63  .63  .43  .32B .58  .62  .66  .62  .70 
  25 WDR012A  1680 2012                      .62  .66  .81  .81  .78  .68  .63  .67  .68  .65  .73 
  26 WDR012B  1602 2012       .74  .67  .83  .81  .74  .80  .79  .81  .71  .72  .86  .79  .67  .76 
  27 WDR013A  1672 2012                 .47  .63  .65  .80  .78  .76  .68  .63  .68  .65  .61  .72 
  28 WDR013B  1692 2005                      .49  .64  .77  .74  .76  .72  .72  .78  .72  .71  .80 
  29 WDR014A  1674 2012                 .57  .72  .67  .77  .82  .73  .64  .65  .74  .80  .72  .83 
  30 WDR014B  1852 2012                                                         .66  .68  .72  .82 
  31 WDR015A  1758 2012                                     .61  .58  .60  .66  .62  .66  .76  .85 
  32 WDR015B  1768 2012                                     .50  .52  .48  .60  .63  .73  .78  .86 
  33 WDR016A  1845 1992                                                    .47  .76  .77  .68      
  34 WDR016B  1845 2012                                                    .30A .71  .67  .69  .76 
  35 WDR017A  1676 1829                      .68  .68  .80  .61                                    
  36 WDR101A  1661 1928                 .81  .80  .86  .93  .92  .73  .62  .71  .80                
  37 WDR101B  1935 2013                                                                        .91 
  38 WDR101C  1867 2013                                                         .81  .81  .80  .93 
  39 WDR102A  1763 2013                                     .85  .77  .59  .62  .79  .90  .87  .91 
  40 WDR102B  1725 1850                                .90  .86  .74                               
  41 WDR102C  1854 2013                                                         .61  .82  .82  .87 
  42 WDR103A  1783 2013                                          .86  .61  .65  .80  .86  .90  .90 
  43 WDR103B  1857 2013                                                         .86  .90  .87  .86 
  44 WDR104A  1650 2013                 .78  .68  .63  .71  .53  .51  .70  .81  .85  .82  .81  .80 
  45 WDR104B  1632 2013            .57  .75  .75  .74  .80  .76  .72  .69  .79  .83  .82  .78  .77 
  46 WDR105A  1591 2013  .79  .76  .68  .78  .80  .82  .84  .84  .85  .84  .85  .82  .67  .64  .73 
  47 WDR105B  1586 2013  .77  .80  .65  .76  .81  .85  .87  .82  .81  .69  .74  .80  .76  .69  .73 
  48 WDR106A  1720 1947                           .66  .73  .80  .81  .68  .63  .44                
  49 WDR106B  1733 1891                                .82  .87  .81  .74                          
  50 WDR107A  1604 2013       .73  .57  .64  .70  .79  .84  .83  .75  .65  .63  .72  .78  .74  .85 
  51 WDR107B  1599 2013  .63  .63  .65  .74  .77  .74  .72  .71  .71  .58  .53  .67  .73  .67  .86 
  52 WDR108A  1627 2013            .57  .67  .71  .68  .71  .76  .67  .67  .71  .78  .85  .83  .87 
  53 WDR108B  1580 2013  .60  .71  .71  .79  .84  .78  .79  .81  .72  .51  .53  .79  .80  .81  .89 
  54 WDR109A  1716 2013                           .78  .87  .86  .76  .56  .56  .62  .81  .87  .92 
  55 WDR109B  1841 2013                                                    .38  .56  .76  .78  .85 
  56 WDR110A  1612 2013       .82  .76  .84  .88  .85  .84  .85  .85  .77  .82  .84  .87  .87  .89 
  57 WDR110B  1579 1717  .84  .78  .73                                                             
  58 WDR110C  1721 2013                           .66  .79  .76  .72  .63  .70  .83  .85  .85  .90 
  59 WDR111A  1597 2013  .83  .85  .75  .85  .90  .88  .90  .91  .88  .74  .71  .75  .82  .84  .90 
  60 WDR111B  1579 1734  .71  .72  .66  .80                                                        
  61 WDR111C  1737 2013                                .88  .85  .82  .80  .77  .76  .80  .83  .84 
  62 WDR112A  1782 2013                                          .78  .73  .70  .77  .78  .76  .91 
  63 WDR112B  1737 2013                                .72  .77  .82  .79  .69  .74  .81  .78  .90 
  64 WDR113A  1595 1697  .66  .75                                                                  
  65 WDR113B  1699 2013                      .83  .84  .86  .86  .88  .85  .80  .75  .82  .90  .87 
  66 WDR113C  1615 2013       .76  .73  .84  .85  .75  .84  .87  .87  .84  .70  .67  .81  .86  .89 
  67 WDR114A  1820 1969                                               .66  .63  .70  .78           
  68 WDR114B  1811 2013                                               .70  .62  .66  .74  .74  .82 
  69 WDR115A  1594 2013  .68  .78  .79  .80  .80  .84  .91  .88  .84  .81  .74  .76  .79  .75  .88 
  70 WDR115B  1647 2013            .81  .81  .79  .85  .91  .89  .85  .85  .78  .72  .79  .78  .82 
 Av segment correlation  .72  .76  .66  .72  .74  .74  .80  .78  .75  .68  .68  .74  .77  .75  .81 

 FLAGGED SEGMENTS: cana583
-----------------------------------------------------------------------------------------------------------------------------------
 Seq Series   Segment    Flag  r dated  Best lag  r at lag   Gain  Note
 --- -------- ---------  ----  -------  --------  --------  -----  -----------------
  11 WDR006B  1650 1699     B     .291         2      .299   .009  weak at every lag
  11 WDR006B  1675 1724     A     .264         0
  24 WDR011B  1825 1874     B     .324        -7      .343   .019
  34 WDR016B  1850 1899     A     .301         0

 DESCRIPTIVE STATISTICS: cana583
-----------------------------------------------------------------------------------------------------------------------------------

                                                Corr   //-------- Unfiltered --------\\  //-- dplR filtered --\\
                           No.    No.    No.    with   Mean   Max     Std   Auto   Mean   Max     Std   Auto  AR
 Seq Series   Interval   Years  Segmt  Flags   Master  msmt   msmt    dev   corr   sens  value    dev   corr  ()
 --- -------- ---------  -----  -----  -----   ------ -----  -----  -----  -----  -----  -----  -----  -----  --
   1 WDR001A  1865 2012    148      4      0    .771    .90   2.77   .490   .705   .342   2.51   .345  -.020   1
   2 WDR001B  1706 2010    305     10      0    .654    .89   2.55   .532   .768   .324   2.13   .327   .011   1
   3 WDR002A  1694 2012    319     11      0    .746    .64   2.44   .356   .694   .337   2.30   .329   .001   1
   4 WDR002B  1714 2012    299     10      0    .708    .66   2.30   .439   .798   .368   2.36   .349  -.013   1
   5 WDR004A  1664 1853    190      6      0    .730   1.01   3.49   .694   .800   .390   2.08   .366   .012   1
   6 WDR004B  1855 2012    158      4      0    .763    .69   2.27   .379   .555   .418   2.87   .408   .002   1
   7 WDR004C  1665 2012    348     12      0    .754    .75   2.76   .421   .722   .381   2.05   .347   .009   1
   8 WDR005A  1795 2012    218      7      0    .705   1.08   4.15   .762   .716   .385   2.84   .404   .011   1
   9 WDR005B  1775 2012    238      7      0    .711   1.05   4.14   .791   .712   .367   2.46   .369   .002   1
  10 WDR006A  1788 2012    225      7      0    .577    .64   2.86   .483   .749   .378   1.91   .358   .020   1
  11 WDR006B  1648 1867    220      7      2    .484    .67   1.86   .360   .463   .426   2.79   .409   .009   1
  12 WDR006C  1877 2012    136      3      0    .734    .46   1.42   .238   .439   .431   2.94   .416  -.010   1
  13 WDR007A  1637 2012    376     13      0    .789    .96   2.64   .459   .641   .351   1.96   .334   .003   1
  14 WDR007B  1645 1720     76      1      0    .744   1.37   2.75   .573   .537   .335   2.00   .321  -.022   1
  15 WDR007C  1723 2012    290     10      0    .804    .78   2.13   .437   .678   .389   1.92   .349  -.014   1
  16 WDR008A  1762 2012    251      8      0    .649   1.20   5.36   .770   .726   .307   2.60   .346   .009   2
  17 WDR008B  1783 2012    230      7      0    .650    .84   3.45   .464   .702   .304   2.22   .328   .037   1
  18 WDR009A  1671 2012    342     12      0    .811    .60   2.46   .418   .734   .440   2.20   .383   .005   1
  19 WDR009C  1748 2012    265      9      0    .789    .58   1.71   .374   .576   .532   2.58   .467  -.002   1
  20 WDR010A  1577 2012    436     15      0    .763    .62   2.21   .323   .666   .349   2.01   .329   .001   1
  21 WDR010B  1567 1693    127      2      0    .608    .75   2.09   .445   .733   .341   1.76   .321   .032   1
  22 WDR010C  1683 2012    330     11      0    .800    .47   1.19   .204   .502   .352   2.03   .320   .011   1
  23 WDR011A  1671 2012    342     12      0    .666    .95   2.66   .522   .659   .328   2.35   .343   .016   2
  24 WDR011B  1679 2012    334     11      1    .561    .99   3.28   .689   .759   .328   2.32   .330   .032   1
  25 WDR012A  1680 2012    333     11      0    .660    .83   2.23   .399   .490   .356   2.36   .349   .007   1
  26 WDR012B  1602 2012    411     14      0    .772    .64   2.30   .416   .805   .325   2.03   .309  -.008   1
  27 WDR013A  1672 2012    341     12      0    .646    .83   2.23   .399   .495   .349   2.41   .353   .009   1
  28 WDR013B  1692 2005    314     11      0    .696    .60   1.79   .294   .688   .312   2.12   .308  -.001   1
  29 WDR014A  1674 2012    339     12      0    .719    .84   2.54   .484   .645   .372   2.14   .365   .010   1
  30 WDR014B  1852 2012    161      4      0    .757    .68   2.76   .404   .666   .366   2.26   .373   .041   1
  31 WDR015A  1758 2012    255      8      0    .689   1.24   3.24   .594   .813   .236   1.74   .234   .006   1
  32 WDR015B  1768 2012    245      8      0    .650   1.14   2.87   .553   .796   .261   1.78   .256   .008   2
  33 WDR016A  1845 1992    148      4      0    .574    .67   2.62   .447   .686   .365   2.33   .379  -.007   1
  34 WDR016B  1845 2012    168      5      1    .602    .84   2.20   .401   .595   .353   2.02   .338   .008   1
  35 WDR017A  1676 1829    154      4      0    .650   1.42   3.37   .543   .531   .294   2.02   .288   .014   1
  36 WDR101A  1661 1928    268      9      0    .784    .44   1.95   .251   .423   .512   2.80   .471   .011   1
  37 WDR101B  1935 2013     79      1      0    .880    .26    .76   .152   .546   .451   2.56   .440   .015   1
  38 WDR101C  1867 2013    147      4      0    .862    .35   1.19   .218   .497   .508   2.87   .484   .013   1
  39 WDR102A  1763 2013    251      8      0    .784    .33    .95   .182   .384   .585   3.00   .475  -.055   0
  40 WDR102B  1725 1850    126      3      0    .822    .39   1.03   .193   .133   .569   2.30   .433  -.021   2
  41 WDR102C  1854 2013    160      4      0    .674    .29    .78   .152   .217   .560   2.62   .449   .013   1
  42 WDR103A  1783 2013    231      7      0    .811    .41   1.21   .189   .507   .384   2.65   .357  -.000   1
  43 WDR103B  1857 2013    157      4      0    .833    .50   1.02   .204   .486   .352   1.95   .323   .004   1
  44 WDR104A  1650 2013    364     12      0    .716    .53   2.11   .275   .538   .399   2.09   .378  -.008   2
  45 WDR104B  1632 2013    382     13      0    .746    .42   1.04   .186   .544   .367   2.12   .342   .003   2
  46 WDR105A  1591 2013    423     15      0    .771    .61   1.65   .266   .623   .302   2.05   .296  -.004   1
  47 WDR105B  1586 2013    428     15      0    .760    .66   1.58   .279   .643   .287   1.83   .291  -.005   1
  48 WDR106A  1720 1947    228      7      0    .569    .40   1.12   .239   .820   .313   1.91   .292   .044   0
  49 WDR106B  1733 1891    159      4      0    .804    .50   1.23   .226   .593   .321   1.74   .283   .007   2
  50 WDR107A  1604 2013    410     14      0    .746    .39   1.52   .251   .684   .413   2.00   .374   .008   1
  51 WDR107B  1599 2013    415     15      0    .711    .41   2.05   .287   .705   .427   2.69   .397   .013   1
  52 WDR108A  1627 2013    387     13      0    .727    .38    .99   .179   .479   .398   2.26   .336   .005   2
  53 WDR108B  1580 2013    434     15      0    .711    .36   1.46   .209   .689   .394   2.67   .343   .016   0
  54 WDR109A  1716 2013    298     10      0    .738    .32    .78   .160   .541   .416   2.91   .388   .024   1
  55 WDR109B  1841 2013    173      5      0    .593    .32   1.34   .187   .596   .368   3.24   .360   .008   3
  56 WDR110A  1612 2013    402     14      0    .840    .68   1.58   .305   .535   .360   2.12   .331   .008   1
  57 WDR110B  1579 1717    139      3      0    .776    .85   2.33   .400   .471   .415   2.20   .368   .022   1
  58 WDR110C  1721 2013    293     10      0    .780    .57   2.03   .269   .560   .361   2.17   .323   .080   0
  59 WDR111A  1597 2013    417     15      0    .839    .40   2.33   .282   .767   .389   2.21   .362  -.012   1
  60 WDR111B  1579 1734    156      4      0    .684    .48   1.77   .269   .666   .361   1.91   .348   .003   1
  61 WDR111C  1737 2013    277      9      0    .817    .31    .74   .130   .447   .377   1.97   .344   .001   1
  62 WDR112A  1782 2013    232      7      0    .796    .82   2.88   .421   .544   .367   2.13   .343   .009   1
  63 WDR112B  1737 2013    277      9      0    .781    .69   2.50   .306   .477   .361   2.44   .343   .013   1
  64 WDR113A  1595 1697    103      2      0    .678    .89   1.92   .361   .353   .373   1.92   .341   .026   1
  65 WDR113B  1699 2013    315     11      0    .833    .41   1.42   .243   .718   .351   2.14   .333  -.005   1
  66 WDR113C  1615 2013    399     14      0    .805    .40   1.10   .198   .589   .366   2.36   .336  -.001   1
  67 WDR114A  1820 1969    150      4      0    .717    .34   1.33   .224   .709   .434   1.95   .376   .008   0
  68 WDR114B  1811 2013    203      6      0    .737    .32   1.74   .240   .678   .530   2.39   .438   .025   0
  69 WDR115A  1594 2013    420     15      0    .804    .47   2.51   .399   .789   .426   2.42   .373   .007   2
  70 WDR115B  1647 2013    367     13      0    .818    .40   2.20   .285   .687   .432   2.28   .381   .001   2
 --- -------- ---------  -----  -----  -----   ------ -----  -----  -----  -----  -----  -----  -----  -----  --
 Total or mean:          18742    606      4    .736    .63   5.36   .354   .629   .377   3.24   .353   .007

 DATA CHECKS (rwl.check): cana583
-----------------------------------------------------------------------------------------------------------------------------------
 rwl.check: data_files/treering/measurements/northamerica/canada/cana583.rwl
 70 series, 18742 measurements, 1567-2013, 0.001 mm precision
 0 error(s), 0 warning(s), 1 note(s)
 -------------
 Nothing to report at this severity.
 1 note(s) not shown; see rwl.check() or the 'check' element of this report.

 NOTES
-----------------------------------------------------------------------------------------------------------------------------------
 Report generated using dplR 1.8.1 (R 4.5.2) on 2026-10-01 16:54 PDT.
 Measurement file cana583.rwl, MD5 c8a03d2c6303cc9b6128e0b35362665b.
 Filtering: each series divided by a 32-year smoothing spline (caps()), then prewhitened with
   an AR model (order by AIC, at most 3).
 Master: biweight robust mean of the other series (leave-one-out).
 Correlation: Pearson, one-tailed, pcrit = 0.01; critical r = 0.3281 for 50-year segments.
 Segments: 50 years, lagged 25, first segment floored to 100. Lags searched: +/- 10 years.
 A segment is tested only where the series and the master cover all of it, at the dated
   position and at every lag. COFECHA also tests partial segments at the ends of a series, so
   series here may show fewer segments, and no flags can be raised at the ends of the record.
 Lags follow COFECHA: negative means rings are probably missing from the series, positive means
   false rings. A missing ring carries its lag into every segment before it, so look where the
   lag changes along a series. A B flag is a hypothesis to check on the wood; the gain says how
   seriously to take it.
 A B flag marked "weak at every lag" correlates under the critical value even at its best lag:
   the segment is weak wherever it is placed, and the shift is not evidence of a dating error.
   Treat it as a low correlation, like an A.
 Averages in the summary and the totals are weighted by the number of years in each series, as
   COFECHA's are.
 Unfiltered block and mean sensitivity: the measurements as read, and sens1().
 dplR filtered block: the series that was correlated, after filtering. COFECHA's filtered
   series is defined differently, so these three columns are not COFECHA's numbers.
 AR: order of the AR model used to prewhiten.
