
 COFECHA-style crossdating report: cana328
 Report generated using dplR 1.8.1 (R 4.5.2) on 2026-10-01 16:54 PDT
 Built with dplR's xdate.report(), not COFECHA; see the notes at the end.


      Measurement file name  : cana328.rwl
      MD5 of measurement file: ecd50f0d1f1ddfd2af6c1a574e7b0e63
      Date checked           : 01OCT26
      Beginning year         : 1018
      Ending year            : 2008
      Principal investigators: Sauchyn, D.J.; Vanstone, J.; Perez-Valdivia, C.
      Site name              : Siffleur Ridge
      Species information    : PIFL Pinus flexilis E. James
      Latitude               : 52.0480 N
      Longitude              : 116.3980 W
      Elevation              : 1390 m

      Series intercorrelation: 0.762
      Avg mean sensitivity   : 0.383
      Avg standard deviation : 0.369
      Avg autocorrelation    : 0.731
      Number dated series    : 62
      Segment length tested  : 50

      Number problem segments: 5  (A 1, B 4; 1 of the B weak at every lag)
      Pct problem segments   : 0.84


 CORRELATION OF SERIES BY SEGMENTS: cana328
-----------------------------------------------------------------------------------------------------------------------------------
 Correlations of  50-year dated segments, lagged  25 years
 Flags:  A = correlation under   .3281 but highest as dated;  B = correlation higher at other than dated position

 Seq Series  Time_span  1100 1125 1150 1175 1200 1225 1250 1275 1300 1325 1350 1375 1400 1425 1450 1475 1500 1525 1550 1575 
                        1149 1174 1199 1224 1249 1274 1299 1324 1349 1374 1399 1424 1449 1474 1499 1524 1549 1574 1599 1624 
 --- -------- ---------  ---- ---- ---- ---- ---- ---- ---- ---- ---- ---- ---- ---- ---- ---- ---- ---- ---- ---- ---- ---- 
  29 SFR28B   1571 2008                                                                                                 .72 
  30 SFR30B   1386 2008                                                              .81  .83  .80  .69  .57  .71  .66  .56 
  46 SFR47A   1519 2008                                                                                       .77  .83  .62 
  53 SFR63A   1233 1439                                .67  .76  .81  .83  .84  .77                                         
  54 SFR65A   1551 1885                                                                                                 .79 
  55 SFR65B   1552 1885                                                                                                 .72 
  56 SFR70A   1380 1575                                                              .76  .85  .84  .78  .67  .45           
  57 SFR70B   1380 1543                                                              .70  .84  .87  .80                     
  58 SFR73A   1018 1456  .80  .51  .31B .20B .23B .56  .81  .85  .77  .74  .80  .74  .77                                    
  59 SFR73B   1018 1421  .76  .59  .57  .62  .48  .66  .87  .86  .85  .85  .85                                              
  60 SFR76A   1028 1385  .78  .69  .48  .56  .65  .67  .74  .76  .76  .60                                                   
  61 SFR77A   1260 1487                                     .84  .85  .82  .76  .69  .74  .80                               
  62 SFR77B   1260 1487                                     .83  .87  .83  .67  .61  .74  .82                               
 Av segment correlation  .78  .60  .45  .46  .45  .63  .77  .82  .82  .78  .78  .70  .75  .83  .84  .76  .62  .64  .75  .68 

 CORRELATION OF SERIES BY SEGMENTS: cana328
-----------------------------------------------------------------------------------------------------------------------------------
 Correlations of  50-year dated segments, lagged  25 years
 Flags:  A = correlation under   .3281 but highest as dated;  B = correlation higher at other than dated position

 Seq Series  Time_span  1600 1625 1650 1675 1700 1725 1750 1775 1800 1825 1850 1875 1900 1925 1950 
                        1649 1674 1699 1724 1749 1774 1799 1824 1849 1874 1899 1924 1949 1974 1999 
 --- -------- ---------  ---- ---- ---- ---- ---- ---- ---- ---- ---- ---- ---- ---- ---- ---- ---- 
   1 SFR02A   1789 2008                                          .73  .89  .78  .74  .82  .77  .54 
   2 SFR02B   1821 2008                                               .92  .87  .81  .82  .80  .49 
   3 SFR07A   1591 2008  .60  .61  .59  .79  .69  .56  .65  .71  .52  .52  .70  .67  .73  .63  .68 
   4 SFR10A   1761 2008                                     .89  .84  .85  .86  .74  .67  .68  .53 
   5 SFR10B   1723 2008                           .69  .75  .90  .90  .80  .80  .90  .82  .76  .70 
   6 SFR12A   1775 2008                                          .78  .77  .72  .80  .86  .88  .75 
   7 SFR12B   1747 2008                                .59  .94  .95  .91  .85  .77  .78  .81  .74 
   8 SFR13A   1838 2008                                                    .59  .81  .83  .79  .87 
   9 SFR13B   1594 2008  .72  .75  .81  .91  .91  .81  .81  .81  .71  .68  .62  .71  .85  .84  .85 
  10 SFR15A   1735 2008                                .87  .88  .88  .82  .87  .67  .25A .51  .65 
  11 SFR15B   1760 2008                                     .92  .89  .83  .82  .44  .11B .66  .72 
  12 SFR16A   1675 2008                      .88  .89  .89  .89  .91  .76  .76  .91  .91  .89  .77 
  13 SFR16B   1623 2008            .78  .83  .87  .91  .88  .89  .81  .63  .56  .46  .59  .87  .65 
  14 SFR17A   1744 2008                                .66  .81  .85  .83  .81  .81  .83  .84  .79 
  15 SFR17B   1745 2008                                .67  .78  .85  .82  .74  .75  .80  .75  .76 
  16 SFR18A   1837 2008                                                    .84  .77  .71  .70  .74 
  17 SFR18B   1829 2008                                                    .79  .70  .70  .68  .73 
  18 SFR20A   1787 2008                                          .76  .83  .78  .82  .74  .53  .48 
  19 SFR20B   1786 1953                                          .80  .77  .80  .86  .76           
  20 SFR21A   1721 2008                           .77  .80  .87  .83  .84  .84  .78  .76  .74  .72 
  21 SFR21B   1691 2008                      .90  .83  .82  .87  .88  .88  .85  .83  .85  .85  .80 
  22 SFR22A   1668 2008                 .80  .86  .88  .88  .88  .89  .88  .83  .82  .86  .89  .93 
  23 SFR22B   1700 2008                           .87  .90  .93  .63  .56  .78  .79  .82  .87  .91 
  24 SFR22C   1693 2008                      .87  .89  .89  .90  .93  .89  .79  .76  .84  .86  .87 
  25 SFR25A   1757 2008                                     .67  .81  .64  .55  .63  .71  .75  .83 
  26 SFR26A   1706 2008                           .67  .73  .90  .87  .64  .60  .81  .85  .87  .88 
  27 SFR26B   1706 2008                           .72  .75  .89  .82  .56  .46  .68  .71  .82  .88 
  28 SFR28A   1579 2008  .78  .84  .87  .89  .82  .77  .82  .86  .81  .81  .88  .82  .64  .64  .86 
  29 SFR28B   1571 2008  .69  .74  .83  .84  .79  .82  .85  .86  .90  .90  .91  .87  .79  .77  .90 
  30 SFR30B   1386 2008  .77  .80  .84  .90  .87  .81  .82  .87  .92  .89  .81  .73  .62  .54  .69 
  31 SFR33A   1738 2008                                .82  .87  .81  .45  .40  .78  .72  .72  .83 
  32 SFR33B   1724 2008                           .80  .83  .87  .76  .66  .68  .80  .76  .59  .43 
  33 SFR34A   1690 2008                      .82  .80  .69  .43  .60  .88  .81  .73  .64  .62  .82 
  34 SFR34B   1675 2008                      .80  .80  .61  .57  .73  .64  .68  .74  .61  .61  .82 
  35 SFR36A   1597 2008  .88  .86  .84  .91  .92  .85  .83  .86  .89  .87  .85  .89  .77  .75  .80 
  36 SFR36B   1591 1963  .61  .67  .75  .87  .86  .79  .82  .77  .67  .55  .60  .62  .64           
  37 SRF37B   1737 1987                                .79  .83  .80  .67  .73  .73  .60  .54      
  38 SFR37A   1731 1930                                .70  .72  .81  .81  .71  .73                
  39 SFR39A   1707 2008                           .88  .90  .93  .90  .85  .84  .85  .79  .79  .56 
  40 SFR39B   1707 2008                           .88  .90  .92  .88  .73  .69  .71  .71  .81  .82 
  41 SFR41A   1729 1998                                .77  .74  .91  .86  .81  .88  .85  .82      
  42 SFR41B   1765 2008                                     .69  .85  .92  .91  .92  .88  .86  .88 
  43 SFR45A   1721 2008                           .51  .57  .90  .91  .90  .88  .90  .91  .87  .85 
  44 SFR45B   1713 2008                           .60  .63  .87  .91  .92  .89  .87  .89  .85  .81 
  45 SFR47B   1617 2008       .83  .81  .88  .88  .88  .89  .80  .55  .43  .71  .87  .80  .74  .86 
  46 SFR47A   1519 2008  .72  .81  .82  .88  .87  .88  .89  .88  .89  .87  .79  .82  .82  .60  .45 
  47 SFR48A   1883 2008                                                              .70  .78  .80 
  48 SFR48B   1859 2008                                                         .76  .74  .80  .82 
  49 SFR51B   1694 2008                      .87  .72  .60  .64  .91  .86  .73  .76  .86  .78  .65 
  50 SFR51A   1694 1993                      .89  .74  .74  .84  .87  .82  .75  .76  .76  .56      
  51 SFR60A   1681 1887                      .65  .78  .87  .88  .90  .87                          
  52 SFR60B   1681 1856                      .78  .76  .81  .85  .85                               
  54 SFR65A   1551 1885  .84  .84  .80  .85  .82  .81  .89  .84  .77  .81                          
  55 SFR65B   1552 1885  .76  .69  .70  .88  .74  .75  .88  .91  .89  .86                          
 Av segment correlation  .74  .77  .79  .86  .83  .78  .79  .83  .82  .78  .76  .77  .74  .75  .75 

 FLAGGED SEGMENTS: cana328
-----------------------------------------------------------------------------------------------------------------------------------
 Seq Series   Segment    Flag  r dated  Best lag  r at lag   Gain  Note
 --- -------- ---------  ----  -------  --------  --------  -----  -----------------
  10 SFR15A   1900 1949     A     .254         0
  11 SFR15B   1900 1949     B     .111        -8      .276   .166  weak at every lag
  58 SFR73A   1150 1199     B     .310         4      .454   .144
  58 SFR73A   1175 1224     B     .201         6      .449   .248
  58 SFR73A   1200 1249     B     .226         6      .336   .110

 DESCRIPTIVE STATISTICS: cana328
-----------------------------------------------------------------------------------------------------------------------------------

                                                Corr   //-------- Unfiltered --------\\  //-- dplR filtered --\\
                           No.    No.    No.    with   Mean   Max     Std   Auto   Mean   Max     Std   Auto  AR
 Seq Series   Interval   Years  Segmt  Flags   Master  msmt   msmt    dev   corr   sens  value    dev   corr  ()
 --- -------- ---------  -----  -----  -----   ------ -----  -----  -----  -----  -----  -----  -----  -----  --
   1 SFR02A   1789 2008    220      7      0    .720   1.00   4.26   .667   .738   .447   2.17   .402   .015   1
   2 SFR02B   1821 2008    188      6      0    .744    .73   2.78   .403   .578   .459   2.04   .405   .004   1
   3 SFR07A   1591 2008    418     15      0    .642    .45   1.51   .311   .828   .358   1.93   .339   .006   2
   4 SFR10A   1761 2008    248      8      0    .765    .67   1.93   .384   .838   .297   1.96   .288   .006   1
   5 SFR10B   1723 2008    286     10      0    .787    .50   1.93   .307   .731   .357   2.41   .339  -.003   1
   6 SFR12A   1775 2008    234      7      0    .775    .51   1.28   .258   .733   .326   1.98   .308  -.007   3
   7 SFR12B   1747 2008    262      9      0    .771    .56   1.30   .265   .669   .334   1.79   .311  -.007   1
   8 SFR13A   1838 2008    171      5      0    .773    .34    .91   .175   .677   .366   1.86   .324  -.008   1
   9 SFR13B   1594 2008    415     15      0    .792    .42   1.12   .229   .702   .353   1.87   .317  -.008   3
  10 SFR15A   1735 2008    274      9      1    .767    .71   2.52   .541   .890   .335   1.79   .322  -.015   1
  11 SFR15B   1760 2008    249      8      1    .719    .54   4.29   .561   .924   .343   1.82   .305   .002   3
  12 SFR16A   1675 2008    334     11      0    .842    .40   1.69   .280   .643   .490   2.32   .420  -.003   1
  13 SFR16B   1623 2008    386     13      0    .722    .38   1.87   .330   .759   .429   2.61   .370  -.003   3
  14 SFR17A   1744 2008    265      9      0    .779    .72   2.84   .453   .749   .351   1.81   .308   .063   0
  15 SFR17B   1745 2008    264      9      0    .757    .69   2.70   .497   .810   .310   1.79   .276   .064   0
  16 SFR18A   1837 2008    172      5      0    .773   1.46   4.65   .905   .856   .295   1.86   .281   .005   2
  17 SFR18B   1829 2008    180      5      0    .734   1.00   2.81   .533   .772   .308   2.02   .296  -.028   1
  18 SFR20A   1787 2008    222      7      0    .619    .65   2.56   .403   .824   .293   3.49   .339   .090   1
  19 SFR20B   1786 1953    168      5      0    .771    .54   2.25   .370   .885   .263   1.77   .238  -.022   1
  20 SFR21A   1721 2008    288     10      0    .788    .55   1.89   .330   .678   .390   2.11   .338   .005   3
  21 SFR21B   1691 2008    318     11      0    .838    .51   1.52   .307   .682   .379   1.88   .340  -.004   3
  22 SFR22A   1668 2008    341     12      0    .857    .84   3.70   .632   .840   .357   1.83   .324  -.004   1
  23 SFR22B   1700 2008    309     10      0    .819    .72   3.00   .417   .773   .356   1.74   .318  -.011   3
  24 SFR22C   1693 2008    316     11      0    .855    .77   2.85   .490   .836   .340   1.83   .308  -.000   1
  25 SFR25A   1757 2008    252      8      0    .695    .36   1.44   .274   .867   .380   1.90   .328  -.008   2
  26 SFR26A   1706 2008    303     10      0    .779    .60   2.74   .612   .887   .387   1.91   .311   .000   0
  27 SFR26B   1706 2008    303     10      0    .744    .56   2.57   .625   .901   .391   1.93   .315  -.015   0
  28 SFR28A   1579 2008    430     15      0    .805    .41   1.18   .245   .793   .357   2.01   .322  -.006   1
  29 SFR28B   1571 2008    438     16      0    .824    .43   1.12   .211   .646   .370   2.02   .331   .001   1
  30 SFR30B   1386 2008    623     23      0    .763    .33    .89   .150   .561   .375   2.02   .329  -.003   3
  31 SFR33A   1738 2008    271      9      0    .720    .44   3.05   .518   .862   .444   2.05   .368   .003   2
  32 SFR33B   1724 2008    285     10      0    .689    .59   2.97   .609   .855   .409   2.13   .363   .007   1
  33 SFR34A   1690 2008    319     11      0    .724    .48   1.60   .347   .848   .370   1.97   .348  -.001   3
  34 SFR34B   1675 2008    334     11      0    .724    .53   2.67   .441   .861   .352   2.01   .340   .001   1
  35 SFR36A   1597 2008    412     15      0    .849    .58   1.76   .331   .679   .404   2.32   .358  -.001   3
  36 SFR36B   1591 1963    373     13      0    .702    .46   1.92   .343   .808   .394   2.89   .354   .006   3
  37 SRF37B   1737 1987    251      8      0    .673    .50   2.48   .484   .859   .381   1.91   .330  -.003   1
  38 SFR37A   1731 1930    200      6      0    .746    .58   3.07   .533   .857   .356   1.84   .306  -.003   2
  39 SFR39A   1707 2008    302     10      0    .812    .50   1.59   .273   .636   .397   2.08   .350  -.010   3
  40 SFR39B   1707 2008    302     10      0    .822    .40   1.88   .272   .693   .408   2.16   .371   .020   1
  41 SFR41A   1729 1998    270      8      0    .809    .54   2.74   .499   .714   .440   2.25   .396   .031   1
  42 SFR41B   1765 2008    244      8      0    .804    .58   2.82   .477   .767   .435   2.14   .391   .010   1
  43 SFR45A   1721 2008    288     10      0    .802    .58   2.07   .378   .715   .401   2.01   .339   .012   1
  44 SFR45B   1713 2008    296     10      0    .805    .59   2.04   .400   .718   .414   1.95   .361  -.001   1
  45 SFR47B   1617 2008    392     14      0    .783    .43   1.68   .294   .721   .438   2.24   .369  -.003   3
  46 SFR47A   1519 2008    490     18      0    .764    .42   1.55   .256   .722   .400   2.22   .355  -.003   3
  47 SFR48A   1883 2008    126      3      0    .774   1.54   5.01  1.134   .857   .365   1.87   .341  -.008   1
  48 SFR48B   1859 2008    150      4      0    .742   1.26   4.41   .902   .789   .369   2.04   .355   .011   1
  49 SFR51B   1694 2008    315     11      0    .740    .50   1.52   .254   .750   .323   2.07   .313  -.012   1
  50 SFR51A   1694 1993    300     10      0    .747    .53   1.94   .393   .850   .323   1.85   .298  -.021   1
  51 SFR60A   1681 1887    207      6      0    .793    .63   1.55   .293   .605   .375   2.02   .344   .000   1
  52 SFR60B   1681 1856    176      5      0    .804    .70   1.94   .340   .684   .347   1.97   .327  -.014   1
  53 SFR63A   1233 1439    207      6      0    .680    .61   1.46   .255   .527   .351   1.92   .327  -.003   3
  54 SFR65A   1551 1885    335     11      0    .827    .45   1.21   .225   .605   .412   1.99   .358   .006   3
  55 SFR65B   1552 1885    334     11      0    .798    .48   1.17   .235   .559   .405   2.30   .365  -.001   3
  56 SFR70A   1380 1575    196      6      0    .638    .54   1.45   .310   .599   .430   2.16   .354  -.037   3
  57 SFR70B   1380 1543    164      4      0    .712    .73   2.18   .480   .745   .393   1.75   .315  -.075   3
  58 SFR73A   1018 1456    439     13      3    .647    .35   1.93   .269   .642   .499   2.31   .415   .063   0
  59 SFR73B   1018 1421    404     11      0    .742    .36   1.61   .247   .543   .509   2.33   .438   .004   1
  60 SFR76A   1028 1385    358     10      0    .701    .37   1.13   .220   .562   .462   2.23   .405  -.001   1
  61 SFR77A   1260 1487    228      7      0    .785    .60   1.20   .208   .478   .306   1.69   .268   .000   3
  62 SFR77B   1260 1487    228      7      0    .769    .54   1.27   .219   .555   .319   1.79   .287  -.009   3
 --- -------- ---------  -----  -----  -----   ------ -----  -----  -----  -----  -----  -----  -----  -----  --
 Total or mean:          18073    595      5    .762    .55   5.01   .369   .731   .383   3.49   .342   .002

 DATA CHECKS (rwl.check): cana328
-----------------------------------------------------------------------------------------------------------------------------------
 rwl.check: data_files/treering/measurements/northamerica/canada/cana328.rwl
 62 series, 18073 measurements, 1018-2008, 0.001 mm precision
 0 error(s), 1 warning(s), 0 note(s)
 -------------
 WARNING
   RWL_SITE_CODE (1)
     SRF37B: site code differs from the sfr used by 61 of 62 series

 NOTES
-----------------------------------------------------------------------------------------------------------------------------------
 Report generated using dplR 1.8.1 (R 4.5.2) on 2026-10-01 16:54 PDT.
 Measurement file cana328.rwl, MD5 ecd50f0d1f1ddfd2af6c1a574e7b0e63.
 Filtering: each series divided by a 32-year smoothing spline (caps()), then prewhitened with
   an AR model (order by AIC, at most 3).
 Master: biweight robust mean of the other series (leave-one-out).
 Correlation: Pearson, one-tailed, pcrit = 0.01; critical r = 0.3281 for 50-year segments.
 Segments: 50 years, lagged 25, first segment floored to 100. Lags searched: +/- 10 years.
 A segment is tested only where the series and the master cover all of it, at the dated
   position and at every lag. COFECHA also tests partial segments at the ends of a series, so
   series here may show fewer segments, and no flags can be raised at the ends of the record.
 Lags follow COFECHA: negative means rings are probably missing from the series, positive means
   false rings. A missing ring carries its lag into every segment before it, so look where the
   lag changes along a series. A B flag is a hypothesis to check on the wood; the gain says how
   seriously to take it.
 A B flag marked "weak at every lag" correlates under the critical value even at its best lag:
   the segment is weak wherever it is placed, and the shift is not evidence of a dating error.
   Treat it as a low correlation, like an A.
 Averages in the summary and the totals are weighted by the number of years in each series, as
   COFECHA's are.
 Unfiltered block and mean sensitivity: the measurements as read, and sens1().
 dplR filtered block: the series that was correlated, after filtering. COFECHA's filtered
   series is defined differently, so these three columns are not COFECHA's numbers.
 AR: order of the AR model used to prewhiten.
