
 COFECHA-style crossdating report: cana355
 Report generated using dplR 1.8.1 (R 4.5.2) on 2026-10-01 16:48 PDT
 Built with dplR's xdate.report(), not COFECHA; see the notes at the end.


      Measurement file name  : cana355.rwl
      MD5 of measurement file: 4c5c62a434dc8dc7676ea758b08e513c
      Date checked           : 01OCT26
      Beginning year         : 1152
      Ending year            : 1994
      Principal investigators: Colenutt, M.; Luckman, B.H.
      Site name              : Larch Valley
      Species information    : LALY Larix lyallii Parl.
      Latitude               : 51.3500 N
      Longitude              : 116.2167 W
      Elevation              : 2200 m

      Series intercorrelation: 0.789
      Avg mean sensitivity   : 0.391
      Avg standard deviation : 0.213
      Avg autocorrelation    : 0.637
      Number dated series    : 63
      Series crossdated      : 62
      Segment length tested  : 50

      Number problem segments: 0  (A 0, B 0)
      Pct problem segments   : 0.00


 CORRELATION OF SERIES BY SEGMENTS: cana355
-----------------------------------------------------------------------------------------------------------------------------------
 Correlations of  50-year dated segments, lagged  25 years
 Flags:  A = correlation under   .3281 but highest as dated;  B = correlation higher at other than dated position

 Seq Series  Time_span  1200 1225 1250 1275 1300 1325 1350 1375 1400 1425 1450 1475 1500 1525 1550 1575 1600 1625 1650 1675 
                        1249 1274 1299 1324 1349 1374 1399 1424 1449 1474 1499 1524 1549 1574 1599 1624 1649 1674 1699 1724 
 --- -------- ---------  ---- ---- ---- ---- ---- ---- ---- ---- ---- ---- ---- ---- ---- ---- ---- ---- ---- ---- ---- ---- 
   1 LV503E   1529 1985                                                                        .77  .75  .79  .77  .78  .76 
   2 LV503S   1529 1984                                                                        .78  .75  .78  .77  .83  .80 
   3 LV505N   1653 1959                                                                                                 .88 
   4 LV505W   1617 1985                                                                                       .69  .74  .88 
   5 LV507C   1502 1984                                                                   .82  .84  .91  .91  .82  .84  .87 
   7 LV507S   1503 1985                                                                   .80  .81  .85  .86  .85  .87  .91 
   8 LV601W   1546 1985                                                                        .77  .83  .86  .85  .85  .85 
   9 LV602S   1587 1985                                                                                  .53  .38  .85  .90 
  10 LV603N   1630 1985                                                                                            .86  .75 
  11 LV604N   1550 1985                                                                             .87  .86  .76  .80  .87 
  12 LV622S   1522 1985                                                                   .65  .76  .79  .81  .72  .70  .80 
  13 LV625W   1572 1985                                                                             .79  .90  .91  .89  .90 
  14 LV629N   1543 1985                                                                        .83  .87  .88  .83  .85  .87 
  15 LV629W   1567 1985                                                                             .85  .87  .88  .72  .74 
  16 LV633N   1347 1985                                .53  .79  .78  .83  .81  .76  .69  .64  .70  .63  .68  .80  .79  .81 
  17 LV634N   1543 1985                                                                        .78  .79  .78  .82  .85  .85 
  18 LV638N   1520 1985                                                                   .83  .84  .85  .87  .85  .76  .81 
  19 LV642N   1550 1985                                                                             .85  .79  .76  .85  .85 
  20 LV642W   1550 1985                                                                             .69  .75  .47  .63  .84 
  21 LV643N   1550 1985                                                                             .80  .75  .73  .86  .83 
  22 LV749N   1520 1985                                                                   .70  .74  .79  .84  .83  .81  .85 
  23 LV53SD   1623 1984                                                                                       .73  .83  .82 
  24 LV625N   1668 1985                                                                                                 .83 
  25 LV634E   1651 1985                                                                                                 .89 
  26 LV635N   1653 1985                                                                                                 .75 
  27 LV635E   1665 1985                                                                                                 .71 
  28 LV636N   1621 1985                                                                                       .72  .84  .85 
  30 LV638S   1664 1985                                                                                                 .67 
  31 LV656W   1612 1985                                                                                       .78  .81  .84 
  32 LV656S   1633 1985                                                                                            .88  .87 
  33 LV723N   1636 1986                                                                                            .86  .89 
  34 LV772N   1669 1986                                                                                                 .75 
  35 X9102A   1386 1773                                          .79  .89  .83  .80  .80  .82  .77  .78  .79  .73  .81  .87 
  36 X9103    1427 1819                                                    .83  .90  .91  .85  .77  .73  .71  .68  .81  .82 
  37 X9104A   1360 1867                                     .80  .86  .85  .79  .82  .80  .73  .76  .74  .79  .83  .87  .83 
  38 X9105    1292 1619                      .68  .80  .75  .74  .77  .76  .69  .67  .80  .81  .75                          
  39 X9105A   1486 1774                                                              .73  .74  .72  .77  .81  .81  .79  .72 
  40 X9106A   1412 1955                                               .55  .44  .48  .50  .71  .81  .80  .85  .84  .84  .83 
  41 X9111    1550 1830                                                                        .79  .82  .83  .79  .86  .91 
  42 X9112A   1574 1894                                                                             .81  .82  .80  .85  .89 
  43 X9113A   1542 1823                                                                        .63  .56  .68  .78  .77  .82 
  44 LV505A   1531 1994                                                                        .73  .82  .89  .90  .88  .86 
  45 LV505B   1560 1994                                                                             .84  .88  .90  .89  .86 
  46 LV506A   1585 1994                                                                                  .60  .66  .82  .84 
  47 LV507A   1531 1994                                                                        .69  .80  .89  .84  .82  .85 
  48 LV507B   1558 1994                                                                             .78  .85  .86  .89  .92 
  49 LV510A   1534 1994                                                                        .81  .83  .85  .65  .68  .84 
  50 LV510D   1479 1994                                                              .71  .69  .77  .77  .83  .78  .75  .84 
  51 LV541A   1595 1994                                                                                  .88  .82  .88  .89 
  52 LV541B   1577 1994                                                                                  .87  .79  .76  .81 
  53 LV542A   1548 1994                                                                        .75  .76  .77  .77  .81  .82 
  54 LV553A   1613 1994                                                                                       .80  .70  .78 
  55 LV553E   1490 1994                                                              .66  .59  .80  .81  .85  .88  .83  .80 
  56 LV555B   1536 1994                                                                        .69  .61  .68  .82  .82  .81 
  57 LV581A   1325 1798                                .52  .54  .76  .83  .81  .81  .81  .86  .87  .80  .83  .82  .84  .86 
  58 LV582A   1152 1679                      .87  .83  .72  .71  .71  .81  .78  .67  .74  .83  .81  .76  .77  .78           
  59 LV583A   1279 1873                      .75  .75  .71  .76  .80  .88  .85  .83  .87  .88  .85  .83  .81  .78  .83  .82 
  60 LV584A   1477 1821                                                              .57  .76  .85  .73  .66  .77  .89  .85 
  61 LV585A   1532 1813                                                                        .80  .82  .84  .86  .88  .86 
  62 LV586A   1379 1779                                          .79  .88  .85  .86  .83  .80  .87  .88  .90  .84  .90  .91 
  63 LV587A   1494 1815                                                              .51  .73  .67  .80  .79  .67  .72  .78 
 Av segment correlation                      .77  .79  .65  .72  .78  .81  .77  .76  .73  .76  .77  .79  .81  .78  .82  .83 

 CORRELATION OF SERIES BY SEGMENTS: cana355
-----------------------------------------------------------------------------------------------------------------------------------
 Correlations of  50-year dated segments, lagged  25 years
 Flags:  A = correlation under   .3281 but highest as dated;  B = correlation higher at other than dated position

 Seq Series  Time_span  1700 1725 1750 1775 1800 1825 1850 1875 1900 1925 
                        1749 1774 1799 1824 1849 1874 1899 1924 1949 1974 
 --- -------- ---------  ---- ---- ---- ---- ---- ---- ---- ---- ---- ---- 
   1 LV503E   1529 1985  .73  .75  .78  .79  .79  .75  .75  .82  .91  .93 
   2 LV503S   1529 1984  .79  .77  .79  .80  .81  .78  .78  .79  .75  .80 
   3 LV505N   1653 1959  .79  .71  .80  .76  .74  .67  .72  .86  .85      
   4 LV505W   1617 1985  .79  .65  .76  .80  .76  .68  .64  .72  .78  .83 
   5 LV507C   1502 1984  .85  .81  .78  .79  .83  .84  .85  .86  .88  .92 
   7 LV507S   1503 1985  .88  .80  .81  .78  .79  .84  .88  .88  .86  .86 
   8 LV601W   1546 1985  .81  .81  .88  .85  .83  .81  .81  .84  .89  .90 
   9 LV602S   1587 1985  .84  .79  .85  .85  .85  .89  .85  .78  .87  .90 
  10 LV603N   1630 1985  .65  .66  .72  .71  .73  .78  .78  .84  .92  .92 
  11 LV604N   1550 1985  .88  .80  .79  .85  .87  .89  .76  .78  .85  .84 
  12 LV622S   1522 1985  .76  .68  .71  .84  .83  .78  .77  .82  .86  .86 
  13 LV625W   1572 1985  .87  .84  .83  .80  .83  .84  .82  .77  .83  .91 
  14 LV629N   1543 1985  .83  .77  .83  .87  .78  .77  .80  .77  .85  .90 
  15 LV629W   1567 1985  .83  .78  .77  .74  .74  .79  .80  .74  .85  .91 
  16 LV633N   1347 1985  .83  .83  .84  .79  .74  .77  .81  .76  .79  .86 
  17 LV634N   1543 1985  .87  .89  .86  .85  .86  .83  .80  .73  .59  .63 
  18 LV638N   1520 1985  .87  .74  .74  .83  .86  .89  .81  .75  .86  .87 
  19 LV642N   1550 1985  .85  .89  .85  .71  .63  .70  .77  .82  .80  .73 
  20 LV642W   1550 1985  .80  .80  .78  .75  .67  .72  .89  .91  .82  .77 
  21 LV643N   1550 1985  .77  .82  .87  .87  .84  .82  .82  .92  .90  .86 
  22 LV749N   1520 1985  .84  .79  .90  .90  .86  .88  .88  .85  .86  .55 
  23 LV53SD   1623 1984  .72  .76  .83  .84  .83  .80  .82  .81  .81  .89 
  24 LV625N   1668 1985  .85  .84  .85  .80  .73  .80  .82  .84  .90  .90 
  25 LV634E   1651 1985  .84  .86  .80  .78  .76  .76  .78  .74  .83  .81 
  26 LV635N   1653 1985  .85  .85  .83  .80  .82  .83  .86  .88  .89  .88 
  27 LV635E   1665 1985  .82  .80  .75  .75  .68  .67  .66  .65  .77  .82 
  28 LV636N   1621 1985  .89  .89  .77  .75  .83  .82  .88  .89  .90  .92 
  29 LV636W   1699 1985  .83  .86  .87  .86  .83  .85  .88  .86  .89  .88 
  30 LV638S   1664 1985  .82  .74  .68  .69  .73  .77  .79  .78  .84  .85 
  31 LV656W   1612 1985  .82  .85  .83  .83  .85  .82  .77  .74  .81  .88 
  32 LV656S   1633 1985  .83  .74  .73  .81  .86  .80  .79  .79  .83  .90 
  33 LV723N   1636 1986  .84  .74  .75  .80  .81  .80  .77  .76  .82  .85 
  34 LV772N   1669 1986  .75  .79  .84  .86  .82  .80  .70  .69  .85  .87 
  35 X9102A   1386 1773  .89                                              
  36 X9103    1427 1819  .80  .71  .70                                    
  37 X9104A   1360 1867  .81  .88  .84  .84  .90                          
  39 X9105A   1486 1774  .70  .80                                         
  40 X9106A   1412 1955  .82  .85  .83  .86  .80  .77  .84  .89  .89      
  41 X9111    1550 1830  .87  .82  .83  .78                               
  42 X9112A   1574 1894  .90  .91  .89  .79  .74  .74                     
  43 X9113A   1542 1823  .84  .78  .69                                    
  44 LV505A   1531 1994  .79  .76  .87  .88  .84  .86  .92  .93  .91  .92 
  45 LV505B   1560 1994  .86  .87  .87  .89  .84  .85  .88  .86  .90  .93 
  46 LV506A   1585 1994  .73  .70  .86  .82  .80  .86  .86  .78  .87  .92 
  47 LV507A   1531 1994  .82  .83  .89  .83  .86  .88  .86  .86  .93  .95 
  48 LV507B   1558 1994  .90  .87  .90  .92  .87  .85  .91  .93  .94  .93 
  49 LV510A   1534 1994  .84  .82  .77  .78  .83  .80  .76  .83  .87  .88 
  50 LV510D   1479 1994  .83  .84  .87  .87  .86  .79  .79  .85  .86  .88 
  51 LV541A   1595 1994  .85  .81  .81  .84  .87  .87  .83  .83  .86  .83 
  52 LV541B   1577 1994  .70  .65  .84  .86  .82  .81  .78  .82  .86  .84 
  53 LV542A   1548 1994  .82  .87  .84  .80  .74  .75  .80  .82  .86  .86 
  54 LV553A   1613 1994  .84  .81  .81  .81  .83  .84  .82  .80  .89  .91 
  55 LV553E   1490 1994  .76  .78  .83  .88  .84  .85  .84  .80  .86  .89 
  56 LV555B   1536 1994  .80  .76  .73  .69  .74  .80  .82  .85  .85  .88 
  57 LV581A   1325 1798  .77  .70                                         
  59 LV583A   1279 1873  .80  .72  .69  .77  .71                          
  60 LV584A   1477 1821  .72  .66  .64                                    
  61 LV585A   1532 1813  .84  .81  .81                                    
  62 LV586A   1379 1779  .79  .75                                         
  63 LV587A   1494 1815  .76  .71  .70                                    
 Av segment correlation  .81  .79  .80  .81  .80  .80  .81  .81  .85  .86 

 FLAGGED SEGMENTS: cana355
-----------------------------------------------------------------------------------------------------------------------------------
 None.

 DESCRIPTIVE STATISTICS: cana355
-----------------------------------------------------------------------------------------------------------------------------------

                                                Corr   //-------- Unfiltered --------\\  //-- dplR filtered --\\
                           No.    No.    No.    with   Mean   Max     Std   Auto   Mean   Max     Std   Auto  AR
 Seq Series   Interval   Years  Segmt  Flags   Master  msmt   msmt    dev   corr   sens  value    dev   corr  ()
 --- -------- ---------  -----  -----  -----   ------ -----  -----  -----  -----  -----  -----  -----  -----  --
   1 LV503E   1529 1985    457     16      0    .786    .37    .90   .170   .541   .379   2.00   .344  -.010   3
   2 LV503S   1529 1984    456     16      0    .776    .34   1.46   .207   .710   .402   2.51   .378  -.017   1
   3 LV505N   1653 1959    307     10      0    .785    .27    .81   .131   .635   .343   1.86   .313   .005   1
   4 LV505W   1617 1985    369     13      0    .751    .35   1.47   .208   .778   .315   1.98   .306  -.013   3
   5 LV507C   1502 1984    483     17      0    .838    .38   1.19   .196   .579   .411   2.43   .376   .008   1
   6 LV507E   1502 1985    479                          .38   1.05   .186   .581   .400                         
   7 LV507S   1503 1985    483     17      0    .834    .36   1.22   .186   .527   .436   2.45   .394  -.011   3
   8 LV601W   1546 1985    440     16      0    .841    .25    .86   .123   .635   .368   1.82   .326   .006   2
   9 LV602S   1587 1985    399     14      0    .813    .51   1.52   .271   .606   .405   2.39   .372  -.001   1
  10 LV603N   1630 1985    356     12      0    .787    .26    .59   .101   .489   .343   1.95   .309   .007   1
  11 LV604N   1550 1985    436     15      0    .825    .34   1.41   .194   .680   .410   2.14   .365   .003   1
  12 LV622S   1522 1985    464     17      0    .769    .55   2.71   .398   .785   .370   2.14   .331   .005   1
  13 LV625W   1572 1985    414     15      0    .846    .38   1.09   .177   .628   .340   1.97   .326   .016   1
  14 LV629N   1543 1985    443     16      0    .827    .29   1.02   .172   .706   .378   2.29   .328  -.004   1
  15 LV629W   1567 1985    419     15      0    .797    .29    .78   .141   .637   .378   2.23   .331   .003   2
  16 LV633N   1347 1985    639     24      0    .756    .34   1.14   .168   .630   .351   1.92   .311   .053   0
  17 LV634N   1543 1985    443     16      0    .776    .41   1.32   .200   .580   .408   2.16   .353   .008   1
  18 LV638N   1520 1985    466     17      0    .820    .50   1.76   .243   .552   .384   2.34   .340   .005   1
  19 LV642N   1550 1985    436     15      0    .767    .30    .94   .168   .758   .373   2.25   .332  -.012   1
  20 LV642W   1550 1985    436     15      0    .730    .21    .79   .153   .791   .478   2.48   .395  -.007   3
  21 LV643N   1550 1985    436     15      0    .822    .36   1.06   .179   .756   .305   1.94   .283   .015   1
  22 LV749N   1520 1985    466     17      0    .771    .42   1.59   .348   .826   .436   2.54   .398   .004   1
  23 LV53SD   1623 1984    362     13      0    .800    .41   1.30   .231   .723   .400   2.53   .362   .002   1
  24 LV625N   1668 1985    318     11      0    .838    .55   1.40   .221   .515   .348   1.78   .318   .010   1
  25 LV634E   1651 1985    335     11      0    .796    .53   1.24   .224   .498   .385   2.02   .341   .001   2
  26 LV635N   1653 1985    333     11      0    .810    .52   1.76   .306   .713   .424   2.35   .390  -.018   1
  27 LV635E   1665 1985    321     11      0    .701    .58   1.80   .400   .793   .451   2.81   .432  -.008   1
  28 LV636N   1621 1985    365     13      0    .833    .37    .87   .163   .549   .359   2.03   .328  -.004   1
  29 LV636W   1699 1985    287     10      0    .854    .41    .94   .179   .484   .375   2.28   .339   .013   1
  30 LV638S   1664 1985    322     11      0    .752    .79   1.86   .336   .456   .379   2.06   .328  -.003   2
  31 LV656W   1612 1985    374     13      0    .819    .37    .97   .180   .498   .460   1.99   .390   .004   2
  32 LV656S   1633 1985    353     12      0    .821    .53   1.94   .269   .502   .445   2.88   .396   .004   1
  33 LV723N   1636 1986    351     12      0    .810    .50   1.50   .253   .731   .318   1.73   .293   .010   1
  34 LV772N   1669 1986    318     11      0    .792    .59   1.16   .176   .340   .283   1.67   .252   .007   1
  35 X9102A   1386 1773    388     13      0    .780    .27    .96   .154   .711   .397   2.30   .356  -.000   1
  36 X9103    1427 1819    393     13      0    .799    .22    .60   .109   .396   .538   2.13   .425  -.003   1
  37 X9104A   1360 1867    508     18      0    .816    .32   1.43   .228   .821   .353   2.08   .317   .007   1
  38 X9105    1292 1619    328     11      0    .726    .21   1.12   .165   .703   .487   2.46   .408   .002   2
  39 X9105A   1486 1774    289     10      0    .716    .25   1.13   .171   .647   .389   2.79   .381   .005   1
  40 X9106A   1412 1955    544     20      0    .738    .43   1.37   .267   .725   .391   2.44   .371  -.009   1
  41 X9111    1550 1830    281     10      0    .819    .23    .52   .095   .279   .445   1.92   .363   .007   0
  42 X9112A   1574 1894    321     11      0    .819    .35    .95   .180   .691   .378   1.83   .318   .005   1
  43 X9113A   1542 1823    282      9      0    .710    .39   1.43   .194   .568   .365   1.88   .311  -.007   2
  44 LV505A   1531 1994    464     16      0    .850    .29    .98   .169   .712   .396   2.24   .354  -.011   1
  45 LV505B   1560 1994    435     15      0    .876    .30   1.32   .203   .716   .401   1.91   .350   .005   1
  46 LV506A   1585 1994    410     14      0    .758    .38    .89   .166   .633   .349   2.31   .304   .015   2
  47 LV507A   1531 1994    464     16      0    .844    .40   1.01   .177   .488   .401   2.31   .352   .006   1
  48 LV507B   1558 1994    437     15      0    .879    .34   2.01   .211   .647   .443   2.00   .363   .002   1
  49 LV510A   1534 1994    461     16      0    .786    .52   1.76   .276   .686   .382   2.12   .324   .003   1
  50 LV510D   1479 1994    516     18      0    .799    .52   1.49   .262   .633   .378   2.10   .322  -.008   3
  51 LV541A   1595 1994    400     14      0    .557    .41   1.15   .220   .592   .453  10.07   .599   .069   3
  52 LV541B   1577 1994    418     14      0    .811    .35   1.16   .211   .701   .417   2.40   .367  -.001   1
  53 LV542A   1548 1994    447     16      0    .796    .31    .95   .150   .652   .329   1.81   .296   .006   1
  54 LV553A   1613 1994    382     13      0    .814    .48   1.25   .225   .425   .438   2.01   .371   .023   0
  55 LV553E   1490 1994    505     18      0    .809    .33   1.14   .186   .562   .469   2.45   .398   .006   1
  56 LV555B   1536 1994    459     16      0    .747    .48   1.59   .309   .779   .380   2.07   .357  -.009   1
  57 LV581A   1325 1798    474     16      0    .750    .59   1.54   .289   .567   .404   2.25   .374   .003   1
  58 LV582A   1152 1679    528     14      0    .760    .44   1.85   .308   .797   .395   2.12   .352  -.000   3
  59 LV583A   1279 1873    595     21      0    .784    .36   1.22   .196   .774   .330   2.14   .291  -.005   1
  60 LV584A   1477 1821    345     11      0    .676    .45   1.26   .227   .604   .380   2.00   .331  -.000   1
  61 LV585A   1532 1813    282      9      0    .831    .60   1.38   .312   .736   .307   1.84   .301  -.015   3
  62 LV586A   1379 1779    401     14      0    .807    .37    .94   .199   .753   .357   1.90   .313  -.005   1
  63 LV587A   1494 1815    322     11      0    .671    .52   1.20   .237   .431   .400   2.13   .362   .010   1
 --- -------- ---------  -----  -----  -----   ------ -----  -----  -----  -----  -----  -----  -----  -----  --
 Total or mean:          25845    879      0    .789    .40   2.71   .213   .637   .391  10.07   .350   .003

 DATA CHECKS (rwl.check): cana355
-----------------------------------------------------------------------------------------------------------------------------------
 rwl.check: data_files/treering/measurements/northamerica/canada/cana355.rwl
 63 series, 25845 measurements, 1152-1994, 0.01 mm precision
 0 error(s), 11 warning(s), 26 note(s)
 -------------
 WARNING
   RWL_INTERNAL_NA (1)
     LV507E: no measurement for 1624-1628, inside the measured span of the series. The file records nothing for those years, which is not a fault, but detrend(), chron(), strip.rwl(), rwi.stats() and sss() fail on interior gaps and this series cannot be crossdated. Use fill.internal.NA() to close them deliberately
   RWL_SERIES_OUTLIER (1)
     LV541A: correlates with the rest of the collection at r = 0.541 where the collection median is 0.789 (5.7 MAD below it); it does not fit the collection it is in
   RWL_SITE_CODE (9)
     X9102A: site code differs from the lv used by 54 of 63 series
     X9103: site code differs from the lv used by 54 of 63 series
     X9104A: site code differs from the lv used by 54 of 63 series
     X9105: site code differs from the lv used by 54 of 63 series
     X9105A: site code differs from the lv used by 54 of 63 series
     X9106A: site code differs from the lv used by 54 of 63 series
     X9111: site code differs from the lv used by 54 of 63 series
     X9112A: site code differs from the lv used by 54 of 63 series
     X9113A: site code differs from the lv used by 54 of 63 series
 26 note(s) not shown; see rwl.check() or the 'check' element of this report.

 NOTES
-----------------------------------------------------------------------------------------------------------------------------------
 Report generated using dplR 1.8.1 (R 4.5.2) on 2026-10-01 16:48 PDT.
 Measurement file cana355.rwl, MD5 4c5c62a434dc8dc7676ea758b08e513c.
 Filtering: each series divided by a 32-year smoothing spline (caps()), then prewhitened with
   an AR model (order by AIC, at most 3).
 Master: biweight robust mean of the other series (leave-one-out).
 Correlation: Pearson, one-tailed, pcrit = 0.01; critical r = 0.3281 for 50-year segments.
 Segments: 50 years, lagged 25, first segment floored to 100. Lags searched: +/- 10 years.
 A segment is tested only where the series and the master cover all of it, at the dated
   position and at every lag. COFECHA also tests partial segments at the ends of a series, so
   series here may show fewer segments, and no flags can be raised at the ends of the record.
 Lags follow COFECHA: negative means rings are probably missing from the series, positive means
   false rings. A missing ring carries its lag into every segment before it, so look where the
   lag changes along a series. A B flag is a hypothesis to check on the wood; the gain says how
   seriously to take it.
 A B flag marked "weak at every lag" correlates under the critical value even at its best lag:
   the segment is weak wherever it is placed, and the shift is not evidence of a dating error.
   Treat it as a low correlation, like an A.
 Averages in the summary and the totals are weighted by the number of years in each series, as
   COFECHA's are.
 Unfiltered block and mean sensitivity: the measurements as read, and sens1().
 dplR filtered block: the series that was correlated, after filtering. COFECHA's filtered
   series is defined differently, so these three columns are not COFECHA's numbers.
 AR: order of the AR model used to prewhiten.
 Left out of the crossdating: series LV507E has internal NA values, and the 'nyrs' spline needs
   an unbroken series. Fill them with fill.internal.NA(), remove the series, or use 'n' instead
   of 'nyrs'
