
 COFECHA-style crossdating report: cana609
 Report generated using dplR 1.8.1 (R 4.5.2) on 2026-10-01 16:56 PDT
 Built with dplR's xdate.report(), not COFECHA; see the notes at the end.


      Measurement file name  : cana609.rwl
      MD5 of measurement file: 93ff9ca082d553dd9aae999f8749d69d
      Date checked           : 01OCT26
      Beginning year         : 1821
      Ending year            : 2018
      Principal investigators: Tumajer, J.; Lehejcek, J.
      Site name              : Whapmagoostui-Kuujjuarapik
      Species information    : PCGL Picea glauca (Moench) Voss
      Latitude               : 55.3100 N
      Longitude              : 77.7000 W
      Elevation              : 80 m

      Series intercorrelation: 0.541
      Avg mean sensitivity   : 0.225
      Avg standard deviation : 0.327
      Avg autocorrelation    : 0.727
      Number dated series    : 222
      Segment length tested  : 50

      Number problem segments: 15  (A 7, B 8; 6 of the B weak at every lag)
      Pct problem segments   : 5.42


 CORRELATION OF SERIES BY SEGMENTS: cana609
-----------------------------------------------------------------------------------------------------------------------------------
 Correlations of  50-year dated segments, lagged  25 years
 Flags:  A = correlation under   .3281 but highest as dated;  B = correlation higher at other than dated position

 Seq Series  Time_span  1900 1925 1950 
                        1949 1974 1999 
 --- -------- ---------  ---- ---- ---- 
   1 01_01E   1891 2017  .67  .69  .68 
   2 01_01W   1881 2017  .60  .66  .68 
   9 01_07E   1896 2017  .72  .71  .60 
  10 01_07N   1903 2017       .73  .63 
  11 01_08E   1928 2018           -.10B
  12 01_09S   1895 2017  .74  .69  .71 
  13 01_09W   1879 2017  .50  .44  .41 
  14 01_10S   1898 2017  .62  .56  .49 
  15 01_10W   1891 2017  .62  .51  .60 
  16 01_11N   1904 2018       .63  .65 
  17 01_11W   1917 2017       .63  .71 
  18 01_12N   1921 2017       .40  .52 
  19 01_12S   1920 2017       .60  .55 
  20 01_13S   1881 2017  .37  .43  .55 
  21 01_13W   1941 2017            .63 
  22 01_14E   1926 2017            .36 
  23 01_14W   1926 2017            .70 
  26 01_17N   1888 2016  .78  .76  .73 
  27 01_74S   1910 2017       .69  .54 
  28 01_17S   1888 2015  .73  .58  .58 
  29 01_18N   1903 2018       .71  .53 
  32 01_20N   1898 2017  .77  .72  .69 
  33 01_20W   1885 2017  .66  .65  .63 
  34 01_21E   1844 1994  .52  .50      
  35 01_21W   1845 1994  .57  .61      
  36 01_22S   1920 2018       .57  .52 
  54 01_30E   1892 2018  .80  .75  .72 
  55 01_30S   1888 2017  .64  .63  .62 
  56 01_31E   1907 2017       .74  .70 
  57 01_31N   1892 2017  .70  .69  .71 
  60 01_34N   1899 2017       .81  .73 
  61 01_34S   1899 2017  .71  .67  .76 
  64 01_36N   1927 2012            .52 
  65 01_36S   1927 2017            .61 
  66 01_37E   1882 2018  .78  .76  .76 
  67 01_37N   1890 2018  .73  .75  .81 
  68 01_38N   1914 2018       .62  .52 
  69 01_38W   1922 2017       .37  .25A
  70 01_39N   1919 2017       .71  .72 
  71 01_39S   1919 2017       .64  .61 
  76 01_42S   1939 2017            .50 
  77 01_43W   1914 2016      -.09B-.02B
  78 01_44E   1893 1994  .62  .48      
  79 01_44N   1905 2017       .62  .61 
  80 01_44S   1905 2002       .58  .55 
  81 01_44W   1893 2017  .55  .61  .73 
  82 01_45N   1943 2017            .67 
  83 01_45W   1928 2018            .64 
  84 01_46N   1941 2018            .66 
  85 01_46S   1941 2018            .50 
  86 01_47N   1944 2018            .61 
  87 01_47S   1944 2017            .70 
 114 01_65N   1912 2017       .67  .64 
 115 01_65W   1900 2017       .67  .76 
 124 01_73E   1900 2018       .62  .56 
 125 01_73W   1900 2017       .61  .60 
 126 01_75E   1918 2018       .54  .61 
 127 01_75W   1918 2017       .75  .62 
 132 01_80E   1917 2018       .72  .76 
 133 01_80N   1917 2017       .75  .70 
 140 01_84E   1901 2017       .68  .74 
 141 01_84W   1901 2017       .70  .63 
 142 01_85E   1920 2017       .65  .65 
 143 01_85W   1920 2017       .65  .59 
 144 01_86N   1907 2017      -.01B .20A
 147 01_89E   1869 2017  .26A .38  .50 
 148 01_91E   1918 2017       .40  .63 
 149 01_91W   1917 2018       .09B .38 
 150 01_92E   1885 2015  .29A .46  .36 
 151 01_92W   1885 2015  .17B-.05B .05B
 154 01_95N   1936 2017            .61 
 155 01_95W   1935 2017            .59 
 156 01_96E   1949 2017            .64 
 157 01_99X   1917 1992       .71      
 158 02_01S   1833 2017  .62  .73  .69 
 159 02_01W   1828 2017  .73  .75  .69 
 163 02_04E   1832 2017  .64  .62  .52 
 164 02_04W   1834 2017  .73  .69  .60 
 165 02_05S   1828 2017  .68  .61  .65 
 166 02_05W   1841 2017  .59  .53  .50 
 169 02_07E   1943 2018            .49 
 170 02_07W   1943 2018            .46 
 171 02_08E   1938 2011            .38 
 172 02_08W   1938 2013            .53 
 173 02_09N   1943 2018            .57 
 174 02_09S   1943 2018            .59 
 177 02_12N   1941 2018            .74 
 178 02_12S   1941 2018            .26A
 181 02_14S   1821 2017  .55  .57  .53 
 182 02_14W   1828 2017  .68  .52  .25A
 183 02_16N   1840 2017  .69  .65  .56 
 184 02_16W   1855 2016  .82  .77  .65 
 185 02_17S   1831 2017  .75  .74  .65 
 186 02_17W   1857 2017  .68  .66  .54 
 187 02_18N   1852 2017  .57  .74  .65 
 188 02_18W   1867 2017  .73  .67  .65 
 191 02_21S   1927 2018            .36 
 192 02_21W   1926 2018            .70 
 193 02_23N   1875 2018  .53  .53  .53 
 194 02_24S   1878 2018  .61  .62  .55 
 195 02_25S   1905 2018       .52  .54 
 196 02_25W   1875 2018  .60  .62  .64 
 199 02_29E   1837 2017  .76  .73  .67 
 201 02_31N   1836 2018  .67  .77  .69 
 202 02_31W   1849 2017  .57  .61  .62 
 203 02_32S   1828 2017  .64  .71  .56 
 204 02_32W   1832 2017  .57  .58  .62 
 205 02_33N   1836 2017  .55  .67  .53 
 206 02_33W   1850 2017  .61  .60  .49 
 207 02_34S   1828 2016  .78  .73  .72 
 208 02_34W   1834 2018  .71  .65  .69 
 209 02_35E   1856 2017  .57  .61  .70 
 210 02_35N   1857 2017  .58  .68  .76 
 211 02_36N   1840 2000  .49  .41  .39 
 212 02_36W   1833 2004  .63  .60  .66 
 213 02_38E   1838 2018  .62  .67  .56 
 214 02_38N   1852 2018  .69  .63  .63 
 215 02_39E   1845 2017  .54  .63  .56 
 216 02_39N   1861 2018  .66  .71  .58 
 217 02_42N   1858 2017  .62  .60  .66 
 218 02_42W   1855 2017  .59  .47  .57 
 219 02_43E   1941 2018            .58 
 220 02_43W   1941 2018            .65 
 221 02_44N   1944 2017            .29A
 222 02_44W   1944 2017            .45 
 Av segment correlation  .63  .60  .58 

 FLAGGED SEGMENTS: cana609
-----------------------------------------------------------------------------------------------------------------------------------
 Seq Series   Segment    Flag  r dated  Best lag  r at lag   Gain  Note
 --- -------- ---------  ----  -------  --------  --------  -----  -----------------
  11 01_08E   1950 1999     B    -.100         9      .330   .430
  69 01_38W   1950 1999     A     .249         0
  77 01_43W   1925 1974     B    -.090        10      .248   .338  weak at every lag
  77 01_43W   1950 1999     B    -.017        -5      .407   .424
 144 01_86N   1925 1974     B    -.008        -3      .221   .229  weak at every lag
 144 01_86N   1950 1999     A     .199         0
 147 01_89E   1900 1949     A     .260         0
 149 01_91W   1925 1974     B     .092        -4      .297   .205  weak at every lag
 150 01_92E   1900 1949     A     .287         0
 151 01_92W   1900 1949     B     .174        -6      .293   .119  weak at every lag
 151 01_92W   1925 1974     B    -.050         5      .223   .273  weak at every lag
 151 01_92W   1950 1999     B     .052         5      .285   .232  weak at every lag
 178 02_12S   1950 1999     A     .263         0
 182 02_14W   1950 1999     A     .250         0
 221 02_44N   1950 1999     A     .285         0

 DESCRIPTIVE STATISTICS: cana609
-----------------------------------------------------------------------------------------------------------------------------------

                                                Corr   //-------- Unfiltered --------\\  //-- dplR filtered --\\
                           No.    No.    No.    with   Mean   Max     Std   Auto   Mean   Max     Std   Auto  AR
 Seq Series   Interval   Years  Segmt  Flags   Master  msmt   msmt    dev   corr   sens  value    dev   corr  ()
 --- -------- ---------  -----  -----  -----   ------ -----  -----  -----  -----  -----  -----  -----  -----  --
   1 01_01E   1891 2017    127      3      0    .624    .83   1.67   .274   .782   .169   1.46   .180  -.063   1
   2 01_01W   1881 2017    137      3      0    .514    .67   1.91   .331   .846   .177   1.61   .198  -.028   1
   3 01_04E   1996 2018     23      0      0    .651   1.29   1.89   .360   .255   .219   1.45   .272   .194   0
   4 01_04W   1996 2018     23      0      0    .453   1.11   1.87   .363   .430   .253   1.53   .261   .135   3
   5 01_05N   2004 2018     15      0      0    .571    .95   1.94   .385   .450   .300   1.61   .269  -.162   0
   6 01_05S   2004 2018     15      0      0    .404   1.23   2.26   .472   .029   .425   1.82   .369  -.033   0
   7 01_06E   1993 2018     26      0      0    .628    .84   1.39   .214   .129   .223   1.44   .220  -.111   0
   8 01_06W   1993 2018     26      0      0    .539   1.29   2.06   .333   .342   .238   1.46   .223   .092   0
   9 01_07E   1896 2017    122      3      0    .654   1.07   2.18   .360   .625   .211   1.74   .222  -.033   1
  10 01_07N   1903 2017    115      2      0    .710    .94   2.61   .443   .769   .223   1.62   .233  -.051   1
  11 01_08E   1928 2018     91      1      1    .062   1.15   2.34   .441   .740   .207   1.66   .232   .021   1
  12 01_09S   1895 2017    123      3      0    .682    .75   2.46   .463   .892   .204   1.59   .216   .003   1
  13 01_09W   1879 2017    139      3      0    .426    .61   1.35   .265   .827   .193   1.54   .204  -.005   3
  14 01_10S   1898 2017    120      3      0    .548   1.08   2.84   .470   .822   .207   1.48   .215   .045   1
  15 01_10W   1891 2017    127      3      0    .603   1.01   1.71   .285   .691   .180   1.45   .190  -.028   1
  16 01_11N   1904 2018    115      2      0    .670   1.38   2.74   .407   .499   .212   1.60   .232   .033   2
  17 01_11W   1917 2017    101      2      0    .563   1.23   2.60   .379   .647   .191   1.67   .209  -.024   1
  18 01_12N   1921 2017     97      2      0    .465    .53   1.84   .325   .868   .247   1.79   .257  -.064   1
  19 01_12S   1920 2017     98      2      0    .580    .60   1.95   .288   .779   .235   1.63   .241   .040   1
  20 01_13S   1881 2017    137      3      0    .346   1.36   3.58   .897   .883   .228   1.68   .229  -.013   2
  21 01_13W   1941 2017     77      1      0    .591   1.76   3.48   .600   .705   .194   1.51   .203   .018   1
  22 01_14E   1926 2017     92      1      0    .353    .81   1.72   .304   .643   .219   1.84   .229   .069   3
  23 01_14W   1926 2017     92      1      0    .508   1.11   3.73   .514   .672   .205   2.89   .290  -.000   3
  24 01_15E   1998 2017     20      0      0    .093    .76   1.11   .206   .118   .274   1.57   .270   .089   0
  25 01_15W   1998 2018     21      0      0    .480    .66   1.05   .214   .253   .292   1.42   .265   .307   2
  26 01_17N   1888 2016    129      3      0    .727    .70   2.00   .371   .840   .235   1.64   .228   .016   2
  27 01_74S   1910 2017    108      2      0    .555   1.03   2.06   .341   .696   .194   1.47   .189   .016   1
  28 01_17S   1888 2015    128      3      0    .581    .70   2.01   .384   .857   .220   2.10   .244   .024   1
  29 01_18N   1903 2018    116      2      0    .604    .89   2.51   .460   .831   .223   1.58   .220  -.009   1
  30 01_19N   2000 2018     19      0      0    .312    .85   1.29   .267   .622   .225   1.25   .220  -.039   1
  31 01_19S   2000 2018     19      0      0    .367    .80   1.65   .306   .268   .289   2.01   .366   .216   0
  32 01_20N   1898 2017    120      3      0    .691    .99   3.03   .551   .904   .177   1.49   .184  -.027   1
  33 01_20W   1885 2017    133      3      0    .577    .82   1.64   .291   .731   .199   1.91   .205  -.011   1
  34 01_21E   1844 1994    151      2      0    .443    .72   1.88   .343   .825   .222   1.73   .236  -.005   1
  35 01_21W   1845 1994    150      2      0    .479    .65   1.87   .347   .728   .282   2.17   .320   .067   1
  36 01_22S   1920 2018     99      2      0    .538   1.09   1.80   .251   .534   .178   1.40   .177   .157   0
  37 01_22W   1960 2017     58      0      0    .355   1.16   1.98   .276   .653   .166   1.50   .156   .060   3
  38 01_23E   1981 2018     38      0      0    .352    .77   1.53   .260   .179   .324   1.88   .310   .006   0
  39 01_23W   1981 2018     38      0      0    .214   1.23   2.33   .648   .803   .288   2.92   .437  -.162   1
  40 01_24E   1991 2018     28      0      0    .514   1.31   2.42   .435   .263   .285   1.87   .307   .021   0
  41 01_24W   1991 2018     28      0      0    .332   1.76   2.98   .740   .469   .377   1.71   .376   .018   1
  42 01_25E   1982 2018     37      0      0    .407   1.01   1.89   .476   .621   .334   2.00   .365   .051   1
  43 01_25N   1996 2018     23      0      0    .422   1.02   1.83   .402   .099   .378   1.76   .368  -.047   0
  44 01_25S   1996 2018     23      0      0    .284   1.10   2.12   .462   .188   .391   1.81   .364   .024   0
  45 01_25W   1982 2018     37      0      0    .497    .67   1.53   .427   .725   .351   3.07   .569   .034   1
  46 01_26N   1999 2018     20      0      0    .521    .89   1.69   .320   .248   .311   1.57   .310  -.001   0
  47 01_26S   1999 2017     19      0      0    .197   1.37   2.54   .416   .185   .332   1.61   .268  -.049   0
  48 01_27E   1989 2018     30      0      0    .573   1.22   2.16   .532   .430   .317   1.67   .380   .253   0
  49 01_27W   1989 2017     29      0      0    .260    .82   2.10   .601   .757   .380   7.58  1.334   .710   1
  50 01_28N   1986 2018     33      0      0    .738   1.31   2.04   .342   .233   .237   1.34   .221  -.096   0
  51 01_28S   1986 2018     33      0      0    .630   1.89   2.75   .414  -.330   .261   1.41   .204  -.028   1
  52 01_29N   1984 2017     34      0      0    .358    .90   3.06   .714   .621   .444   1.64   .366   .065   0
  53 01_29S   1984 2018     35      0      0    .305    .97   2.66   .578   .603   .313   1.59   .328   .128   0
  54 01_30E   1892 2018    127      3      0    .758   1.21   1.92   .288   .383   .200   1.53   .206   .020   1
  55 01_30S   1888 2017    130      3      0    .575   1.25   2.12   .337   .514   .191   1.45   .186   .066   0
  56 01_31E   1907 2017    111      2      0    .698    .91   2.04   .330   .715   .212   1.38   .207   .019   1
  57 01_31N   1892 2017    126      3      0    .675    .79   2.48   .409   .833   .233   1.60   .232  -.044   1
  58 01_33E   1989 2018     30      0      0    .516    .71   1.29   .216   .396   .277   1.68   .264  -.080   0
  59 01_33W   1989 2018     30      0      0    .546    .66   1.03   .185   .236   .282   1.42   .252  -.002   0
  60 01_34N   1899 2017    119      2      0    .692    .64   1.28   .317   .836   .219   1.51   .226   .007   2
  61 01_34S   1899 2017    119      3      0    .722    .76   1.37   .277   .727   .215   1.55   .224  -.061   1
  62 01_35E   1965 2016     52      0      0    .356    .39    .96   .230   .755   .310   1.97   .331   .073   1
  63 01_35W   1959 2015     57      0      0    .346    .34    .72   .170   .781   .289   1.71   .280   .097   1
  64 01_36N   1927 2012     86      1      0    .550    .78   1.43   .293   .766   .175   1.42   .176   .026   2
  65 01_36S   1927 2017     91      1      0    .559    .98   1.50   .261   .594   .184   1.40   .169   .014   2
  66 01_37E   1882 2018    137      3      0    .747   1.20   2.70   .497   .820   .208   1.39   .198   .002   2
  67 01_37N   1890 2018    129      3      0    .755   1.15   3.00   .635   .867   .219   1.47   .225   .046   2
  68 01_38N   1914 2018    105      2      0    .595   1.14   1.84   .333   .690   .179   1.51   .181   .001   1
  69 01_38W   1922 2017     96      2      1    .321    .80   1.46   .236   .622   .176   1.90   .194   .010   1
  70 01_39N   1919 2017     99      2      0    .679   1.01   2.08   .358   .776   .176   1.53   .182  -.011   1
  71 01_39S   1919 2017     99      2      0    .592   1.29   2.21   .328   .564   .181   1.61   .183  -.006   1
  72 01_40N   1991 2018     28      0      0    .693    .89   1.23   .239   .443   .205   1.30   .201  -.054   0
  73 01_40S   1991 2018     28      0      0    .482    .81   1.13   .206   .072   .279   1.37   .221  -.236   0
  74 01_41N   1987 2018     32      0      0    .503   1.06   1.82   .351   .399   .261   1.82   .301   .181   0
  75 01_41S   1987 2018     32      0      0    .491    .95   1.72   .346   .160   .370   1.98   .338  -.084   0
  76 01_42S   1939 2017     79      1      0    .196    .23    .53   .124   .805   .293   2.15   .331   .004   1
  77 01_43W   1914 2016    103      2      2    .058    .37   1.26   .245   .675   .369   2.26   .392   .084   1
  78 01_44E   1893 1994    102      2      0    .550    .80   1.86   .354   .767   .226   1.76   .250   .020   1
  79 01_44N   1905 2017    113      2      0    .612    .58   1.55   .312   .820   .212   1.70   .225  -.055   1
  80 01_44S   1905 2002     98      2      0    .528    .53   1.65   .297   .829   .201   1.66   .220   .020   1
  81 01_44W   1893 2017    125      3      0    .585    .56   1.85   .312   .814   .230   1.69   .235  -.036   1
  82 01_45N   1943 2017     75      1      0    .527   1.00   1.78   .361   .714   .229   1.67   .221   .028   3
  83 01_45W   1928 2018     91      1      0    .541    .95   1.80   .367   .650   .252   1.65   .263  -.001   3
  84 01_46N   1941 2018     78      1      0    .656   1.15   2.38   .545   .840   .184   1.41   .185   .052   2
  85 01_46S   1941 2018     78      1      0    .600   1.14   2.24   .511   .849   .184   1.47   .182   .056   1
  86 01_47N   1944 2018     75      1      0    .711   1.09   2.28   .411   .815   .183   1.52   .194   .056   1
  87 01_47S   1944 2017     74      1      0    .673   1.09   2.15   .446   .812   .182   1.48   .200   .069   1
  88 01_49N   1969 2018     50      0      0    .613   1.37   3.22   .568   .749   .210   1.64   .199  -.012   3
  89 01_49S   1969 2018     50      0      0    .424    .97   2.36   .377   .484   .219   2.54   .293   .043   0
  90 01_51N   1989 2018     30      0      0    .528    .64   1.12   .192   .034   .267   1.83   .295  -.080   0
  91 01_51S   1989 2018     30      0      0    .351    .65   1.22   .222   .313   .308   1.69   .295   .033   0
  92 01_52E   1986 2018     33      0      0    .756   1.41   2.09   .334   .247   .203   1.33   .190  -.228   0
  93 01_52W   1986 2018     33      0      0    .727   1.43   2.08   .408   .458   .202   1.27   .200  -.194   0
  94 01_53E   2009 2018     10      0      0    .518   1.53   2.27   .551   .423   .290   1.39   .335   .361   0
  95 01_53W   2009 2018     10      0      0    .488   1.57   2.62   .562   .271   .314   1.56   .331   .202   0
  96 01_54E   1996 2018     23      0      0    .619   1.11   1.76   .444   .412   .296   1.48   .335   .259   0
  97 01_54W   1996 2018     23      0      0    .688   1.01   1.76   .340   .401   .255   1.60   .268   .169   0
  98 01_55N   1992 2017     26      0      0    .074    .59   1.00   .197   .447   .283   1.56   .281  -.045   1
  99 01_55S   1992 2017     26      0      0    .017    .43    .98   .178   .213   .419   2.01   .386   .083   0
 100 01_57N   1985 2018     34      0      0    .627    .66   1.29   .320   .657   .280   1.43   .261  -.086   0
 101 01_57S   1985 2018     34      0      0    .438    .49   1.21   .291   .782   .252   1.56   .265  -.048   3
 102 01_58N   1994 2018     25      0      0    .697   1.28   2.42   .528   .466   .338   1.69   .319   .167   0
 103 01_58S   1994 2018     25      0      0    .584   1.50   3.52   .713   .664   .325   1.56   .305   .040   0
 104 01_59N   1984 2018     35      0      0    .655    .79   1.58   .291   .533   .242   1.64   .282  -.004   1
 105 01_59S   1984 2018     35      0      0    .591   1.15   3.00   .562   .770   .256   1.70   .249   .021   2
 106 01_60E   1992 2018     27      0      0    .462    .51    .82   .174   .470   .289   1.43   .302   .264   0
 107 01_60W   1992 2018     27      0      0    .544    .50    .97   .184   .072   .332   1.80   .342  -.007   0
 108 01_61N   1987 2018     32      0      0    .483    .76   1.40   .294   .553   .263   1.63   .298  -.011   1
 109 01_61S   1987 2018     32      0      0    .448   1.43   2.90   .524   .664   .207   1.52   .232  -.075   1
 110 01_62N   1991 2018     28      0      0    .677   1.45   2.60   .577   .696   .248   1.51   .278   .197   0
 111 01_62S   1991 2018     28      0      0    .493   1.31   2.43   .432   .654   .202   1.54   .216   .264   0
 112 01_63N   1991 2018     28      0      0    .512    .95   2.01   .468   .736   .304   1.54   .276   .071   3
 113 01_63S   1991 2018     28      0      0    .583   1.28   2.66   .645   .699   .344   1.70   .360   .251   0
 114 01_65N   1912 2017    106      2      0    .610   1.09   2.44   .366   .602   .216   1.72   .232   .014   1
 115 01_65W   1900 2017    118      2      0    .675    .93   2.40   .378   .705   .210   1.65   .218   .000   2
 116 01_66E   1966 2018     53      0      0    .570    .83   1.65   .286   .532   .237   1.57   .257   .039   1
 117 01_66W   1966 2018     53      0      0    .523    .83   2.00   .341   .494   .284   2.14   .351   .105   1
 118 01_68N   1997 2018     22      0      0    .693    .73   1.21   .228   .067   .317   1.57   .291  -.073   0
 119 01_68S   1997 2018     22      0      0    .522    .84   1.74   .333   .099   .325   1.92   .346  -.079   0
 120 01_71E   1996 2018     23      0      0    .655    .62    .91   .194   .119   .317   1.49   .306   .058   0
 121 01_71W   1996 2016     21      0      0    .314    .90   1.40   .295   .541   .268   1.41   .239   .016   1
 122 01_72N   1962 2018     57      0      0    .395    .71   1.55   .340   .669   .304   2.03   .332   .003   1
 123 01_72S   1968 2018     51      0      0    .283    .75   1.71   .351   .568   .324   1.98   .348   .118   1
 124 01_73E   1900 2018    119      2      0    .670    .93   1.97   .362   .731   .226   1.53   .226   .021   2
 125 01_73W   1900 2017    118      2      0    .600    .78   2.57   .297   .737   .181   1.37   .179   .074   3
 126 01_75E   1918 2018    101      2      0    .595    .76   1.77   .324   .799   .191   1.57   .209   .018   1
 127 01_75W   1918 2017    100      2      0    .591    .76   1.89   .331   .833   .180   1.67   .200  -.036   1
 128 01_76E   1952 2014     63      0      0    .572    .44    .84   .206   .765   .329   1.73   .285   .022   1
 129 01_76W   1954 2017     64      0      0    .394    .35    .82   .201   .877   .278   1.56   .259  -.013   2
 130 01_79N   1952 2018     67      0      0    .700    .26    .48   .090   .677   .214   1.47   .224   .029   1
 131 01_79S   1952 2018     67      0      0    .590    .58   1.15   .279   .813   .255   1.99   .300   .028   1
 132 01_80E   1917 2018    102      2      0    .647    .85   1.55   .292   .666   .221   1.66   .238   .031   1
 133 01_80N   1917 2017    101      2      0    .642    .88   1.53   .286   .685   .200   1.48   .203  -.026   1
 134 01_81N   1995 2018     24      0      0    .598    .90   1.32   .221  -.069   .258   1.54   .200  -.196   3
 135 01_81S   1995 2017     23      0      0    .426    .82   1.22   .221   .660   .180   1.26   .174   .023   1
 136 01_82N   1983 2018     36      0      0    .653    .74   1.50   .280   .597   .230   1.66   .288   .092   1
 137 01_82S   1983 2018     36      0      0    .552    .90   1.95   .324   .615   .215   1.74   .252   .097   1
 138 01_83N   1989 2018     30      0      0    .744   1.72   2.78   .634   .806   .172   1.39   .211   .145   1
 139 01_83S   1989 2018     30      0      0    .817   1.73   2.74   .562   .708   .207   1.39   .208   .203   0
 140 01_84E   1901 2017    117      2      0    .647    .64   1.31   .232   .675   .225   1.60   .226  -.018   1
 141 01_84W   1901 2017    117      2      0    .614    .35   1.16   .205   .849   .249   1.61   .247  -.036   1
 142 01_85E   1920 2017     98      2      0    .590    .87   1.70   .329   .711   .207   1.62   .204  -.011   2
 143 01_85W   1920 2017     98      2      0    .646    .90   1.83   .341   .730   .213   1.49   .190   .019   3
 144 01_86N   1907 2017    111      2      2    .082    .25    .52   .116   .732   .233   1.83   .242  -.020   1
 145 01_87E   1955 2017     63      0      0    .129    .57   1.43   .257   .591   .262   2.83   .323   .090   0
 146 01_87W   1955 2017     63      0      0    .289    .28    .59   .116   .657   .272   1.79   .274  -.050   3
 147 01_89E   1869 2017    149      3      1    .228    .31    .65   .166   .805   .262   1.86   .243  -.002   3
 148 01_91E   1918 2017    100      2      0    .465    .29    .61   .101   .574   .251   1.76   .252  -.005   1
 149 01_91W   1917 2018    102      2      1    .380    .39   1.16   .256   .833   .263   1.58   .263   .038   1
 150 01_92E   1885 2015    131      3      1    .194    .27   1.30   .187   .835   .246   1.88   .252  -.011   3
 151 01_92W   1885 2015    131      3      3    .075    .39   1.24   .219   .701   .278   2.31   .313   .007   1
 152 01_93N   1950 2018     69      0      0    .391    .48    .78   .138   .534   .229   1.62   .231   .074   1
 153 01_93S   1950 2018     69      0      0    .460    .82   1.92   .316   .582   .272   2.13   .282   .053   2
 154 01_95N   1936 2017     82      1      0    .593    .95   2.37   .514   .898   .181   1.56   .188  -.010   1
 155 01_95W   1935 2017     83      1      0    .633    .96   2.19   .415   .810   .187   1.51   .194   .056   1
 156 01_96E   1949 2017     69      1      0    .538    .77   1.51   .244   .757   .175   1.43   .184  -.048   1
 157 01_99X   1917 1992     76      1      0    .482   1.11   2.20   .489   .722   .268   1.61   .238   .064   2
 158 02_01S   1833 2017    185      3      0    .539    .72   1.68   .317   .805   .193   1.80   .200  -.017   1
 159 02_01W   1828 2017    190      3      0    .636    .77   1.97   .293   .789   .193   1.75   .194  -.010   2
 160 02_02W   1957 2018     62      0      0    .500    .50    .72   .116   .621   .170   1.38   .159  -.005   1
 161 02_03N   1952 2018     67      0      0    .540    .42    .60   .101   .605   .158   1.48   .167  -.016   2
 162 02_03S   1960 2018     59      0      0    .362    .41    .74   .101   .609   .161   1.51   .163  -.014   3
 163 02_04E   1832 2017    186      3      0    .597    .63   2.05   .395   .886   .231   1.68   .234  -.005   2
 164 02_04W   1834 2017    184      3      0    .664    .69   1.59   .348   .794   .230   1.48   .216  -.004   1
 165 02_05S   1828 2017    190      3      0    .626    .74   2.02   .427   .896   .212   1.89   .215  -.009   1
 166 02_05W   1841 2017    177      3      0    .546    .50   1.46   .288   .888   .202   1.51   .203  -.004   1
 167 02_06N   1969 2017     49      0      0    .177    .43    .86   .184   .786   .247   1.55   .257   .046   1
 168 02_06S   1962 2016     55      0      0    .203    .38   1.22   .241   .834   .236   1.90   .273   .036   1
 169 02_07E   1943 2018     76      1      0    .514    .39    .86   .173   .771   .246   1.66   .239  -.003   1
 170 02_07W   1943 2018     76      1      0    .541    .46   1.04   .193   .777   .231   1.45   .230   .037   2
 171 02_08E   1938 2011     74      1      0    .359    .39    .98   .250   .833   .282   1.82   .297  -.031   1
 172 02_08W   1938 2013     76      1      0    .405    .43   1.06   .293   .879   .260   2.45   .353   .139   1
 173 02_09N   1943 2018     76      1      0    .621   1.13   2.70   .395   .585   .232   1.44   .222   .176   0
 174 02_09S   1943 2018     76      1      0    .693    .60   2.09   .277   .795   .186   1.45   .197  -.039   1
 175 02_11N   1964 2018     55      0      0    .578    .51    .84   .152   .604   .211   1.37   .195   .019   0
 176 02_11W   1969 2018     50      0      0    .670    .62   1.00   .188   .765   .165   1.43   .164   .017   1
 177 02_12N   1941 2018     78      1      0    .709   1.10   1.53   .220   .442   .160   1.30   .154  -.082   0
 178 02_12S   1941 2018     78      1      1    .449   1.00   1.49   .224   .341   .205   1.44   .193   .052   0
 179 02_13N   1950 2015     66      0      0    .305    .25    .62   .142   .899   .195   1.61   .207   .033   1
 180 02_13S   1950 2018     69      0      0    .133    .30    .66   .132   .857   .205   1.65   .230   .139   1
 181 02_14S   1821 2017    197      3      0    .518    .60   1.52   .355   .908   .183   1.49   .173  -.006   1
 182 02_14W   1828 2017    190      3      1    .468    .58   1.86   .412   .946   .165   1.47   .164  -.008   1
 183 02_16N   1840 2017    178      3      0    .637    .80   2.13   .371   .785   .224   1.61   .223  -.013   2
 184 02_16W   1855 2016    162      3      0    .719    .80   1.66   .369   .795   .225   1.62   .213  -.008   1
 185 02_17S   1831 2017    187      3      0    .657    .52   1.16   .284   .861   .200   1.77   .208   .006   1
 186 02_17W   1857 2017    161      3      0    .436    .62   1.92   .286   .766   .216   2.05   .212   .000   1
 187 02_18N   1852 2017    166      3      0    .564    .78   1.96   .384   .817   .208   1.72   .211   .023   1
 188 02_18W   1867 2017    151      3      0    .650    .89   2.72   .379   .790   .213   1.62   .199   .111   0
 189 02_19S   1963 2018     56      0      0    .478    .48   1.14   .231   .825   .223   1.55   .231   .043   1
 190 02_19W   1965 2018     54      0      0    .517    .51   1.02   .214   .822   .200   1.41   .213   .018   1
 191 02_21S   1927 2018     92      1      0    .282    .70   1.58   .235   .541   .230   1.80   .229   .024   1
 192 02_21W   1926 2018     93      1      0    .568    .54   1.17   .222   .731   .238   1.77   .230   .046   2
 193 02_23N   1875 2018    144      3      0    .555    .51   1.06   .250   .874   .184   1.52   .186  -.009   2
 194 02_24S   1878 2018    141      3      0    .581    .54   1.42   .241   .788   .196   1.56   .192   .015   1
 195 02_25S   1905 2018    114      2      0    .520    .42   1.80   .207   .555   .269   2.24   .286   .012   1
 196 02_25W   1875 2018    144      3      0    .596    .68   1.60   .264   .552   .272   1.66   .264  -.004   1
 197 02_26E   1970 2018     49      0      0    .363    .57   1.00   .150   .396   .237   1.51   .217   .058   0
 198 02_26S   1977 2018     42      0      0    .646    .55    .86   .156   .481   .220   1.38   .226   .048   1
 199 02_29E   1837 2017    181      3      0    .608    .56   1.42   .322   .870   .221   1.86   .221   .000   1
 200 02_29W   1837 1924     88      0      0    .589    .64   1.10   .211   .739   .182   1.61   .194  -.066   3
 201 02_31N   1836 2018    183      3      0    .683    .91   2.03   .349   .664   .252   1.79   .240  -.014   1
 202 02_31W   1849 2017    169      3      0    .565   1.02   2.63   .457   .753   .233   2.31   .245  -.020   1
 203 02_32S   1828 2017    190      3      0    .548    .57   2.02   .361   .826   .282   1.86   .273  -.024   3
 204 02_32W   1832 2017    186      3      0    .584    .67   1.94   .322   .730   .249   1.90   .252   .004   1
 205 02_33N   1836 2017    182      3      0    .511    .53   1.78   .381   .891   .263   1.65   .229   .043   0
 206 02_33W   1850 2017    168      3      0    .531    .55   2.17   .375   .813   .233   1.98   .231   .003   1
 207 02_34S   1828 2016    189      3      0    .563    .63   1.88   .382   .872   .208   1.94   .216   .015   1
 208 02_34W   1834 2018    185      3      0    .676    .66   1.49   .264   .801   .196   1.54   .181  -.003   1
 209 02_35E   1856 2017    162      3      0    .616    .66   1.72   .317   .830   .205   1.47   .203  -.011   1
 210 02_35N   1857 2017    161      3      0    .632    .87   1.64   .290   .701   .202   1.40   .189   .010   2
 211 02_36N   1840 2000    161      3      0    .451    .41   1.78   .338   .941   .259   2.66   .285  -.002   3
 212 02_36W   1833 2004    172      3      0    .606    .44   1.68   .360   .937   .227   2.14   .245  -.009   1
 213 02_38E   1838 2018    181      3      0    .630    .77   1.49   .234   .761   .174   1.58   .173  -.002   1
 214 02_38N   1852 2018    167      3      0    .626    .70   1.50   .269   .828   .174   1.48   .166   .100   0
 215 02_39E   1845 2017    173      3      0    .513    .43   1.67   .216   .772   .225   1.89   .233  -.003   1
 216 02_39N   1861 2018    158      3      0    .585    .59   1.52   .230   .700   .227   1.87   .243   .034   2
 217 02_42N   1858 2017    160      3      0    .562    .66   2.26   .417   .862   .228   2.25   .243  -.015   1
 218 02_42W   1855 2017    163      3      0    .535    .59   2.24   .356   .857   .221   1.61   .209   .000   2
 219 02_43E   1941 2018     78      1      0    .589    .69   1.36   .215   .602   .194   1.59   .200   .125   0
 220 02_43W   1941 2018     78      1      0    .587    .68   1.71   .249   .678   .206   1.78   .196   .034   2
 221 02_44N   1944 2017     74      1      1    .301    .24    .63   .135   .683   .308   2.07   .334   .005   1
 222 02_44W   1944 2017     74      1      0    .449    .22    .65   .112   .656   .282   1.76   .289   .044   2
 --- -------- ---------  -----  -----  -----   ------ -----  -----  -----  -----  -----  -----  -----  -----  --
 Total or mean:          19103    277     15    .541    .76   3.73   .327   .727   .225   7.58   .232   .014

 DATA CHECKS (rwl.check): cana609
-----------------------------------------------------------------------------------------------------------------------------------
 rwl.check: data_files/treering/measurements/northamerica/canada/cana609.rwl
 222 series, 19103 measurements, 1821-2018, 0.01 mm precision
 1 error(s), 2 warning(s), 71 note(s)
 -------------
 ERROR
   RWL_DATING_LAG (1)
     02_06S: correlates best with the master at lag 5 (r = 0.446 against r = 0.228 as dated); the series may be misdated by 5 year(s), most likely a false ring or a ring measured twice
 -------------
 WARNING
   RWL_SERIES_OUTLIER (2)
     01_08E: correlates with the rest of the collection at r = -0.116 where the collection median is 0.545 (4.9 MAD below it); it does not fit the collection it is in
     01_86N: correlates with the rest of the collection at r = -0.012 where the collection median is 0.545 (4.1 MAD below it); it does not fit the collection it is in
 71 note(s) not shown; see rwl.check() or the 'check' element of this report.

 NOTES
-----------------------------------------------------------------------------------------------------------------------------------
 Report generated using dplR 1.8.1 (R 4.5.2) on 2026-10-01 16:56 PDT.
 Measurement file cana609.rwl, MD5 93ff9ca082d553dd9aae999f8749d69d.
 Filtering: each series divided by a 32-year smoothing spline (caps()), then prewhitened with
   an AR model (order by AIC, at most 3).
 Master: biweight robust mean of the other series (leave-one-out).
 Correlation: Pearson, one-tailed, pcrit = 0.01; critical r = 0.3281 for 50-year segments.
 Segments: 50 years, lagged 25, first segment floored to 100. Lags searched: +/- 10 years.
 A segment is tested only where the series and the master cover all of it, at the dated
   position and at every lag. COFECHA also tests partial segments at the ends of a series, so
   series here may show fewer segments, and no flags can be raised at the ends of the record.
 Lags follow COFECHA: negative means rings are probably missing from the series, positive means
   false rings. A missing ring carries its lag into every segment before it, so look where the
   lag changes along a series. A B flag is a hypothesis to check on the wood; the gain says how
   seriously to take it.
 A B flag marked "weak at every lag" correlates under the critical value even at its best lag:
   the segment is weak wherever it is placed, and the shift is not evidence of a dating error.
   Treat it as a low correlation, like an A.
 Averages in the summary and the totals are weighted by the number of years in each series, as
   COFECHA's are.
 Unfiltered block and mean sensitivity: the measurements as read, and sens1().
 dplR filtered block: the series that was correlated, after filtering. COFECHA's filtered
   series is defined differently, so these three columns are not COFECHA's numbers.
 AR: order of the AR model used to prewhiten.
