
 COFECHA-style crossdating report: cana536
 Report generated using dplR 1.8.1 (R 4.5.2) on 2026-10-01 16:57 PDT
 Built with dplR's xdate.report(), not COFECHA; see the notes at the end.


      Measurement file name  : cana536.rwl
      MD5 of measurement file: 9b9a8ee60a6398118ebafc3f68dc66b4
      Date checked           : 01OCT26
      Beginning year         : 1552
      Ending year            : 2007
      Principal investigators: Porter, T.J.; Pisaric, M.F.J.
      Site name              : Porcupine River Downstream site DP30
      Species information    : PCGL Picea glauca (Moench) Voss
      Latitude               : 67.4833 N
      Longitude              : 140.3167 W
      Elevation              : 244 m

      Series intercorrelation: 0.529
      Avg mean sensitivity   : 0.215
      Avg standard deviation : 0.151
      Avg autocorrelation    : 0.852
      Number dated series    : 71
      Segment length tested  : 50

      Number problem segments: 52  (A 21, B 31; 14 of the B weak at every lag)
      Pct problem segments   : 9.25


 CORRELATION OF SERIES BY SEGMENTS: cana536
-----------------------------------------------------------------------------------------------------------------------------------
 Correlations of  50-year dated segments, lagged  25 years
 Flags:  A = correlation under   .3281 but highest as dated;  B = correlation higher at other than dated position

 Seq Series  Time_span  1600 1625 1650 1675 1700 1725 1750 1775 1800 1825 1850 1875 1900 1925 1950 
                        1649 1674 1699 1724 1749 1774 1799 1824 1849 1874 1899 1924 1949 1974 1999 
 --- -------- ---------  ---- ---- ---- ---- ---- ---- ---- ---- ---- ---- ---- ---- ---- ---- ---- 
   1 DP30-02a 1760 2007                                     .69  .65  .70  .60  .66  .73  .61  .64 
   2 DP30-02b 1760 2007                                     .58  .46  .61  .37B .38  .67  .46  .34 
   3 DP30-05a 1739 2007                                .78  .59  .48  .52  .58  .51  .40  .37  .42 
   4 DP30-05b 1739 2007                                .78  .63  .54  .56  .52  .61  .68  .51  .54 
   5 DP30-06a 1758 2007                                     .50  .47  .32A .30A .50  .61  .53  .52 
   6 DP30-06b 1758 2007                                     .48  .26B .35  .36  .49  .62  .54  .45 
   7 DP30-08a 1794 2007                                          .09B .31B .47  .48  .59  .48  .39 
   8 DP30-08b 1794 2007                                          .16B .40  .73  .63  .60  .34  .14B
   9 DP30-20a 1763 2007                                     .30A .40B .35  .32A .50  .69  .59  .30A
  10 DP30-09a 1869 2007                                                         .72  .81  .69  .59 
  11 DP30-09b 1869 2007                                                         .65  .68  .58  .48 
  12 DP30-10a 1898 2007                                                                   .66  .58 
  13 DP30-10b 1898 2007                                                              .64  .69  .67 
  14 DP30-11a 1751 2007                                     .46  .49  .54  .76  .77  .63  .56  .44 
  15 DP30-11b 1751 2007                                     .76  .63  .46  .58  .74  .66  .55  .62 
  16 DP30-12a 1772 2007                                     .47  .37  .37  .32A .51  .49  .40  .27A
  17 DP30-12b 1772 2007                                     .47  .30B .53  .68  .58  .47  .53  .56 
  18 DP30-13a 1748 2007                                .57  .45  .42  .56  .57  .65  .76  .73  .56 
  19 DP30-13b 1748 2007                                .62  .42  .53  .65  .72  .62  .52  .54  .57 
  20 DP30-16a 1770 2007                                     .71  .58  .42  .68  .81  .60  .42  .19B
  21 DP30-16b 1787 2007                                          .57  .31A .55  .77  .73  .63  .42 
  22 DP30-17a 1635 2007            .25B .52  .47  .53  .61  .63  .64  .72  .64  .58  .66  .60  .30A
  23 DP30-17b 1635 2006            .12B .28B .47  .51  .44  .40  .37  .27A .49  .68  .43  .26B .27A
  24 DP30-20b 1763 2007                                     .48  .39  .54  .67  .62  .62  .47  .28A
  25 DP30-22a 1740 2007                                .70  .57  .35  .54  .60  .64  .58  .51  .52 
  26 DP30-22b 1740 1991                                .74  .63  .59  .33B .45  .68  .66  .56      
  27 DP30-23a 1746 2007                                .69  .55  .54  .36  .38  .45  .54  .62  .48 
  28 DP30-23b 1746 1990                                .75  .60  .56  .59  .67  .55  .50  .58      
  29 DP30-25a 1654 2007                 .24A .47  .51  .48  .50  .47  .50  .61  .58  .63  .58  .55 
  30 DP30-25b 1654 2007                 .22B .33  .44  .56  .53  .40  .59  .75  .74  .71  .49  .30B
  31 DP30-26a 1812 2007                                               .65  .80  .71  .73  .67  .44 
  32 DP30-26b 1812 2007                                               .64  .75  .82  .74  .57  .41 
  33 DP30-27a 1775 2007                                          .42  .41  .63  .65  .53  .45  .35 
  34 DP30-27b 1775 2007                                          .11B .32A .47  .56  .61  .55  .41 
  35 DP30-28a 1753 2007                                     .62  .55  .64  .73  .68  .57  .47  .36 
  36 DP30-28b 1753 2007                                     .68  .59  .49  .70  .69  .53  .52  .41 
  37 DP30-29a 1760 2007                                     .65  .52  .51  .55  .58  .59  .56  .21B
  38 DP30-29b 1760 2007                                     .52  .36  .30A .44  .57  .53  .35  .35 
  39 DP30-30a 1759 2007                                     .71  .53  .53  .73  .72  .52  .51  .60 
  40 DP30-30b 1761 2007                                     .77  .72  .78  .82  .76  .71  .66  .44 
  41 DP30-32a 1749 2007                                     .49  .65  .66  .69  .76  .63  .51  .30A
  42 DP30-32b 1776 2007                                          .56  .40  .65  .62  .59  .55  .41 
  43 DP30-33a 1697 2007                      .30A .53  .75  .67  .58  .55  .64  .67  .72  .63  .49 
  44 DP30-33b 1697 2007                      .41  .61  .75  .57  .39  .58  .66  .63  .54  .50  .57 
  45 DP30-33c 1720 2007                           .57  .76  .46  .36  .42  .61  .64  .59  .60  .36 
  46 DP30-34a 1762 2007                                     .63  .74  .56  .63  .64  .63  .68  .55 
  47 DP30-35a 1691 2007                      .39  .79  .80  .69  .52  .46  .67  .73  .71  .66  .53 
  48 DP30-40a 1781 2007                                          .54  .59  .64  .67  .74  .73  .63 
  49 DP30-40b 1781 2007                                          .51  .61  .72  .73  .75  .72  .66 
  50 DP30-41a 1794 2000                                          .63  .62  .61  .66  .57  .44  .63 
  51 DP30-41b 1794 2007                                          .50  .43  .38  .45  .60  .61  .54 
  52 DP30-42a 1733 2007                                .69  .61  .73  .65  .66  .69  .58  .56  .45B
  53 DP30-42b 1733 2007                                .43  .64  .49  .43  .60  .58  .65  .70  .57 
  54 DP30-43a 1747 2007                                .84  .73  .60  .67  .77  .75  .76  .63  .57 
  55 DP30-43b 1747 2007                                .73  .68  .68  .53  .58  .67  .60  .54  .54 
  56 DP30-72a 1595 1835  .25A .46  .68  .72  .61  .45  .32A .43                                    
  57 DP30-72b 1595 1838  .39  .31B .62  .72  .72  .52  .35B .40                                    
  58 DP30-73a 1578 1798  .52  .56  .73  .72  .75  .35                                              
  59 DP30-73b 1578 1802  .62  .63  .75  .67  .54  .55  .39                                         
  60 DP30-75a 1553 1840  .37  .47  .68  .68  .53  .32B .44  .63                                    
  61 DP30-75b 1553 1841  .36  .48  .72  .68  .36  .17B .33B .60                                    
  62 DP30-77a 1552 1756  .63  .39  .46  .51  .04B                                                  
  63 DP30-77b 1589 1757  .62  .33A .37  .33  .28B                                                  
  64 DP30-78a 1555 1792  .64  .49B .63  .67  .64  .67                                              
  65 DP30-78b 1555 1783  .64  .44  .68  .74  .60  .46                                              
  66 DP30-82a 1564 1937  .63  .41  .48  .49  .42  .52  .51  .42  .36  .64  .30B .19B               
  67 DP30-82b 1564 1938  .65  .39  .53  .54  .45  .64  .52  .35  .29A .45  .41  .38                
  68 DP30-85a 1742 1957                                .64  .63  .59  .70  .75  .74  .63           
  69 DP30-85b 1742 1957                                .67  .58  .56  .58  .74  .80  .60           
  70 DP30-86a 1741 1927                                .66  .56  .57  .55  .35B .10B               
  71 DP30-86b 1741 1911                                .67  .47  .49  .45  .38                     
 Av segment correlation  .53  .45  .55  .55  .46  .51  .61  .56  .49  .51  .59  .62  .62  .55  .46 

 FLAGGED SEGMENTS: cana536
-----------------------------------------------------------------------------------------------------------------------------------
 Seq Series   Segment    Flag  r dated  Best lag  r at lag   Gain  Note
 --- -------- ---------  ----  -------  --------  --------  -----  -----------------
   2 DP30-02b 1850 1899     B     .374        -9      .382   .008
   5 DP30-06a 1825 1874     A     .320         0
   5 DP30-06a 1850 1899     A     .305         0
   6 DP30-06b 1800 1849     B     .265         5      .269   .004  weak at every lag
   7 DP30-08a 1800 1849     B     .091         4      .385   .294
   7 DP30-08a 1825 1874     B     .314         5      .405   .091
   8 DP30-08b 1800 1849     B     .162         4      .297   .135  weak at every lag
   8 DP30-08b 1950 1999     B     .136         3      .273   .137  weak at every lag
   9 DP30-20a 1775 1824     A     .302         0
   9 DP30-20a 1800 1849     B     .404        -4      .441   .036
   9 DP30-20a 1850 1899     A     .317         0
   9 DP30-20a 1950 1999     A     .297         0
  16 DP30-12a 1850 1899     A     .317         0
  16 DP30-12a 1950 1999     A     .270         0
  17 DP30-12b 1800 1849     B     .301        -8      .313   .012  weak at every lag
  20 DP30-16a 1950 1999     B     .186         7      .318   .132  weak at every lag
  21 DP30-16b 1825 1874     A     .312         0
  22 DP30-17a 1650 1699     B     .251         4      .263   .012  weak at every lag
  22 DP30-17a 1950 1999     A     .300         0
  23 DP30-17b 1650 1699     B     .116         4      .324   .208  weak at every lag
  23 DP30-17b 1675 1724     B     .282         6      .332   .050
  23 DP30-17b 1825 1874     A     .272         0
  23 DP30-17b 1925 1974     B     .262         2      .285   .022  weak at every lag
  23 DP30-17b 1950 1999     A     .267         0
  24 DP30-20b 1950 1999     A     .277         0
  26 DP30-22b 1825 1874     B     .333        -2      .371   .038
  29 DP30-25a 1675 1724     A     .245         0
  30 DP30-25b 1675 1724     B     .218        -6      .257   .039  weak at every lag
  30 DP30-25b 1950 1999     B     .295        -3      .372   .077
  34 DP30-27b 1800 1849     B     .111        -1      .251   .141  weak at every lag
  34 DP30-27b 1825 1874     A     .322         0
  37 DP30-29a 1950 1999     B     .209         4      .306   .097  weak at every lag
  38 DP30-29b 1825 1874     A     .299         0
  41 DP30-32a 1950 1999     A     .305         0
  43 DP30-33a 1700 1749     A     .303         0
  52 DP30-42a 1950 1999     B     .449        -4      .475   .025
  56 DP30-72a 1600 1649     A     .253         0
  56 DP30-72a 1750 1799     A     .315         0
  57 DP30-72b 1625 1674     B     .306        -3      .331   .025
  57 DP30-72b 1750 1799     B     .353        -7      .399   .046
  60 DP30-75a 1725 1774     B     .324        -6      .401   .077
  61 DP30-75b 1725 1774     B     .171        -6      .303   .132  weak at every lag
  61 DP30-75b 1750 1799     B     .333        -9      .353   .020
  62 DP30-77a 1700 1749     B     .041        -5      .393   .352
  63 DP30-77b 1625 1674     A     .327         0
  63 DP30-77b 1700 1749     B     .284        -6      .435   .151
  64 DP30-78a 1625 1674     B     .494        -3      .494   .001
  66 DP30-82a 1850 1899     B     .303        -1      .334   .031
  66 DP30-82a 1875 1924     B     .193        10      .283   .089  weak at every lag
  67 DP30-82b 1800 1849     A     .288         0
  70 DP30-86a 1850 1899     B     .353        -6      .399   .046
  70 DP30-86a 1875 1924     B     .100         3      .270   .170  weak at every lag

 DESCRIPTIVE STATISTICS: cana536
-----------------------------------------------------------------------------------------------------------------------------------

                                                Corr   //-------- Unfiltered --------\\  //-- dplR filtered --\\
                           No.    No.    No.    with   Mean   Max     Std   Auto   Mean   Max     Std   Auto  AR
 Seq Series   Interval   Years  Segmt  Flags   Master  msmt   msmt    dev   corr   sens  value    dev   corr  ()
 --- -------- ---------  -----  -----  -----   ------ -----  -----  -----  -----  -----  -----  -----  -----  --
   1 DP30-02a 1760 2007    248      8      0    .607    .21   1.03   .121   .823   .208   2.05   .216  -.005   1
   2 DP30-02b 1760 2007    248      8      1    .471    .19   1.05   .139   .885   .214   1.69   .213  -.010   2
   3 DP30-05a 1739 2007    269      9      0    .558    .14   1.11   .156   .887   .245   2.20   .259  -.011   3
   4 DP30-05b 1739 2007    269      9      0    .623    .15    .82   .124   .898   .230   2.07   .260  -.036   1
   5 DP30-06a 1758 2007    250      8      2    .464    .19    .83   .111   .820   .224   2.06   .242  -.000   3
   6 DP30-06b 1758 2007    250      8      1    .453    .18   1.10   .144   .844   .231   2.12   .243   .014   1
   7 DP30-08a 1794 2007    214      7      2    .398    .18    .47   .075   .778   .197   1.93   .223  -.006   3
   8 DP30-08b 1794 2007    214      7      2    .343    .18    .47   .078   .857   .200   1.84   .214   .036   1
   9 DP30-20a 1763 2007    245      8      4    .371    .18    .59   .084   .791   .181   2.52   .214   .003   1
  10 DP30-09a 1869 2007    139      4      0    .695    .31   1.00   .163   .813   .193   1.78   .204   .005   3
  11 DP30-09b 1869 2007    139      4      0    .607    .39    .72   .149   .775   .195   1.59   .192  -.021   1
  12 DP30-10a 1898 2007    110      2      0    .620    .42    .90   .195   .856   .194   1.40   .196   .002   3
  13 DP30-10b 1898 2007    110      3      0    .662    .37    .91   .170   .821   .204   1.62   .220   .015   2
  14 DP30-11a 1751 2007    257      8      0    .637    .33   1.41   .273   .921   .211   2.08   .239  -.006   3
  15 DP30-11b 1751 2007    257      8      0    .698    .19    .97   .124   .838   .227   1.83   .242  -.004   3
  16 DP30-12a 1772 2007    236      8      2    .405    .17   1.36   .202   .891   .244   1.91   .269  -.016   1
  17 DP30-12b 1772 2007    236      8      1    .540    .15    .85   .139   .904   .224   1.64   .227  -.017   1
  18 DP30-13a 1748 2007    260      9      0    .595    .22   1.30   .162   .800   .209   2.09   .236  -.029   1
  19 DP30-13b 1748 2007    260      9      0    .602    .26   1.45   .205   .841   .223   2.07   .252  -.008   1
  20 DP30-16a 1770 2007    238      8      1    .483    .26    .79   .136   .811   .228   1.73   .237   .001   2
  21 DP30-16b 1787 2007    221      7      1    .569    .28    .73   .124   .818   .182   1.97   .193   .028   1
  22 DP30-17a 1635 2007    373     13      2    .483    .27    .96   .171   .912   .177   1.81   .206   .007   3
  23 DP30-17b 1635 2006    372     13      5    .336    .17    .75   .094   .870   .215   2.25   .246  -.001   3
  24 DP30-20b 1763 2007    245      8      1    .464    .15    .57   .056   .646   .191   2.38   .217   .018   1
  25 DP30-22a 1740 2007    268      9      0    .576    .23   1.12   .159   .891   .202   1.93   .230  -.006   1
  26 DP30-22b 1740 1991    252      8      1    .606    .24   1.31   .177   .878   .224   2.35   .257  -.017   1
  27 DP30-23a 1746 2007    262      9      0    .533    .26   1.22   .192   .908   .202   1.81   .208  -.004   3
  28 DP30-23b 1746 1990    245      8      0    .592    .22    .77   .121   .897   .171   1.97   .182   .034   3
  29 DP30-25a 1654 2007    354     12      1    .415    .20    .68   .126   .760   .315   2.28   .341  -.010   1
  30 DP30-25b 1654 2007    354     12      2    .423    .26   2.28   .328   .921   .245   2.36   .259   .023   1
  31 DP30-26a 1812 2007    196      6      0    .668    .39   1.51   .296   .915   .197   1.63   .203   .011   2
  32 DP30-26b 1812 2007    196      6      0    .646    .27    .61   .111   .802   .199   1.50   .194   .005   2
  33 DP30-27a 1775 2007    233      7      0    .460    .13    .68   .084   .900   .192   1.72   .198  -.013   1
  34 DP30-27b 1775 2007    233      7      2    .415    .12    .72   .085   .795   .205   2.98   .274  -.008   1
  35 DP30-28a 1753 2007    255      8      0    .601    .25    .62   .104   .830   .190   1.58   .204  -.008   1
  36 DP30-28b 1753 2007    255      8      0    .597    .25    .85   .156   .905   .188   1.83   .207  -.008   3
  37 DP30-29a 1760 2007    248      8      1    .558    .20   1.85   .219   .926   .248   1.99   .268  -.007   1
  38 DP30-29b 1760 2007    248      8      1    .439    .20   1.85   .227   .913   .213   2.44   .250   .009   3
  39 DP30-30a 1759 2007    249      8      0    .638    .21    .83   .117   .846   .219   1.78   .237  -.005   1
  40 DP30-30b 1761 2007    247      8      0    .712    .21    .70   .100   .779   .216   1.88   .218   .005   3
  41 DP30-32a 1749 2007    259      8      1    .580    .25   1.00   .131   .791   .223   1.90   .235   .006   2
  42 DP30-32b 1776 2007    232      7      0    .606    .18    .72   .113   .883   .206   1.79   .213  -.000   1
  43 DP30-33a 1697 2007    311     11      1    .586    .22    .63   .095   .855   .177   1.77   .198   .003   1
  44 DP30-33b 1697 2007    311     11      0    .553    .20    .69   .101   .855   .197   1.66   .219  -.012   1
  45 DP30-33c 1720 2007    288     10      0    .512    .23   1.02   .139   .865   .195   1.83   .220  -.002   1
  46 DP30-34a 1762 2007    246      8      0    .621    .35   1.14   .174   .879   .160   1.94   .176  -.026   1
  47 DP30-35a 1691 2007    317     11      0    .606    .24    .65   .109   .775   .222   2.04   .250  -.008   3
  48 DP30-40a 1781 2007    227      7      0    .574    .23    .52   .093   .826   .180   1.48   .178  -.008   3
  49 DP30-40b 1781 2007    227      7      0    .607    .26    .56   .095   .769   .198   1.48   .196   .000   3
  50 DP30-41a 1794 2000    207      7      0    .600    .30    .77   .166   .915   .175   1.53   .177   .020   3
  51 DP30-41b 1794 2007    214      7      0    .508    .35    .84   .154   .873   .173   1.56   .183   .007   3
  52 DP30-42a 1733 2007    275      9      1    .620    .22    .85   .121   .857   .204   2.20   .223   .005   3
  53 DP30-42b 1733 2007    275      9      0    .504    .32   1.25   .205   .866   .217   1.90   .247   .016   1
  54 DP30-43a 1747 2007    261      9      0    .732    .32   1.79   .200   .830   .202   2.07   .218  -.007   3
  55 DP30-43b 1747 2007    261      9      0    .618    .29   1.36   .203   .866   .217   1.94   .237   .012   2
  56 DP30-72a 1595 1835    241      8      2    .439    .29    .91   .171   .806   .245   2.10   .273   .010   3
  57 DP30-72b 1595 1838    244      8      2    .445    .27   1.21   .162   .752   .238   3.82   .302   .002   2
  58 DP30-73a 1578 1798    221      6      0    .418    .29    .71   .130   .795   .230   2.07   .240   .003   3
  59 DP30-73b 1578 1802    225      7      0    .509    .26    .73   .138   .860   .250   2.24   .242   .003   3
  60 DP30-75a 1553 1840    288      8      1    .467    .18    .68   .101   .853   .237   1.90   .241  -.017   1
  61 DP30-75b 1553 1841    289      8      2    .413    .19    .67   .111   .843   .256   1.90   .260   .000   1
  62 DP30-77a 1552 1756    205      5      1    .266    .17    .68   .113   .798   .249   2.22   .284   .013   1
  63 DP30-77b 1589 1757    169      5      2    .356    .24    .80   .188   .929   .243   1.89   .259  -.000   1
  64 DP30-78a 1555 1792    238      6      1    .540    .21   1.09   .165   .850   .252   1.70   .243   .031   2
  65 DP30-78b 1555 1783    229      6      0    .531    .18    .81   .155   .905   .248   2.14   .251   .010   1
  66 DP30-82a 1564 1937    374     12      2    .455    .22   1.06   .157   .847   .225   2.36   .254  -.019   3
  67 DP30-82b 1564 1938    375     12      1    .483    .17    .84   .145   .870   .260   2.03   .275  -.014   1
  68 DP30-85a 1742 1957    216      7      0    .642    .25   1.38   .237   .923   .196   1.72   .213   .006   1
  69 DP30-85b 1742 1957    216      7      0    .623    .24   1.29   .205   .911   .193   1.66   .201   .014   1
  70 DP30-86a 1741 1927    187      6      2    .399    .26   1.42   .276   .908   .209   1.75   .225   .011   2
  71 DP30-86b 1741 1911    171      5      0    .518    .28   1.81   .303   .927   .206   1.70   .206   .020   3
 --- -------- ---------  -----  -----  -----   ------ -----  -----  -----  -----  -----  -----  -----  -----  --
 Total or mean:          17554    562     52    .529    .23   2.28   .151   .852   .215   3.82   .232  -.000

 DATA CHECKS (rwl.check): cana536
-----------------------------------------------------------------------------------------------------------------------------------
 rwl.check: data_files/treering/measurements/northamerica/canada/cana536.rwl
 71 series, 17554 measurements, 1552-2007, 0.001 mm precision
 0 error(s), 0 warning(s), 0 note(s)
 -------------
 Nothing to report at this severity.

 NOTES
-----------------------------------------------------------------------------------------------------------------------------------
 Report generated using dplR 1.8.1 (R 4.5.2) on 2026-10-01 16:57 PDT.
 Measurement file cana536.rwl, MD5 9b9a8ee60a6398118ebafc3f68dc66b4.
 Filtering: each series divided by a 32-year smoothing spline (caps()), then prewhitened with
   an AR model (order by AIC, at most 3).
 Master: biweight robust mean of the other series (leave-one-out).
 Correlation: Pearson, one-tailed, pcrit = 0.01; critical r = 0.3281 for 50-year segments.
 Segments: 50 years, lagged 25, first segment floored to 100. Lags searched: +/- 10 years.
 A segment is tested only where the series and the master cover all of it, at the dated
   position and at every lag. COFECHA also tests partial segments at the ends of a series, so
   series here may show fewer segments, and no flags can be raised at the ends of the record.
 Lags follow COFECHA: negative means rings are probably missing from the series, positive means
   false rings. A missing ring carries its lag into every segment before it, so look where the
   lag changes along a series. A B flag is a hypothesis to check on the wood; the gain says how
   seriously to take it.
 A B flag marked "weak at every lag" correlates under the critical value even at its best lag:
   the segment is weak wherever it is placed, and the shift is not evidence of a dating error.
   Treat it as a low correlation, like an A.
 Averages in the summary and the totals are weighted by the number of years in each series, as
   COFECHA's are.
 Unfiltered block and mean sensitivity: the measurements as read, and sens1().
 dplR filtered block: the series that was correlated, after filtering. COFECHA's filtered
   series is defined differently, so these three columns are not COFECHA's numbers.
 AR: order of the AR model used to prewhiten.
