
 COFECHA-style crossdating report: cana550
 Report generated using dplR 1.8.1 (R 4.5.2) on 2026-10-01 16:54 PDT
 Built with dplR's xdate.report(), not COFECHA; see the notes at the end.


      Measurement file name  : cana550.rwl
      MD5 of measurement file: d349f30bcb3bc8dd8f8552513e943335
      Date checked           : 01OCT26
      Beginning year         : 1650
      Ending year            : 2007
      Principal investigators: Porter, T.J.; Pisaric, M.F.J.
      Site name              : Thomas Creek TH1
      Species information    : PCGL Picea glauca (Moench) Voss
      Latitude               : 68.3333 N
      Longitude              : 140.7500 W
      Elevation              : 339 m

      Series intercorrelation: 0.564
      Avg mean sensitivity   : 0.233
      Avg standard deviation : 0.191
      Avg autocorrelation    : 0.850
      Number dated series    : 97
      Segment length tested  : 50

      Number problem segments: 32  (A 10, B 22; 4 of the B weak at every lag)
      Pct problem segments   : 4.75


 CORRELATION OF SERIES BY SEGMENTS: cana550
-----------------------------------------------------------------------------------------------------------------------------------
 Correlations of  50-year dated segments, lagged  25 years
 Flags:  A = correlation under   .3281 but highest as dated;  B = correlation higher at other than dated position

 Seq Series  Time_span  1700 1725 1750 1775 1800 1825 1850 1875 1900 1925 1950 
                        1749 1774 1799 1824 1849 1874 1899 1924 1949 1974 1999 
 --- -------- ---------  ---- ---- ---- ---- ---- ---- ---- ---- ---- ---- ---- 
   1 TH1-01a  1748 2006            .57  .67  .70  .61  .63  .66  .53  .29B .39 
   2 TH1-01b  1748 2006            .62  .57  .51  .38  .44  .68  .56  .38  .47 
   3 TH1-02a  1835 2007                                .73  .81  .76  .65  .60 
   4 TH1-03a  1836 2006                                .60  .64  .67  .57  .59 
   5 TH1-03b  1836 2003                                .51  .58  .71  .60  .55 
   6 TH1-04a  1844 2006                                .34  .42  .44  .63  .61 
   7 TH1-04b  1844 2006                                .35  .59  .73  .67  .62 
   8 TH1-05a  1831 2000                                .61  .69  .73  .61  .59 
   9 TH1-05b  1831 2007                                .60  .70  .67  .48  .59 
  10 TH1-06a  1857 2006                                     .43  .43  .61  .80 
  11 TH1-06b  1857 2006                                     .58  .63  .71  .81 
  12 TH1-07a  1678 1990  .68  .70  .62  .52  .73  .70  .49  .52  .53  .61      
  13 TH1-07b  1680 2005  .60  .70  .77  .71  .74  .70  .54  .67  .61  .40  .50 
  14 TH1-08a  1748 2007            .69  .61  .59  .53  .44  .45  .37  .38  .41 
  15 TH1-08b  1748 2004                 .62  .74  .69  .64  .70  .56  .43  .39 
  16 TH1-09a  1757 2007                 .55  .59  .61  .65  .62  .56  .53  .60 
  17 TH1-09b  1757 2007                 .72  .73  .76  .63  .53  .49  .53  .45 
  18 TH1-10a  1793 2007                      .31A .31B .48  .70  .73  .67  .49 
  19 TH1-10b  1793 2007                      .29A .39  .51  .61  .36  .13B .29A
  20 TH1-11a  1719 2007       .68  .78  .71  .76  .74  .58  .51  .42  .44  .60 
  21 TH1-11b  1719 2007       .71  .71  .72  .76  .73  .76  .76  .54  .49  .59 
  22 TH1-12a  1756 2007                 .55  .68  .60  .54  .63  .62  .47  .47 
  23 TH1-12b  1756 1980                 .73  .71  .67  .54  .50  .47  .45      
  24 TH1-13a  1793 2006                      .14B .56  .80  .77  .71  .56  .53 
  25 TH1-13b  1776 2005                      .39  .50  .69  .69  .57  .52  .59 
  26 TH1-14a  1712 2007       .64  .62  .70  .70  .70  .64  .48  .33B .43  .57 
  27 TH1-15a  1688 2007  .81  .78  .75  .75  .78  .79  .73  .77  .71  .67  .62 
  28 TH1-15b  1687 1910  .79  .75  .74  .74  .70  .59  .56                     
  29 TH1-16a  1732 2006            .74  .66  .63  .61  .64  .73  .76  .55  .35 
  30 TH1-16b  1732 1994            .67  .50  .60  .70  .74  .79  .76  .62      
  31 TH1-16c  1723 2007            .66  .61  .70  .54  .51  .75  .72  .53  .46 
  32 TH1-16d  1723 2004       .68  .71  .63  .71  .66  .50  .59  .64  .60  .47 
  33 TH1-17a  1826 2007                                .56  .72  .70  .63  .42 
  34 TH1-17b  1825 2006                                .47  .53  .53  .55  .50 
  35 TH1-18a  1759 2007                 .60  .66  .80  .82  .82  .72  .56  .60 
  36 TH1-18b  1759 2007                 .62  .66  .66  .64  .76  .76  .47  .44 
  37 TH1-19a  1672 2007  .78  .71  .64  .53  .47  .48  .56  .55  .48  .37  .39 
  38 TH1-19b  1672 2007  .65  .75  .71  .63  .48  .33B .38  .47  .50B .43  .39 
  39 TH1-20a  1686 1990  .73  .53  .51  .48  .52  .51  .50  .56  .50  .57      
  40 TH1-20b  1686 1989  .72  .70  .65  .43B .27A .37B .44  .48  .46B .36B     
  41 TH1-21a  1887 2007                                          .51  .39  .41 
  42 TH1-21b  1886 2005                                          .56  .43  .64 
  43 TH1-22a  1854 2006                                     .60  .64  .57  .66 
  44 TH1-22b  1854 2007                                     .56  .62  .68  .69 
  45 TH1-23a  1833 2007                                .48  .37  .30B .61  .73 
  46 TH1-23b  1833 2007                                .56  .59  .59  .54  .61 
  47 TH1-24b  1670 2001  .67  .75  .75  .68  .54  .51  .57  .54  .32B .44B .70 
  48 TH1-25a  1729 2007            .74  .52  .47  .53  .44  .65  .60  .47  .71 
  49 TH1-25b  1729 2007            .80  .42  .37  .55  .69  .73  .38  .15B .52 
  50 TH1-26a  1827 2007                                .70  .74  .62  .50  .65 
  51 TH1-26b  1827 2007                                .63  .81  .76  .56  .57 
  52 TH1-27a  1747 2007            .31A .62  .50  .57  .81  .77  .74  .61  .56 
  53 TH1-27b  1775 2007                      .53  .59  .71  .75  .74  .63  .55 
  54 TH1-29a  1750 2007            .70  .56  .63  .69  .53  .46  .49  .53  .57 
  55 TH1-30b  1703 1916       .71  .66  .52  .43  .54  .52                     
  56 TH1-31a  1834 2007                                .48  .45  .45B .48B .56 
  57 TH1-31b  1834 2007                                .52  .48  .43  .38  .50 
  58 TH1-32a  1650 2007  .72  .62  .69  .69  .69  .74  .74  .63  .57  .53  .61 
  59 TH1-32b  1650 2007  .49  .42  .71  .77  .65  .64  .74  .57  .36  .43  .56 
  60 TH1-33a  1856 2006                                     .66  .55  .49  .61 
  61 TH1-33b  1856 2007                                     .53  .43  .58  .67 
  62 TH1-34a  1756 2007                 .64  .66  .63  .43  .67  .72  .55  .76 
  63 TH1-34b  1756 2007                 .71  .71  .73  .62  .43  .31A .41  .51 
  64 TH1-35a  1727 2007            .36  .50  .48  .64  .59  .45  .36B .40  .25B
  65 TH1-35b  1727 2007            .59  .48  .47  .56  .63  .72  .66  .53  .44 
  66 TH1-71a  1741 1935            .72  .65  .48  .49  .50  .58                
  67 TH1-71b  1741 1937            .65  .73  .64  .57  .64  .56                
  68 TH1-72a  1693 1969  .62  .61  .64  .33  .13B .29A .44  .44  .37           
  69 TH1-72b  1693 1969  .69  .62  .68  .52  .43  .40  .41  .39  .30A          
  70 TH1-73a  1684 1904  .58  .58  .41  .24A .34  .39  .51                     
  71 TH1-73b  1684 1910  .66  .57  .47  .48  .60  .47  .56                     
  72 TH1-74a  1690 1867  .66  .66  .73  .67  .69                               
  73 TH1-74b  1690 1859  .60  .62  .81  .75  .58                               
  74 TH1-75a  1689 1941  .63  .65  .71  .69  .56  .59  .71  .72                
  75 TH1-75b  1689 1948  .57  .67  .72  .69  .58  .67  .55  .61                
  76 TH1-76a  1681 1965  .74  .82  .77  .60  .60  .44  .42  .56  .55           
  77 TH1-76b  1681 1955  .74  .88  .75  .57  .50  .41  .60  .70  .43           
  78 TH1-77a  1674 1907  .55  .60  .53  .57  .76  .61  .54                     
  79 TH1-77b  1674 1898  .64  .61  .54  .49  .67  .51                          
  80 TH1-78a  1684 1936  .73  .75  .55  .30B .49  .60  .57  .40                
  81 TH1-78b  1684 1935  .70  .74  .58  .39  .62  .69  .55  .61                
  82 TH1-79a  1674 1908  .64  .59  .61  .61  .70  .66  .38                     
  83 TH1-79b  1674 1900  .48  .45  .62  .53  .59  .62  .19B                    
  84 TH1-80a  1661 1893  .75  .55  .61  .60  .63  .60                          
  85 TH1-80b  1661 1906  .79  .63  .60  .51  .54  .68  .69                     
  86 TH1-81a  1727 1918            .75  .78  .53  .38  .57                     
  87 TH1-81b  1727 1907            .70  .62  .72  .70  .51                     
  88 TH1-82a  1734 1890            .52  .58  .62  .51                          
  89 TH1-82b  1734 1899            .57  .58  .67  .53  .53                     
  90 TH1-83a  1688 1818  .54  .56  .55                                         
  91 TH1-83b  1688 1808  .42  .63  .65                                         
  92 TH1-84a  1693 1813  .43  .66  .68                                         
  93 TH1-84b  1693 1803  .56  .62  .60                                         
  94 TH1-85a  1700 1842       .72  .74  .70                                    
  95 TH1-85b  1700 1834       .57  .71  .76                                    
  96 TH1-86a  1689 1927  .73  .42  .46  .53  .53  .70  .65  .53                
  97 TH1-86b  1689 1905  .75  .55  .36  .28A .38  .52  .37                     
 Av segment correlation  .65  .65  .64  .59  .57  .58  .56  .61  .56  .51  .55 

 FLAGGED SEGMENTS: cana550
-----------------------------------------------------------------------------------------------------------------------------------
 Seq Series   Segment    Flag  r dated  Best lag  r at lag   Gain  Note
 --- -------- ---------  ----  -------  --------  --------  -----  -----------------
   1 TH1-01a  1925 1974     B     .286         7      .351   .065
  18 TH1-10a  1800 1849     A     .307         0
  18 TH1-10a  1825 1874     B     .314       -10      .340   .027
  19 TH1-10b  1800 1849     A     .295         0
  19 TH1-10b  1925 1974     B     .132         8      .383   .250
  19 TH1-10b  1950 1999     A     .290         0
  24 TH1-13a  1800 1849     B     .139         6      .369   .230
  26 TH1-14a  1900 1949     B     .325        -1      .335   .010
  38 TH1-19b  1825 1874     B     .334        -8      .341   .007
  38 TH1-19b  1900 1949     B     .502         4      .505   .004
  40 TH1-20b  1775 1824     B     .425        -5      .429   .004
  40 TH1-20b  1800 1849     A     .274         0
  40 TH1-20b  1825 1874     B     .366         8      .377   .011
  40 TH1-20b  1900 1949     B     .462        -4      .485   .023
  40 TH1-20b  1925 1974     B     .358        -4      .425   .067
  45 TH1-23a  1900 1949     B     .299        -1      .362   .063
  47 TH1-24b  1900 1949     B     .317        -4      .609   .292
  47 TH1-24b  1925 1974     B     .443        -4      .626   .183
  49 TH1-25b  1925 1974     B     .149        -9      .256   .106  weak at every lag
  52 TH1-27a  1750 1799     A     .306         0
  56 TH1-31a  1900 1949     B     .445        -4      .516   .071
  56 TH1-31a  1925 1974     B     .476        -4      .484   .008
  63 TH1-34b  1900 1949     A     .308         0
  64 TH1-35a  1900 1949     B     .364        -4      .393   .030
  64 TH1-35a  1950 1999     B     .246         4      .301   .054  weak at every lag
  68 TH1-72a  1800 1849     B     .126       -10      .236   .110  weak at every lag
  68 TH1-72a  1825 1874     A     .293         0
  69 TH1-72b  1900 1949     A     .295         0
  70 TH1-73a  1775 1824     A     .241         0
  80 TH1-78a  1775 1824     B     .303        -2      .348   .044
  83 TH1-79b  1850 1899     B     .187        -8      .253   .066  weak at every lag
  97 TH1-86b  1775 1824     A     .279         0

 DESCRIPTIVE STATISTICS: cana550
-----------------------------------------------------------------------------------------------------------------------------------

                                                Corr   //-------- Unfiltered --------\\  //-- dplR filtered --\\
                           No.    No.    No.    with   Mean   Max     Std   Auto   Mean   Max     Std   Auto  AR
 Seq Series   Interval   Years  Segmt  Flags   Master  msmt   msmt    dev   corr   sens  value    dev   corr  ()
 --- -------- ---------  -----  -----  -----   ------ -----  -----  -----  -----  -----  -----  -----  -----  --
   1 TH1-01a  1748 2006    259      9      1    .572    .18    .62   .106   .910   .205   1.49   .193  -.001   1
   2 TH1-01b  1748 2006    259      9      0    .509    .18    .76   .146   .935   .211   1.89   .208   .003   1
   3 TH1-02a  1835 2007    173      5      0    .689    .40   1.04   .191   .763   .224   2.04   .236   .008   1
   4 TH1-03a  1836 2006    171      5      0    .594    .19    .49   .079   .683   .230   1.74   .240   .006   1
   5 TH1-03b  1836 2003    168      5      0    .508    .29    .98   .147   .738   .239   2.13   .278   .029   1
   6 TH1-04a  1844 2006    163      5      0    .430    .29    .86   .149   .709   .262   2.50   .284  -.023   1
   7 TH1-04b  1844 2006    163      5      0    .537    .28    .91   .129   .674   .266   2.07   .302  -.032   1
   8 TH1-05a  1831 2000    170      5      0    .604    .32   1.36   .243   .848   .265   1.75   .248   .008   3
   9 TH1-05b  1831 2007    177      5      0    .606    .33   1.07   .241   .829   .261   1.83   .253   .093   0
  10 TH1-06a  1857 2006    150      4      0    .451    .26   1.60   .149   .604   .249   2.69   .265  -.019   3
  11 TH1-06b  1857 2006    150      4      0    .647    .26    .99   .156   .783   .259   1.94   .287   .009   3
  12 TH1-07a  1678 1990    313     10      0    .566    .26   1.55   .238   .915   .258   1.94   .256  -.002   3
  13 TH1-07b  1680 2005    326     11      0    .584    .21   1.13   .175   .923   .266   2.03   .275   .002   3
  14 TH1-08a  1748 2007    260      9      0    .505    .22    .93   .153   .863   .248   1.87   .267   .002   1
  15 TH1-08b  1748 2004    257      8      0    .589    .26    .86   .173   .876   .247   1.75   .232   .020   3
  16 TH1-09a  1757 2007    251      8      0    .565    .18    .56   .098   .819   .255   1.59   .226  -.018   3
  17 TH1-09b  1757 2007    251      8      0    .574    .17    .42   .086   .810   .241   1.83   .224  -.014   1
  18 TH1-10a  1793 2007    215      7      2    .500    .27    .78   .121   .846   .187   1.74   .184  -.001   3
  19 TH1-10b  1793 2007    215      7      3    .375    .23    .59   .109   .844   .212   1.89   .209  -.002   1
  20 TH1-11a  1719 2007    289     10      0    .636    .25    .64   .120   .845   .195   1.53   .179  -.008   3
  21 TH1-11b  1719 2007    289     10      0    .670    .24    .61   .106   .809   .207   1.93   .197  -.003   1
  22 TH1-12a  1756 2007    252      8      0    .530    .27   1.20   .203   .931   .205   2.03   .215  -.002   3
  23 TH1-12b  1756 1980    225      7      0    .551    .27    .79   .168   .884   .208   1.65   .211  -.013   1
  24 TH1-13a  1793 2006    214      7      1    .511    .28    .57   .097   .774   .197   1.89   .208   .014   2
  25 TH1-13b  1776 2005    230      7      0    .511    .30    .95   .168   .892   .212   1.83   .199   .017   2
  26 TH1-14a  1712 2007    296     10      1    .569    .16    .73   .145   .941   .256   1.81   .228   .063   0
  27 TH1-15a  1688 2007    320     11      0    .733    .37   2.12   .259   .846   .243   2.02   .241  -.005   3
  28 TH1-15b  1687 1910    224      7      0    .692    .32   2.05   .334   .919   .256   1.71   .247   .007   1
  29 TH1-16a  1732 2006    275      9      0    .638    .25   1.18   .168   .858   .199   1.83   .200  -.017   1
  30 TH1-16b  1732 1994    263      8      0    .655    .30   1.02   .152   .838   .205   1.92   .195   .001   3
  31 TH1-16c  1723 2007    285      9      0    .601    .29   1.08   .234   .893   .244   2.14   .236   .007   3
  32 TH1-16d  1723 2004    282     10      0    .604    .27   1.02   .204   .882   .269   1.87   .248   .080   0
  33 TH1-17a  1826 2007    182      5      0    .526    .32   1.02   .215   .891   .196   1.50   .176   .015   0
  34 TH1-17b  1825 2006    182      5      0    .521    .34   1.15   .232   .861   .174   1.41   .157   .089   3
  35 TH1-18a  1759 2007    249      8      0    .688    .24    .93   .122   .835   .232   1.76   .215   .005   1
  36 TH1-18b  1759 2007    249      8      0    .634    .23    .83   .121   .866   .196   1.68   .188  -.011   1
  37 TH1-19a  1672 2007    336     11      0    .522    .24    .97   .114   .766   .220   1.93   .222  -.009   1
  38 TH1-19b  1672 2007    336     11      2    .500    .24   1.35   .183   .890   .213   1.99   .211  -.012   1
  39 TH1-20a  1686 1990    305     10      0    .552    .23    .79   .144   .876   .212   1.64   .216   .006   2
  40 TH1-20b  1686 1989    304     10      5    .487    .19    .72   .146   .914   .204   2.19   .236  -.013   1
  41 TH1-21a  1887 2007    121      3      0    .510    .79   1.54   .297   .724   .216   1.53   .203  -.042   3
  42 TH1-21b  1886 2005    120      3      0    .593    .47    .97   .141   .646   .196   1.57   .186   .038   2
  43 TH1-22a  1854 2006    153      4      0    .584    .49   1.53   .185   .636   .206   2.27   .245   .010   3
  44 TH1-22b  1854 2007    154      4      0    .551    .50   1.56   .219   .719   .221   2.01   .251   .008   1
  45 TH1-23a  1833 2007    175      5      1    .429    .31    .67   .092   .486   .201   2.06   .234  -.016   1
  46 TH1-23b  1833 2007    175      5      0    .564    .33    .75   .130   .706   .222   1.96   .242  -.017   1
  47 TH1-24b  1670 2001    332     11      2    .553    .21   1.33   .239   .921   .255   3.63   .283  -.015   1
  48 TH1-25a  1729 2007    279      9      0    .596    .23   1.23   .215   .886   .279   2.30   .276  -.014   1
  49 TH1-25b  1729 2007    279      9      1    .519    .27   1.14   .232   .898   .265   2.40   .288   .011   2
  50 TH1-26a  1827 2007    181      5      0    .629    .49   1.77   .360   .916   .221   1.88   .225   .011   1
  51 TH1-26b  1827 2007    181      5      0    .637    .41   1.57   .295   .902   .208   2.03   .201   .017   1
  52 TH1-27a  1747 2007    261      9      1    .523    .35   1.08   .159   .804   .222   1.91   .249  -.015   1
  53 TH1-27b  1775 2007    233      7      0    .616    .33    .77   .144   .821   .205   1.96   .208  -.018   3
  54 TH1-29a  1750 2007    258      9      0    .579    .18   1.11   .187   .927   .250   1.99   .221  -.017   0
  55 TH1-30b  1703 1916    214      6      0    .535    .26   1.27   .268   .941   .213   2.03   .217   .021   3
  56 TH1-31a  1834 2007    174      5      2    .514    .30   1.08   .194   .813   .207   1.83   .223   .005   3
  57 TH1-31b  1834 2007    174      5      0    .503    .29   1.02   .189   .837   .223   1.85   .224   .018   3
  58 TH1-32a  1650 2007    358     11      0    .644    .24    .86   .148   .840   .246   1.91   .247   .005   3
  59 TH1-32b  1650 2007    358     11      0    .553    .21    .92   .149   .831   .307   2.04   .289   .011   3
  60 TH1-33a  1856 2006    151      4      0    .590    .21    .46   .080   .586   .268   1.77   .253   .008   1
  61 TH1-33b  1856 2007    152      4      0    .579    .23    .61   .119   .759   .299   1.70   .284   .008   1
  62 TH1-34a  1756 2007    252      8      0    .628    .33    .76   .111   .665   .194   1.68   .211  -.012   3
  63 TH1-34b  1756 2007    252      8      1    .552    .31    .88   .165   .819   .226   1.72   .222  -.009   3
  64 TH1-35a  1727 2007    281      9      2    .401    .27   1.50   .232   .871   .214   1.82   .219  -.005   3
  65 TH1-35b  1727 2007    281      9      0    .529    .29   1.43   .215   .894   .231   2.00   .239   .002   3
  66 TH1-71a  1741 1935    195      6      0    .554    .17    .59   .094   .812   .274   2.28   .267  -.008   1
  67 TH1-71b  1741 1937    197      6      0    .596    .14    .54   .078   .802   .263   1.80   .266  -.007   2
  68 TH1-72a  1693 1969    277      9      2    .473    .20   1.07   .135   .773   .210   2.30   .243   .028   1
  69 TH1-72b  1693 1969    277      9      1    .509    .21   1.20   .175   .848   .206   2.05   .252  -.018   1
  70 TH1-73a  1684 1904    221      7      1    .471    .33    .98   .193   .845   .234   1.94   .222  -.025   3
  71 TH1-73b  1684 1910    227      7      0    .541    .33   1.26   .244   .896   .224   1.75   .229   .002   1
  72 TH1-74a  1690 1867    178      5      0    .679    .27   1.16   .189   .897   .261   1.86   .263  -.019   3
  73 TH1-74b  1690 1859    170      5      0    .665    .29   1.16   .200   .892   .263   1.82   .255   .011   2
  74 TH1-75a  1689 1941    253      8      0    .646    .30   1.16   .217   .909   .223   1.82   .226  -.007   1
  75 TH1-75b  1689 1948    260      8      0    .592    .26    .94   .171   .853   .226   1.92   .239  -.024   1
  76 TH1-76a  1681 1965    285      9      0    .578    .27   1.55   .332   .955   .265   1.81   .250  -.007   3
  77 TH1-76b  1681 1955    275      9      0    .515    .30   1.66   .301   .907   .253   1.97   .242   .001   1
  78 TH1-77a  1674 1907    234      7      0    .544    .30   1.12   .268   .897   .280   1.77   .270   .013   1
  79 TH1-77b  1674 1898    225      6      0    .529    .33    .97   .250   .858   .283   1.84   .257   .034   1
  80 TH1-78a  1684 1936    253      8      1    .532    .34   1.80   .396   .968   .215   1.51   .187   .010   0
  81 TH1-78b  1684 1935    252      8      0    .609    .36   1.75   .384   .967   .209   1.58   .190  -.013   3
  82 TH1-79a  1674 1908    235      7      0    .526    .34   1.44   .289   .940   .221   2.03   .230  -.008   1
  83 TH1-79b  1674 1900    227      7      1    .467    .35   1.14   .288   .931   .216   1.92   .218   .003   3
  84 TH1-80a  1661 1893    233      6      0    .617    .34   1.05   .244   .912   .217   1.60   .224  -.001   1
  85 TH1-80b  1661 1906    246      7      0    .632    .30    .97   .213   .881   .243   1.93   .245   .014   1
  86 TH1-81a  1727 1918    192      5      0    .627    .27   1.25   .249   .924   .211   1.58   .200  -.005   1
  87 TH1-81b  1727 1907    181      5      0    .639    .29   1.10   .252   .906   .237   1.73   .210   .001   0
  88 TH1-82a  1734 1890    157      4      0    .519    .40   1.66   .358   .935   .210   1.73   .186   .015   0
  89 TH1-82b  1734 1899    166      5      0    .534    .36   1.95   .356   .900   .221   1.52   .171  -.003   1
  90 TH1-83a  1688 1818    131      3      0    .525    .29    .85   .194   .923   .233   1.58   .204  -.089   0
  91 TH1-83b  1688 1808    121      3      0    .529    .30    .80   .173   .889   .248   1.74   .246   .031   1
  92 TH1-84a  1693 1813    121      3      0    .570    .45   1.18   .258   .880   .202   1.57   .192  -.002   1
  93 TH1-84b  1693 1803    111      3      0    .537    .45   1.09   .247   .854   .224   1.51   .208   .024   3
  94 TH1-85a  1700 1842    143      3      0    .606    .46   1.00   .202   .758   .241   2.22   .283   .065   3
  95 TH1-85b  1700 1834    135      3      0    .601    .44   1.22   .208   .737   .242   2.58   .303   .128   1
  96 TH1-86a  1689 1927    239      8      0    .559    .18    .65   .129   .843   .280   2.13   .306  -.013   1
  97 TH1-86b  1689 1905    217      7      1    .410    .16    .60   .133   .841   .334   2.04   .318   .013   1
 --- -------- ---------  -----  -----  -----   ------ -----  -----  -----  -----  -----  -----  -----  -----  --
 Total or mean:          21861    674     32    .564    .28   2.12   .191   .850   .233   3.63   .234   .003

 DATA CHECKS (rwl.check): cana550
-----------------------------------------------------------------------------------------------------------------------------------
 rwl.check: data_files/treering/measurements/northamerica/canada/cana550.rwl
 97 series, 21861 measurements, 1650-2007, 0.001 mm precision
 0 error(s), 0 warning(s), 1 note(s)
 -------------
 Nothing to report at this severity.
 1 note(s) not shown; see rwl.check() or the 'check' element of this report.

 NOTES
-----------------------------------------------------------------------------------------------------------------------------------
 Report generated using dplR 1.8.1 (R 4.5.2) on 2026-10-01 16:54 PDT.
 Measurement file cana550.rwl, MD5 d349f30bcb3bc8dd8f8552513e943335.
 Filtering: each series divided by a 32-year smoothing spline (caps()), then prewhitened with
   an AR model (order by AIC, at most 3).
 Master: biweight robust mean of the other series (leave-one-out).
 Correlation: Pearson, one-tailed, pcrit = 0.01; critical r = 0.3281 for 50-year segments.
 Segments: 50 years, lagged 25, first segment floored to 100. Lags searched: +/- 10 years.
 A segment is tested only where the series and the master cover all of it, at the dated
   position and at every lag. COFECHA also tests partial segments at the ends of a series, so
   series here may show fewer segments, and no flags can be raised at the ends of the record.
 Lags follow COFECHA: negative means rings are probably missing from the series, positive means
   false rings. A missing ring carries its lag into every segment before it, so look where the
   lag changes along a series. A B flag is a hypothesis to check on the wood; the gain says how
   seriously to take it.
 A B flag marked "weak at every lag" correlates under the critical value even at its best lag:
   the segment is weak wherever it is placed, and the shift is not evidence of a dating error.
   Treat it as a low correlation, like an A.
 Averages in the summary and the totals are weighted by the number of years in each series, as
   COFECHA's are.
 Unfiltered block and mean sensitivity: the measurements as read, and sens1().
 dplR filtered block: the series that was correlated, after filtering. COFECHA's filtered
   series is defined differently, so these three columns are not COFECHA's numbers.
 AR: order of the AR model used to prewhiten.
