
 COFECHA-style crossdating report: cana597
 Report generated using dplR 1.8.1 (R 4.5.2) on 2026-10-01 16:57 PDT
 Built with dplR's xdate.report(), not COFECHA; see the notes at the end.


      Measurement file name  : cana597.rwl
      MD5 of measurement file: cf913265af0786d722696912d43f95a3
      Date checked           : 01OCT26
      Beginning year         : 1229
      Ending year            : 2004
      Principal investigators: Wilson, R.J.S.; Luckman, B.H.
      Site name              : Faro
      Species information    : PCGL Picea glauca (Moench) Voss
      Latitude               : 62.2917 N
      Longitude              : 133.2778 W
      Elevation              : 1205 m

      Series intercorrelation: 0.595
      Avg mean sensitivity   : 0.182
      Avg standard deviation : 0.195
      Avg autocorrelation    : 0.861
      Number dated series    : 105
      Segment length tested  : 50

      Number problem segments: 29  (A 18, B 11; 1 of the B weak at every lag)
      Pct problem segments   : 2.81


 CORRELATION OF SERIES BY SEGMENTS: cana597
-----------------------------------------------------------------------------------------------------------------------------------
 Correlations of  50-year dated segments, lagged  25 years
 Flags:  A = correlation under   .3281 but highest as dated;  B = correlation higher at other than dated position

 Seq Series  Time_span  1300 1325 1350 1375 1400 1425 1450 1475 1500 1525 1550 1575 1600 1625 1650 1675 1700 1725 1750 1775 
                        1349 1374 1399 1424 1449 1474 1499 1524 1549 1574 1599 1624 1649 1674 1699 1724 1749 1774 1799 1824 
 --- -------- ---------  ---- ---- ---- ---- ---- ---- ---- ---- ---- ---- ---- ---- ---- ---- ---- ---- ---- ---- ---- ---- 
   1 YF201E   1687 2001                                                                                  .50  .54  .68  .75 
   2 YF201W   1704 2001                                                                                       .59  .59  .52 
   3 YF202S   1725 2001                                                                                            .61  .63 
   4 YF203N   1740 2001                                                                                            .59  .66 
   5 YF203S   1645 2001                                                                        .55  .30B .33A .45  .42  .54 
   6 YF206E   1597 2001                                                              .39  .51  .69  .67  .63  .75  .69  .66 
   7 YF206S   1595 2001                                                              .25A .46  .76  .72  .61  .60  .65  .69 
   8 YF207N   1456 2001                                     .70  .72  .59  .56  .54  .69  .75  .63  .44  .24A .19B .36  .51 
   9 YF207S   1458 2001                                     .76  .72  .65  .65  .55  .58  .68  .62  .47  .51  .46B .30A .51 
  10 YF209N   1762 2000                                                                                                 .52 
  11 YF209S   1769 2001                                                                                                 .64 
  12 YF211E   1749 2000                                                                                            .44  .48 
  13 YF211W   1749 2001                                                                                            .53  .53 
  14 YF212N   1725 2001                                                                                            .78  .70 
  15 YF212S   1750 2000                                                                                                 .79 
  16 YF214E   1752 2001                                                                                                 .77 
  17 YF214N   1754 2001                                                                                                 .76 
  19 YF216E   1627 2001                                                                        .75  .65  .70  .63  .52  .42 
  20 YF218S   1705 2000                                                                                       .39  .53  .60 
  22 YF220N   1715 2001                                                                                       .66  .64  .53 
  23 YF221E   1659 2001                                                                             .53  .66  .70  .60  .65 
  24 YF221W   1652 1996                                                                             .67  .79  .72  .60  .69 
  25 YF222N   1564 2001                                                         .58  .51  .33  .32A .39  .49  .35  .30A .58 
  26 YF222S   1602 2001                                                                   .68  .66  .51  .50  .50  .41  .47 
  27 YF222E   1470 1613                                     .70  .71  .64  .64                                              
  28 YF222W   1470 2001                                     .74  .76  .61  .72  .67  .66  .66  .63  .60  .51  .54  .44  .49 
  29 YF223E   1673 2001                                                                             .57  .59  .71  .70  .80 
  30 YF223W   1674 2001                                                                                  .69  .73  .74  .68 
  31 YF224S   1655 1925                                                                             .77  .79  .72  .73  .67 
  32 YF224E   1536 2001                                                    .69  .56  .51  .60  .70  .79  .72  .63  .58  .57 
  33 YF225D   1590 1834                                                              .44  .53  .66  .66  .73  .79  .71  .66 
  34 YF225E   1693 2001                                                                                  .58  .73  .71  .68 
  35 YF225E2  1577 1676                                                              .51  .63                               
  36 YF226T   1484 2001                                          .64  .59  .67  .62  .64  .65  .40  .33B .41  .44  .33A .32B
  37 YF226N   1504 1708                                               .68  .57  .69  .63  .56  .59                          
  38 YF226S   1590 2001                                                              .33  .61  .67  .61  .62  .46  .24A .56 
  39 YF226U   1498 2001                                          .74  .50  .52  .71  .70  .73  .66  .59  .48  .47  .58  .63 
  40 YF227N   1758 2001                                                                                                 .46 
  41 YF227S   1757 2001                                                                                                 .52 
  42 YF228N   1774 2001                                                                                                 .46 
  44 YF229N   1690 2001                                                                                  .76  .78  .81  .73 
  45 YF229S   1504 2001                                               .42  .50  .52  .66  .74  .75  .72  .65  .71  .82  .75 
  46 YF229W   1510 2001                                               .60  .60  .67  .72  .60  .65  .82  .76  .71  .72  .63 
  49 YF233C   1724 2001                                                                                       .65  .59  .46 
  50 YF233W   1754 2001                                                                                                 .70 
  51 YF234E   1659 2001                                                                             .62  .59  .42  .33B .34 
  52 YF235W   1569 1970                                                         .56  .55  .57  .51  .43  .61  .73  .68  .67 
  53 YF235X   1487 1969                                          .40  .42  .62  .62  .58  .60  .57  .48  .58  .72  .72  .75 
  56 YF237E   1589 1982                                                              .29A .65  .59  .40  .37  .62  .65  .41 
  57 YF237W   1589 1921                                                              .39  .42  .46  .63  .57  .59  .59  .52 
  58 YF238S   1756 1989                                                                                                 .66 
  59 YF239S   1691 2000                                                                                  .68  .64  .64  .71 
  61 YF241W   1742 2001                                                                                            .73  .66 
  65 YF250C   1772 2001                                                                                                 .82 
  66 FARR03S  1768 2004                                                                                                 .57 
  67 FARR03W  1757 2004                                                                                                 .68 
  68 FARR12E  1562 1907                                                         .55  .48  .61  .60  .49  .60  .61  .55  .56 
  69 FARR12N  1489 1890                                          .55  .57  .63  .66  .66  .64  .61  .65  .65  .75  .78  .68 
  70 FARR13E  1750 2004                                                                                                 .55 
  71 FARR14N  1646 2004                                                                        .64  .56  .56  .57  .63  .70 
  78 FARR24N  1616 2004                                                                   .52  .65  .56  .48  .50  .50  .72 
  79 FARR26E  1696 2004                                                                                  .70  .69  .65  .61 
  80 FARR30N  1737 2004                                                                                            .73  .68 
  81 FARR30S  1730 2004                                                                                            .65  .74 
  83 FARR43N  1495 2004                                          .39  .54  .68  .73  .62  .59  .79  .83  .75  .76  .82  .74 
  84 FARR45E  1760 2004                                                                                                 .41 
  86 FARR46E  1697 2004                                                                                  .53  .74  .73  .71 
  87 FARR46S  1676 2004                                                                                  .51  .55  .63  .75 
  88 FARR47N  1650 2004                                                                             .66  .62  .65  .65  .64 
  89 FARR49E  1763 1999                                                                                                 .48 
  96 FARR65   1704 2004                                                                                       .71  .74  .61 
  98 FARR83S  1650 2004                                                                             .51  .76  .72  .73  .73 
  99 FARR91N  1687 1954                                                                                  .79  .67  .56  .55 
 100 FARR93E  1229 1739  .75  .75  .80  .60  .55  .61  .49  .42  .57  .70  .48  .53  .77  .80  .76  .69                     
 101 FARR93N  1293 1750  .67  .72  .86  .80  .77  .72  .57  .47  .59  .73  .62  .59  .37  .51  .75  .68  .69                
 102 FARR93S  1269 1748  .77  .71  .73  .58  .60  .62  .42  .45  .45  .52  .72  .67  .54  .61  .64  .66                     
 Av segment correlation  .73  .72  .79  .66  .64  .65  .49  .61  .60  .58  .62  .61  .54  .60  .63  .59  .60  .61  .60  .61 

 CORRELATION OF SERIES BY SEGMENTS: cana597
-----------------------------------------------------------------------------------------------------------------------------------
 Correlations of  50-year dated segments, lagged  25 years
 Flags:  A = correlation under   .3281 but highest as dated;  B = correlation higher at other than dated position

 Seq Series  Time_span  1800 1825 1850 1875 1900 1925 1950 
                        1849 1874 1899 1924 1949 1974 1999 
 --- -------- ---------  ---- ---- ---- ---- ---- ---- ---- 
   1 YF201E   1687 2001  .75  .64  .74  .86  .80  .72  .69 
   2 YF201W   1704 2001  .65  .63  .58  .70  .75  .62  .64 
   3 YF202S   1725 2001  .57  .51  .64  .70  .67  .56  .66 
   4 YF203N   1740 2001  .53  .38B .53  .58  .48  .32B .35 
   5 YF203S   1645 2001  .58  .44  .57  .69  .52  .32A .37 
   6 YF206E   1597 2001  .72  .67  .56  .70  .55  .44  .44 
   7 YF206S   1595 2001  .75  .69  .52  .59  .70  .45  .38 
   8 YF207N   1456 2001  .42  .45  .59  .53  .58  .66  .59 
   9 YF207S   1458 2001  .63  .70  .61  .48  .45  .41  .50 
  10 YF209N   1762 2000  .57  .60  .53  .61  .71  .76  .77 
  11 YF209S   1769 2001  .71  .58  .59  .75  .71  .73  .83 
  12 YF211E   1749 2000  .64  .56  .58  .69  .70  .52  .50 
  13 YF211W   1749 2001  .51  .43  .57  .66  .68  .66  .69 
  14 YF212N   1725 2001  .61  .55  .59  .64  .74  .73  .69 
  15 YF212S   1750 2000  .77  .74  .71  .60  .63  .72  .69 
  16 YF214E   1752 2001  .76  .74  .76  .83  .86  .76  .59 
  17 YF214N   1754 2001  .83  .73  .68  .73  .77  .80  .73 
  18 YF215W   1791 2001  .59  .47  .55  .66  .65  .74  .85 
  19 YF216E   1627 2001  .61  .68  .55  .60  .67  .58  .54 
  20 YF218S   1705 2000  .56  .65  .77  .79  .71  .60  .65 
  21 YF220E   1797 2001  .68  .70  .67  .67  .70  .66  .73 
  22 YF220N   1715 2001  .48  .57  .69  .75  .83  .80  .72 
  23 YF221E   1659 2001  .78  .78  .64  .63  .63  .56  .65 
  24 YF221W   1652 1996  .77  .78  .73  .72  .64  .49      
  25 YF222N   1564 2001  .43  .53  .67  .67  .60  .35  .51 
  26 YF222S   1602 2001  .66  .71  .66  .55  .30A .23A .55 
  28 YF222W   1470 2001  .61  .57  .45B .55  .44  .45  .49 
  29 YF223E   1673 2001  .74  .69  .62  .64  .66  .69  .71 
  30 YF223W   1674 2001  .61  .65  .63  .74  .72  .44  .24A
  31 YF224S   1655 1925  .60  .59  .72  .75                
  32 YF224E   1536 2001  .59  .54  .65  .72  .70  .65  .58 
  34 YF225E   1693 2001  .72  .70  .58  .59  .56  .49  .54 
  36 YF226T   1484 2001  .58  .53  .51  .69  .56  .47  .47 
  38 YF226S   1590 2001  .64  .54  .45  .52  .62  .66  .56 
  39 YF226U   1498 2001  .44  .38  .46  .62  .55  .45  .52 
  40 YF227N   1758 2001  .57  .65  .53  .57  .57  .41  .40 
  41 YF227S   1757 2001  .50  .48  .38  .55  .68  .54  .55 
  42 YF228N   1774 2001  .38  .36  .50  .52  .55  .55  .65 
  43 YF228M   1789 2001  .62  .65  .62  .63  .71  .70  .64 
  44 YF229N   1690 2001  .65  .63  .62  .61  .68  .73  .72 
  45 YF229S   1504 2001  .82  .83  .69  .68  .75  .65  .50 
  46 YF229W   1510 2001  .68  .73  .73  .64  .56  .50  .52 
  47 YF231E   1794 2001  .55  .58  .58  .59  .65  .48  .43 
  48 YF231W   1788 2001  .57  .57  .63  .56  .59  .57  .66 
  49 YF233C   1724 2001  .45  .35  .43  .67  .68  .42  .44 
  50 YF233W   1754 2001  .72  .72  .72  .64  .61  .54  .61 
  51 YF234E   1659 2001  .38  .51  .52  .54  .72  .53  .30A
  52 YF235W   1569 1970  .73  .66  .59  .66  .68           
  53 YF235X   1487 1969  .79  .73  .63  .61  .57           
  54 YF236E   1780 2001  .53  .55  .66  .72  .67  .58  .58 
  55 YF236W   1780 2001  .36  .54  .66  .61  .54  .67  .77 
  56 YF237E   1589 1982  .46  .43  .53  .55  .43  .59      
  57 YF237W   1589 1921  .64  .63  .49                     
  58 YF238S   1756 1989  .59  .42  .46  .66  .67  .58      
  59 YF239S   1691 2000  .77  .70  .41  .48  .65  .71  .65 
  60 YF241E   1780 1943  .66  .76  .55  .54                
  61 YF241W   1742 2001  .69  .74  .77  .75  .77  .74  .58 
  62 YF242C   1795 1946  .46  .53  .64  .66                
  63 YF242D   1786 1930  .62  .55  .51  .58                
  64 YF250A   1782 2001  .73  .67  .73  .83  .79  .62  .57 
  65 YF250C   1772 2001  .79  .70  .70  .80  .83  .66  .37 
  66 FARR03S  1768 2004  .64  .64  .61  .78  .83  .79  .65 
  67 FARR03W  1757 2004  .66  .69  .69  .73  .80  .74  .66 
  68 FARR12E  1562 1907  .60  .54  .59                     
  69 FARR12N  1489 1890  .64  .63                          
  70 FARR13E  1750 2004  .60  .68  .80  .76  .66  .58  .53 
  71 FARR14N  1646 2004  .54  .47  .61  .71  .79  .75  .63 
  72 FARR15N  1791 2004  .73  .65  .65  .73  .73  .76  .77 
  73 FARR16W  1812 2004       .56  .59  .54  .65  .78  .73 
  74 FARR19E  1903 2004                           .79  .64 
  75 FARR19S  1900 2004                      .57  .75  .54 
  76 FARR20E  1881 2004                      .51  .43  .45 
  77 FARR20N  1889 2004                      .58  .50  .48 
  78 FARR24N  1616 2004  .72  .67  .72  .71  .45  .28A .48 
  79 FARR26E  1696 2004  .61  .65  .68  .75  .73  .72  .72 
  80 FARR30N  1737 2004  .61  .58  .50  .57  .63  .44  .27A
  81 FARR30S  1730 2004  .70  .54  .67  .74  .67  .52  .46 
  82 FARR40N  1836 2004            .44  .56  .68  .71  .55 
  83 FARR43N  1495 2004  .71  .69  .60  .71  .79  .64  .60 
  84 FARR45E  1760 2004  .72  .78  .80  .81  .80  .82  .82 
  85 FARR45N  1802 2004       .51  .51  .68  .71  .69  .65 
  86 FARR46E  1697 2004  .63  .61  .62  .75  .65  .28B .21A
  87 FARR46S  1676 2004  .67  .68  .70  .70  .72  .66  .51 
  88 FARR47N  1650 2004  .65  .57  .59  .73  .75  .67  .54 
  89 FARR49E  1763 1999  .56  .61  .59  .70  .68  .65  .64 
  90 FARR49S  1774 2003  .51  .48  .46  .68  .72  .63  .68 
  91 FARR54N  1822 2004       .41  .71  .82  .82  .75  .70 
  92 FARR57N  1848 2004            .28B .45  .75  .76  .71 
  93 FARR58E  1886 2004                      .58  .65  .72 
  94 FARR61N  1811 2004       .53  .64  .67  .67  .62  .31A
  95 FARR64W  1818 2004       .56  .73  .68  .71  .78  .71 
  96 FARR65   1704 2004  .45  .53  .60  .50  .47  .59  .65 
  97 FARR81E  1783 2004  .73  .60  .57  .77  .85  .85  .80 
  98 FARR83S  1650 2004  .56  .48  .55  .67  .75  .67  .43 
  99 FARR91N  1687 1954  .78  .69  .69  .81  .82           
 103 FARR94E  1844 2004            .68  .65  .61  .51  .35 
 104 FARR94N  1849 1986            .51  .60  .53  .53      
 105 FARR95E  1865 2004                 .35  .47  .44  .44 
 Av segment correlation  .62  .60  .60  .66  .66  .60  .58 

 FLAGGED SEGMENTS: cana597
-----------------------------------------------------------------------------------------------------------------------------------
 Seq Series   Segment    Flag  r dated  Best lag  r at lag   Gain  Note
 --- -------- ---------  ----  -------  --------  --------  -----  -----------------
   4 YF203N   1825 1874     B     .385        -3      .413   .029
   4 YF203N   1925 1974     B     .319        10      .321   .002  weak at every lag
   5 YF203S   1675 1724     B     .295        -1      .427   .132
   5 YF203S   1700 1749     A     .326         0
   5 YF203S   1925 1974     A     .319         0
   7 YF206S   1600 1649     A     .255         0
   8 YF207N   1700 1749     A     .238         0
   8 YF207N   1725 1774     B     .187        10      .347   .160
   9 YF207S   1725 1774     B     .465         8      .506   .041
   9 YF207S   1750 1799     A     .304         0
  25 YF222N   1650 1699     A     .321         0
  25 YF222N   1750 1799     A     .303         0
  26 YF222S   1900 1949     A     .301         0
  26 YF222S   1925 1974     A     .230         0
  28 YF222W   1850 1899     B     .445        -3      .493   .047
  30 YF223W   1950 1999     A     .240         0
  36 YF226T   1675 1724     B     .325       -10      .341   .016
  36 YF226T   1750 1799     A     .325         0
  36 YF226T   1775 1824     B     .320         5      .341   .021
  38 YF226S   1750 1799     A     .240         0
  51 YF234E   1750 1799     B     .329       -10      .355   .026
  51 YF234E   1950 1999     A     .298         0
  56 YF237E   1600 1649     A     .294         0
  78 FARR24N  1925 1974     A     .280         0
  80 FARR30N  1950 1999     A     .272         0
  86 FARR46E  1925 1974     B     .276        -9      .330   .054
  86 FARR46E  1950 1999     A     .210         0
  92 FARR57N  1850 1899     B     .277         3      .368   .091
  94 FARR61N  1950 1999     A     .315         0

 DESCRIPTIVE STATISTICS: cana597
-----------------------------------------------------------------------------------------------------------------------------------

                                                Corr   //-------- Unfiltered --------\\  //-- dplR filtered --\\
                           No.    No.    No.    with   Mean   Max     Std   Auto   Mean   Max     Std   Auto  AR
 Seq Series   Interval   Years  Segmt  Flags   Master  msmt   msmt    dev   corr   sens  value    dev   corr  ()
 --- -------- ---------  -----  -----  -----   ------ -----  -----  -----  -----  -----  -----  -----  -----  --
   1 YF201E   1687 2001    315     11      0    .678    .51   1.27   .149   .621   .196   1.68   .187  -.015   3
   2 YF201W   1704 2001    298     10      0    .619    .42    .93   .154   .784   .196   1.58   .183  -.001   2
   3 YF202S   1725 2001    277      9      0    .601    .37   1.19   .219   .926   .185   1.65   .194   .007   3
   4 YF203N   1740 2001    262      9      2    .468    .34   1.20   .165   .907   .146   1.60   .150   .016   2
   5 YF203S   1645 2001    357     13      3    .478    .30    .79   .157   .882   .171   1.78   .180  -.003   3
   6 YF206E   1597 2001    405     15      0    .572    .25    .92   .170   .927   .217   1.61   .205   .015   2
   7 YF206S   1595 2001    407     15      1    .559    .25    .91   .149   .901   .205   1.98   .207   .002   2
   8 YF207N   1456 2001    546     20      2    .489    .20    .80   .134   .931   .227   2.12   .226  -.009   3
   9 YF207S   1458 2001    544     20      2    .555    .24    .80   .127   .886   .210   1.73   .206  -.000   2
  10 YF209N   1762 2000    239      8      0    .639    .46   1.15   .196   .844   .184   1.69   .192  -.016   1
  11 YF209S   1769 2001    233      8      0    .699    .50   1.03   .176   .856   .148   1.35   .147  -.011   2
  12 YF211E   1749 2000    252      9      0    .577    .31   1.00   .187   .915   .188   1.53   .197  -.041   1
  13 YF211W   1749 2001    253      9      0    .578    .27    .92   .185   .931   .203   1.76   .215  -.011   1
  14 YF212N   1725 2001    277      9      0    .633    .51   1.09   .202   .839   .171   1.67   .181  -.026   1
  15 YF212S   1750 2000    251      8      0    .696    .44    .91   .161   .770   .200   1.51   .192   .014   1
  16 YF214E   1752 2001    250      8      0    .722    .51   1.43   .171   .721   .181   1.46   .168   .067   0
  17 YF214N   1754 2001    248      8      0    .750    .60   1.75   .271   .827   .167   1.54   .163   .001   1
  18 YF215W   1791 2001    211      7      0    .648    .40    .85   .173   .861   .191   1.66   .189  -.001   3
  19 YF216E   1627 2001    375     13      0    .617    .37   1.30   .242   .916   .175   1.97   .183  -.000   1
  20 YF218S   1705 2000    296     10      0    .617    .49   1.07   .229   .901   .165   1.52   .161   .014   2
  21 YF220E   1797 2001    205      7      0    .684    .51   1.46   .244   .890   .163   1.45   .169  -.009   2
  22 YF220N   1715 2001    287     10      0    .628    .37    .87   .186   .909   .175   2.21   .190  -.034   1
  23 YF221E   1659 2001    343     12      0    .644    .37    .83   .141   .836   .167   1.48   .164   .006   1
  24 YF221W   1652 1996    345     11      0    .666    .34    .89   .161   .877   .181   1.61   .177   .001   1
  25 YF222N   1564 2001    438     16      2    .472    .52   1.07   .158   .858   .123   1.57   .129   .000   1
  26 YF222S   1602 2001    400     14      2    .535    .45   1.04   .177   .916   .132   1.39   .139   .006   1
  27 YF222E   1470 1613    144      4      0    .638    .30    .70   .131   .878   .172   1.54   .174  -.008   3
  28 YF222W   1470 2001    532     20      1    .573    .22    .72   .115   .898   .198   1.67   .199  -.010   1
  29 YF223E   1673 2001    329     12      0    .666    .46   1.48   .282   .928   .164   1.44   .156   .008   1
  30 YF223W   1674 2001    328     11      1    .611    .50   1.68   .286   .919   .149   1.49   .149   .011   2
  31 YF224S   1655 1925    271      9      0    .683    .37   1.01   .208   .903   .181   1.63   .196  -.022   1
  32 YF224E   1536 2001    466     17      0    .621    .28   1.09   .131   .856   .197   1.80   .193  -.000   2
  33 YF225D   1590 1834    245      8      0    .618    .32    .62   .117   .789   .189   1.67   .189  -.013   3
  34 YF225E   1693 2001    309     11      0    .589    .29    .75   .130   .890   .174   1.57   .175  -.027   1
  35 YF225E2  1577 1676    100      2      0    .543    .25    .64   .123   .823   .221   1.69   .239   .005   1
  36 YF226T   1484 2001    518     19      3    .498    .18    .51   .100   .875   .240   2.08   .246  -.006   3
  37 YF226N   1504 1708    205      6      0    .608    .20    .46   .097   .854   .211   1.58   .207  -.041   1
  38 YF226S   1590 2001    412     15      1    .517    .20    .59   .102   .877   .222   1.71   .205   .001   3
  39 YF226U   1498 2001    504     19      0    .556    .19   1.05   .126   .903   .237   1.91   .237   .001   1
  40 YF227N   1758 2001    244      8      0    .484    .51   1.75   .382   .950   .180   1.47   .170  -.017   2
  41 YF227S   1757 2001    245      8      0    .507    .37    .98   .216   .906   .195   1.66   .204  -.008   1
  42 YF228N   1774 2001    228      8      0    .491    .52   1.24   .250   .902   .156   1.44   .168   .005   1
  43 YF228M   1789 2001    213      7      0    .645    .48   1.18   .175   .858   .150   1.52   .157   .014   1
  44 YF229N   1690 2001    312     11      0    .706    .30   1.11   .149   .849   .201   1.64   .201  -.001   2
  45 YF229S   1504 2001    498     18      0    .643    .33    .85   .156   .898   .172   1.76   .174   .004   2
  46 YF229W   1510 2001    492     18      0    .627    .29    .94   .175   .926   .200   1.87   .206  -.002   2
  47 YF231E   1794 2001    208      7      0    .546    .43   1.59   .330   .969   .151   1.52   .161  -.009   2
  48 YF231W   1788 2001    214      7      0    .598    .55   1.44   .272   .933   .136   1.46   .142  -.028   1
  49 YF233C   1724 2001    278     10      0    .535    .47   1.31   .199   .871   .152   1.75   .150   .002   1
  50 YF233W   1754 2001    248      8      0    .661    .74   1.91   .310   .888   .144   1.29   .130   .035   3
  51 YF234E   1659 2001    343     12      2    .476    .19    .49   .090   .876   .204   2.06   .215  -.012   1
  52 YF235W   1569 1970    402     14      0    .550    .52   1.51   .331   .936   .172   2.01   .179  -.001   1
  53 YF235X   1487 1969    483     17      0    .575    .50   1.53   .313   .941   .172   1.66   .176  -.014   1
  54 YF236E   1780 2001    222      7      0    .570    .49    .98   .154   .756   .163   1.63   .170   .002   2
  55 YF236W   1780 2001    222      7      0    .555    .52    .91   .141   .787   .135   1.61   .143  -.010   2
  56 YF237E   1589 1982    394     14      1    .463    .19    .59   .110   .906   .177   1.57   .183  -.012   3
  57 YF237W   1589 1921    333     11      0    .510    .30   1.20   .187   .908   .179   1.87   .196   .001   1
  58 YF238S   1756 1989    234      7      0    .579    .39    .92   .150   .904   .139   1.35   .129   .092   0
  59 YF239S   1691 2000    310     11      0    .618    .20    .37   .067   .734   .208   1.60   .194  -.016   1
  60 YF241E   1780 1943    164      4      0    .626    .61   1.61   .232   .817   .175   1.69   .180   .005   3
  61 YF241W   1742 2001    260      9      0    .689    .62   1.50   .221   .806   .173   1.54   .162  -.006   1
  62 YF242C   1795 1946    152      4      0    .498    .24    .87   .147   .934   .175   1.58   .185  -.015   2
  63 YF242D   1786 1930    145      4      0    .543    .26    .56   .117   .876   .166   1.44   .160  -.016   1
  64 YF250A   1782 2001    220      7      0    .682    .42   1.12   .210   .860   .211   1.61   .205  -.018   1
  65 YF250C   1772 2001    230      8      0    .696    .34    .63   .113   .786   .173   1.45   .158  -.012   1
  66 FARR03S  1768 2004    237      8      0    .657    .74   1.39   .225   .725   .177   1.50   .178  -.019   1
  67 FARR03W  1757 2004    248      8      0    .679    .83   1.43   .204   .678   .151   1.45   .147  -.003   3
  68 FARR12E  1562 1907    346     12      0    .568    .30    .96   .195   .933   .179   1.57   .184   .002   2
  69 FARR12N  1489 1890    402     14      0    .635    .37   1.18   .220   .908   .189   1.68   .201   .002   2
  70 FARR13E  1750 2004    255      8      0    .627    .46   1.15   .265   .942   .165   1.45   .166  -.024   1
  71 FARR14N  1646 2004    359     13      0    .628    .27    .61   .111   .810   .209   1.62   .203   .004   2
  72 FARR15N  1791 2004    214      7      0    .697    .50   1.35   .294   .868   .222   1.53   .198  -.002   2
  73 FARR16W  1812 2004    193      6      0    .625    .69   1.59   .258   .822   .175   1.48   .171  -.008   2
  74 FARR19E  1903 2004    102      2      0    .656   1.53   2.58   .409   .736   .148   1.51   .143   .016   1
  75 FARR19S  1900 2004    105      3      0    .548   1.51   2.36   .371   .718   .151   1.50   .144   .125   0
  76 FARR20E  1881 2004    124      3      0    .471   1.18   2.50   .505   .903   .152   1.46   .165   .085   1
  77 FARR20N  1889 2004    116      3      0    .501   1.24   2.43   .542   .905   .140   1.50   .156  -.011   1
  78 FARR24N  1616 2004    389     14      1    .554    .49   1.02   .128   .828   .127   1.50   .133  -.004   3
  79 FARR26E  1696 2004    309     11      0    .676    .38   1.32   .246   .945   .183   1.79   .187   .002   2
  80 FARR30N  1737 2004    268      9      1    .535    .54   1.46   .271   .895   .173   1.45   .164   .010   2
  81 FARR30S  1730 2004    275      9      0    .620    .45   1.45   .176   .847   .154   1.63   .149  -.006   2
  82 FARR40N  1836 2004    169      5      0    .544    .88   1.83   .275   .785   .144   1.41   .131   .047   0
  83 FARR43N  1495 2004    510     19      0    .669    .30    .80   .148   .875   .209   1.88   .198   .007   2
  84 FARR45E  1760 2004    245      8      0    .677    .69   1.73   .240   .767   .173   1.69   .181   .000   3
  85 FARR45N  1802 2004    203      6      0    .598    .74   1.52   .192   .750   .143   1.31   .133   .001   2
  86 FARR46E  1697 2004    308     11      2    .530    .48   1.38   .257   .916   .157   1.69   .158  -.011   3
  87 FARR46S  1676 2004    329     11      0    .586    .54   1.76   .292   .868   .170   2.03   .179  -.010   1
  88 FARR47N  1650 2004    355     12      0    .636    .47   1.33   .173   .806   .164   1.53   .157   .006   2
  89 FARR49E  1763 1999    237      8      0    .604    .89   3.83   .727   .948   .177   1.57   .184   .023   2
  90 FARR49S  1774 2003    230      7      0    .564    .64   1.60   .323   .908   .169   1.68   .188   .011   2
  91 FARR54N  1822 2004    183      6      0    .680    .67   1.41   .295   .786   .219   1.61   .205   .009   2
  92 FARR57N  1848 2004    157      5      1    .572    .57   1.32   .216   .746   .203   1.52   .189   .029   2
  93 FARR58E  1886 2004    119      3      0    .576    .68   1.09   .192   .797   .144   1.39   .145  -.012   1
  94 FARR61N  1811 2004    194      6      1    .529    .66   2.20   .356   .864   .231   1.74   .217  -.009   2
  95 FARR64W  1818 2004    187      6      0    .672    .81   1.83   .308   .805   .186   1.51   .174  -.010   1
  96 FARR65   1704 2004    301     10      0    .557    .30    .69   .123   .779   .222   1.60   .204   .057   0
  97 FARR81E  1783 2004    222      7      0    .706    .57   1.73   .249   .818   .192   1.67   .175  -.006   1
  98 FARR83S  1650 2004    355     12      0    .579    .35    .82   .129   .781   .194   1.53   .180  -.007   1
  99 FARR91N  1687 1954    268      9      0    .723    .50   1.18   .178   .802   .185   1.58   .175  -.007   1
 100 FARR93E  1229 1739    511     16      0    .633    .40   1.36   .180   .794   .196   2.08   .197   .001   2
 101 FARR93N  1293 1750    458     17      0    .635    .35    .80   .135   .777   .203   1.82   .192   .003   2
 102 FARR93S  1269 1748    480     16      0    .596    .34    .89   .125   .757   .199   1.86   .191   .002   2
 103 FARR94E  1844 2004    161      5      0    .566    .42   1.93   .319   .960   .151   1.54   .155   .043   3
 104 FARR94N  1849 1986    138      4      0    .484    .38    .94   .199   .911   .184   1.68   .189   .019   1
 105 FARR95E  1865 2004    140      4      0    .414    .79   1.30   .201   .731   .142   1.43   .151   .035   3
 --- -------- ---------  -----  -----  -----   ------ -----  -----  -----  -----  -----  -----  -----  -----  --
 Total or mean:          30373   1031     29    .595    .42   3.83   .195   .861   .182   2.21   .182   .000

 DATA CHECKS (rwl.check): cana597
-----------------------------------------------------------------------------------------------------------------------------------
 rwl.check: data_files/treering/measurements/northamerica/canada/cana597.rwl
 105 series, 30373 measurements, 1229-2004, 0.001 mm precision
 0 error(s), 0 warning(s), 42 note(s)
 -------------
 Nothing to report at this severity.
 42 note(s) not shown; see rwl.check() or the 'check' element of this report.

 NOTES
-----------------------------------------------------------------------------------------------------------------------------------
 Report generated using dplR 1.8.1 (R 4.5.2) on 2026-10-01 16:57 PDT.
 Measurement file cana597.rwl, MD5 cf913265af0786d722696912d43f95a3.
 Filtering: each series divided by a 32-year smoothing spline (caps()), then prewhitened with
   an AR model (order by AIC, at most 3).
 Master: biweight robust mean of the other series (leave-one-out).
 Correlation: Pearson, one-tailed, pcrit = 0.01; critical r = 0.3281 for 50-year segments.
 Segments: 50 years, lagged 25, first segment floored to 100. Lags searched: +/- 10 years.
 A segment is tested only where the series and the master cover all of it, at the dated
   position and at every lag. COFECHA also tests partial segments at the ends of a series, so
   series here may show fewer segments, and no flags can be raised at the ends of the record.
 Lags follow COFECHA: negative means rings are probably missing from the series, positive means
   false rings. A missing ring carries its lag into every segment before it, so look where the
   lag changes along a series. A B flag is a hypothesis to check on the wood; the gain says how
   seriously to take it.
 A B flag marked "weak at every lag" correlates under the critical value even at its best lag:
   the segment is weak wherever it is placed, and the shift is not evidence of a dating error.
   Treat it as a low correlation, like an A.
 Averages in the summary and the totals are weighted by the number of years in each series, as
   COFECHA's are.
 Unfiltered block and mean sensitivity: the measurements as read, and sens1().
 dplR filtered block: the series that was correlated, after filtering. COFECHA's filtered
   series is defined differently, so these three columns are not COFECHA's numbers.
 AR: order of the AR model used to prewhiten.
