
 COFECHA-style crossdating report: cana529
 Report generated using dplR 1.8.1 (R 4.5.2) on 2026-10-01 16:56 PDT
 Built with dplR's xdate.report(), not COFECHA; see the notes at the end.


      Measurement file name  : cana529.rwl
      MD5 of measurement file: e8ba629ac9dfbd1b64d85cfe1934c884
      Date checked           : 01OCT26
      Beginning year         : 1488
      Ending year            : 2010
      Principal investigators: Sauchyn, D.J.
      Site name              : Vicary Mine
      Species information    : PIAL Pinus albicaulis Engelm.
      Latitude               : 49.7700 N
      Longitude              : 114.5300 W
      Elevation              : 1909 m

      Series intercorrelation: 0.562
      Avg mean sensitivity   : 0.202
      Avg standard deviation : 0.306
      Avg autocorrelation    : 0.836
      Number dated series    : 59
      Segment length tested  : 50

      Number problem segments: 26  (A 13, B 13; 7 of the B weak at every lag)
      Pct problem segments   : 3.78


 CORRELATION OF SERIES BY SEGMENTS: cana529
-----------------------------------------------------------------------------------------------------------------------------------
 Correlations of  50-year dated segments, lagged  25 years
 Flags:  A = correlation under   .3281 but highest as dated;  B = correlation higher at other than dated position

 Seq Series  Time_span  1500 1525 1550 1575 1600 1625 1650 1675 1700 1725 1750 1775 1800 1825 1850 1875 1900 1925 1950 
                        1549 1574 1599 1624 1649 1674 1699 1724 1749 1774 1799 1824 1849 1874 1899 1924 1949 1974 1999 
 --- -------- ---------  ---- ---- ---- ---- ---- ---- ---- ---- ---- ---- ---- ---- ---- ---- ---- ---- ---- ---- ---- 
   1 VIC003B  1636 2009                                .56  .53  .47  .66  .65  .56  .69  .62  .55  .61  .34  .51  .57 
   2 VIC003C  1683 1917                                          .60  .77  .70  .51  .48  .49  .37                     
   3 VIC005B  1721 2009                                               .41  .52  .62  .72  .74  .54  .33  .28A .44  .42 
   4 VIC005A  1757 2009                                                         .67  .79  .81  .67  .55  .54  .60  .47 
   5 VIC006B  1818 2009                                                                   .58  .40  .47  .61  .64  .73 
   6 VIC008A  1656 2009                                     .67  .75  .72  .63  .64  .74  .67  .54  .51  .52  .46  .48 
   7 VIC009B  1691 2009                                          .47  .68  .69  .63  .76  .79  .48  .30A .45  .72  .71 
   8 VIC010B  1536 1726            .53  .52  .46  .58  .56  .54                                                        
   9 VIC010A  1550 1748                 .59  .61  .63  .62  .54                                                        
  10 VIC011A  1534 2009            .50  .64  .73  .74  .76  .59  .65  .78  .69  .62  .74  .69  .40  .37  .51  .70  .65 
  11 VIC011B  1511 2009       .48  .37  .44  .51  .76  .73  .49  .55  .72  .71  .67  .71  .68  .55  .19B-.08B .00B .24B
  12 VIC012B  1682 2009                                          .53  .51  .55  .70  .55  .44  .38  .29A .29A .49  .69 
  13 VIC012A  1679 2009                                          .58  .58  .62  .57  .57  .64  .60  .52  .35  .40  .45 
  14 VIC013A  1641 2009                                .73  .75  .83  .84  .62  .38  .62  .69  .58  .69  .60  .64  .71 
  15 VIC013B  1665 2009                                     .79  .78  .70  .61  .58  .70  .69  .43  .57  .56  .68  .59 
  16 VIC014B  1713 2009                                               .48  .57  .47  .54  .57  .34  .32B .43  .49  .50 
  17 VIC015A  1628 2009                                .49  .47  .41  .51  .67  .53  .48  .53  .37  .38  .50  .65  .62 
  18 VIC016B  1700 2009                                               .66  .70  .65  .72  .67  .48  .42  .51  .41  .51 
  19 VIC016A  1715 2009                                               .51  .49  .46  .53  .64  .59  .41  .27B .36  .55 
  20 VIC017A  1640 2009                                .43  .55  .60  .65  .68  .70  .73  .67  .46  .55  .60  .63  .25B
  21 VIC017B  1579 2008                      .45  .51  .47  .61  .71  .67  .60  .61  .73  .74  .61  .60  .51  .53  .48 
  22 VIC018A  1876 2009                                                                                  .54  .63  .73 
  23 VIC018B  1840 2009                                                                        .52  .48  .45  .66  .71 
  24 VIC019A  1578 2009                      .50  .57  .69  .76  .70  .60  .65  .73  .66  .58  .51  .50  .52  .40  .39 
  25 VIC020A  1557 2009                 .59  .66  .73  .66  .70  .71  .65  .62  .55  .64  .72  .55  .53  .38  .32A .50 
  26 VIC020B  1554 2009                 .59  .62  .66  .73  .73  .71  .58  .52  .65  .63  .56  .53  .63  .55  .58  .65 
  27 VIC022A  1634 2003                                .47  .68  .77  .68  .57  .58  .57  .48  .51  .55  .33  .48  .35 
  28 VIC022B  1622 2009                           .41  .54  .53  .60  .59  .58  .68  .66  .58  .50  .62  .42  .37  .56 
  29 VIC023B  1578 2009                      .66  .51  .53  .52  .58  .73  .64  .59  .65  .65  .60  .56  .54  .63  .55 
  30 VIC023A  1578 2009                      .43  .48  .47  .54  .71  .78  .64  .55  .57  .35  .26B .69  .56  .51  .59 
  31 VIC024A  1566 2009                 .63  .60  .52  .56  .63  .75  .78  .68  .61  .51  .46  .52  .45  .51  .68  .61 
  32 VIC024B  1597 2001                      .58  .62  .75  .67  .67  .75  .79  .69  .58  .57  .44  .36  .38  .33  .32A
  33 VIC025A  1752 2009                                                         .56  .66  .65  .51  .59  .59  .54  .52 
  34 VIC025B  1735 2009                                                    .72  .64  .68  .65  .36  .39B .59  .64  .60 
  35 VIC026A  1560 2009                 .35  .49  .57  .62  .62  .46  .55  .59  .55  .79  .74  .58  .49  .54  .65  .45 
  36 VIC027A  1627 2009                                .71  .76  .81  .82  .67  .69  .84  .64  .33  .48  .36  .34  .50 
  37 VIC027B  1651 2009                                     .72  .78  .83  .69  .59  .71  .71  .56  .60  .50  .33  .41 
  38 VIC028B  1581 2009                      .56  .51  .49  .66  .68  .70  .61  .53  .75  .66  .40B .57  .65  .58  .51 
  39 VIC028A  1563 2009                 .39  .38  .55  .70  .57  .65  .72  .61  .57  .58  .64  .74  .66  .51  .61  .51 
  40 VIC201C  1636 2010                                .65  .53  .61  .71  .57  .43  .52  .53  .45  .28A .41  .63  .60 
  41 VIC204A  1590 1786                      .38  .46  .67  .66  .81  .77                                              
  42 VIC204C  1628 2010                                .68  .68  .73  .72  .64  .59  .70  .61  .55  .67  .54  .41  .20B
  43 VIC204D  1628 1934                                .75  .78  .79  .75  .68  .62  .71  .67  .57  .48                
  44 VIC205A  1518 2010       .67  .61  .63  .57  .63  .56  .63  .83  .77  .74  .80  .84  .76  .49  .56  .68  .68  .71 
  45 VIC205B  1488 1995       .67  .55  .65  .67  .78  .69  .64  .80  .83  .75  .63  .60  .47  .28B .42  .65  .56      
  46 VIC206A  1629 2009                                .54  .57  .70  .74  .58  .46  .68  .71  .62  .61  .67  .65  .59 
  47 VIC206C  1662 2010                                     .63  .72  .78  .73  .67  .61  .54  .48  .60  .54  .50  .41 
  48 VIC207B  1532 2010            .53  .72  .79  .76  .59  .44  .49  .65  .69  .66  .63  .58  .51  .54  .69  .79  .67 
  49 VIC207A  1531 2003            .57  .76  .77  .79  .63  .54  .61  .72  .73  .59  .71  .75  .50  .27A .42  .65  .64 
  50 VIC208A  1644 1904                                .67  .62  .62  .63  .55  .52  .20A .18B .49                     
  51 VIC208B  1644 2010                                .63  .69  .69  .64  .54  .49  .40  .41  .61  .41  .27A .56  .55 
  52 VIC208C  1616 1880                           .55  .71  .62  .70  .70  .59  .57  .58  .50                          
  53 VIC210A  1826 2010                                                                        .67  .57  .50  .47  .47 
  54 VIC210B  1845 2008                                                                        .49  .47  .47  .67  .59 
  55 VIC211B  1737 2010                                                    .52  .70  .72  .68  .51  .59  .70  .65  .52 
  56 VIC212D  1703 2010                                               .37  .25A .51  .78  .73  .67  .75  .74  .69  .51 
  57 VIC105A  1602 1908                           .30A .46  .59  .60  .53  .43  .48  .55  .49  .30A                    
  58 VIC108A  1715 1988                                               .52  .57  .65  .67  .66  .48  .45  .60  .60      
  59 VIC108B  1713 1982                                               .41  .50  .64  .71  .66  .49  .44  .53  .55      
 Av segment correlation       .61  .52  .58  .57  .59  .61  .62  .66  .66  .62  .59  .64  .61  .50  .50  .49  .54  .53 

 FLAGGED SEGMENTS: cana529
-----------------------------------------------------------------------------------------------------------------------------------
 Seq Series   Segment    Flag  r dated  Best lag  r at lag   Gain  Note
 --- -------- ---------  ----  -------  --------  --------  -----  -----------------
   3 VIC005B  1900 1949     A     .281         0
   7 VIC009B  1875 1924     A     .298         0
  11 VIC011B  1875 1924     B     .194        -6      .327   .134  weak at every lag
  11 VIC011B  1900 1949     B    -.084        -6      .364   .447
  11 VIC011B  1925 1974     B     .000        -6      .239   .239  weak at every lag
  11 VIC011B  1950 1999     B     .238        -1      .322   .085  weak at every lag
  12 VIC012B  1875 1924     A     .295         0
  12 VIC012B  1900 1949     A     .289         0
  16 VIC014B  1875 1924     B     .324       -10      .330   .006
  19 VIC016A  1900 1949     B     .267         4      .385   .119
  20 VIC017A  1950 1999     B     .252        -8      .256   .003  weak at every lag
  25 VIC020A  1925 1974     A     .322         0
  30 VIC023A  1850 1899     B     .256        -6      .477   .221
  32 VIC024B  1950 1999     A     .318         0
  34 VIC025B  1875 1924     B     .385         1      .496   .111
  38 VIC028B  1850 1899     B     .405        -5      .451   .046
  40 VIC201C  1875 1924     A     .276         0
  42 VIC204C  1950 1999     B     .200         8      .325   .125  weak at every lag
  45 VIC205B  1850 1899     B     .276       -10      .279   .003  weak at every lag
  49 VIC207A  1875 1924     A     .269         0
  50 VIC208A  1800 1849     A     .203         0
  50 VIC208A  1825 1874     B     .178        -5      .262   .084  weak at every lag
  51 VIC208B  1900 1949     A     .268         0
  56 VIC212D  1750 1799     A     .248         0
  57 VIC105A  1625 1674     A     .304         0
  57 VIC105A  1850 1899     A     .299         0

 DESCRIPTIVE STATISTICS: cana529
-----------------------------------------------------------------------------------------------------------------------------------

                                                Corr   //-------- Unfiltered --------\\  //-- dplR filtered --\\
                           No.    No.    No.    with   Mean   Max     Std   Auto   Mean   Max     Std   Auto  AR
 Seq Series   Interval   Years  Segmt  Flags   Master  msmt   msmt    dev   corr   sens  value    dev   corr  ()
 --- -------- ---------  -----  -----  -----   ------ -----  -----  -----  -----  -----  -----  -----  -----  --
   1 VIC003B  1636 2009    374     13      0    .531    .65   1.74   .273   .819   .191   1.58   .190  -.011   1
   2 VIC003C  1683 1917    235      7      0    .510    .55   1.59   .284   .839   .219   2.34   .221  -.001   2
   3 VIC005B  1721 2009    289     10      1    .507   1.08   2.10   .348   .725   .191   1.49   .172   .071   0
   4 VIC005A  1757 2009    253      8      0    .607    .85   2.22   .381   .864   .187   1.49   .169   .000   1
   5 VIC006B  1818 2009    192      6      0    .556    .63   1.73   .282   .897   .168   1.54   .173   .008   2
   6 VIC008A  1656 2009    354     12      0    .556    .69   2.77   .477   .912   .199   1.69   .180  -.011   0
   7 VIC009B  1691 2009    319     11      1    .573    .88   1.97   .434   .881   .191   1.55   .186  -.020   1
   8 VIC010B  1536 1726    191      6      0    .494    .61   1.08   .184   .751   .171   1.55   .165  -.001   1
   9 VIC010A  1550 1748    199      5      0    .556    .66   1.26   .173   .727   .149   1.40   .150   .010   1
  10 VIC011A  1534 2009    476     17      0    .653    .52   1.68   .312   .894   .222   1.52   .187   .001   1
  11 VIC011B  1511 2009    499     18      4    .483    .46   2.41   .511   .956   .276   1.98   .252   .001   0
  12 VIC012B  1682 2009    328     11      2    .516    .79   2.31   .351   .804   .195   1.77   .194  -.010   1
  13 VIC012A  1679 2009    331     11      0    .539    .99   2.66   .491   .855   .200   1.61   .198  -.013   1
  14 VIC013A  1641 2009    369     13      0    .667    .69   1.60   .221   .663   .201   1.73   .198  -.000   1
  15 VIC013B  1665 2009    345     12      0    .643    .55   1.19   .185   .723   .206   1.52   .189  -.008   1
  16 VIC014B  1713 2009    297     10      1    .474    .72   2.37   .313   .811   .191   1.96   .184   .006   1
  17 VIC015A  1628 2009    382     13      0    .500    .81   2.12   .442   .918   .172   1.60   .165  -.016   3
  18 VIC016B  1700 2009    310     10      0    .561    .94   1.64   .249   .679   .176   1.45   .167   .003   2
  19 VIC016A  1715 2009    295     10      1    .507    .96   2.02   .308   .670   .200   1.60   .193   .008   2
  20 VIC017A  1640 2009    370     13      1    .483    .57   1.60   .279   .796   .265   1.72   .246  -.004   1
  21 VIC017B  1579 2008    430     15      0    .537    .52   1.45   .315   .860   .265   2.11   .253  -.002   1
  22 VIC018A  1876 2009    134      3      0    .601   1.36   2.15   .398   .795   .150   1.38   .143   .020   1
  23 VIC018B  1840 2009    170      5      0    .585   1.25   2.22   .394   .826   .150   1.39   .145  -.012   1
  24 VIC019A  1578 2009    432     15      0    .537    .72   2.29   .423   .883   .198   1.78   .186  -.001   1
  25 VIC020A  1557 2009    453     16      1    .556    .71   2.55   .458   .912   .183   1.73   .192   .010   2
  26 VIC020B  1554 2009    456     16      0    .604    .66   2.35   .459   .942   .170   1.49   .171  -.013   1
  27 VIC022A  1634 2003    370     13      0    .494    .52   1.04   .164   .750   .189   1.61   .185  -.007   1
  28 VIC022B  1622 2009    388     14      0    .500    .63   1.92   .231   .783   .176   1.75   .170   .008   1
  29 VIC023B  1578 2009    432     15      0    .595    .39   1.21   .204   .895   .198   1.65   .193   .006   1
  30 VIC023A  1578 2009    432     15      1    .542    .38   1.14   .197   .874   .204   1.54   .192   .009   1
  31 VIC024A  1566 2009    444     16      0    .586    .49   1.59   .285   .919   .191   1.55   .170  -.003   2
  32 VIC024B  1597 2001    405     15      1    .586    .57   1.73   .274   .858   .182   1.58   .174   .013   1
  33 VIC025A  1752 2009    258      8      0    .581    .52   1.38   .188   .653   .232   1.85   .228   .002   2
  34 VIC025B  1735 2009    275      9      1    .602    .65   1.20   .202   .647   .202   1.68   .202  -.014   1
  35 VIC026A  1560 2009    450     16      0    .531    .64   2.51   .392   .930   .167   1.60   .166  -.005   3
  36 VIC027A  1627 2009    383     13      0    .623    .88   2.54   .567   .916   .188   1.58   .181  -.003   1
  37 VIC027B  1651 2009    359     12      0    .599    .73   2.33   .518   .938   .191   1.65   .176   .049   0
  38 VIC028B  1581 2009    429     15      1    .601    .49   1.42   .248   .886   .186   1.57   .179  -.005   1
  39 VIC028A  1563 2009    447     16      0    .555    .66   1.56   .314   .886   .182   1.60   .174   .004   2
  40 VIC201C  1636 2010    375     13      1    .543    .46   1.30   .231   .838   .209   1.90   .205  -.006   1
  41 VIC204A  1590 1786    197      6      0    .637    .67   1.39   .197   .680   .184   1.68   .188  -.018   1
  42 VIC204C  1628 2010    383     13      1    .532    .36   1.33   .254   .925   .228   1.69   .204   .047   0
  43 VIC204D  1628 1934    307     10      0    .645    .43   1.16   .212   .838   .217   1.61   .197  -.013   3
  44 VIC205A  1518 2010    493     18      0    .647    .50   1.23   .208   .723   .258   1.92   .245  -.000   3
  45 VIC205B  1488 1995    508     17      1    .575    .50   1.32   .267   .846   .261   2.01   .250  -.003   2
  46 VIC206A  1629 2009    381     13      0    .611    .59   1.77   .345   .927   .172   1.60   .168   .003   1
  47 VIC206C  1662 2010    349     12      0    .601    .45   1.14   .186   .831   .177   1.50   .167  -.002   1
  48 VIC207B  1532 2010    479     17      0    .600    .43   2.10   .242   .828   .253   1.67   .236   .008   2
  49 VIC207A  1531 2003    473     17      1    .638    .35   1.57   .287   .925   .245   1.82   .234  -.003   2
  50 VIC208A  1644 1904    261      9      2    .476    .41   1.54   .277   .896   .247   1.80   .233   .004   1
  51 VIC208B  1644 2010    367     13      1    .504    .35   1.52   .254   .921   .228   2.06   .219   .071   0
  52 VIC208C  1616 1880    265      9      0    .574    .32    .68   .115   .640   .241   1.68   .224  -.003   1
  53 VIC210A  1826 2010    185      5      0    .520    .94   2.47   .526   .908   .163   1.45   .148   .003   3
  54 VIC210B  1845 2008    164      5      0    .530    .99   1.50   .304   .828   .147   1.44   .127   .022   0
  55 VIC211B  1737 2010    274      9      0    .591    .55   1.39   .282   .899   .172   1.56   .176  -.022   1
  56 VIC212D  1703 2010    308     10      1    .529    .70   1.65   .252   .756   .177   1.52   .183   .004   1
  57 VIC105A  1602 1908    307     10      2    .439    .70   1.95   .317   .827   .204   1.66   .205   .010   1
  58 VIC108A  1715 1988    274      9      0    .584    .69   1.35   .182   .661   .175   1.42   .158  -.029   1
  59 VIC108B  1713 1982    270      9      0    .547    .75   1.31   .164   .658   .145   1.47   .134  -.019   3
 --- -------- ---------  -----  -----  -----   ------ -----  -----  -----  -----  -----  -----  -----  -----  --
 Total or mean:          20175    687     26    .562    .62   2.77   .306   .836   .202   2.34   .193   .002

 DATA CHECKS (rwl.check): cana529
-----------------------------------------------------------------------------------------------------------------------------------
 rwl.check: data_files/treering/measurements/northamerica/canada/cana529.rwl
 59 series, 20175 measurements, 1488-2010, 0.001 mm precision
 0 error(s), 0 warning(s), 1 note(s)
 -------------
 Nothing to report at this severity.
 1 note(s) not shown; see rwl.check() or the 'check' element of this report.

 NOTES
-----------------------------------------------------------------------------------------------------------------------------------
 Report generated using dplR 1.8.1 (R 4.5.2) on 2026-10-01 16:56 PDT.
 Measurement file cana529.rwl, MD5 e8ba629ac9dfbd1b64d85cfe1934c884.
 Filtering: each series divided by a 32-year smoothing spline (caps()), then prewhitened with
   an AR model (order by AIC, at most 3).
 Master: biweight robust mean of the other series (leave-one-out).
 Correlation: Pearson, one-tailed, pcrit = 0.01; critical r = 0.3281 for 50-year segments.
 Segments: 50 years, lagged 25, first segment floored to 100. Lags searched: +/- 10 years.
 A segment is tested only where the series and the master cover all of it, at the dated
   position and at every lag. COFECHA also tests partial segments at the ends of a series, so
   series here may show fewer segments, and no flags can be raised at the ends of the record.
 Lags follow COFECHA: negative means rings are probably missing from the series, positive means
   false rings. A missing ring carries its lag into every segment before it, so look where the
   lag changes along a series. A B flag is a hypothesis to check on the wood; the gain says how
   seriously to take it.
 A B flag marked "weak at every lag" correlates under the critical value even at its best lag:
   the segment is weak wherever it is placed, and the shift is not evidence of a dating error.
   Treat it as a low correlation, like an A.
 Averages in the summary and the totals are weighted by the number of years in each series, as
   COFECHA's are.
 Unfiltered block and mean sensitivity: the measurements as read, and sens1().
 dplR filtered block: the series that was correlated, after filtering. COFECHA's filtered
   series is defined differently, so these three columns are not COFECHA's numbers.
 AR: order of the AR model used to prewhiten.
