
 COFECHA-style crossdating report: cana357
 Report generated using dplR 1.8.1 (R 4.5.2) on 2026-10-01 16:57 PDT
 Built with dplR's xdate.report(), not COFECHA; see the notes at the end.


      Measurement file name  : cana357.rwl
      MD5 of measurement file: 491dbadc8960d07056a5d8b54bcd7706
      Date checked           : 01OCT26
      Beginning year         : 950
      Ending year            : 1998
      Principal investigators: Youngblut, D.; Luckman, B.H.
      Site name              : Saskatchewan
      Species information    : PIAL Pinus albicaulis Engelm.
      Latitude               : 52.1500 N
      Longitude              : 117.0833 W
      Elevation              : 1850 m

      Series intercorrelation: 0.533
      Avg mean sensitivity   : 0.178
      Avg standard deviation : 0.170
      Avg autocorrelation    : 0.860
      Number dated series    : 90
      Segment length tested  : 50

      Number problem segments: 146  (A 59, B 87; 38 of the B weak at every lag)
      Pct problem segments   : 8.63


 CORRELATION OF SERIES BY SEGMENTS: cana357
-----------------------------------------------------------------------------------------------------------------------------------
 Correlations of  50-year dated segments, lagged  25 years
 Flags:  A = correlation under   .3281 but highest as dated;  B = correlation higher at other than dated position

 Seq Series  Time_span  1000 1025 1050 1075 1100 1125 1150 1175 1200 1225 1250 1275 1300 1325 1350 1375 1400 1425 1450 1475 
                        1049 1074 1099 1124 1149 1174 1199 1224 1249 1274 1299 1324 1349 1374 1399 1424 1449 1474 1499 1524 
 --- -------- ---------  ---- ---- ---- ---- ---- ---- ---- ---- ---- ---- ---- ---- ---- ---- ---- ---- ---- ---- ---- ---- 
   1 S9850S   1371 1997                                                                             .46  .65  .55  .43  .64 
   2 S985OW   1332 1997                                                                        .23A .35  .57  .62  .63  .64 
   3 S9851S   1464 1957                                                                                                 .57 
  10 S9854E   1473 1996                                                                                                 .44 
  19 S9858W   1359 1876                                                                             .41  .57  .60  .35  .48 
  20 S9859E   1398 1997                                                                                       .41  .42  .62 
  21 S9859W   1398 1576                                                                                  .47  .42  .48  .57 
  22 S9859S   1386 1997                                                                                  .52  .52  .48  .58 
  23 S9860N   1190 1830                                          .72  .80  .67  .49  .51  .52  .47  .45  .52  .55  .52  .47 
  24 S9860S   1121 1994                           .38  .27B .00B .19A .60  .65  .62  .31A .33  .59  .55  .70  .66  .63  .65 
  25 S9860T   1025 1795            .65  .70  .74  .56  .44  .62  .53  .61  .64  .34B .41  .53  .62  .63  .71  .68  .52  .47 
  26 S9860U   1024 1725       .64  .76  .76  .71  .69  .43  .46  .50  .58  .63  .50  .47  .55  .58  .59  .70  .58  .20B .33B
  27 S9860E   1110 1997                           .56  .53  .36  .61  .75  .68  .63  .62  .54  .50  .66  .78  .74  .63  .65 
  28 S9860F   1161 1997                                     .60  .76  .82  .65  .54  .61  .60  .48  .50  .77  .77  .57  .43 
  30 S9861N   1061 1841                 .61  .61  .63  .48  .60  .44  .36  .41  .25B .31B .57  .58  .56  .64  .65  .44  .39 
  31 S9861S   1015 1997       .42  .43  .51  .49  .46  .49  .52  .66  .59  .44  .33A .41  .54  .53  .48  .79  .79  .48  .49 
  32 S9861E   1039 1997            .47  .64  .54  .48  .51  .57  .42  .42  .54  .60  .59  .64  .53  .44  .70  .65  .53  .62 
  38 S9864E   1335 1997                                                                        .79  .55  .56  .60  .64  .75 
  39 S9865E   1117 1997                           .13B .61  .60  .50  .62  .64  .46  .53  .69  .52  .30A .62  .66  .63  .74 
  40 S9865S   1135 1997                                .59  .68  .70  .62  .48  .50  .58  .63  .54  .39  .56  .66  .53  .54 
  41 S9866N   1179 1513                                          .25A .26B .22B .46  .67  .60  .45  .49  .80  .78  .53      
  42 S9866W   1329 1996                                                                        .58  .72  .74  .68  .55  .50 
  43 S9866S   1179 1624                                          .57  .32A .17B .42B .45  .46  .43  .42  .79  .87  .55  .45 
  45 S9868S   1346 1997                                                                        .66  .58  .68  .68  .57  .61 
  46 S9868T   1316 1997                                                                   .66  .63  .68  .73  .61  .40  .46 
  47 S9868U   1307 1997                                                                   .71  .63  .67  .71  .62  .48  .55 
  48 S9868V   1384 1997                                                                                  .75  .64  .57  .66 
  49 S9868W   1338 1997                                                                        .63  .59  .76  .80  .75  .68 
  50 S9868X   1315 1997                                                                   .66  .55  .50  .72  .70  .63  .67 
  54 S9872W   1472 1997                                                                                                 .24B
  55 S9872E   1472 1854                                                                                                 .36B
  56 S9874W   1436 1997                                                                                            .60  .60 
  58 S9875S   1447 1997                                                                                            .39  .29B
  59 S9875W   1452 1997                                                                                                 .45 
  60 S9876N   1400 1997                                                                                       .44  .63  .59 
  61 S9876S   1400 1942                                                                                       .49  .51  .48 
  62 S9877S   1455 1997                                                                                                 .62 
  63 S9878S   1380 1841                                                                                  .37  .50  .58  .43 
  64 S9878E   1423 1687                                                                                       .64  .55  .51 
  65 S9880W   1233 1997                                                    .28B .25A .45  .65  .70  .60  .69  .71  .72  .79 
  66 S9880S   1121 1797                           .51  .51  .66  .71  .56  .47  .69  .72  .70  .76  .66  .74  .78  .65  .69 
  68 S9881S   1385 1997                                                                                  .32B .53  .43  .56 
  69 S9882W   1379 1811                                                                                  .57  .50  .47  .54 
  70 S9882S   1411 1803                                                                                       .49  .59  .77 
  71 S9883W   1470 1997                                                                                                 .50 
  72 S9883S   1404 1997                                                                                       .09B .49  .54 
  75 S9901A   1213 1680                                               .79  .73  .44  .59  .60  .45  .42  .67  .72  .50  .41 
  76 S9901B   1127 1700                                .50  .64  .78  .81  .71  .47  .36  .34B .26A .25B .61  .70  .52  .44 
  77 S9901D   1134 1675                                .56  .52  .63  .84  .79  .62  .70  .61  .50  .54  .70  .76  .51  .34B
  78 S9901E   1224 1714                                                    .71  .52  .58  .49  .40  .42  .76  .85  .73  .61 
  79 S9901S   1133 1998                                .63  .69  .72  .74  .58  .43  .53  .49  .34  .51  .67  .73  .54  .49 
  80 S9901T   1131 1775                                .47  .62  .72  .81  .75  .68  .65  .56  .42  .48  .70  .71  .62  .58 
  81 S9901U   1180 1591                                          .74  .80  .68  .55  .55  .53  .46  .49  .62  .56  .26B .33 
  82 S9901W   1315 1998                                                                   .46  .43  .59  .46  .34B .56  .49 
  83 S9902S   1091 1610                      .49  .45  .46  .53  .70  .78  .61  .40  .55  .60  .59  .62  .80  .78  .49  .49 
  84 S9902T    950 1490       .38  .48  .74  .68  .51  .55  .64  .57  .55  .36  .08B .38  .56  .64  .68  .70  .56           
  89 S9907N   1380 1998                                                                                  .32A .55  .66  .61 
  90 S9907S   1380 1875                                                                                  .45  .58  .50  .40 
 Av segment correlation       .48  .56  .66  .61  .49  .50  .55  .59  .64  .56  .47  .52  .56  .53  .52  .64  .62  .53  .53 

 CORRELATION OF SERIES BY SEGMENTS: cana357
-----------------------------------------------------------------------------------------------------------------------------------
 Correlations of  50-year dated segments, lagged  25 years
 Flags:  A = correlation under   .3281 but highest as dated;  B = correlation higher at other than dated position

 Seq Series  Time_span  1500 1525 1550 1575 1600 1625 1650 1675 1700 1725 1750 1775 1800 1825 1850 1875 1900 1925 
                        1549 1574 1599 1624 1649 1674 1699 1724 1749 1774 1799 1824 1849 1874 1899 1924 1949 1974 
 --- -------- ---------  ---- ---- ---- ---- ---- ---- ---- ---- ---- ---- ---- ---- ---- ---- ---- ---- ---- ---- 
   1 S9850S   1371 1997  .58  .49  .35  .48  .52  .38  .56  .60  .63  .58  .28A .29A .47  .40  .55  .59  .55  .43 
   2 S985OW   1332 1997  .61  .48  .31B .54  .47  .33A .60  .69  .57  .56  .57  .61  .76  .64  .57  .59  .62  .52 
   3 S9851S   1464 1957  .54  .70  .71  .61  .55  .36  .39  .54  .55  .45  .44  .55  .55  .51  .54  .55  .49      
   4 S9851W   1546 1997            .69  .58  .53  .51  .43  .51  .64  .56  .51  .41  .42  .44  .35  .26A .42  .49 
   5 S9851X   1539 1997            .68  .61  .53  .45  .45  .42  .32A .29A .43  .58  .54  .46  .42  .42  .40  .47 
   6 S9852W   1498 1997  .56  .60  .63  .53  .24A .41  .61  .55  .44  .44  .48  .55  .56  .43  .50  .39  .41  .45 
   7 S9853E   1777 1997                                                              .41  .31A .42  .60  .48  .49 
   8 S9853W   1721 1997                                               .58  .54  .51  .47  .51  .54  .52  .58  .48 
   9 S9854S   1518 1996       .62  .66  .49  .42  .64  .70  .58  .50  .56  .61  .57  .55  .48  .66  .81  .74  .63 
  10 S9854E   1473 1996  .45  .66  .67  .51  .47  .54  .58  .65  .65  .56  .64  .78  .67  .52  .60  .80  .71  .53 
  11 S9854W   1477 1997  .50  .61  .69  .62  .54  .57  .60  .57  .57  .59  .60  .60  .56  .43  .61  .68  .57  .52 
  12 S9855E   1696 1997                                          .23B .35  .49  .48  .45  .40  .50  .50  .33  .33A
  13 S9855W   1557 1982                 .70  .66  .65  .59  .52  .39  .38  .61  .72  .57  .47  .60  .65  .62  .49 
  14 S9856S   1551 1997                 .22B .36  .28B .27B .50  .52  .53  .64  .68  .38  .30B .35  .29A .37  .57 
  15 S9856E   1651 1997                                     .64  .56  .46  .56  .69  .50  .42  .44  .40  .46  .51 
  16 S9857E   1524 1997            .48  .49  .53  .56  .66  .70  .68  .62  .65  .75  .78  .74  .55  .51  .55  .68 
  17 S9857S   1537 1997            .56  .37  .36  .53  .67  .75  .66  .61  .67  .40  .55  .55  .50  .72  .61  .49 
  18 S9858E   1544 1997            .40  .57  .50  .36  .43  .67  .62  .36  .18B .19B .61  .58  .50  .35  .13B .34 
  19 S9858W   1359 1876  .48  .32A .27B .39  .44  .35  .50  .60  .60  .58  .35  .26A .54  .57                     
  20 S9859E   1398 1997  .54  .56  .51  .46  .48  .48  .52  .61  .52  .43  .45  .39  .44  .53  .53  .45  .42  .55 
  21 S9859W   1398 1576  .56  .49                                                                                 
  22 S9859S   1386 1997  .64  .68  .65  .61  .68  .65  .57  .61  .60  .59  .66  .56  .48  .32A .38  .40  .24B .26A
  23 S9860N   1190 1830  .40B .44  .64  .61  .50  .56  .51  .51  .48  .38  .30A .45                               
  24 S9860S   1121 1994  .44B .54  .52  .46  .51  .48  .44  .53  .52  .60  .66  .46  .41  .33A .46  .56  .53  .60 
  25 S9860T   1025 1795  .39B .59  .66  .48  .39  .44  .59  .59  .55  .49                                         
  26 S9860U   1024 1725  .48  .59  .59  .37  .32A .38  .54  .57                                                   
  27 S9860E   1110 1997  .54  .66  .72  .55  .49  .45  .47  .59  .57  .45  .43  .45  .47  .50  .53  .53  .54  .60 
  28 S9860F   1161 1997  .46  .67  .66  .47  .44  .58  .58  .62  .66  .45  .33A .36  .43  .47  .35B .34  .39  .41 
  29 S9860W   1681 1997                                          .51  .37  .39  .37B .36  .45  .54  .54  .68  .71 
  30 S9861N   1061 1841  .68  .72  .56  .47  .36  .22A .35  .56  .53  .53  .57  .20B                              
  31 S9861S   1015 1997  .54  .64  .61  .51  .50  .30A .42  .54  .27A .15B .44  .41  .45  .44  .36  .45  .46  .49 
  32 S9861E   1039 1997  .74  .67  .54  .56  .45  .32A .45  .66  .57  .41  .32A .43  .71  .67  .45  .55  .64  .63 
  33 S9862N   1581 1954                      .24B .21B .47  .56  .64  .69  .59  .64  .49  .35  .38  .41  .48      
  34 S9862S   1581 1997                      .24A .28A .50  .25A .29B .59  .59  .69  .43  .30A .61  .52  .44  .34 
  35 S9863N   1700 1997                                               .64  .52  .64  .70  .53  .42  .47  .33A .37 
  36 S9863S   1700 1997                                               .63  .53  .54  .54  .42  .42  .63  .76  .77 
  37 S9864S   1598 1997                           .56  .63  .66  .64  .63  .71  .77  .72  .63  .59  .60  .67  .75 
  38 S9864E   1335 1997  .65  .75  .78  .65  .49  .49  .59  .67  .78  .76  .64  .74  .80  .66  .48  .47  .59  .70 
  39 S9865E   1117 1997  .78  .70  .52  .55  .60  .45  .61  .77  .73  .50  .32B .52  .64  .56  .48  .37B .28A .38 
  40 S9865S   1135 1997  .78  .73  .54  .60  .64  .49  .66  .79  .67  .50  .58  .32B .44  .66  .58  .44  .33  .47 
  42 S9866W   1329 1996  .53  .73  .67  .57  .55  .24A .29A .61  .51  .44  .50  .53  .42  .22B .24B .56  .47  .32A
  43 S9866S   1179 1624  .44  .57  .75  .70                                                                       
  44 S9867S   1542 1864            .55  .64  .49  .36  .15B .44  .72  .53  .41  .46  .53                          
  45 S9868S   1346 1997  .70  .74  .68  .72  .66  .41  .33A .65  .49  .31A .57  .70  .60  .49  .37  .39  .65  .68 
  46 S9868T   1316 1997  .70  .81  .77  .66  .56  .44  .47  .70  .75  .62  .55  .52  .63  .64  .46B .50  .61  .69 
  47 S9868U   1307 1997  .74  .77  .69  .68  .56  .40  .44  .64  .75  .54  .47  .62  .61  .51  .55  .23B .06B .50 
  48 S9868V   1384 1997  .75  .76  .71  .72  .69  .45  .52  .76  .78  .58  .56  .65  .67  .54  .36  .52  .69  .66 
  49 S9868W   1338 1997  .73  .83  .77  .69  .63  .55  .73  .79  .73  .58  .57  .62  .65  .68  .49  .46  .59  .68 
  50 S9868X   1315 1997  .64  .68  .65  .69  .67  .49  .71  .75  .70  .54  .47  .66  .65  .62  .36  .31A .46  .58 
  51 S9869S   1601 1997                           .22A .27B .61  .71  .69  .61  .58  .62  .56  .48  .43  .34  .44 
  52 S9870S   1634 1997                                .47  .55  .56  .45  .55  .51  .50  .53  .58  .54  .31B .13B
  53 S9870W   1658 1997                                     .58  .67  .62  .60  .53  .44  .43  .54  .43  .44  .43 
  54 S9872W   1472 1997  .19B .42  .54  .52  .47  .57  .58  .57  .66  .67  .63  .55  .35  .29B .33  .42  .55  .63 
  55 S9872E   1472 1854  .29A .53  .65  .62  .53  .61  .55  .55  .61  .57  .46  .40  .42                          
  56 S9874W   1436 1997  .73  .78  .74  .72  .62  .58  .60  .70  .69  .64  .77  .60  .40  .38  .37  .48  .52  .42 
  57 S9874S   1498 1997  .70  .84  .74  .71  .67  .64  .64  .71  .74  .57  .59  .64  .53  .39  .17B .33  .62  .57 
  58 S9875S   1447 1997  .41  .73  .74  .68  .71  .36  .44  .60  .32A .25A .56  .75  .55  .47  .48  .49  .40  .41 
  59 S9875W   1452 1997  .30B .49  .64  .61  .47  .19B .29A .71  .68  .54  .47  .34  .41  .58  .62  .61  .39  .43 
  60 S9876N   1400 1997  .57  .70  .79  .66  .61  .51  .54  .77  .70  .40B .29A .40  .53  .60  .46  .39  .50  .37 
  61 S9876S   1400 1942  .72  .77  .71  .77  .70  .35  .58  .78  .68  .58  .48  .43  .48  .55  .53  .32A          
  62 S9877S   1455 1997  .59  .57  .62  .50  .47  .70  .57  .53  .66  .55  .45  .56  .71  .65  .40  .50  .43B .39 
  63 S9878S   1380 1841  .44  .36  .41  .61  .52  .57  .57  .52  .60  .66  .34  .35                               
  64 S9878E   1423 1687  .36  .32A .30A .30A .37B .43                                                             
  65 S9880W   1233 1997  .85  .78  .72  .71  .59  .46  .59  .52  .58  .63  .47  .56  .56  .52  .54  .61  .59  .55 
  66 S9880S   1121 1797  .81  .83  .83  .77  .71  .67  .67  .67  .68  .68                                         
  67 S9881N   1529 1997            .64  .65  .55  .45  .71  .76  .69  .71  .74  .60  .71  .75  .49  .43  .49  .47 
  68 S9881S   1385 1997  .66  .62  .65  .63  .55  .64  .62  .60  .55  .49  .46  .49  .58  .41  .42  .63  .56  .55 
  69 S9882W   1379 1811  .60  .73  .57  .52  .51  .63  .73  .74  .73  .62  .54                                    
  70 S9882S   1411 1803  .76  .74  .70  .65  .51  .61  .71  .67  .76  .74  .58                                    
  71 S9883W   1470 1997  .45B .41  .48  .45  .46  .38  .37  .57  .60  .60  .66  .54  .48  .47  .34  .25A .41  .59 
  72 S9883S   1404 1997  .54  .54  .47  .56  .59  .44  .47  .65  .62  .63  .72  .80  .69  .42B .37  .45  .58  .68 
  73 S9884E   1672 1997                                     .43  .45  .51  .58  .56  .59  .55  .49  .51  .48  .15B
  74 S9884W   1510 1997       .67  .55  .55  .52  .57  .45  .32A .40  .49  .49  .39  .50  .49  .44  .50  .39  .13B
  75 S9901A   1213 1680  .31B .40  .53  .56  .57  .43                                                             
  76 S9901B   1127 1700  .33B .53  .64  .50  .54  .51  .44                                                        
  77 S9901D   1134 1675  .33B .56  .66  .47  .25B .21B                                                            
  78 S9901E   1224 1714  .44  .48  .44  .31B .37  .43  .25B                                                       
  79 S9901S   1133 1998  .49  .61  .57  .46  .49  .40  .29A .37  .53  .60  .33B .31B .45  .30B .43  .47  .45  .38 
  80 S9901T   1131 1775  .39B .43  .59  .50  .37  .65  .50  .45  .59  .50                                         
  81 S9901U   1180 1591  .40  .57                                                                                 
  82 S9901W   1315 1998  .37B .61  .65  .55  .55  .48  .33A .58  .57  .59  .53  .43  .42  .32B .40  .44B .50  .48 
  83 S9902S   1091 1610  .66  .60  .59                                                                            
  85 S9902F   1621 1735                           .34  .52  .54                                                   
  86 S9905E   1625 1899                                .59  .79  .70  .49  .48  .44  .41  .52  .38                
  87 S9905W   1550 1998                 .69  .65  .49  .43  .65  .71  .48  .37  .44  .35  .41  .34  .30B .41  .42 
  88 S9905S   1491 1746  .59  .75  .80  .73  .63  .54  .65  .80                                                   
  89 S9907N   1380 1998  .69  .76  .76  .64  .49  .41  .50  .67  .62  .37B .33  .46  .55  .64  .38  .12B .27B .36 
  90 S9907S   1380 1875  .51  .57  .57  .66  .65  .34  .39  .63  .62  .50  .41  .36  .45  .63                     
 Av segment correlation  .55  .62  .61  .57  .51  .46  .51  .61  .59  .53  .51  .52  .53  .49  .46  .48  .48  .49 

 FLAGGED SEGMENTS: cana357
-----------------------------------------------------------------------------------------------------------------------------------
 Seq Series   Segment    Flag  r dated  Best lag  r at lag   Gain  Note
 --- -------- ---------  ----  -------  --------  --------  -----  -----------------
   1 S9850S   1750 1799     A     .280         0
   1 S9850S   1775 1824     A     .288         0
   2 S985OW   1350 1399     A     .234         0
   2 S985OW   1550 1599     B     .307         9      .358   .051
   2 S985OW   1625 1674     A     .327         0
   4 S9851W   1875 1924     A     .255         0
   5 S9851X   1700 1749     A     .316         0
   5 S9851X   1725 1774     A     .286         0
   6 S9852W   1600 1649     A     .239         0
   7 S9853E   1825 1874     A     .309         0
  12 S9855E   1700 1749     B     .230         2      .266   .036  weak at every lag
  12 S9855E   1925 1974     A     .327         0
  14 S9856S   1575 1624     B     .218         4      .294   .076  weak at every lag
  14 S9856S   1625 1674     B     .278         2      .349   .071
  14 S9856S   1650 1699     B     .273         2      .447   .174
  14 S9856S   1825 1874     B     .298        -9      .302   .003  weak at every lag
  14 S9856S   1875 1924     A     .289         0
  18 S9858E   1750 1799     B     .180         5      .218   .038  weak at every lag
  18 S9858E   1775 1824     B     .193        10      .203   .010  weak at every lag
  18 S9858E   1900 1949     B     .132        -8      .186   .053  weak at every lag
  19 S9858W   1525 1574     A     .323         0
  19 S9858W   1550 1599     B     .269         9      .282   .013  weak at every lag
  19 S9858W   1775 1824     A     .257         0
  22 S9859S   1825 1874     A     .323         0
  22 S9859S   1900 1949     B     .238         3      .272   .034  weak at every lag
  22 S9859S   1925 1974     A     .261         0
  23 S9860N   1500 1549     B     .402        -3      .460   .058
  23 S9860N   1750 1799     A     .302         0
  24 S9860S   1150 1199     B     .265         4      .282   .017  weak at every lag
  24 S9860S   1175 1224     B     .004        -6      .320   .316  weak at every lag
  24 S9860S   1200 1249     A     .194         0
  24 S9860S   1300 1349     A     .309         0
  24 S9860S   1500 1549     B     .438         2      .445   .006
  24 S9860S   1825 1874     A     .326         0
  25 S9860T   1275 1324     B     .345         7      .400   .056
  25 S9860T   1500 1549     B     .391        -1      .455   .064
  26 S9860U   1450 1499     B     .204         5      .334   .130
  26 S9860U   1475 1524     B     .330        -3      .426   .095
  26 S9860U   1600 1649     A     .318         0
  28 S9860F   1750 1799     A     .326         0
  28 S9860F   1850 1899     B     .346         6      .429   .083
  29 S9860W   1775 1824     B     .367         3      .474   .107
  30 S9861N   1275 1324     B     .250        -4      .344   .094
  30 S9861N   1300 1349     B     .315        -7      .347   .032
  30 S9861N   1625 1674     A     .221         0
  30 S9861N   1775 1824     B     .196         9      .305   .110  weak at every lag
  31 S9861S   1275 1324     A     .328         0
  31 S9861S   1625 1674     A     .299         0
  31 S9861S   1700 1749     A     .271         0
  31 S9861S   1725 1774     B     .146         8      .307   .161  weak at every lag
  32 S9861E   1625 1674     A     .321         0
  32 S9861E   1750 1799     A     .322         0
  33 S9862N   1600 1649     B     .243         2      .263   .020  weak at every lag
  33 S9862N   1625 1674     B     .207        -1      .273   .066  weak at every lag
  34 S9862S   1600 1649     A     .245         0
  34 S9862S   1625 1674     A     .278         0
  34 S9862S   1675 1724     A     .250         0
  34 S9862S   1700 1749     B     .290         2      .318   .028  weak at every lag
  34 S9862S   1825 1874     A     .302         0
  35 S9863N   1900 1949     A     .325         0
  39 S9865E   1125 1174     B     .130        -9      .159   .029  weak at every lag
  39 S9865E   1375 1424     A     .303         0
  39 S9865E   1750 1799     B     .319         5      .391   .072
  39 S9865E   1875 1924     B     .367        -6      .398   .031
  39 S9865E   1900 1949     A     .282         0
  40 S9865S   1775 1824     B     .317         5      .377   .059
  41 S9866N   1200 1249     A     .245         0
  41 S9866N   1225 1274     B     .258         8      .261   .003  weak at every lag
  41 S9866N   1250 1299     B     .218        -8      .256   .038  weak at every lag
  42 S9866W   1625 1674     A     .238         0
  42 S9866W   1650 1699     A     .293         0
  42 S9866W   1825 1874     B     .221        10      .338   .116
  42 S9866W   1850 1899     B     .237        -6      .314   .078  weak at every lag
  42 S9866W   1925 1974     A     .322         0
  43 S9866S   1225 1274     A     .316         0
  43 S9866S   1250 1299     B     .168       -10      .173   .005  weak at every lag
  43 S9866S   1275 1324     B     .424        -7      .476   .052
  44 S9867S   1650 1699     B     .150         2      .335   .185
  45 S9868S   1650 1699     A     .327         0
  45 S9868S   1725 1774     A     .315         0
  46 S9868T   1850 1899     B     .463        -9      .476   .013
  47 S9868U   1875 1924     B     .229         5      .307   .078  weak at every lag
  47 S9868U   1900 1949     B     .062        -2      .311   .249  weak at every lag
  50 S9868X   1875 1924     A     .311         0
  51 S9869S   1625 1674     A     .220         0
  51 S9869S   1650 1699     B     .274         1      .314   .040  weak at every lag
  52 S9870S   1900 1949     B     .311         7      .326   .014  weak at every lag
  52 S9870S   1925 1974     B     .132        -3      .193   .061  weak at every lag
  54 S9872W   1475 1524     B     .237        -4      .355   .117
  54 S9872W   1500 1549     B     .185        -3      .331   .146
  54 S9872W   1825 1874     B     .293        -7      .383   .090
  55 S9872E   1475 1524     B     .356         6      .366   .009
  55 S9872E   1500 1549     A     .292         0
  57 S9874S   1850 1899     B     .172         6      .174   .002  weak at every lag
  58 S9875S   1475 1524     B     .288         9      .306   .018  weak at every lag
  58 S9875S   1700 1749     A     .319         0
  58 S9875S   1725 1774     A     .249         0
  59 S9875W   1500 1549     B     .298         3      .319   .021  weak at every lag
  59 S9875W   1625 1674     B     .191        10      .280   .089  weak at every lag
  59 S9875W   1650 1699     A     .291         0
  60 S9876N   1725 1774     B     .399        -2      .434   .035
  60 S9876N   1750 1799     A     .294         0
  61 S9876S   1875 1924     A     .320         0
  62 S9877S   1900 1949     B     .427         9      .460   .033
  64 S9878E   1525 1574     A     .324         0
  64 S9878E   1550 1599     A     .303         0
  64 S9878E   1575 1624     A     .297         0
  64 S9878E   1600 1649     B     .367        10      .386   .018
  65 S9880W   1250 1299     B     .283         8      .401   .118
  65 S9880W   1275 1324     A     .249         0
  68 S9881S   1400 1449     B     .322         7      .343   .021
  71 S9883W   1500 1549     B     .448        -1      .522   .075
  71 S9883W   1875 1924     A     .248         0
  72 S9883S   1425 1474     B     .089        -3      .283   .194  weak at every lag
  72 S9883S   1825 1874     B     .425         9      .450   .026
  73 S9884E   1925 1974     B     .146       -10      .260   .113  weak at every lag
  74 S9884W   1675 1724     A     .323         0
  74 S9884W   1925 1974     B     .125        -5      .227   .102  weak at every lag
  75 S9901A   1500 1549     B     .314        -3      .368   .054
  76 S9901B   1325 1374     B     .340         8      .369   .029
  76 S9901B   1350 1399     A     .263         0
  76 S9901B   1375 1424     B     .253        -6      .291   .038  weak at every lag
  76 S9901B   1500 1549     B     .332        -3      .396   .065
  77 S9901D   1475 1524     B     .345        -3      .354   .009
  77 S9901D   1500 1549     B     .333        -1      .366   .033
  77 S9901D   1600 1649     B     .246       -10      .255   .009  weak at every lag
  77 S9901D   1625 1674     B     .208        -1      .282   .074  weak at every lag
  78 S9901E   1575 1624     B     .305         5      .355   .049
  78 S9901E   1650 1699     B     .250        -1      .258   .008  weak at every lag
  79 S9901S   1650 1699     A     .293         0
  79 S9901S   1750 1799     B     .334         5      .399   .064
  79 S9901S   1775 1824     B     .312         5      .385   .073
  79 S9901S   1825 1874     B     .302         5      .352   .049
  80 S9901T   1500 1549     B     .395        -3      .486   .091
  81 S9901U   1450 1499     B     .260         8      .392   .132
  82 S9901W   1425 1474     B     .343        -2      .444   .101
  82 S9901W   1500 1549     B     .373        -1      .395   .022
  82 S9901W   1650 1699     A     .328         0
  82 S9901W   1825 1874     B     .323        10      .606   .284
  82 S9901W   1875 1924     B     .440        -6      .509   .069
  84 S9902T   1275 1324     B     .077       -10      .331   .254
  87 S9905W   1875 1924     B     .297        -6      .386   .089
  89 S9907N   1400 1449     A     .316         0
  89 S9907N   1725 1774     B     .371        -2      .414   .043
  89 S9907N   1875 1924     B     .120        -4      .230   .110  weak at every lag
  89 S9907N   1900 1949     B     .269         1      .273   .004  weak at every lag

 DESCRIPTIVE STATISTICS: cana357
-----------------------------------------------------------------------------------------------------------------------------------

                                                Corr   //-------- Unfiltered --------\\  //-- dplR filtered --\\
                           No.    No.    No.    with   Mean   Max     Std   Auto   Mean   Max     Std   Auto  AR
 Seq Series   Interval   Years  Segmt  Flags   Master  msmt   msmt    dev   corr   sens  value    dev   corr  ()
 --- -------- ---------  -----  -----  -----   ------ -----  -----  -----  -----  -----  -----  -----  -----  --
   1 S9850S   1371 1997    627     23      2    .486    .28   1.23   .217   .942   .190   1.81   .187   .004   2
   2 S985OW   1332 1997    666     24      3    .528    .35   1.14   .209   .918   .187   1.70   .186  -.002   3
   3 S9851S   1464 1957    494     18      0    .535    .38   1.36   .245   .938   .171   1.61   .171  -.001   3
   4 S9851W   1546 1997    452     16      1    .455    .34    .68   .115   .767   .179   1.99   .186  -.005   1
   5 S9851X   1539 1997    459     16      2    .477    .34    .79   .116   .741   .185   1.74   .184   .009   1
   6 S9852W   1498 1997    500     18      1    .487    .38    .99   .130   .800   .164   1.63   .169  -.011   1
   7 S9853E   1777 1997    221      6      1    .492    .84   1.49   .251   .797   .154   1.53   .165  -.020   1
   8 S9853W   1721 1997    277      9      0    .520    .54   1.63   .248   .858   .199   1.71   .203   .010   3
   9 S9854S   1518 1996    479     17      0    .590    .39   1.01   .170   .851   .186   1.55   .188   .001   2
  10 S9854E   1473 1996    524     19      0    .591    .36   1.11   .188   .866   .200   2.07   .206  -.016   1
  11 S9854W   1477 1997    521     18      0    .557    .30   1.02   .169   .897   .184   1.96   .190   .002   2
  12 S9855E   1696 1997    302     10      2    .392    .60   1.31   .243   .901   .144   1.78   .155  -.006   3
  13 S9855W   1557 1982    426     15      0    .544    .33    .86   .116   .802   .170   1.71   .179  -.019   3
  14 S9856S   1551 1997    447     15      5    .401    .65   1.60   .250   .824   .183   1.91   .198  -.015   1
  15 S9856E   1651 1997    347     11      0    .502    .62   1.17   .175   .785   .146   1.46   .144  -.009   1
  16 S9857E   1524 1997    474     16      0    .587    .41   1.03   .173   .798   .201   1.82   .201  -.011   3
  17 S9857S   1537 1997    461     16      0    .586    .47   1.05   .138   .633   .199   1.78   .192  -.006   1
  18 S9858E   1544 1997    454     16      3    .429    .16    .40   .067   .829   .190   1.77   .174  -.001   3
  19 S9858W   1359 1876    518     19      3    .463    .18    .48   .083   .872   .185   1.53   .171  -.006   1
  20 S9859E   1398 1997    600     21      0    .490    .32   1.08   .178   .886   .182   1.86   .189  -.008   3
  21 S9859W   1398 1576    179      6      0    .473    .35    .68   .106   .712   .186   1.68   .189  -.024   1
  22 S9859S   1386 1997    612     22      3    .532    .32    .99   .184   .892   .193   1.74   .190  -.008   3
  23 S9860N   1190 1830    641     24      2    .526    .43   1.19   .197   .892   .168   1.81   .169  -.003   2
  24 S9860S   1121 1994    874     33      6    .497    .22    .72   .094   .804   .207   1.90   .202  -.002   1
  25 S9860T   1025 1795    771     28      2    .540    .33   1.39   .219   .934   .195   1.72   .190  -.005   2
  26 S9860U   1024 1725    702     27      3    .530    .33   1.07   .200   .919   .194   1.69   .190   .002   1
  27 S9860E   1110 1997    888     33      0    .584    .37   1.05   .196   .909   .158   1.71   .166  -.009   1
  28 S9860F   1161 1997    837     31      2    .556    .42   1.08   .216   .904   .169   1.66   .174  -.002   3
  29 S9860W   1681 1997    317     10      1    .522    .28    .72   .101   .728   .194   1.75   .201  -.014   3
  30 S9861N   1061 1841    781     29      4    .480    .31    .87   .148   .870   .185   1.62   .182  -.004   1
  31 S9861S   1015 1997    983     37      4    .473    .23    .81   .125   .899   .179   2.18   .183  -.003   3
  32 S9861E   1039 1997    959     36      2    .540    .27    .84   .128   .866   .173   2.26   .173  -.001   2
  33 S9862N   1581 1954    374     13      2    .462    .59   1.17   .195   .833   .144   1.72   .155  -.014   3
  34 S9862S   1581 1997    417     14      5    .408    .30   1.09   .147   .865   .195   1.81   .214  -.024   3
  35 S9863N   1700 1997    298      9      1    .545    .35    .71   .102   .762   .142   1.54   .144  -.000   3
  36 S9863S   1700 1997    298      9      0    .601    .56   1.45   .182   .756   .179   1.48   .175   .007   2
  37 S9864S   1598 1997    400     13      0    .642    .39    .91   .154   .831   .158   1.55   .151  -.001   3
  38 S9864E   1335 1997    663     24      0    .644    .46   1.67   .202   .859   .171   1.63   .169  -.002   3
  39 S9865E   1117 1997    881     33      5    .542    .37   1.02   .148   .856   .163   1.58   .162  -.004   3
  40 S9865S   1135 1997    863     32      1    .569    .33    .95   .152   .889   .174   1.82   .182  -.007   3
  41 S9866N   1179 1513    335     11      3    .432    .43    .85   .128   .747   .170   1.61   .168   .006   3
  42 S9866W   1329 1996    668     24      5    .521    .30    .99   .168   .908   .188   1.59   .182   .004   2
  43 S9866S   1179 1624    446     16      3    .496    .32    .86   .135   .822   .185   1.74   .187   .001   1
  44 S9867S   1542 1864    323     11      1    .471    .40   1.24   .173   .870   .161   1.61   .174   .001   1
  45 S9868S   1346 1997    652     24      2    .590    .31   1.01   .164   .877   .190   2.21   .196  -.012   3
  46 S9868T   1316 1997    682     25      1    .609    .35    .98   .189   .896   .188   1.66   .186  -.012   3
  47 S9868U   1307 1997    691     25      2    .574    .33   1.00   .168   .879   .183   1.87   .180  -.012   3
  48 S9868V   1384 1997    614     22      0    .632    .30    .84   .136   .843   .192   1.72   .191  -.015   3
  49 S9868W   1338 1997    660     24      0    .675    .48   1.19   .201   .869   .170   1.67   .167  -.016   3
  50 S9868X   1315 1997    683     25      1    .611    .50   1.39   .232   .893   .167   1.57   .169  -.009   3
  51 S9869S   1601 1997    397     13      2    .473    .30    .88   .133   .834   .197   2.41   .218   .002   1
  52 S9870S   1634 1997    364     12      2    .454    .52   1.36   .183   .776   .172   1.53   .164  -.000   1
  53 S9870W   1658 1997    340     11      0    .523    .39   1.31   .153   .748   .181   1.74   .176  -.008   1
  54 S9872W   1472 1997    526     19      3    .474    .23    .65   .112   .864   .189   2.15   .199  -.010   1
  55 S9872E   1472 1854    383     14      2    .487    .21    .80   .133   .893   .207   1.77   .208   .007   2
  56 S9874W   1436 1997    562     20      0    .532    .28    .74   .128   .852   .198   2.47   .215  -.014   1
  57 S9874S   1498 1997    500     18      1    .586    .31   1.08   .185   .920   .188   1.74   .184  -.003   1
  58 S9875S   1447 1997    551     20      3    .478    .28    .84   .136   .880   .176   2.68   .197  -.008   3
  59 S9875W   1452 1997    546     19      3    .504    .47   1.89   .275   .929   .179   1.87   .184  -.000   2
  60 S9876N   1400 1997    598     21      2    .525    .34    .97   .169   .915   .152   1.59   .156   .002   2
  61 S9876S   1400 1942    543     19      1    .535    .21    .74   .111   .889   .200   1.74   .204  -.011   3
  62 S9877S   1455 1997    543     19      1    .513    .39   1.75   .210   .901   .169   1.73   .186  -.012   3
  63 S9878S   1380 1841    462     16      0    .455    .17    .57   .074   .726   .248   1.92   .244  -.009   1
  64 S9878E   1423 1687    265      9      4    .401    .18    .38   .060   .735   .197   1.65   .188   .014   1
  65 S9880W   1233 1997    765     28      2    .583    .36    .76   .173   .902   .167   1.54   .162   .003   1
  66 S9880S   1121 1797    677     25      0    .661    .39    .94   .154   .874   .160   1.62   .163  -.003   3
  67 S9881N   1529 1997    469     16      0    .631    .53   1.34   .241   .918   .136   1.51   .139  -.004   3
  68 S9881S   1385 1997    613     22      1    .530    .25    .59   .086   .726   .197   1.80   .201  -.008   1
  69 S9882W   1379 1811    433     15      0    .578    .41   1.08   .176   .894   .156   1.56   .154  -.001   3
  70 S9882S   1411 1803    393     14      0    .635    .41   1.11   .173   .885   .155   1.62   .163  -.010   1
  71 S9883W   1470 1997    528     19      2    .470    .47   1.23   .192   .818   .196   1.98   .212  -.024   3
  72 S9883S   1404 1997    594     21      2    .524    .32    .79   .116   .772   .189   1.85   .193  -.011   3
  73 S9884E   1672 1997    326     11      1    .434    .29    .64   .110   .806   .169   1.69   .166  -.015   3
  74 S9884W   1510 1997    488     17      2    .447    .40    .97   .200   .892   .177   1.54   .175   .003   2
  75 S9901A   1213 1680    468     17      1    .571    .53   1.34   .185   .848   .151   1.62   .162  -.005   1
  76 S9901B   1127 1700    574     21      4    .543    .49   1.11   .186   .851   .154   1.91   .171  -.004   1
  77 S9901D   1134 1675    542     20      4    .567    .53   1.58   .260   .899   .165   1.73   .180  -.001   1
  78 S9901E   1224 1714    491     17      2    .554    .52   1.67   .327   .921   .168   1.86   .180   .012   3
  79 S9901S   1133 1998    866     32      4    .503    .50   1.39   .213   .893   .155   1.73   .167   .007   1
  80 S9901T   1131 1775    645     24      1    .572    .55   1.54   .259   .909   .158   1.55   .164  -.007   1
  81 S9901U   1180 1591    412     14      1    .579    .68   1.62   .311   .897   .161   1.66   .177   .033   1
  82 S9901W   1315 1998    684     25      5    .486    .41   1.07   .173   .855   .187   1.73   .189  -.005   1
  83 S9902S   1091 1610    520     19      0    .603    .27    .91   .146   .910   .142   1.53   .144  -.012   3
  84 S9902T    950 1490    541     17      1    .529    .34    .95   .170   .900   .152   1.49   .148  -.012   3
  85 S9902F   1621 1735    115      3      0    .460    .27    .56   .081   .594   .211   1.70   .197  -.012   1
  86 S9905E   1625 1899    275      9      0    .504    .92   1.77   .326   .824   .160   1.57   .165  -.022   3
  87 S9905W   1550 1998    449     15      1    .470    .35   1.13   .149   .813   .197   2.30   .206  -.006   1
  88 S9905S   1491 1746    256      8      0    .691    .37    .93   .162   .850   .182   1.83   .191   .004   1
  89 S9907N   1380 1998    619     22      4    .493    .36    .92   .150   .874   .161   1.53   .162  -.004   1
  90 S9907S   1380 1875    496     18      0    .510    .22    .64   .098   .828   .206   1.74   .209  -.009   3
 --- -------- ---------  -----  -----  -----   ------ -----  -----  -----  -----  -----  -----  -----  -----  --
 Total or mean:          47560   1692    146    .533    .37   1.89   .170   .860   .178   2.68   .181  -.005

 DATA CHECKS (rwl.check): cana357
-----------------------------------------------------------------------------------------------------------------------------------
 rwl.check: data_files/treering/measurements/northamerica/canada/cana357.rwl
 90 series, 47560 measurements, 950-1998, 0.001 mm precision
 0 error(s), 0 warning(s), 2 note(s)
 -------------
 Nothing to report at this severity.
 2 note(s) not shown; see rwl.check() or the 'check' element of this report.

 NOTES
-----------------------------------------------------------------------------------------------------------------------------------
 Report generated using dplR 1.8.1 (R 4.5.2) on 2026-10-01 16:57 PDT.
 Measurement file cana357.rwl, MD5 491dbadc8960d07056a5d8b54bcd7706.
 Filtering: each series divided by a 32-year smoothing spline (caps()), then prewhitened with
   an AR model (order by AIC, at most 3).
 Master: biweight robust mean of the other series (leave-one-out).
 Correlation: Pearson, one-tailed, pcrit = 0.01; critical r = 0.3281 for 50-year segments.
 Segments: 50 years, lagged 25, first segment floored to 100. Lags searched: +/- 10 years.
 A segment is tested only where the series and the master cover all of it, at the dated
   position and at every lag. COFECHA also tests partial segments at the ends of a series, so
   series here may show fewer segments, and no flags can be raised at the ends of the record.
 Lags follow COFECHA: negative means rings are probably missing from the series, positive means
   false rings. A missing ring carries its lag into every segment before it, so look where the
   lag changes along a series. A B flag is a hypothesis to check on the wood; the gain says how
   seriously to take it.
 A B flag marked "weak at every lag" correlates under the critical value even at its best lag:
   the segment is weak wherever it is placed, and the shift is not evidence of a dating error.
   Treat it as a low correlation, like an A.
 Averages in the summary and the totals are weighted by the number of years in each series, as
   COFECHA's are.
 Unfiltered block and mean sensitivity: the measurements as read, and sens1().
 dplR filtered block: the series that was correlated, after filtering. COFECHA's filtered
   series is defined differently, so these three columns are not COFECHA's numbers.
 AR: order of the AR model used to prewhiten.
