
 COFECHA-style crossdating report: cana156
 Report generated using dplR 1.8.1 (R 4.5.2) on 2026-10-01 16:52 PDT
 Built with dplR's xdate.report(), not COFECHA; see the notes at the end.


      Measurement file name  : cana156.rwl
      MD5 of measurement file: 5827fff825cd7695fde0230fee68098a
      Date checked           : 01OCT26
      Beginning year         : 1509
      Ending year            : 1984
      Principal investigators: Jacoby, G.C.; D'Arrigo, R.D.; Buckley, B.M.
      Site name              : MacKenzie Mountains
      Species information    : PCGL Picea glauca (Moench) Voss
      Latitude               : 65.0000 N
      Longitude              : 127.8300 W
      Elevation              : 1375 m

      Series intercorrelation: 0.641
      Avg mean sensitivity   : 0.228
      Avg standard deviation : 0.159
      Avg autocorrelation    : 0.795
      Number dated series    : 54
      Segment length tested  : 50

      Number problem segments: 4  (A 4, B 0)
      Pct problem segments   : 0.82


 CORRELATION OF SERIES BY SEGMENTS: cana156
-----------------------------------------------------------------------------------------------------------------------------------
 Correlations of  50-year dated segments, lagged  25 years
 Flags:  A = correlation under   .3281 but highest as dated;  B = correlation higher at other than dated position

 Seq Series  Time_span  1600 1625 1650 1675 1700 1725 1750 1775 1800 1825 1850 1875 1900 1925 
                        1649 1674 1699 1724 1749 1774 1799 1824 1849 1874 1899 1924 1949 1974 
 --- -------- ---------  ---- ---- ---- ---- ---- ---- ---- ---- ---- ---- ---- ---- ---- ---- 
   1 827021   1717 1984                           .65  .54  .76  .71  .58  .67  .65  .65  .56 
   2 827022   1775 1984                                          .61  .52  .59  .59  .58  .51 
   3 827031   1663 1983                 .71  .74  .67  .61  .77  .56  .32A .53  .49  .50  .59 
   4 827041   1718 1984                           .62  .65  .73  .69  .67  .62  .71  .79  .76 
   5 827042   1718 1984                           .69  .66  .75  .80  .68  .63  .72  .73  .66 
   6 827051   1677 1984                      .73  .59  .45  .67  .62  .54  .42  .50  .74  .65 
   7 827071   1719 1984                           .64  .61  .74  .70  .61  .54  .50  .52  .58 
   8 827081   1656 1899                 .60  .77  .66  .39  .49  .54  .44  .40                
   9 827082   1656 1984                 .59  .52  .52  .52  .59  .58  .44  .51  .49  .44  .52 
  10 827101   1740 1924                                .55  .58  .68  .57  .60  .56           
  11 827102   1740 1984                                .42  .57  .72  .60  .61  .62  .65  .58 
  12 827111   1714 1984                           .69  .48  .51  .63  .58  .58  .63  .68  .71 
  13 827131   1684 1983                      .83  .83  .72  .76  .69  .60  .71  .77  .74  .63 
  14 827132   1684 1914                      .79  .87  .80  .74  .67  .60  .65                
  15 827151   1728 1984                                .64  .61  .64  .65  .57  .65  .72  .64 
  16 827152   1728 1984                                .55  .80  .79  .42  .42  .58  .68  .58 
  17 827161   1704 1984                           .62  .57  .71  .71  .60  .66  .66  .73  .78 
  18 827162   1704 1984                           .73  .63  .73  .77  .61  .56  .52  .59  .69 
  19 827171   1655 1974                 .64  .75  .72  .66  .73  .68  .55  .74  .73  .71  .72 
  20 827172   1655 1920                 .62  .69  .70  .62  .68  .67  .38  .56                
  21 827181   1683 1984                      .74  .70  .78  .67  .61  .44  .47  .55  .62  .66 
  22 827182   1683 1984                      .76  .78  .84  .71  .65  .52  .54  .61  .66  .60 
  23 827191   1711 1984                           .68  .69  .63  .56  .44  .64  .55  .58  .63 
  24 827192   1721 1984                           .76  .70  .69  .57  .42  .67  .37  .30A .67 
  25 827201   1737 1949                                .43  .68  .65  .52  .51  .55  .63      
  26 827202   1642 1984            .65  .61  .68  .64  .58  .72  .73  .69  .53  .59  .56  .57 
  27 827221   1678 1984                      .72  .80  .83  .81  .75  .59  .56  .68  .70  .60 
  28 827222   1678 1984                      .60  .76  .74  .77  .77  .73  .65  .61  .67  .65 
  29 827231   1648 1824            .68  .80  .73  .75  .79  .53                               
  30 827251   1689 1984                      .71  .69  .59  .65  .55  .44  .44  .30A .48  .58 
  31 827261   1733 1984                                .71  .75  .73  .56  .65  .69  .70  .64 
  32 827291   1626 1983            .80  .74  .68  .66  .63  .82  .75  .51  .67  .73  .77  .70 
  33 827292   1626 1974            .81  .75  .72  .72  .69  .77  .67  .46  .70  .75  .73  .62 
  34 827273   1667 1849                 .72  .65  .67  .67  .63  .51                          
  35 827281   1509 1984  .49  .48  .66  .68  .73  .68  .66  .88  .79  .58  .53  .51  .64  .68 
  36 827284   1514 1729  .55  .64  .66  .45                                                   
  37 827311   1694 1899                      .68  .59  .65  .65  .57  .47  .44                
  38 827331   1665 1984                 .77  .65  .65  .73  .77  .78  .64  .53  .33  .45  .65 
  39 827332   1665 1984                 .74  .69  .74  .69  .65  .68  .66  .64  .54  .56  .69 
  40 827333   1676 1984                      .80  .77  .73  .73  .70  .69  .79  .73  .70  .71 
  41 827334   1676 1970                      .77  .76  .77  .66  .47  .42  .65  .70  .80      
  42 827341   1707 1984                           .84  .80  .75  .63  .59  .64  .61  .65  .73 
  43 827342   1707 1984                           .85  .79  .69  .67  .70  .51  .40  .44  .55 
  44 827351   1679 1849                      .63  .68  .73  .78  .69                          
  45 827354   1660 1984                 .69  .61  .74  .58  .54  .81  .55  .27A .37  .61  .65 
  46 827361   1666 1984                 .53  .55  .79  .73  .71  .70  .58  .61  .66  .68  .66 
  47 827362   1672 1984                 .71  .82  .81  .75  .57  .56  .54  .66  .69  .59  .60 
  48 827381   1700 1984                           .71  .66  .81  .75  .50  .56  .61  .60  .61 
  49 827391   1715 1984                           .86  .79  .77  .78  .38  .46  .45  .44  .62 
  50 827392   1715 1984                           .88  .76  .58  .50  .35  .66  .71  .64  .62 
  51 827393   1681 1849                      .87  .81  .56  .48  .60                          
  52 827394   1681 1849                      .88  .84  .75  .70  .63                          
  53 827401   1637 1984            .64  .73  .76  .75  .71  .81  .77  .64  .70  .65  .62  .65 
  54 827402   1637 1984            .70  .75  .71  .60  .59  .79  .68  .44  .65  .68  .60  .53 
 Av segment correlation  .52  .56  .70  .67  .72  .72  .66  .69  .67  .54  .58  .59  .62  .63 

 FLAGGED SEGMENTS: cana156
-----------------------------------------------------------------------------------------------------------------------------------
 Seq Series   Segment    Flag  r dated  Best lag  r at lag   Gain  Note
 --- -------- ---------  ----  -------  --------  --------  -----  -----------------
   3 827031   1825 1874     A     .323         0
  24 827192   1900 1949     A     .297         0
  30 827251   1875 1924     A     .297         0
  45 827354   1850 1899     A     .273         0

 DESCRIPTIVE STATISTICS: cana156
-----------------------------------------------------------------------------------------------------------------------------------

                                                Corr   //-------- Unfiltered --------\\  //-- dplR filtered --\\
                           No.    No.    No.    with   Mean   Max     Std   Auto   Mean   Max     Std   Auto  AR
 Seq Series   Interval   Years  Segmt  Flags   Master  msmt   msmt    dev   corr   sens  value    dev   corr  ()
 --- -------- ---------  -----  -----  -----   ------ -----  -----  -----  -----  -----  -----  -----  -----  --
   1 827021   1717 1984    268      9      0    .642    .44    .96   .193   .830   .205   1.63   .198   .032   3
   2 827022   1775 1984    210      6      0    .547    .37    .90   .190   .875   .234   1.63   .225  -.014   1
   3 827031   1663 1983    321     11      1    .588    .23    .68   .120   .690   .316   1.88   .295   .000   1
   4 827041   1718 1984    267      9      0    .676    .32   1.05   .231   .820   .261   2.10   .255   .011   3
   5 827042   1718 1984    267      9      0    .707    .39   1.01   .233   .826   .251   1.85   .235   .010   3
   6 827051   1677 1984    308     10      0    .593    .31    .77   .157   .712   .329   1.98   .304  -.004   1
   7 827071   1719 1984    266      9      0    .620    .33   1.16   .265   .895   .231   1.70   .219   .003   1
   8 827081   1656 1899    244      8      0    .567    .18    .42   .072   .742   .225   1.80   .225   .001   3
   9 827082   1656 1984    329     11      0    .541    .23    .66   .100   .724   .245   1.96   .237   .011   1
  10 827101   1740 1924    185      6      0    .548    .40   1.06   .183   .796   .210   1.80   .213   .018   1
  11 827102   1740 1984    245      8      0    .585    .30   1.24   .186   .848   .224   1.93   .213   .066   0
  12 827111   1714 1984    271      9      0    .598    .24    .86   .153   .822   .257   1.92   .251  -.006   1
  13 827131   1684 1983    300     10      0    .703    .30   1.21   .221   .839   .273   1.95   .254   .002   1
  14 827132   1684 1914    231      7      0    .685    .40   1.42   .302   .864   .261   1.72   .248  -.006   1
  15 827151   1728 1984    257      8      0    .649    .23    .88   .124   .789   .237   1.88   .244  -.019   1
  16 827152   1728 1984    257      8      0    .604    .26    .90   .178   .836   .270   2.12   .276   .022   2
  17 827161   1704 1984    281      9      0    .654    .30    .69   .130   .752   .218   1.64   .202   .000   3
  18 827162   1704 1984    281      9      0    .665    .25    .62   .099   .708   .222   1.75   .214   .006   1
  19 827171   1655 1974    320     11      0    .641    .16    .66   .092   .849   .233   1.80   .241  -.006   1
  20 827172   1655 1920    266      8      0    .544    .28    .79   .129   .737   .249   2.10   .258   .007   1
  21 827181   1683 1984    302     10      0    .645    .28   1.03   .210   .885   .219   1.54   .201   .055   0
  22 827182   1683 1984    302     10      0    .666    .34   1.24   .253   .911   .189   1.72   .170   .041   0
  23 827191   1711 1984    274      9      0    .561    .25    .72   .113   .737   .224   1.85   .220  -.001   2
  24 827192   1721 1984    264      9      1    .576    .30    .86   .159   .779   .247   2.32   .239   .005   3
  25 827201   1737 1949    213      7      0    .532    .25    .63   .085   .720   .186   1.60   .173   .084   0
  26 827202   1642 1984    343     12      0    .646    .23    .66   .135   .882   .216   1.73   .215   .038   1
  27 827221   1678 1984    307     10      0    .688    .24    .67   .119   .860   .184   1.81   .192  -.009   3
  28 827222   1678 1984    307     10      0    .646    .23    .73   .097   .775   .213   2.00   .221  -.001   3
  29 827231   1648 1824    177      6      0    .686    .37    .94   .170   .791   .217   1.59   .213   .006   1
  30 827251   1689 1984    296     10      1    .573    .26    .79   .137   .810   .199   2.12   .206  -.007   3
  31 827261   1733 1984    252      8      0    .596    .50   1.58   .309   .853   .216   1.59   .210   .013   3
  32 827291   1626 1983    358     12      0    .691    .33    .89   .177   .862   .213   1.56   .206  -.007   1
  33 827292   1626 1974    349     12      0    .697    .26    .84   .162   .876   .224   1.60   .219  -.005   1
  34 827273   1667 1849    183      6      0    .650    .36    .80   .145   .748   .206   1.57   .204   .024   1
  35 827281   1509 1984    476     14      0    .605    .23    .51   .086   .671   .225   1.90   .220  -.009   1
  36 827284   1514 1729    216      4      0    .530    .30    .76   .118   .659   .232   2.20   .250  -.001   1
  37 827311   1694 1899    206      7      0    .591    .41   1.16   .258   .826   .257   1.71   .233   .085   0
  38 827331   1665 1984    320     11      0    .671    .24    .60   .087   .724   .206   1.64   .201   .003   1
  39 827332   1665 1984    320     11      0    .690    .27    .95   .131   .792   .232   1.70   .222   .004   1
  40 827333   1676 1984    309     10      0    .743    .23    .63   .097   .743   .216   1.73   .205  -.001   1
  41 827334   1676 1970    295      9      0    .690    .28    .79   .116   .760   .203   1.86   .212  -.004   2
  42 827341   1707 1984    278      9      0    .730    .38   1.01   .209   .843   .219   1.56   .208   .002   3
  43 827342   1707 1984    278      9      0    .678    .35   1.18   .218   .835   .236   1.90   .222  -.009   3
  44 827351   1679 1849    171      5      0    .700    .41   1.20   .190   .801   .207   1.81   .219  -.015   3
  45 827354   1660 1984    325     11      1    .635    .30   1.23   .224   .883   .231   2.01   .238   .021   1
  46 827361   1666 1984    319     11      0    .634    .27    .79   .153   .861   .221   1.66   .220   .008   1
  47 827362   1672 1984    313     11      0    .672    .36   1.11   .193   .849   .202   1.70   .209  -.001   3
  48 827381   1700 1984    285      9      0    .630    .45    .91   .149   .722   .193   1.90   .185  -.003   3
  49 827391   1715 1984    270      9      0    .681    .31   1.04   .163   .794   .219   2.02   .222   .006   3
  50 827392   1715 1984    270      9      0    .703    .29    .97   .146   .777   .213   1.80   .209   .012   2
  51 827393   1681 1849    169      5      0    .734    .38    .82   .146   .687   .226   1.80   .233  -.010   1
  52 827394   1681 1849    169      5      0    .794    .38    .95   .164   .737   .229   1.78   .239  -.015   3
  53 827401   1637 1984    348     12      0    .653    .27    .63   .106   .710   .215   1.63   .214  -.006   3
  54 827402   1637 1984    348     12      0    .648    .32    .89   .140   .772   .222   1.83   .209  -.001   2
 --- -------- ---------  -----  -----  -----   ------ -----  -----  -----  -----  -----  -----  -----  -----  --
 Total or mean:          14986    489      4    .641    .30   1.58   .159   .795   .228   2.32   .223   .007

 DATA CHECKS (rwl.check): cana156
-----------------------------------------------------------------------------------------------------------------------------------
 rwl.check: data_files/treering/measurements/northamerica/canada/cana156.rwl
 54 series, 14986 measurements, 1509-1984, 0.01 mm precision
 0 error(s), 1 warning(s), 2 note(s)
 -------------
 WARNING
   RWL_HEADER_SPAN (1)
     the header declares 1626-1984 but the measurements cover 1509-1984
 2 note(s) not shown; see rwl.check() or the 'check' element of this report.

 NOTES
-----------------------------------------------------------------------------------------------------------------------------------
 Report generated using dplR 1.8.1 (R 4.5.2) on 2026-10-01 16:52 PDT.
 Measurement file cana156.rwl, MD5 5827fff825cd7695fde0230fee68098a.
 Filtering: each series divided by a 32-year smoothing spline (caps()), then prewhitened with
   an AR model (order by AIC, at most 3).
 Master: biweight robust mean of the other series (leave-one-out).
 Correlation: Pearson, one-tailed, pcrit = 0.01; critical r = 0.3281 for 50-year segments.
 Segments: 50 years, lagged 25, first segment floored to 100. Lags searched: +/- 10 years.
 A segment is tested only where the series and the master cover all of it, at the dated
   position and at every lag. COFECHA also tests partial segments at the ends of a series, so
   series here may show fewer segments, and no flags can be raised at the ends of the record.
 Lags follow COFECHA: negative means rings are probably missing from the series, positive means
   false rings. A missing ring carries its lag into every segment before it, so look where the
   lag changes along a series. A B flag is a hypothesis to check on the wood; the gain says how
   seriously to take it.
 A B flag marked "weak at every lag" correlates under the critical value even at its best lag:
   the segment is weak wherever it is placed, and the shift is not evidence of a dating error.
   Treat it as a low correlation, like an A.
 Averages in the summary and the totals are weighted by the number of years in each series, as
   COFECHA's are.
 Unfiltered block and mean sensitivity: the measurements as read, and sens1().
 dplR filtered block: the series that was correlated, after filtering. COFECHA's filtered
   series is defined differently, so these three columns are not COFECHA's numbers.
 AR: order of the AR model used to prewhiten.
