
 COFECHA-style crossdating report: cana501
 Report generated using dplR 1.8.1 (R 4.5.2) on 2026-10-01 16:54 PDT
 Built with dplR's xdate.report(), not COFECHA; see the notes at the end.


      Measurement file name  : cana501.rwl
      MD5 of measurement file: 459a43cc1295c13035c188f955e42d32
      Date checked           : 01OCT26
      Beginning year         : 1579
      Ending year            : 2006
      Principal investigators: Porter, T.J.; Pisaric, M.F.J.
      Site name              : Axel Channel Mackenzie Delta
      Species information    : PCGL Picea glauca (Moench) Voss
      Latitude               : 68.6833 N
      Longitude              : 134.5167 W
      Elevation              : 2 m

      Series intercorrelation: 0.575
      Avg mean sensitivity   : 0.240
      Avg standard deviation : 0.140
      Avg autocorrelation    : 0.831
      Number dated series    : 97
      Segment length tested  : 50

      Number problem segments: 35  (A 16, B 19; 8 of the B weak at every lag)
      Pct problem segments   : 4.28


 CORRELATION OF SERIES BY SEGMENTS: cana501
-----------------------------------------------------------------------------------------------------------------------------------
 Correlations of  50-year dated segments, lagged  25 years
 Flags:  A = correlation under   .3281 but highest as dated;  B = correlation higher at other than dated position

 Seq Series  Time_span  1600 1625 1650 1675 1700 1725 1750 1775 1800 1825 1850 1875 1900 1925 1950 
                        1649 1674 1699 1724 1749 1774 1799 1824 1849 1874 1899 1924 1949 1974 1999 
 --- -------- ---------  ---- ---- ---- ---- ---- ---- ---- ---- ---- ---- ---- ---- ---- ---- ---- 
   1 AC1-01a  1857 2006                                                         .60  .58  .64  .76 
   2 AC1-01b  1876 2006                                                              .46  .37  .45 
   3 AC1-02a  1642 2006            .52  .60  .63  .51  .35  .35  .64  .75  .61  .34  .22B .38  .31A
   4 AC1-02b  1625 1998            .65  .60  .60  .71  .78  .79  .75  .73  .69  .61  .42  .46      
   5 AC1-03a  1617 2006       .41  .42  .33B .54  .74  .75  .74  .72  .73  .67  .48  .45  .69  .65 
   6 AC1-04a  1737 1994                                .62  .61  .52  .51  .50  .56  .44  .54      
   7 AC1-06a  1621 2006       .40  .67  .58  .59  .66  .62  .52  .63  .69  .75  .73  .54  .57  .56 
   8 AC1-06b  1617 1994       .44  .74  .76  .72  .75  .76  .64  .53  .52  .55  .54  .55  .66      
   9 AC1-07a  1788 2006                                          .38  .56  .67  .56  .48  .56  .60 
  10 AC1-07b  1783 2005                                          .58  .59  .65  .72  .58  .70  .71 
  11 AC1-08a  1763 2006                                     .60  .53  .56  .62  .67  .46  .47  .63 
  12 AC1-08b  1763 2006                                     .68  .64  .71  .71  .72  .60  .62  .73 
  13 AC1-09a  1756 2006                                     .56  .55  .69  .73  .64  .61  .65  .57 
  14 AC1-09b  1756 1987                                     .64  .56  .57  .69  .64  .49  .56      
  15 AC1-10a  1708 2006                           .68  .73  .73  .73  .73  .75  .71  .61  .66  .75 
  16 AC1-11a  1729 2006                                .71  .63  .60  .51  .38  .49  .52  .61  .59 
  17 AC1-11b  1716 2006                           .54  .49  .48  .46  .44  .48  .48  .38  .44  .53 
  18 AC1-15a  1615 2006       .63  .47  .29A .53B .72  .59  .37  .33  .42  .62  .64  .40  .57  .58 
  19 AC1-15b  1610 1909       .53  .50  .47  .55  .71  .75  .52  .39  .36  .45                     
  20 AC1-16a  1611 2006       .42  .45  .45  .51  .66  .64  .44  .49  .55  .48  .50  .26A .32A .50 
  21 AC1-16b  1611 2002       .62  .61  .57  .53  .48  .43  .32A .45  .58  .54  .50  .46  .57  .31A
  22 AC1-17a  1669 1961                 .33  .60  .75  .71  .56  .60  .61  .59  .51  .29A          
  23 AC1-17b  1669 1991                 .38  .54  .64  .64  .67  .63  .60  .63  .63  .58  .62      
  24 AC1-19a  1680 2006                      .52  .49  .57  .37  .33  .42  .51  .57  .42  .50  .46 
  25 AC1-19b  1676 1792                      .66  .70                                              
  26 AC1-21a  1897 2006                                                              .26A .35  .38 
  27 AC1-21b  1897 2006                                                              .32A .42  .27B
  28 AC1-23a  1740 2006                                .75  .72  .67  .70  .61  .62  .43  .50  .73 
  29 AC1-23b  1723 2006                           .60  .51  .43  .64  .69  .63  .66  .55  .51  .53 
  30 AC1-24a  1772 1982                                     .61  .66  .64  .63  .66  .69  .47      
  31 AC1-25a  1708 2006                           .51  .48  .35  .50  .67  .58  .52  .49  .55  .49 
  32 AC1-25b  1708 2006                           .36  .30B .45  .50  .55  .59  .62  .68  .43  .28A
  33 AC1-26a  1914 2006                                                                   .55  .62 
  34 AC1-26b  1914 2006                                                                   .40  .65 
  35 AC1-26c  1701 2006                           .64  .62  .61  .62  .52  .61  .51  .26B .45  .53 
  36 AC1-27a  1719 2006                           .66  .68  .72  .83  .76  .70  .49  .29B .40  .47 
  37 AC1-27b  1719 2006                           .56  .72  .84  .84  .79  .65  .58  .50  .56  .71 
  38 AC1-28a  1601 1844       .41  .61  .63  .55  .79  .82  .69                                    
  39 AC1-28b  1601 1853       .21B .46  .55  .51  .70  .75  .63  .51                               
  40 AC1-29a  1583 1780  .67  .59  .64  .60  .22B .28A                                             
  41 AC1-29b  1583 1781  .73  .59  .46  .38  .41B .46                                              
  42 AC1-31a  1622 1843       .60  .58  .48  .48  .66  .74  .70                                    
  43 AC1-31b  1622 1840       .49  .44  .52  .60  .62  .59  .42                                    
  44 AC1-32a  1590 1759  .69  .70  .66  .59  .55                                                   
  45 AC1-32b  1590 1751  .54  .61  .65  .53  .38                                                   
  46 AC1-53a  1690 1933                      .66  .78  .80  .71  .60  .65  .69  .65                
  47 AC1-59a  1657 2006                 .70  .65  .67  .70  .65  .72  .76  .68  .61  .25B .31B .50 
  48 AC1-61a  1621 2006       .59  .65  .66  .69  .70  .73  .66  .65  .69  .50  .45  .67  .62  .63 
  49 AC1-61b  1621 1821       .72  .80  .74  .61  .72  .77                                         
  50 AC1-62a  1758 2006                                     .71  .74  .73  .79  .82  .65  .66  .79 
  51 AC1-62b  1839 2006                                                    .64  .68  .61  .68  .69 
  52 AC1-63a  1620 2006       .60  .63  .51  .37B .36  .41  .42  .62  .65  .58  .68  .56  .52  .54 
  53 AC1-63b  1618 2006       .37  .51  .58  .70  .72  .64  .64  .71  .70  .52  .40  .53  .62  .47 
  54 AC1-64a  1781 2006                                          .65  .59  .47  .55  .55  .53  .60 
  55 AC1-64b  1643 2006            .65  .69  .69  .67  .71  .71  .59  .62  .55  .47  .54  .57  .55 
  56 AC1-65a  1832 2006                                                    .40  .63  .64  .68  .52 
  57 AC1-65b  1832 2006                                                    .50  .48  .32B .41  .47 
  58 AC1-66a  1797 2006                                          .77  .80  .69  .52  .48  .55  .60 
  59 AC1-66b  1790 2006                                          .62  .65  .65  .66  .63  .53  .46 
  60 AC1-67a  1625 1984            .78  .76  .66  .68  .73  .71  .71  .71  .71  .74  .68  .56      
  61 AC1-67b  1625 2006            .76  .72  .50  .64  .77  .74  .68  .67  .62  .58  .49  .40  .46 
  62 AC1-68a  1727 2006                                .64  .71  .79  .73  .62  .55  .54  .56  .35 
  63 AC1-68b  1728 1995                                .59  .54  .56  .57  .64  .68  .40  .41      
  64 AC1-69a  1754 2006                                     .70  .60  .56  .54  .52  .43  .37  .34 
  65 AC1-69b  1650 2006                 .70  .58  .51  .66  .73  .60  .38  .43  .63  .50  .48  .30A
  66 AC1-70a  1763 1992                                     .37  .47  .58  .62  .47  .28B .34      
  67 AC1-71a  1589 2006  .60  .70  .76  .76  .75  .80  .79  .78  .62  .62  .77  .77  .65  .69  .47 
  68 AC1-71b  1589 2006  .72  .78  .81  .78  .71  .79  .85  .82  .80  .82  .84  .85  .61  .48  .58 
  69 AC1-72a  1743 2006                                .73  .76  .68  .50  .53  .77  .64  .52  .48 
  70 AC1-72b  1739 2006                                .63  .58  .52  .62  .56  .63  .63  .51  .40 
  71 AC1-73a  1631 2006            .60  .59  .66  .66  .70  .60  .68  .69  .57  .50  .37  .47  .48 
  72 AC1-73b  1631 2006            .70  .63  .70  .75  .50  .38  .68  .56  .49  .61  .64  .51  .45 
  73 AC1-74a  1676 2006                      .55  .73  .66  .36  .32A .52  .55  .54  .56  .61  .63 
  74 AC1-74b  1718 2006                           .69  .81  .54  .39  .36  .51  .64  .65  .68  .68 
  75 AC1-75a  1612 2006       .65  .61  .54  .58  .69  .73  .62  .39  .36  .34  .36  .49  .57  .62 
  76 AC1-75b  1618 2006       .42  .48  .51  .64  .79  .71  .55  .67  .58  .51  .55  .44  .63  .56 
  77 AC1-76a  1643 2006            .69  .67  .71  .78  .77  .62  .75  .66  .64  .62  .42  .66  .56 
  78 AC1-76b  1643 2006            .61  .69  .78  .76  .77  .77  .78  .71  .64  .64  .64  .57  .47 
  79 AC1-81a  1579 1788  .57  .51  .63  .79  .70  .71                                              
  80 AC1-81b  1579 1770  .60  .62  .53  .62  .68                                                   
  81 AC1-101a 1626 1914            .55  .58  .56  .70  .70  .68  .66  .53  .44                     
  82 AC1-101b 1626 1844            .47  .56  .59  .72  .71  .52                                    
  83 AC1-102a 1730 1909                                .74  .76  .52  .38  .26B                    
  84 AC1-102b 1730 1876                                .71  .59  .47  .26B                         
  85 AC1-103a 1705 1863                           .70  .71  .60  .52                               
  86 AC1-103b 1705 1816                           .68  .73                                         
  87 AC1-104a 1626 1823            .63  .68  .58  .66  .73                                         
  88 AC1-104b 1626 1830            .74  .73  .62  .68  .70  .64                                    
  89 AC1-105a 1608 1831       .59  .70  .63  .57  .78  .81  .62                                    
  90 AC1-105b 1608 1826       .57  .66  .59  .56  .68  .58  .54                                    
  91 AC1-106a 1622 1818       .40  .64  .77  .30A .37  .66                                         
  92 AC1-106b 1622 1822       .42  .62  .64  .57  .61  .61                                         
  93 AC1-107a 1751 1913                                     .52  .61  .53  .35                     
  94 AC1-107b 1751 1899                                     .51  .56  .56  .35                     
  95 AC1-20a  1626 1826            .42  .41  .42B .62  .74  .66                                    
  96 AC1-20b  1626 1706            .28A                                                            
  97 AC1-33a  1601 1733       .49  .44B .31A                                                       
 Av segment correlation  .64  .54  .60  .59  .58  .65  .67  .60  .60  .60  .58  .59  .50  .53  .54 

 FLAGGED SEGMENTS: cana501
-----------------------------------------------------------------------------------------------------------------------------------
 Seq Series   Segment    Flag  r dated  Best lag  r at lag   Gain  Note
 --- -------- ---------  ----  -------  --------  --------  -----  -----------------
   3 AC1-02a  1900 1949     B     .221        -7      .286   .064  weak at every lag
   3 AC1-02a  1950 1999     A     .311         0
   5 AC1-03a  1675 1724     B     .329         6      .341   .012
  18 AC1-15a  1675 1724     A     .292         0
  18 AC1-15a  1700 1749     B     .531         4      .553   .022
  20 AC1-16a  1900 1949     A     .261         0
  20 AC1-16a  1925 1974     A     .323         0
  21 AC1-16b  1775 1824     A     .325         0
  21 AC1-16b  1950 1999     A     .313         0
  22 AC1-17a  1900 1949     A     .291         0
  26 AC1-21a  1900 1949     A     .263         0
  27 AC1-21b  1900 1949     A     .324         0
  27 AC1-21b  1950 1999     B     .270        -4      .362   .092
  32 AC1-25b  1750 1799     B     .296       -10      .304   .007  weak at every lag
  32 AC1-25b  1950 1999     A     .282         0
  35 AC1-26c  1900 1949     B     .257         6      .269   .012  weak at every lag
  36 AC1-27a  1900 1949     B     .294        10      .309   .015  weak at every lag
  39 AC1-28b  1625 1674     B     .211        -8      .389   .178
  40 AC1-29a  1700 1749     B     .216        -2      .290   .074  weak at every lag
  40 AC1-29a  1725 1774     A     .285         0
  41 AC1-29b  1700 1749     B     .410         8      .445   .035
  47 AC1-59a  1900 1949     B     .252        10      .289   .037  weak at every lag
  47 AC1-59a  1925 1974     B     .305        10      .335   .030
  52 AC1-63a  1700 1749     B     .368         4      .378   .010
  57 AC1-65b  1900 1949     B     .318         2      .371   .053
  65 AC1-69b  1950 1999     A     .295         0
  66 AC1-70a  1900 1949     B     .277        -5      .337   .060
  73 AC1-74a  1800 1849     A     .324         0
  83 AC1-102a 1850 1899     B     .261        -5      .309   .048  weak at every lag
  84 AC1-102b 1825 1874     B     .260         8      .275   .015  weak at every lag
  91 AC1-106a 1700 1749     A     .295         0
  95 AC1-20a  1700 1749     B     .419        -4      .440   .020
  96 AC1-20b  1650 1699     A     .279         0
  97 AC1-33a  1650 1699     B     .439        -2      .443   .004
  97 AC1-33a  1675 1724     A     .311         0

 DESCRIPTIVE STATISTICS: cana501
-----------------------------------------------------------------------------------------------------------------------------------

                                                Corr   //-------- Unfiltered --------\\  //-- dplR filtered --\\
                           No.    No.    No.    with   Mean   Max     Std   Auto   Mean   Max     Std   Auto  AR
 Seq Series   Interval   Years  Segmt  Flags   Master  msmt   msmt    dev   corr   sens  value    dev   corr  ()
 --- -------- ---------  -----  -----  -----   ------ -----  -----  -----  -----  -----  -----  -----  -----  --
   1 AC1-01a  1857 2006    150      4      0    .658    .62   1.68   .307   .840   .209   1.60   .189  -.012   3
   2 AC1-01b  1876 2006    131      3      0    .537    .56   1.22   .270   .784   .240   1.76   .258  -.030   1
   3 AC1-02a  1642 2006    365     13      2    .486    .16    .56   .087   .857   .237   1.79   .226   .002   3
   4 AC1-02b  1625 1998    374     12      0    .656    .23   1.26   .164   .896   .224   1.75   .209   .035   3
   5 AC1-03a  1617 2006    390     14      1    .609    .24   1.09   .141   .819   .231   1.85   .222   .000   3
   6 AC1-04a  1737 1994    258      8      0    .534    .13    .40   .065   .844   .233   1.67   .223  -.002   1
   7 AC1-06a  1621 2006    386     14      0    .587    .24    .64   .129   .895   .196   1.59   .185  -.002   3
   8 AC1-06b  1617 1994    378     13      0    .613    .27    .84   .151   .919   .174   1.45   .165  -.004   1
   9 AC1-07a  1788 2006    219      7      0    .537    .43   1.00   .231   .896   .189   1.96   .195  -.012   1
  10 AC1-07b  1783 2005    223      7      0    .625    .47   1.52   .301   .919   .207   1.72   .214  -.023   1
  11 AC1-08a  1763 2006    244      8      0    .604    .33   1.55   .294   .896   .267   2.12   .279  -.008   1
  12 AC1-08b  1763 2006    244      8      0    .686    .28    .89   .175   .868   .247   2.11   .253   .019   1
  13 AC1-09a  1756 2006    251      8      0    .615    .42   1.42   .380   .896   .282   1.81   .256   .086   0
  14 AC1-09b  1756 1987    232      7      0    .590    .44   1.53   .370   .915   .294   2.06   .268   .066   0
  15 AC1-10a  1708 2006    299     10      0    .699    .25    .71   .109   .757   .245   1.93   .233  -.008   3
  16 AC1-11a  1729 2006    278      9      0    .580    .24    .92   .125   .829   .196   2.55   .223  -.004   2
  17 AC1-11b  1716 2006    291     10      0    .466    .25    .70   .097   .842   .177   1.66   .183  -.007   3
  18 AC1-15a  1615 2006    392     14      2    .521    .18    .54   .088   .819   .223   1.79   .216  -.000   3
  19 AC1-15b  1610 1909    300     10      0    .530    .20    .61   .120   .910   .195   1.66   .187   .004   2
  20 AC1-16a  1611 2006    396     14      2    .483    .12    .69   .083   .865   .254   2.47   .233   .003   2
  21 AC1-16b  1611 2002    392     14      2    .489    .19    .65   .100   .827   .223   1.64   .216  -.001   2
  22 AC1-17a  1669 1961    293     10      1    .507    .13    .43   .076   .784   .270   2.79   .292  -.000   3
  23 AC1-17b  1669 1991    323     11      0    .559    .09    .32   .044   .690   .312   2.54   .296   .074   0
  24 AC1-19a  1680 2006    327     11      0    .464    .18    .60   .091   .749   .303   1.99   .280   .075   0
  25 AC1-19b  1676 1792    117      2      0    .633    .15    .45   .070   .676   .266   2.02   .277   .009   1
  26 AC1-21a  1897 2006    110      3      1    .348    .57   1.02   .144   .664   .168   1.43   .173  -.010   2
  27 AC1-21b  1897 2006    110      3      2    .329    .70   1.22   .202   .553   .207   1.82   .213   .026   1
  28 AC1-23a  1740 2006    267      9      0    .650    .30   1.07   .182   .869   .201   2.49   .220   .002   2
  29 AC1-23b  1723 2006    284     10      0    .578    .25    .58   .111   .834   .211   1.69   .193   .075   0
  30 AC1-24a  1772 1982    211      7      0    .586    .17    .49   .075   .761   .236   1.63   .212   .052   0
  31 AC1-25a  1708 2006    299     10      0    .516    .29    .85   .186   .896   .228   1.84   .235   .001   3
  32 AC1-25b  1708 2006    299     10      2    .456    .19    .82   .157   .891   .289   2.24   .274   .003   1
  33 AC1-26a  1914 2006     93      2      0    .438    .74   1.56   .237   .601   .220   1.66   .205   .110   0
  34 AC1-26b  1914 2006     93      2      0    .441    .61   2.02   .349   .807   .234   1.97   .242   .012   1
  35 AC1-26c  1701 2006    306     10      1    .545    .16    .51   .066   .715   .242   1.93   .227   .009   1
  36 AC1-27a  1719 2006    288     10      1    .555    .37   1.15   .255   .863   .287   2.57   .287  -.004   1
  37 AC1-27b  1719 2006    288     10      0    .678    .52   1.83   .328   .829   .262   1.89   .253  -.001   3
  38 AC1-28a  1601 1844    244      7      0    .615    .23    .61   .099   .746   .217   1.77   .224   .002   1
  39 AC1-28b  1601 1853    253      8      1    .519    .21    .50   .090   .728   .234   1.92   .226   .001   3
  40 AC1-29a  1583 1780    198      6      2    .527    .21    .61   .111   .847   .217   1.53   .210   .028   1
  41 AC1-29b  1583 1781    199      6      1    .526    .22    .69   .109   .850   .211   1.76   .213   .005   1
  42 AC1-31a  1622 1843    222      7      0    .606    .15    .53   .093   .821   .288   1.77   .262  -.006   1
  43 AC1-31b  1622 1840    219      7      0    .500    .13    .48   .091   .876   .273   2.38   .273  -.002   1
  44 AC1-32a  1590 1759    170      5      0    .589    .29    .87   .179   .882   .256   1.64   .257   .025   1
  45 AC1-32b  1590 1751    162      5      0    .495    .26    .67   .138   .861   .211   1.69   .218   .011   1
  46 AC1-53a  1690 1933    244      8      0    .669    .20    .53   .096   .802   .251   1.78   .222   .012   2
  47 AC1-59a  1657 2006    350     12      2    .569    .25   1.39   .161   .836   .225   2.14   .228  -.015   3
  48 AC1-61a  1621 2006    386     14      0    .636    .22    .90   .111   .807   .256   1.96   .242  -.013   3
  49 AC1-61b  1621 1821    201      6      0    .724    .24   1.05   .140   .863   .240   1.76   .223  -.008   3
  50 AC1-62a  1758 2006    249      8      0    .739    .25    .78   .113   .770   .227   1.85   .214  -.039   3
  51 AC1-62b  1839 2006    168      5      0    .664    .20    .55   .101   .769   .292   1.91   .248   .022   1
  52 AC1-63a  1620 2006    387     14      1    .510    .24   1.22   .140   .833   .243   2.19   .239  -.002   3
  53 AC1-63b  1618 2006    389     14      0    .570    .26    .82   .121   .803   .230   1.79   .214  -.007   3
  54 AC1-64a  1781 2006    226      7      0    .560    .12    .25   .045   .691   .251   1.79   .221  -.043   3
  55 AC1-64b  1643 2006    364     13      0    .596    .18    .44   .069   .717   .237   1.63   .222  -.005   3
  56 AC1-65a  1832 2006    175      5      0    .511    .27   1.06   .153   .846   .225   2.39   .241  -.002   1
  57 AC1-65b  1832 2006    175      5      1    .474    .23    .52   .088   .711   .208   1.81   .201   .000   3
  58 AC1-66a  1797 2006    210      7      0    .656    .29    .66   .129   .795   .213   1.60   .203  -.001   1
  59 AC1-66b  1790 2006    217      7      0    .613    .26    .64   .122   .766   .230   1.70   .216   .002   1
  60 AC1-67a  1625 1984    360     12      0    .662    .18    .65   .094   .822   .222   1.77   .203  -.009   3
  61 AC1-67b  1625 2006    382     13      0    .618    .14    .66   .080   .847   .215   1.97   .207  -.001   1
  62 AC1-68a  1727 2006    280      9      0    .568    .16    .40   .081   .806   .270   1.76   .241   .028   0
  63 AC1-68b  1728 1995    268      8      0    .529    .17    .64   .090   .820   .236   1.74   .217  -.000   1
  64 AC1-69a  1754 2006    253      8      0    .481    .13    .35   .054   .699   .250   2.11   .242   .001   3
  65 AC1-69b  1650 2006    357     12      1    .496    .12    .42   .053   .775   .229   1.62   .217  -.003   3
  66 AC1-70a  1763 1992    230      7      1    .424    .13    .33   .059   .760   .280   1.94   .252   .034   0
  67 AC1-71a  1589 2006    418     15      0    .679    .23    .84   .127   .806   .260   1.97   .234  -.004   3
  68 AC1-71b  1589 2006    418     15      0    .746    .23    .88   .141   .817   .263   1.96   .237  -.013   3
  69 AC1-72a  1743 2006    264      9      0    .629    .27   1.05   .218   .950   .216   1.72   .210  -.018   3
  70 AC1-72b  1739 2006    268      9      0    .539    .25   1.08   .233   .952   .264   2.19   .253   .011   1
  71 AC1-73a  1631 2006    376     13      0    .589    .24   1.02   .163   .892   .239   2.36   .237   .009   2
  72 AC1-73b  1631 2006    376     13      0    .582    .22   1.10   .172   .929   .230   2.33   .228   .006   3
  73 AC1-74a  1676 2006    331     11      1    .535    .13    .77   .116   .918   .279   2.09   .280  -.010   3
  74 AC1-74b  1718 2006    289     10      0    .571    .19    .69   .158   .918   .282   3.03   .306  -.002   1
  75 AC1-75a  1612 2006    395     14      0    .539    .16    .63   .103   .865   .235   1.74   .215  -.004   1
  76 AC1-75b  1618 2006    389     14      0    .577    .19    .61   .087   .793   .222   1.94   .217  -.006   1
  77 AC1-76a  1643 2006    364     13      0    .658    .21    .75   .124   .838   .248   1.93   .248  -.017   3
  78 AC1-76b  1643 2006    364     13      0    .681    .21    .77   .119   .841   .247   1.77   .236   .003   3
  79 AC1-81a  1579 1788    210      6      0    .686    .25    .71   .131   .774   .256   1.99   .254  -.002   1
  80 AC1-81b  1579 1770    192      5      0    .594    .23    .72   .124   .763   .253   2.31   .273  -.001   3
  81 AC1-101a 1626 1914    289      9      0    .565    .24    .81   .129   .826   .248   2.03   .248   .012   3
  82 AC1-101b 1626 1844    219      6      0    .579    .21    .67   .122   .816   .263   1.97   .264   .017   2
  83 AC1-102a 1730 1909    180      5      1    .542    .36   1.42   .283   .895   .227   1.55   .222   .012   1
  84 AC1-102b 1730 1876    147      4      1    .490    .38   1.53   .292   .876   .237   2.02   .245   .020   1
  85 AC1-103a 1705 1863    159      4      0    .590    .38   1.29   .193   .809   .243   1.62   .230   .006   2
  86 AC1-103b 1705 1816    112      2      0    .651    .52   1.16   .161   .624   .213   1.45   .181   .017   3
  87 AC1-104a 1626 1823    198      5      0    .578    .31    .76   .144   .818   .208   1.69   .208  -.009   1
  88 AC1-104b 1626 1830    205      6      0    .702    .25    .62   .121   .831   .233   2.20   .240  -.021   1
  89 AC1-105a 1608 1831    224      7      0    .691    .25    .95   .177   .900   .250   2.34   .271   .002   1
  90 AC1-105b 1608 1826    219      7      0    .601    .22    .87   .150   .893   .244   1.75   .234   .011   3
  91 AC1-106a 1622 1818    197      6      1    .569    .25   1.08   .234   .921   .223   1.71   .220  -.010   1
  92 AC1-106b 1622 1822    201      6      0    .548    .26   1.28   .216   .896   .197   2.17   .209  -.015   1
  93 AC1-107a 1751 1913    163      4      0    .500    .32   1.13   .214   .912   .198   1.57   .184  -.016   2
  94 AC1-107b 1751 1899    149      4      0    .557    .36   1.06   .241   .928   .202   1.54   .190   .004   2
  95 AC1-20a  1626 1826    201      6      1    .552    .13    .60   .104   .899   .320   2.07   .315  -.019   1
  96 AC1-20b  1626 1706     81      1      1    .246    .19    .57   .150   .885   .294   1.87   .300  -.042   3
  97 AC1-33a  1601 1733    133      3      2    .406    .12    .43   .080   .862   .291   1.92   .269   .112   0
 --- -------- ---------  -----  -----  -----   ------ -----  -----  -----  -----  -----  -----  -----  -----  --
 Total or mean:          25170    817     35    .575    .24   2.02   .140   .831   .240   3.03   .232   .005

 DATA CHECKS (rwl.check): cana501
-----------------------------------------------------------------------------------------------------------------------------------
 rwl.check: data_files/treering/measurements/northamerica/canada/cana501.rwl
 97 series, 25170 measurements, 1579-2006, 0.001 mm precision
 0 error(s), 0 warning(s), 16 note(s)
 -------------
 Nothing to report at this severity.
 16 note(s) not shown; see rwl.check() or the 'check' element of this report.

 NOTES
-----------------------------------------------------------------------------------------------------------------------------------
 Report generated using dplR 1.8.1 (R 4.5.2) on 2026-10-01 16:54 PDT.
 Measurement file cana501.rwl, MD5 459a43cc1295c13035c188f955e42d32.
 Filtering: each series divided by a 32-year smoothing spline (caps()), then prewhitened with
   an AR model (order by AIC, at most 3).
 Master: biweight robust mean of the other series (leave-one-out).
 Correlation: Pearson, one-tailed, pcrit = 0.01; critical r = 0.3281 for 50-year segments.
 Segments: 50 years, lagged 25, first segment floored to 100. Lags searched: +/- 10 years.
 A segment is tested only where the series and the master cover all of it, at the dated
   position and at every lag. COFECHA also tests partial segments at the ends of a series, so
   series here may show fewer segments, and no flags can be raised at the ends of the record.
 Lags follow COFECHA: negative means rings are probably missing from the series, positive means
   false rings. A missing ring carries its lag into every segment before it, so look where the
   lag changes along a series. A B flag is a hypothesis to check on the wood; the gain says how
   seriously to take it.
 A B flag marked "weak at every lag" correlates under the critical value even at its best lag:
   the segment is weak wherever it is placed, and the shift is not evidence of a dating error.
   Treat it as a low correlation, like an A.
 Averages in the summary and the totals are weighted by the number of years in each series, as
   COFECHA's are.
 Unfiltered block and mean sensitivity: the measurements as read, and sens1().
 dplR filtered block: the series that was correlated, after filtering. COFECHA's filtered
   series is defined differently, so these three columns are not COFECHA's numbers.
 AR: order of the AR model used to prewhiten.
