
 COFECHA-style crossdating report: cana326
 Report generated using dplR 1.8.1 (R 4.5.2) on 2026-10-01 16:49 PDT
 Built with dplR's xdate.report(), not COFECHA; see the notes at the end.


      Measurement file name  : cana326.rwl
      MD5 of measurement file: e5e8a22402000e1d41bc3668ae02b786
      Date checked           : 01OCT26
      Beginning year         : 1067
      Ending year            : 2002
      Principal investigators: D'Arrigo, R.D.; Wilson, R.J.S.; Jacoby, G.C.
      Site name              : Yukon Composite
      Species information    : PCGL Picea glauca (Moench) Voss
      Latitude               : 67.0000 N
      Longitude              : 139.0000 W
      Elevation              : 517 m

      Series intercorrelation: 0.506
      Avg mean sensitivity   : 0.234
      Avg standard deviation : 0.136
      Avg autocorrelation    : 0.781
      Number dated series    : 218
      Series crossdated      : 206
      Segment length tested  : 50

      Number problem segments: 184  (A 75, B 109; 74 of the B weak at every lag)
      Pct problem segments   : 10.44


 CORRELATION OF SERIES BY SEGMENTS: cana326
-----------------------------------------------------------------------------------------------------------------------------------
 Correlations of  50-year dated segments, lagged  25 years
 Flags:  A = correlation under   .3281 but highest as dated;  B = correlation higher at other than dated position

 Seq Series  Time_span  1100 1125 1150 1175 1200 1225 1250 1275 1300 1325 1350 1375 1400 1425 1450 1475 1500 1525 1550 1575 
                        1149 1174 1199 1224 1249 1274 1299 1324 1349 1374 1399 1424 1449 1474 1499 1524 1549 1574 1599 1624 
 --- -------- ---------  ---- ---- ---- ---- ---- ---- ---- ---- ---- ---- ---- ---- ---- ---- ---- ---- ---- ---- ---- ---- 
  10 SF53N    1550 1997                                                                                                 .31B
  18 NRX8     1531 1852                                                                                            .45  .40 
  19 NRX08B   1531 1845                                                                                            .49  .44 
  20 NRX09    1495 1577                                                                                  .65  .66           
  21 NRX10    1413 1526                                                                   .73  .67  .69                     
  22 NRX10B   1413 1555                                                                   .46  .51  .57  .63                
  24 NRX12A   1376 1569                                                              .41  .56  .51  .53  .67                
  25 NRX12b   1371 1576                                                         .25A .42  .61  .50  .27B .46  .62           
  26 NRX13A   1214 1594                           .48  .39  .27A .35  .48  .46  .45  .52  .56  .38  .38  .57  .60           
  27 NRX13B   1213 1500                           .50  .45  .41  .40  .53  .42  .45  .65  .60  .45                          
  33 NRX21A   1385 1566                                                              .49  .48  .46  .41  .41                
  34 NRX21B   1386 1583                                                              .55  .47  .44  .47  .45  .37           
  35 NRX21C   1385 1566                                                              .49  .48  .46  .41  .41                
  37 NRX30B   1298 1373                                          .19B                                                       
  38 NRX32B   1420 1583                                                                   .36  .44  .48  .38  .42           
  39 NRX32A   1410 1559                                                                   .47  .55  .39  .44                
  41 NRX34    1354 1568                                                         .44  .52  .61  .47  .23A .46                
  42 NRX34B   1354 1567                                                         .27A .21B .58  .55  .16B .43                
  43 NRX35    1250 1499                                     .14B-.03B .22A .35  .18B .24A .60  .47                          
  44 NRX35B   1250 1529                                     .37  .12B .16B .24A .18B .29A .55  .51  .27B                    
  47 NRX38A   1207 1540                           .36  .38  .53  .38  .34  .45  .45  .49  .36  .35  .35                     
  48 NRX38B   1207 1517                           .45  .44  .43  .33  .26B .41  .59  .63  .59  .41                          
  51 nrx41a   1099 1300       .13B .28B .38  .14B .19B .32A                                                                 
  52 nrx41b   1099 1300       .18B .30A .27B .12B .26A .61                                                                  
  53 NRX42    1470 1602                                                                             .42  .55  .53  .56      
  64 TH1071   1459 1975                                                                             .49  .53  .35  .29A .22B
  65 TH1072   1531 1975                                                                                            .25B .29A
  66 TH1073   1513 1975                                                                                       .28A .39  .34B
  78 TH2081   1560 1975                                                                                                 .24B
  79 TH2082   1529 1975                                                                                            .43  .36B
  88 FAD02    1428 1715                                                                        .52  .46  .58  .57  .53  .74 
  89 fad02b   1428 1712                                                                        .39  .47  .54  .57  .54  .49 
  91 FAD04A   1536 1847                                                                                            .51  .49 
  92 FAD04B   1536 1855                                                                                            .40  .46 
  93 fad04c   1535 1843                                                                                            .64  .68 
  94 fad04d   1535 1852                                                                                            .76  .78 
  96 fad08a   1479 1979                                                                                  .54  .47  .58  .58 
  98 fad08c   1485 1993                                                                                  .68  .63  .60  .60 
 103 fad13a   1512 1802                                                                                       .26B .59  .66 
 104 fad13b   1512 1807                                                                                       .21B .38  .62 
 107 fad16a   1534 1768                                                                                            .55  .66 
 108 fad16b   1534 1772                                                                                            .64  .64 
 109 fad18a   1417 1663                                                                   .30A .23A .47  .61  .61  .77  .63 
 114 fad22a   1232 1474                                .68  .61  .42  .57  .74  .77  .58  .50                               
 115 fad22d   1259 1504                                     .42  .38  .41  .58  .68  .57  .47  .54                          
 116 fad23a   1203 1426                           .39  .52  .48  .41  .66  .67  .59                                         
 117 FAD23B   1204 1431                           .32A .44  .57  .49  .49  .55  .43                                         
 118 fad24a   1343 1505                                                    .55  .53  .33A .35  .58                          
 123 FBD04a   1420 1698                                                                   .50  .56  .62  .71  .77  .60  .64 
 124 FBD04B   1420 1690                                                                   .46  .56  .48  .48  .51  .51  .62 
 125 fbd06a   1520 1826                                                                                       .45  .64  .73 
 126 fbd06b   1520 1734                                                                                       .55  .55  .57 
 129 fbd10    1489 1886                                                                                  .52  .52  .59  .66 
 130 fbd10b   1489 1850                                                                                  .74  .54  .45  .63 
 134 fbd15a   1565 1874                                                                                                 .18B
 135 fbd15b   1565 1864                                                                                                 .33 
 140 fbd19a   1229 1478                                .55  .61  .66  .75  .75  .69  .53  .44                               
 141 fbd19b   1283 1478                                          .63  .67  .58  .58  .70  .51                               
 144 FBD23    1560 1884                                                                                                 .50 
 145 fbd23b   1560 1871                                                                                                 .45 
 146 fdd01a   1390 1681                                                              .30A .49  .56  .62  .67  .65  .69  .78 
 148 fdd03a   1280 1596                                          .35  .46  .45  .43  .38  .25A .25B .22B .40  .57           
 150 fdd05a   1409 1644                                                                   .36  .48  .27B .28B .41  .40  .55 
 154 fdd07a   1402 1682                                                                   .43  .37  .51  .65  .61  .57  .60 
 155 fdd07b   1402 1679                                                                   .41  .42  .52  .61  .60  .70  .64 
 156 fdd08a   1067 1453  .40  .49  .59  .47  .35  .55  .57  .43  .30A .67  .75  .66  .62                                    
 157 fdd08b   1067 1387  .31B .61  .58  .33  .26A .39  .43  .38  .31A .66                                                   
 158 fdd09a   1323 1593                                               .68  .68  .58  .45  .46  .54  .69  .62  .46           
 159 fdd09b   1323 1599                                               .69  .71  .68  .60  .57  .51  .64  .58  .31B .44      
 160 fdd10a   1363 1683                                                         .50  .44  .44  .36  .14B .23A .42  .42  .47 
 162 fdd11a   1164 1436                 .22B .14B .15B .21B .47  .45  .45  .40  .54                                         
 164 fdd12a   1101 1283       .72  .65  .44  .29A .36                                                                       
 165 fdd12b   1103 1269       .61  .50  .37  .43                                                                            
 168 fdd14a   1414 1623                                                                   .35  .34  .53  .62  .59  .57      
 169 fdd16a   1380 1578                                                              .41  .65  .69  .37  .47  .62           
 170 fdd16b   1383 1584                                                              .50  .56  .55  .40  .53  .49           
 171 fdd17a   1303 1743                                               .27B .28B .28B .24B .18B .04B .23B .51  .46  .47  .52 
 172 fdd17b   1302 1744                                               .11B .20B .36  .34B .29B .08B .36  .61  .56  .47  .46 
 173 fdd18a   1544 1799                                                                                            .41  .38 
 175 fdd19a   1370 1711                                                         .47  .71  .44  .17B .47  .64  .55  .39  .29A
 176 fdd19b   1370 1620                                                         .37  .58  .43  .35B .60  .67  .60  .62      
 177 fdd20a   1370 1661                                                         .40  .56  .65  .59  .61  .79  .80  .56  .50 
 178 fdd20b   1370 1669                                                         .37  .59  .56  .51  .77  .87  .83  .66  .65 
 179 fdd21a   1271 1611                                     .35B .54  .57  .55  .44  .44  .48  .38  .48  .65  .55  .39      
 180 fdd21b   1271 1613                                     .31A .46  .61  .57  .45  .47  .43  .42  .49  .61  .61  .55      
 181 fdd22a   1219 1529                           .43  .51  .61  .62  .72  .80  .78  .51  .33  .39  .49                     
 182 fdd22b   1219 1518                           .65  .68  .67  .64  .69  .73  .74  .53  .14B .10B                         
 183 FDD24    1432 1683                                                                        .37  .74  .80  .72  .61  .59 
 184 fdd24b   1432 1679                                                                        .34  .63  .70  .68  .63  .63 
 185 fdd25a   1320 1519                                               .67  .68  .54  .53  .69  .60                          
 186 fdd25b   1320 1480                                               .59  .61  .63  .58  .61                               
 187 fdd27a   1509 1827                                                                                       .53  .32A .50 
 188 fdd27b   1509 1820                                                                                       .53  .36  .47 
 189 fdd29a   1372 1618                                                         .42  .54  .54  .63  .67  .74  .55  .31A     
 190 fdd29b   1367 1621                                                         .52  .63  .57  .54  .54  .71  .64  .59      
 191 Fdd30a   1412 1692                                                                   .30A .42  .37  .37  .45  .55  .76 
 192 fdd30b   1412 1697                                                                   .42  .31A .29B .48  .57  .52  .52 
 193 fdd31a   1378 1673                                                              .03B .20A .52  .48  .53  .66  .73  .66 
 195 fdd33a   1403 1709                                                                   .15B .17B .40  .58  .81  .70  .71 
 196 fdd33b   1403 1727                                                                   .35  .35  .46  .70  .81  .79  .78 
 197 FDD34    1507 1821                                                                                       .40  .36  .47 
 198 FDD34B   1507 1815                                                                                       .20A .38  .58 
 199 fdd35a   1177 1385                      .36  .41  .48  .47  .42  .70                                                   
 200 fdd35b   1177 1419                      .41  .53  .52  .56  .52  .52  .54                                              
 Av segment correlation  .36  .46  .48  .36  .28  .40  .48  .45  .41  .52  .54  .49  .48  .46  .43  .46  .57  .54  .52  .54 

 CORRELATION OF SERIES BY SEGMENTS: cana326
-----------------------------------------------------------------------------------------------------------------------------------
 Correlations of  50-year dated segments, lagged  25 years
 Flags:  A = correlation under   .3281 but highest as dated;  B = correlation higher at other than dated position

 Seq Series  Time_span  1600 1625 1650 1675 1700 1725 1750 1775 1800 1825 1850 1875 1900 1925 1950 
                        1649 1674 1699 1724 1749 1774 1799 1824 1849 1874 1899 1924 1949 1974 1999 
 --- -------- ---------  ---- ---- ---- ---- ---- ---- ---- ---- ---- ---- ---- ---- ---- ---- ---- 
   1 SF05NW   1764 1999                                     .47  .30A .24B .50  .51  .45  .65  .72 
   2 SF08NW   1740 1999                                .39  .47  .59  .59  .57  .61  .64  .59  .63 
   3 SF08SE   1740 1999                                .42  .59  .67  .63  .48  .51  .44  .43  .70 
   4 SF25SE   1590 1979  .25B .40  .47  .51  .48  .52  .50  .66  .67  .57  .64  .74  .73  .69      
   5 SF27SE   1728 1999                                .59  .60  .69  .65  .61  .62  .58  .62  .66 
   6 SF31E    1630 1999            .44  .64  .64  .66  .52  .29A .43  .40  .50  .59  .59  .67  .41 
   7 SF 31 E' 1693 2000                      .54  .58  .54  .58  .42  .45  .50  .29B .12B .30A .30A
   8 SF41W    1650 1999                 .57  .46  .39  .39  .46  .48  .44  .28A .16B .19B .35  .57 
   9 SF49E    1740 1999                                .29A .30A .49  .44  .38  .30A .26A .60  .58 
  10 SF53N    1550 1997  .32A .38  .47  .69  .73  .74  .62  .65  .82  .74  .63  .66  .67  .71      
  11 NRX01A   1659 1890                 .56  .61  .60  .63  .73  .66  .52                          
  12 NRX01B   1636 1885            .23B .36  .61  .68  .60  .64  .67  .37                          
  13 NRX02B   1710 1806                           .61  .55                                         
  14 NRX04B   1684 1844                      .45  .38  .41  .45                                    
  15 NRX05    1659 1818                 .66  .70  .61  .47                                         
  16 NRX06    1600 1790       .25A .50  .65  .61  .61                                              
  17 NRX06B   1620 1809       .31A .45  .66  .74  .69  .63                                         
  18 NRX8     1531 1852  .41  .47  .55  .38  .20B .31A .51  .56  .59                               
  19 NRX08B   1531 1845  .37  .39  .57  .50  .34  .48  .59  .59                                    
  23 NRX11    1636 1883            .23B .36  .61  .68  .60  .64  .67  .37                          
  30 NRX15    1667 1819                 .42  .65  .71  .55                                         
  31 NRX19    1670 1857                 .61  .63  .62  .62  .60  .45                               
  32 NRX20    1670 1785                 .66  .75  .55                                              
  36 NRX28    1667 1810                 .37  .60  .75  .50                                         
  40 NRX33B   1629 1871            .50  .56  .27A .39  .57  .52  .44                               
  45 NRX36    1650 1870                 .50  .54  .55  .45  .58  .73                               
  49 NRX39    1652 1872                 .57  .53  .45  .46  .55  .51                               
  50 NRX40    1637 1887            .42  .66  .61  .77  .76  .72  .76  .58                          
  54 NRX43    1661 1799                 .68  .72  .60  .50                                         
  55 TH1011   1672 1975                 .59  .41  .52  .49  .42  .55  .60  .55  .58  .61  .68      
  56 TH1012   1691 1975                      .34  .51  .60  .51  .45  .37  .51  .71  .78  .70      
  57 TH1021   1651 1975                 .54  .48  .54  .45  .43  .39  .32B .42  .40  .29B .45B     
  58 TH1022   1682 1975                      .32A .36  .45  .44  .52  .41  .51  .58  .53  .65      
  59 TH1031   1672 1975                 .35  .45  .76  .62  .57  .74  .68  .66  .70  .62  .63      
  60 TH1032   1801 1975                                               .68  .69  .77  .62  .56      
  61 TH1041   1772 1975                                     .50  .56  .53  .54  .64  .65  .72      
  62 TH1061   1747 1974                                .44  .28A .35  .52  .62  .45  .39  .64      
  63 TH1062   1753 1975                                     .47  .56  .45  .42  .65  .61  .48      
  64 TH1071   1459 1975  .23B .36  .33A .19B .32A .65  .61  .45  .53  .50  .40  .47  .52  .68      
  65 TH1072   1531 1975  .36  .32A .21B .39  .55  .67  .67  .48  .54  .60  .65  .55  .43  .65      
  66 TH1073   1513 1975  .26B .27B .17B .33  .44  .54  .58  .42  .46  .40  .52  .67  .49  .50      
  67 TH1091   1694 1975                      .56  .56  .56  .51  .41  .41  .49  .50  .62  .65      
  68 TH1092   1674 1975                 .53  .55  .60  .68  .56  .51  .51  .60  .75  .80  .73      
  69 TH2011   1800 1975                                               .50  .60  .66  .52  .54      
  70 TH2021   1770 1975                                     .34  .60  .60  .44  .28A .27B .51      
  71 TH2022   1770 1975                                     .27B .49  .52  .46  .43  .44  .53      
  72 TH2023   1775 1975                                          .55  .33B .32A .51  .47  .55      
  73 TH2061   1620 1975       .22B .31A .47  .54  .52  .49  .56  .68  .62  .58  .72  .76  .68      
  74 TH2062   1668 1975                 .57  .59  .57  .44  .43  .60  .51  .41  .50  .53  .52      
  75 TH2071   1747 1975                                .38B .51  .63  .67  .74  .72  .74  .79      
  76 TH2072   1726 1975                                .60  .66  .65  .63  .72  .81  .84  .75      
  77 TH2073   1726 1975                                .49  .59  .63  .66  .71  .76  .85  .81      
  78 TH2081   1560 1975  .30A .39  .53  .73  .71  .71  .63  .62  .76  .70  .62  .63  .77  .75      
  79 TH2082   1529 1975  .38  .38  .50  .70  .63  .67  .72  .65  .52  .46  .61  .74  .76  .69      
  80 TH2083   1596 1975  .33  .32A .42  .57  .67  .70  .58  .53  .66  .65  .57  .68  .84  .80      
  81 TTHH51   1776 1975                                          .73  .67  .49  .52  .52  .52      
  82 TTHH52   1734 1975                                .30A .30A .52  .63  .48  .41  .47  .54      
  83 TTH101   1746 1975                                .60  .45  .46  .53  .57  .61  .63  .73      
  84 TTH102   1760 1975                                     .58  .43  .30A .41  .55  .70  .67      
  85 TH2041   1680 1975                      .53  .42  .32A .42  .36  .32A .32A .48  .69  .50      
  86 TH2042   1670 1975                 .59  .45  .40  .51  .63  .49  .40  .43  .42  .46  .40      
  87 TH2051   1825 1975                                                    .42  .35  .46  .64      
  88 FAD02    1428 1715  .74  .74  .79                                                             
  89 fad02b   1428 1712  .51  .66  .69                                                             
  90 fad03a   1617 1820       .58  .61  .37B .55  .70  .52                                         
  91 FAD04A   1536 1847  .31A .40  .71  .68  .66  .60  .44  .50                                    
  92 FAD04B   1536 1855  .53  .68  .74  .75  .71  .68  .68  .72  .64                               
  93 fad04c   1535 1843  .59  .55  .65  .52  .40  .62  .72  .56                                    
  94 fad04d   1535 1852  .70  .69  .77  .61  .49  .61  .66  .56  .57                               
  95 fad07a   1634 1954            .61  .53  .43  .68  .64  .51  .57  .47  .31B .44  .52           
  96 fad08a   1479 1979  .49  .57  .70  .57  .52  .64  .67  .71  .75  .66  .56  .69  .58  .55      
  98 fad08c   1485 1993  .50  .56  .77  .75  .67  .63  .59  .61  .68  .62  .67  .83  .68  .60      
 100 fad09a   1590 1842  .35  .56  .50  .41  .50  .65  .54  .59                                    
 101 fad09b   1590 1820  .39  .50  .52  .62  .45  .44  .58                                         
 102 fad12b   1678 1879                      .57  .61  .67  .55  .58  .65                          
 103 fad13a   1512 1802  .65  .77  .72  .48  .52  .65  .56                                         
 104 fad13b   1512 1807  .50  .45  .63  .50  .38  .61  .74                                         
 105 fad15a   1680 1890                      .54  .54  .44  .59  .73  .63                          
 106 fad15b   1680 1888                      .57  .60  .72  .73  .70  .50                          
 107 fad16a   1534 1768  .60  .63  .78  .71  .50                                                   
 108 fad16b   1534 1772  .56  .70  .81  .67  .44                                                   
 109 fad18a   1417 1663  .52                                                                       
 110 fad19a   1614 1867       .35  .70  .67  .54  .60  .54  .37  .62                               
 111 fad19b   1614 1841       .58  .66  .31A .30B .28B .05B .17B                                   
 113 fad20b   1633 1859            .50  .56  .49  .52  .65  .56  .29A                              
 119 fad25a   1632 1863            .58  .53  .34  .24B .36  .45  .29A                              
 120 fad25b   1632 1877            .57  .55  .58  .50  .57  .49  .40  .47                          
 121 fbd01a   1619 1841       .58  .62  .55  .45  .42  .45  .58                                    
 122 fbd01b   1618 1825       .54  .56  .59  .55  .45  .49  .51                                    
 123 FBD04a   1420 1698  .73  .61                                                                  
 124 FBD04B   1420 1690  .65  .58                                                                  
 125 fbd06a   1520 1826  .71  .74  .64  .54  .63  .66  .58  .46                                    
 126 fbd06b   1520 1734  .59  .76  .61  .40                                                        
 127 fbd07a   1632 1893            .60  .70  .73  .68  .73  .77  .79  .64                          
 128 fbd07b   1632 1893            .69  .64  .79  .79  .76  .74  .75  .67                          
 129 fbd10    1489 1886  .58  .62  .64  .54  .49  .57  .62  .56  .60  .63                          
 130 fbd10b   1489 1850  .52  .65  .62  .31A .32B .66  .75  .65  .57                               
 131 fbd12c   1624 1824       .70  .79  .72  .60  .54  .56  .67                                    
 132 fbd14a   1605 1849       .64  .64  .22B .28B .45  .51  .62  .58                               
 133 fbd14b   1605 1844       .66  .62  .41  .42  .45  .47  .60                                    
 134 fbd15a   1565 1874 -.04B .31A .69  .61  .47  .53  .46  .47  .59  .55                          
 135 fbd15b   1565 1864  .15B .47  .74  .65  .55  .60  .48  .48  .68                               
 136 fbd16a   1620 1860       .35  .63  .71  .67  .76  .67  .50  .61                               
 137 fbd16b   1620 1871       .28B .61  .63  .65  .68  .47  .34  .55                               
 138 fbd17a   1623 1823       .52  .66  .49  .53  .59  .53                                         
 139 fbd17b   1623 1827       .64  .50  .20B .59  .63  .50  .64                                    
 142 fbd21a   1686 1889                      .44  .38  .54  .60  .67  .44                          
 143 fbd21b   1686 1902                      .38  .48  .60  .69  .73  .53  .21B                    
 144 FBD23    1560 1884  .55  .72  .74  .56  .37  .45  .48  .60  .58  .54                          
 145 fbd23b   1560 1871  .57  .61  .64  .66  .53  .43  .51  .71  .56                               
 146 fdd01a   1390 1681  .77  .70                                                                  
 152 fdd06a   1620 1830       .64  .67  .54  .48  .52  .54  .66                                    
 153 fdd06b   1621 1835       .66  .73  .47  .22B .37  .49  .61                                    
 154 fdd07a   1402 1682  .61  .43                                                                  
 155 fdd07b   1402 1679  .59  .58                                                                  
 160 fdd10a   1363 1683  .63  .66                                                                  
 166 fdd13a   1631 1880            .43  .39  .33  .36B .37  .41  .44  .38                          
 167 fdd13b   1627 1878            .37  .49  .51  .63  .60  .61  .63  .48                          
 171 fdd17a   1303 1743  .50  .44  .45  .42                                                        
 172 fdd17b   1302 1744  .53  .55  .50  .39                                                        
 173 fdd18a   1544 1799  .37  .31A .51  .56  .39  .37  .41                                         
 174 fdd18b   1600 1839       .56  .74  .62  .40  .45  .51  .48                                    
 175 fdd19a   1370 1711  .40  .54  .59                                                             
 177 fdd20a   1370 1661  .52                                                                       
 178 fdd20b   1370 1669  .60                                                                       
 183 FDD24    1432 1683  .62  .54                                                                  
 184 fdd24b   1432 1679  .66  .60                                                                  
 187 fdd27a   1509 1827  .63  .63  .69  .45  .21B .52  .64  .46                                    
 188 fdd27b   1509 1820  .57  .66  .68  .60  .63  .68  .71                                         
 191 Fdd30a   1412 1692  .70  .73                                                                  
 192 fdd30b   1412 1697  .58  .79                                                                  
 193 fdd31a   1378 1673  .59                                                                       
 195 fdd33a   1403 1709  .80  .81  .70                                                             
 196 fdd33b   1403 1727  .74  .78  .75  .50                                                        
 197 FDD34    1507 1821  .58  .72  .77  .69  .61  .73  .71                                         
 198 FDD34B   1507 1815  .68  .73  .65  .48  .54  .66  .61                                         
 201 fal02a   1675 2002                      .46  .59  .69  .63  .63  .59  .20B .38  .65  .51  .55 
 202 fal02b   1635 2002            .61  .42  .40  .60  .66  .54  .55  .53  .51  .49  .28A .33  .62 
 203 fal05a   1756 2002                                     .69  .69  .61  .60  .59  .46  .40  .64 
 204 fal05b   1716 2002                           .47  .56  .37  .24B .25B .49  .65  .46  .30A .60 
 205 fal06a   1793 2002                                          .40  .44  .45  .56  .54  .39  .52 
 206 fal06b   1793 2002                                          .37  .41  .59  .57  .56  .47  .62 
 207 fal07a   1735 2002                                .56  .63  .71  .53  .18B .38  .56  .52  .56 
 208 fal07b   1735 2002                                .52  .56  .63  .60  .45  .34  .42  .55  .60 
 209 fal08a   1671 2002                 .74  .65  .58  .61  .69  .67  .66  .56  .47  .56  .55  .61 
 210 fal08b   1651 2002                 .56  .56  .56  .61  .57  .58  .57  .59  .53  .47  .57  .64 
 211 fal11a   1761 2002                                     .51  .63  .75  .72  .72  .70  .67  .83 
 212 fal11b   1761 2002                                     .58  .66  .63  .35  .45  .56  .41  .66 
 213 fbl01a   1784 2002                                          .61  .55  .63  .74  .63  .58  .66 
 214 fbl01b   1784 2002                                          .50  .44  .52  .66  .52  .28B .50 
 215 fdl04a   1765 2002                                     .44  .58  .52  .45  .61  .72  .44  .58 
 216 fdl04b   1765 2002                                     .34  .47  .40  .38  .63  .62  .41  .62 
 217 fdl05a   1697 2002                      .46  .57  .61  .73  .60  .43  .32A .25B .24B .22A .37 
 218 fdl05b   1697 2002                      .22B .30A .56  .60  .64  .64  .52  .59  .57  .50  .75 
 Av segment correlation  .52  .55  .59  .54  .51  .56  .55  .54  .57  .53  .51  .56  .56  .56  .60 

 FLAGGED SEGMENTS: cana326
-----------------------------------------------------------------------------------------------------------------------------------
 Seq Series   Segment    Flag  r dated  Best lag  r at lag   Gain  Note
 --- -------- ---------  ----  -------  --------  --------  -----  -----------------
   1 SF05NW   1800 1849     A     .305         0
   1 SF05NW   1825 1874     B     .238         1      .306   .068  weak at every lag
   4 SF25SE   1600 1649     B     .251         3      .354   .102
   6 SF31E    1775 1824     A     .286         0
   7 SF 31 E' 1875 1924     B     .288         7      .492   .204
   7 SF 31 E' 1900 1949     B     .123         7      .275   .152  weak at every lag
   7 SF 31 E' 1925 1974     A     .305         0
   7 SF 31 E' 1950 1999     A     .301         0
   8 SF41W    1850 1899     A     .278         0
   8 SF41W    1875 1924     B     .162        -8      .293   .130  weak at every lag
   8 SF41W    1900 1949     B     .194         7      .228   .034  weak at every lag
   9 SF49E    1750 1799     A     .291         0
   9 SF49E    1775 1824     A     .304         0
   9 SF49E    1875 1924     A     .295         0
   9 SF49E    1900 1949     A     .262         0
  10 SF53N    1575 1624     B     .311         2      .328   .017  weak at every lag
  10 SF53N    1600 1649     A     .316         0
  12 NRX01B   1650 1699     B     .231        -4      .261   .030  weak at every lag
  16 NRX06    1625 1674     A     .251         0
  17 NRX06B   1625 1674     A     .310         0
  18 NRX8     1700 1749     B     .196         5      .309   .113  weak at every lag
  18 NRX8     1725 1774     A     .310         0
  23 NRX11    1650 1699     B     .230        -4      .264   .034  weak at every lag
  25 NRX12b   1375 1424     A     .249         0
  25 NRX12b   1475 1524     B     .271        -4      .353   .082
  26 NRX13A   1275 1324     A     .265         0
  37 NRX30B   1300 1349     B     .186       -10      .256   .071  weak at every lag
  40 NRX33B   1700 1749     A     .270         0
  41 NRX34    1475 1524     A     .232         0
  42 NRX34B   1375 1424     A     .272         0
  42 NRX34B   1400 1449     B     .209        -9      .267   .058  weak at every lag
  42 NRX34B   1475 1524     B     .157        -4      .217   .060  weak at every lag
  43 NRX35    1275 1324     B     .139        -2      .185   .046  weak at every lag
  43 NRX35    1300 1349     B    -.030        -1      .273   .302  weak at every lag
  43 NRX35    1325 1374     A     .225         0
  43 NRX35    1375 1424     B     .185         2      .257   .072  weak at every lag
  43 NRX35    1400 1449     A     .243         0
  44 NRX35B   1300 1349     B     .120       -10      .236   .116  weak at every lag
  44 NRX35B   1325 1374     B     .161        -3      .330   .169
  44 NRX35B   1350 1399     A     .237         0
  44 NRX35B   1375 1424     B     .184        -7      .286   .103  weak at every lag
  44 NRX35B   1400 1449     A     .293         0
  44 NRX35B   1475 1524     B     .266         4      .279   .013  weak at every lag
  48 NRX38B   1325 1374     B     .261        -2      .321   .060  weak at every lag
  51 nrx41a   1125 1174     B     .128         4      .226   .097  weak at every lag
  51 nrx41a   1150 1199     B     .276         3      .343   .067
  51 nrx41a   1200 1249     B     .142        -9      .278   .137  weak at every lag
  51 nrx41a   1225 1274     B     .194        -6      .292   .099  weak at every lag
  51 nrx41a   1250 1299     A     .317         0
  52 nrx41b   1125 1174     B     .176         4      .209   .032  weak at every lag
  52 nrx41b   1150 1199     A     .296         0
  52 nrx41b   1175 1224     B     .270         8      .282   .012  weak at every lag
  52 nrx41b   1200 1249     B     .123        -3      .352   .230
  52 nrx41b   1225 1274     A     .263         0
  57 TH1021   1825 1874     B     .322         6      .345   .024
  57 TH1021   1900 1949     B     .288         7      .383   .095
  57 TH1021   1925 1974     B     .453         7      .460   .007
  58 TH1022   1700 1749     A     .322         0
  62 TH1061   1775 1824     A     .284         0
  64 TH1071   1550 1599     A     .294         0
  64 TH1071   1575 1624     B     .220         3      .264   .043  weak at every lag
  64 TH1071   1600 1649     B     .230         3      .296   .065  weak at every lag
  64 TH1071   1650 1699     A     .326         0
  64 TH1071   1675 1724     B     .192         1      .229   .037  weak at every lag
  64 TH1071   1700 1749     A     .322         0
  65 TH1072   1550 1599     B     .255         7      .265   .010  weak at every lag
  65 TH1072   1575 1624     A     .293         0
  65 TH1072   1625 1674     A     .318         0
  65 TH1072   1650 1699     B     .214        -1      .324   .110  weak at every lag
  66 TH1073   1525 1574     A     .276         0
  66 TH1073   1575 1624     B     .341         2      .437   .096
  66 TH1073   1600 1649     B     .259         2      .261   .003  weak at every lag
  66 TH1073   1625 1674     B     .267        -1      .289   .022  weak at every lag
  66 TH1073   1650 1699     B     .175        -4      .337   .162
  70 TH2021   1875 1924     A     .283         0
  70 TH2021   1900 1949     B     .266        -8      .320   .054  weak at every lag
  71 TH2022   1775 1824     B     .267         2      .316   .049  weak at every lag
  72 TH2023   1825 1874     B     .328         4      .332   .004
  72 TH2023   1850 1899     A     .321         0
  73 TH2061   1625 1674     B     .224         2      .247   .023  weak at every lag
  73 TH2061   1650 1699     A     .314         0
  75 TH2071   1750 1799     B     .375        -2      .429   .054
  78 TH2081   1575 1624     B     .242         2      .306   .064  weak at every lag
  78 TH2081   1600 1649     A     .304         0
  79 TH2082   1575 1624     B     .358         2      .373   .015
  80 TH2083   1625 1674     A     .316         0
  82 TTHH52   1750 1799     A     .303         0
  82 TTHH52   1775 1824     A     .302         0
  84 TTH102   1825 1874     A     .304         0
  85 TH2041   1750 1799     A     .316         0
  85 TH2041   1825 1874     A     .322         0
  85 TH2041   1850 1899     A     .322         0
  90 fad03a   1675 1724     B     .367         5      .421   .054
  91 FAD04A   1600 1649     A     .305         0
  95 fad07a   1850 1899     B     .311        -1      .333   .022
 103 fad13a   1525 1574     B     .264        10      .268   .004  weak at every lag
 104 fad13b   1525 1574     B     .213        -5      .214   .001  weak at every lag
 109 fad18a   1425 1474     A     .304         0
 109 fad18a   1450 1499     A     .231         0
 111 fad19b   1675 1724     A     .312         0
 111 fad19b   1700 1749     B     .299        -6      .341   .042
 111 fad19b   1725 1774     B     .275        -6      .448   .173
 111 fad19b   1750 1799     B     .047        -8      .249   .202  weak at every lag
 111 fad19b   1775 1824     B     .175        -7      .378   .203
 113 fad20b   1800 1849     A     .287         0
 117 FAD23B   1225 1274     A     .315         0
 118 fad24a   1400 1449     A     .326         0
 119 fad25a   1725 1774     B     .240        -2      .280   .039  weak at every lag
 119 fad25a   1800 1849     A     .293         0
 130 fbd10b   1675 1724     A     .306         0
 130 fbd10b   1700 1749     B     .321        -4      .481   .160
 132 fbd14a   1675 1724     B     .217       -10      .283   .066  weak at every lag
 132 fbd14a   1700 1749     B     .280        -4      .286   .005  weak at every lag
 134 fbd15a   1575 1624     B     .178        -9      .189   .011  weak at every lag
 134 fbd15a   1600 1649     B    -.037       -10      .221   .258  weak at every lag
 134 fbd15a   1625 1674     A     .308         0
 135 fbd15b   1600 1649     B     .147         8      .258   .111  weak at every lag
 137 fbd16b   1625 1674     B     .279        10      .385   .106
 139 fbd17b   1675 1724     B     .202        -5      .274   .073  weak at every lag
 143 fbd21b   1850 1899     B     .212         2      .237   .025  weak at every lag
 146 fdd01a   1400 1449     A     .302         0
 148 fdd03a   1425 1474     A     .252         0
 148 fdd03a   1450 1499     B     .250         9      .324   .075  weak at every lag
 148 fdd03a   1475 1524     B     .221         9      .400   .179
 150 fdd05a   1475 1524     B     .271         3      .279   .008  weak at every lag
 150 fdd05a   1500 1549     B     .280         3      .304   .024  weak at every lag
 153 fdd06b   1700 1749     B     .220         6      .315   .095  weak at every lag
 156 fdd08a   1300 1349     A     .300         0
 157 fdd08b   1100 1149     B     .309        -6      .320   .011  weak at every lag
 157 fdd08b   1200 1249     A     .257         0
 157 fdd08b   1300 1349     A     .312         0
 159 fdd09b   1525 1574     B     .306         7      .351   .044
 160 fdd10a   1475 1524     B     .139         9      .310   .171  weak at every lag
 160 fdd10a   1500 1549     A     .234         0
 162 fdd11a   1175 1224     B     .220        -2      .252   .032  weak at every lag
 162 fdd11a   1200 1249     B     .140         3      .144   .003  weak at every lag
 162 fdd11a   1225 1274     B     .148        -6      .157   .009  weak at every lag
 162 fdd11a   1250 1299     B     .212        10      .258   .046  weak at every lag
 164 fdd12a   1200 1249     A     .293         0
 166 fdd13a   1725 1774     B     .362        -4      .494   .132
 171 fdd17a   1325 1374     B     .268         2      .282   .014  weak at every lag
 171 fdd17a   1350 1399     B     .284         3      .327   .043  weak at every lag
 171 fdd17a   1375 1424     B     .280         6      .317   .037  weak at every lag
 171 fdd17a   1400 1449     B     .237        10      .326   .089  weak at every lag
 171 fdd17a   1425 1474     B     .183        10      .447   .264
 171 fdd17a   1450 1499     B     .036         6      .212   .177  weak at every lag
 171 fdd17a   1475 1524     B     .234        -2      .405   .170
 172 fdd17b   1325 1374     B     .110         2      .260   .149  weak at every lag
 172 fdd17b   1350 1399     B     .197         5      .214   .018  weak at every lag
 172 fdd17b   1400 1449     B     .338        10      .384   .046
 172 fdd17b   1425 1474     B     .286        10      .330   .045
 172 fdd17b   1450 1499     B     .082        -8      .241   .159  weak at every lag
 173 fdd18a   1625 1674     A     .309         0
 175 fdd19a   1450 1499     B     .171        10      .332   .160
 175 fdd19a   1575 1624     A     .293         0
 176 fdd19b   1450 1499     B     .352         5      .356   .004
 179 fdd21a   1275 1324     B     .346       -10      .366   .019
 180 fdd21b   1275 1324     A     .305         0
 182 fdd22b   1425 1474     B     .139        -3      .226   .087  weak at every lag
 182 fdd22b   1450 1499     B     .102        -6      .333   .230
 187 fdd27a   1550 1599     A     .318         0
 187 fdd27a   1700 1749     B     .212         8      .316   .104  weak at every lag
 189 fdd29a   1550 1599     A     .315         0
 191 Fdd30a   1425 1474     A     .300         0
 192 fdd30b   1450 1499     A     .313         0
 192 fdd30b   1475 1524     B     .291         9      .539   .248
 193 fdd31a   1400 1449     B     .025         9      .133   .107  weak at every lag
 193 fdd31a   1425 1474     A     .199         0
 195 fdd33a   1425 1474     B     .151        -7      .469   .318
 195 fdd33a   1450 1499     B     .175        -1      .245   .071  weak at every lag
 198 FDD34B   1525 1574     A     .201         0
 201 fal02a   1850 1899     B     .204         6      .243   .039  weak at every lag
 202 fal02b   1900 1949     A     .275         0
 204 fal05b   1800 1849     B     .238        -3      .333   .095
 204 fal05b   1825 1874     B     .251         8      .259   .008  weak at every lag
 204 fal05b   1925 1974     A     .298         0
 207 fal07a   1850 1899     B     .175         6      .176   .001  weak at every lag
 214 fbl01b   1925 1974     B     .283         3      .283   .000  weak at every lag
 217 fdl05a   1850 1899     A     .316         0
 217 fdl05a   1875 1924     B     .249        10      .256   .007  weak at every lag
 217 fdl05a   1900 1949     B     .237        10      .323   .086  weak at every lag
 217 fdl05a   1925 1974     A     .216         0
 218 fdl05b   1700 1749     B     .216        -6      .248   .032  weak at every lag
 218 fdl05b   1725 1774     A     .299         0

 DESCRIPTIVE STATISTICS: cana326
-----------------------------------------------------------------------------------------------------------------------------------

                                                Corr   //-------- Unfiltered --------\\  //-- dplR filtered --\\
                           No.    No.    No.    with   Mean   Max     Std   Auto   Mean   Max     Std   Auto  AR
 Seq Series   Interval   Years  Segmt  Flags   Master  msmt   msmt    dev   corr   sens  value    dev   corr  ()
 --- -------- ---------  -----  -----  -----   ------ -----  -----  -----  -----  -----  -----  -----  -----  --
   1 SF05NW   1764 1999    236      8      2    .481    .28    .65   .114   .838   .180   1.44   .182   .013   2
   2 SF08NW   1740 1999    260      9      0    .565    .30    .82   .115   .820   .188   1.67   .193   .015   1
   3 SF08SE   1740 1999    260      9      0    .561    .31    .71   .117   .789   .188   1.79   .201  -.003   1
   4 SF25SE   1590 1979    390     14      1    .512    .34    .92   .166   .909   .166   1.63   .178   .009   1
   5 SF27SE   1728 1999    272      9      0    .601    .39   1.08   .154   .830   .178   1.44   .160  -.008   3
   6 SF31E    1630 1999    370     13      1    .494    .18    .42   .073   .750   .221   1.66   .207   .004   1
   7 SF 31 E' 1693 2000    308     11      4    .393    .26    .79   .119   .841   .198   1.54   .190  -.007   1
   8 SF41W    1650 1999    350     12      3    .411    .16    .79   .134   .899   .253   1.78   .246  -.003   3
   9 SF49E    1740 1999    260      9      4    .401    .45    .80   .141   .773   .179   1.47   .177  -.007   1
  10 SF53N    1550 1997    448     15      2    .566    .24    .58   .083   .774   .191   1.66   .185  -.001   3
  11 NRX01A   1659 1890    232      7      0    .566    .30   1.38   .164   .823   .236   1.65   .224  -.011   3
  12 NRX01B   1636 1885    250      8      1    .436    .23    .91   .142   .791   .259   1.95   .274   .004   2
  13 NRX02B   1710 1806     97      2      0    .580    .35    .93   .197   .864   .212   1.68   .222  -.084   1
  14 NRX04B   1684 1844    161      4      0    .333    .36    .72   .164   .851   .194   1.84   .216   .006   2
  15 NRX05    1659 1818    160      4      0    .608    .30    .80   .116   .797   .186   1.70   .197  -.007   1
  16 NRX06    1600 1790    191      5      1    .496    .31   1.44   .240   .889   .275   2.19   .287   .006   1
  17 NRX06B   1620 1809    190      6      1    .556    .33    .86   .205   .868   .257   2.28   .263  -.025   1
  18 NRX8     1531 1852    322     11      2    .395    .22    .96   .158   .888   .271   2.94   .293   .012   1
  19 NRX08B   1531 1845    315     10      0    .451    .22    .94   .161   .896   .260   2.20   .266  -.002   1
  20 NRX09    1495 1577     83      2      0    .616    .34    .72   .131   .502   .304   1.74   .292   .035   1
  21 NRX10    1413 1526    114      3      0    .659    .37    .74   .166   .818   .204   1.48   .191   .002   1
  22 NRX10B   1413 1555    143      4      0    .492    .34    .81   .163   .852   .179   1.54   .170   .013   0
  23 NRX11    1636 1883    248      8      1    .436    .23    .91   .143   .792   .258   1.94   .274   .003   2
  24 NRX12A   1376 1569    194      5      0    .499    .27    .66   .103   .762   .205   1.70   .205   .032   2
  25 NRX12b   1371 1576    206      7      2    .398    .22    .78   .106   .814   .223   1.77   .231   .009   2
  26 NRX13A   1214 1594    381     13      1    .426    .24    .72   .105   .774   .228   1.77   .230   .020   1
  27 NRX13B   1213 1500    288     10      0    .460    .17    .95   .126   .883   .255   1.79   .253  -.001   1
  28 NRX14A   1251 1494    194                          .24    .61   .095   .757   .219                         
  29 NRX14B   1252 1535    234                          .28    .65   .120   .798   .217                         
  30 NRX15    1667 1819    153      4      0    .486    .20    .87   .149   .876   .235   1.82   .250   .010   1
  31 NRX19    1670 1857    188      6      0    .545    .17    .64   .071   .522   .278   2.00   .268   .028   1
  32 NRX20    1670 1785    116      3      0    .610    .12    .36   .078   .862   .290   1.69   .272   .001   1
  33 NRX21A   1385 1566    182      5      0    .363    .21    .58   .090   .685   .249   2.29   .285  -.007   3
  34 NRX21B   1386 1583    198      6      0    .440    .25    .51   .081   .556   .235   1.94   .240  -.020   2
  35 NRX21C   1385 1566    182      5      0    .363    .21    .58   .090   .685   .249   2.29   .285  -.007   3
  36 NRX28    1667 1810    144      4      0    .476    .18    .69   .095   .787   .229   1.77   .246   .018   1
  37 NRX30B   1298 1373     76      1      1    .261    .37    .88   .189   .763   .258   1.82   .256  -.020   1
  38 NRX32B   1420 1583    164      5      0    .432    .52   1.25   .180   .714   .184   1.79   .207  -.012   1
  39 NRX32A   1410 1559    150      4      0    .358    .25    .74   .124   .852   .224   1.73   .218  -.008   1
  40 NRX33B   1629 1871    243      7      1    .447    .28    .90   .161   .854   .204   1.68   .206   .006   2
  41 NRX34    1354 1568    215      6      1    .471    .14    .48   .082   .867   .203   1.59   .185  -.006   1
  42 NRX34B   1354 1567    214      6      3    .422    .13    .43   .075   .888   .192   1.60   .191   .015   1
  43 NRX35    1250 1499    250      8      5    .279    .10    .24   .047   .795   .257   1.65   .248   .001   3
  44 NRX35B   1250 1529    280      9      6    .304    .10    .34   .054   .841   .238   1.68   .236  -.016   1
  45 NRX36    1650 1870    221      6      0    .491    .21    .66   .102   .834   .229   1.58   .229  -.013   1
  46 NRX37    1625 1805    180                          .24   1.37   .215   .892   .214                         
  47 NRX38A   1207 1540    334     11      0    .404    .19   1.05   .114   .889   .220   1.90   .222  -.012   3
  48 NRX38B   1207 1517    311     10      1    .428    .18   1.00   .111   .880   .242   2.00   .237   .006   1
  49 NRX39    1652 1872    221      6      0    .443    .29    .94   .168   .829   .220   1.80   .228   .006   1
  50 NRX40    1637 1887    251      8      0    .560    .27    .91   .134   .760   .218   1.88   .222   .018   1
  51 nrx41a   1099 1300    202      6      5    .274    .22    .59   .111   .817   .257   1.88   .266   .001   2
  52 nrx41b   1099 1300    202      6      5    .304    .32    .91   .199   .883   .260   1.87   .271  -.003   2
  53 NRX42    1470 1602    133      4      0    .516    .97   2.76   .663   .881   .210   1.61   .206  -.015   2
  54 NRX43    1661 1799    139      4      0    .540    .27    .89   .122   .594   .246   2.16   .277  -.026   1
  55 TH1011   1672 1975    304     11      0    .559    .40    .78   .128   .765   .177   1.76   .184   .004   1
  56 TH1012   1691 1975    285     10      0    .521    .50   1.50   .164   .699   .173   1.91   .187  -.014   3
  57 TH1021   1651 1975    325     11      3    .434    .44   1.32   .268   .879   .206   2.07   .211   .022   1
  58 TH1022   1682 1975    294     10      1    .485    .48    .93   .163   .770   .175   1.52   .180   .012   1
  59 TH1031   1672 1975    304     11      0    .610    .39   1.07   .164   .854   .169   1.52   .171   .008   2
  60 TH1032   1801 1975    175      5      0    .651    .41    .74   .102   .618   .167   1.73   .167   .003   1
  61 TH1041   1772 1975    204      7      0    .592    .54   1.23   .167   .680   .191   1.61   .196   .018   1
  62 TH1061   1747 1974    228      8      1    .457    .54   1.53   .218   .816   .158   2.07   .167  -.010   1
  63 TH1062   1753 1975    223      7      0    .511    .35    .68   .113   .785   .161   1.59   .160  -.015   1
  64 TH1071   1459 1975    517     19      6    .413    .45   1.26   .255   .914   .169   1.62   .179   .004   1
  65 TH1072   1531 1975    445     16      4    .466    .42   1.18   .235   .928   .151   1.50   .161  -.011   1
  66 TH1073   1513 1975    463     17      5    .414    .32    .86   .170   .923   .162   1.60   .164  -.003   3
  67 TH1091   1694 1975    282     10      0    .521    .35    .98   .168   .868   .201   1.60   .189  -.005   3
  68 TH1092   1674 1975    302     11      0    .606    .48   1.26   .179   .730   .188   1.94   .188  -.000   1
  69 TH2011   1800 1975    176      5      0    .540    .21    .54   .082   .882   .157   1.46   .153   .017   1
  70 TH2021   1770 1975    206      7      2    .423    .47    .97   .159   .812   .167   1.45   .163   .023   1
  71 TH2022   1770 1975    206      7      1    .435    .38    .77   .152   .831   .196   1.94   .194  -.006   1
  72 TH2023   1775 1975    201      6      2    .445    .45    .89   .153   .791   .181   1.69   .182   .031   1
  73 TH2061   1620 1975    356     13      2    .504    .37    .72   .117   .818   .150   1.63   .162  -.017   1
  74 TH2062   1668 1975    308     11      0    .512    .47   1.91   .230   .895   .140   1.55   .161  -.037   1
  75 TH2071   1747 1975    229      8      1    .629    .54   1.14   .166   .728   .180   1.42   .170  -.024   3
  76 TH2072   1726 1975    250      8      0    .698    .44    .79   .098   .490   .167   1.90   .171   .006   1
  77 TH2073   1726 1975    250      8      0    .680    .37    .80   .133   .801   .176   1.60   .169   .013   1
  78 TH2081   1560 1975    416     15      2    .588    .22    .53   .086   .844   .172   1.72   .166   .001   3
  79 TH2082   1529 1975    447     16      1    .559    .28    .68   .100   .807   .168   1.58   .174  -.026   1
  80 TH2083   1596 1975    380     14      1    .579    .33    .83   .133   .797   .189   1.63   .196   .021   3
  81 TTHH51   1776 1975    200      6      0    .572    .63   1.11   .187   .744   .168   1.41   .165   .010   2
  82 TTHH52   1734 1975    242      8      2    .444    .45    .84   .144   .748   .185   1.58   .174   .007   3
  83 TTH101   1746 1975    230      8      0    .565    .34    .65   .132   .850   .177   1.86   .179   .006   1
  84 TTH102   1760 1975    216      7      1    .524    .33    .59   .108   .710   .188   1.66   .196  -.008   3
  85 TH2041   1680 1975    296     10      3    .467    .25    .56   .101   .828   .185   1.57   .187   .002   3
  86 TH2042   1670 1975    306     11      0    .460    .28    .66   .101   .817   .187   1.67   .185   .023   1
  87 TH2051   1825 1975    151      4      0    .517    .35    .59   .084   .544   .172   1.58   .178  -.004   2
  88 FAD02    1428 1715    288      9      0    .615    .26    .80   .144   .844   .254   1.90   .255  -.028   1
  89 fad02b   1428 1712    285      9      0    .520    .24    .69   .130   .815   .268   1.74   .256  -.009   1
  90 fad03a   1617 1820    204      6      1    .525    .19   1.37   .207   .897   .297   1.88   .300  -.009   1
  91 FAD04A   1536 1847    312     10      1    .533    .21    .93   .141   .899   .210   1.67   .209   .002   1
  92 FAD04B   1536 1855    320     11      0    .616    .28    .91   .215   .903   .235   1.80   .231   .005   1
  93 fad04c   1535 1843    309     10      0    .587    .30    .94   .186   .850   .260   1.87   .259  -.018   3
  94 fad04d   1535 1852    318     11      0    .632    .21    .86   .154   .902   .224   1.93   .229  -.004   1
  95 fad07a   1634 1954    321     11      1    .514    .25    .64   .138   .819   .264   2.44   .260   .003   3
  96 fad08a   1479 1979    501     18      0    .595    .20    .70   .099   .730   .259   2.46   .256   .004   1
  97 fad08b   1479 1962    482                          .15    .70   .087   .836   .259                         
  98 fad08c   1485 1993    509     18      0    .616    .18    .80   .088   .709   .268   2.06   .255   .001   3
  99 fad08d   1485 1979    494                          .16    .69   .078   .712   .270                         
 100 fad09a   1590 1842    253      8      0    .513    .15    .73   .101   .844   .277   2.44   .289  -.011   1
 101 fad09b   1590 1820    231      7      0    .510    .16    .67   .106   .842   .282   2.24   .286  -.014   1
 102 fad12b   1678 1879    202      6      0    .615    .23    .76   .134   .856   .224   1.68   .219   .011   2
 103 fad13a   1512 1802    291     10      1    .561    .20    .60   .112   .797   .262   2.05   .274   .026   1
 104 fad13b   1512 1807    296     10      1    .513    .19    .54   .080   .662   .260   1.84   .256  -.005   2
 105 fad15a   1680 1890    211      6      0    .525    .17    .48   .066   .562   .274   2.04   .272  -.012   3
 106 fad15b   1680 1888    209      6      0    .540    .20    .51   .085   .630   .271   2.04   .270   .062   0
 107 fad16a   1534 1768    235      7      0    .586    .39   1.12   .189   .741   .250   1.94   .271   .013   1
 108 fad16b   1534 1772    239      7      0    .591    .36    .80   .151   .706   .259   1.87   .255  -.009   3
 109 fad18a   1417 1663    247      8      2    .481    .22   1.26   .208   .917   .269   2.09   .281  -.015   1
 110 fad19a   1614 1867    254      8      0    .500    .22    .53   .094   .702   .260   2.02   .253  -.004   1
 111 fad19b   1614 1841    228      7      5    .381    .16    .45   .080   .767   .249   2.06   .252  -.009   1
 112 fad20a   1633 1877    244                          .14    .50   .076   .806   .247                         
 113 fad20b   1633 1859    227      7      1    .432    .17    .49   .082   .734   .251   2.12   .268  -.021   1
 114 fad22a   1232 1474    243      8      0    .603    .30    .64   .099   .651   .210   1.61   .210   .001   1
 115 fad22d   1259 1504    246      8      0    .516    .31    .78   .118   .656   .244   1.77   .226   .022   3
 116 fad23a   1203 1426    224      7      0    .523    .32    .80   .132   .690   .251   2.04   .247   .008   3
 117 FAD23B   1204 1431    228      7      1    .461    .35    .86   .166   .709   .260   1.94   .265   .001   1
 118 fad24a   1343 1505    163      5      1    .445    .34    .76   .163   .742   .283   1.74   .257   .003   3
 119 fad25a   1632 1863    232      7      2    .375    .20    .69   .147   .867   .275   2.72   .280  -.021   3
 120 fad25b   1632 1877    246      8      0    .485    .23    .71   .140   .799   .261   1.87   .254   .008   1
 121 fbd01a   1619 1841    223      7      0    .509    .26    .79   .136   .753   .258   2.30   .283  -.003   1
 122 fbd01b   1618 1825    208      7      0    .535    .26    .73   .136   .741   .238   2.40   .295   .017   1
 123 FBD04a   1420 1698    279      9      0    .556    .28    .83   .178   .851   .262   2.40   .256  -.024   3
 124 FBD04B   1420 1690    271      9      0    .452    .36    .88   .203   .869   .236   2.54   .250   .001   1
 125 fbd06a   1520 1826    307     11      0    .587    .19    .75   .161   .925   .264   2.04   .263   .005   1
 126 fbd06b   1520 1734    215      7      0    .589    .29   1.00   .199   .907   .235   1.71   .224  -.004   2
 127 fbd07a   1632 1893    262      8      0    .626    .26    .63   .097   .579   .269   1.73   .261  -.002   1
 128 fbd07b   1632 1893    262      8      0    .676    .24    .61   .093   .561   .268   1.92   .266  -.000   1
 129 fbd10    1489 1886    398     14      0    .560    .24    .78   .130   .749   .275   1.88   .278   .010   2
 130 fbd10b   1489 1850    362     13      2    .567    .20   1.01   .111   .775   .290   1.79   .261  -.004   1
 131 fbd12c   1624 1824    201      7      0    .643    .22    .70   .109   .782   .234   1.84   .217   .099   0
 132 fbd14a   1605 1849    245      8      2    .458    .18    .84   .130   .835   .271   2.43   .290  -.027   3
 133 fbd14b   1605 1844    240      7      0    .559    .21   1.00   .163   .839   .264   2.56   .303  -.019   1
 134 fbd15a   1565 1874    310     11      3    .441    .17    .52   .069   .546   .279   2.10   .279   .002   1
 135 fbd15b   1565 1864    300     10      1    .524    .16    .35   .063   .577   .269   2.14   .269  -.017   1
 136 fbd16a   1620 1860    241      8      0    .587    .21    .66   .095   .495   .305   2.09   .290  -.010   2
 137 fbd16b   1620 1871    252      8      1    .478    .17    .54   .075   .599   .283   2.29   .298   .017   1
 138 fbd17a   1623 1823    201      6      0    .481    .24    .88   .186   .910   .249   1.95   .257  -.023   1
 139 fbd17b   1623 1827    205      7      1    .528    .20   1.43   .214   .888   .239   1.74   .238  -.000   1
 140 fbd19a   1229 1478    250      8      0    .582    .32    .77   .146   .794   .229   1.77   .233   .001   1
 141 fbd19b   1283 1478    196      6      0    .567    .28    .72   .120   .745   .234   1.61   .220  -.009   1
 142 fbd21a   1686 1889    204      6      0    .352    .23    .65   .105   .655   .252   2.42   .289   .005   2
 143 fbd21b   1686 1902    217      7      1    .392    .17    .61   .105   .716   .272   2.30   .312   .008   2
 144 FBD23    1560 1884    325     11      0    .527    .23   1.14   .153   .912   .237   1.60   .219  -.005   3
 145 fbd23b   1560 1871    312     10      0    .510    .24   1.26   .179   .911   .252   1.59   .237  -.007   1
 146 fdd01a   1390 1681    292     10      1    .606    .24    .70   .113   .771   .243   1.70   .239  -.002   2
 147 fdd01b   1390 1687    296                          .18    .42   .064   .597   .249                         
 148 fdd03a   1280 1596    317     10      3    .399    .23    .86   .117   .782   .247   1.97   .256  -.019   1
 149 fdd03b   1280 1604    323                          .18    .51   .076   .718   .234                         
 150 fdd05a   1409 1644    236      7      2    .414    .37   1.11   .253   .894   .225   1.64   .222  -.004   2
 151 FDD05B   1367 1628    261                          .31    .85   .146   .776   .227                         
 152 fdd06a   1620 1830    211      7      0    .592    .27    .75   .125   .711   .277   1.98   .277  -.000   1
 153 fdd06b   1621 1835    215      7      1    .525    .24    .65   .105   .629   .274   2.22   .271  -.019   1
 154 fdd07a   1402 1682    281      9      0    .474    .31   1.06   .222   .859   .279   2.25   .283  -.003   3
 155 fdd07b   1402 1679    278      9      0    .503    .35   1.10   .220   .855   .261   1.85   .254  -.009   3
 156 fdd08a   1067 1453    387     13      1    .512    .27    .95   .145   .771   .269   2.19   .266   .011   1
 157 fdd08b   1067 1387    321     10      3    .454    .26    .84   .130   .717   .263   3.12   .263   .068   0
 158 fdd09a   1323 1593    271      9      0    .566    .34    .88   .142   .647   .258   1.97   .256   .011   1
 159 fdd09b   1323 1599    277     10      1    .578    .34    .87   .132   .610   .251   1.92   .245   .012   1
 160 fdd10a   1363 1683    321     11      2    .424    .18    .47   .082   .784   .247   2.02   .249   .020   1
 161 fdd10b   1330 1627    296                          .16    .38   .061   .708   .249                         
 162 fdd11a   1164 1436    273      9      4    .316    .25    .70   .138   .764   .282   2.28   .293   .006   1
 163 FDD11B   1164 1437    273                          .20    .82   .135   .794   .309                         
 164 fdd12a   1101 1283    183      5      1    .493    .52   1.48   .333   .883   .257   1.85   .274  -.007   1
 165 fdd12b   1103 1269    167      4      0    .485    .38    .83   .187   .730   .291   1.91   .309  -.016   1
 166 fdd13a   1631 1880    250      8      1    .348    .29    .74   .151   .889   .184   2.08   .203  -.014   3
 167 fdd13b   1627 1878    252      8      0    .442    .15    .36   .055   .707   .219   1.72   .219  -.010   3
 168 fdd14a   1414 1623    210      6      0    .455    .23    .57   .101   .791   .223   1.79   .236   .069   1
 169 fdd16a   1380 1578    199      6      0    .496    .28    .68   .142   .842   .235   1.66   .232  -.013   3
 170 fdd16b   1383 1584    202      6      0    .477    .27    .67   .121   .725   .258   1.78   .262  -.010   3
 171 fdd17a   1303 1743    441     15      7    .333    .22    .88   .146   .877   .246   1.84   .247  -.006   1
 172 fdd17b   1302 1744    443     15      5    .370    .16    .63   .095   .836   .257   1.93   .244   .005   1
 173 fdd18a   1544 1799    256      9      1    .411    .21    .47   .091   .746   .237   1.83   .246  -.024   3
 174 fdd18b   1600 1839    240      7      0    .533    .14    .40   .060   .685   .244   2.13   .268   .001   1
 175 fdd19a   1370 1711    342     12      2    .478    .18    .69   .113   .875   .231   1.70   .222   .005   3
 176 fdd19b   1370 1620    251      8      1    .493    .16    .59   .090   .854   .252   1.76   .250   .003   2
 177 fdd20a   1370 1661    292     10      0    .577    .24   1.09   .183   .894   .259   1.95   .279  -.008   1
 178 fdd20b   1370 1669    300     10      0    .631    .28    .99   .187   .895   .245   1.81   .243   .011   2
 179 fdd21a   1271 1611    341     12      1    .468    .17    .56   .072   .773   .222   1.68   .222  -.005   1
 180 fdd21b   1271 1613    343     12      1    .495    .19    .58   .076   .750   .226   1.70   .213   .008   1
 181 fdd22a   1219 1529    311     11      0    .532    .21    .74   .132   .816   .250   1.89   .254   .022   1
 182 fdd22b   1219 1518    300     10      2    .484    .22    .74   .133   .804   .269   2.48   .270   .011   1
 183 FDD24    1432 1683    252      8      0    .598    .32    .84   .130   .718   .223   1.69   .210   .003   1
 184 fdd24b   1432 1679    248      8      0    .570    .24    .63   .115   .818   .240   1.63   .219   .001   2
 185 fdd25a   1320 1519    200      6      0    .571    .68   2.32   .438   .808   .263   2.05   .304   .029   1
 186 fdd25b   1320 1480    161      5      0    .573    .96   2.57   .555   .750   .276   2.61   .336  -.005   1
 187 fdd27a   1509 1827    319     11      2    .523    .17    .48   .063   .641   .236   2.08   .238  -.015   1
 188 fdd27b   1509 1820    312     10      0    .597    .18    .41   .073   .737   .233   1.85   .231  -.004   1
 189 fdd29a   1372 1618    247      8      1    .493    .23    .66   .115   .797   .250   1.79   .248   .010   1
 190 fdd29b   1367 1621    255      8      0    .550    .22    .50   .099   .733   .244   1.55   .227   .078   0
 191 Fdd30a   1412 1692    281      9      1    .442    .22    .93   .166   .919   .238   2.24   .278   .035   1
 192 fdd30b   1412 1697    286      9      2    .514    .18    .61   .111   .874   .234   1.87   .245  -.010   1
 193 fdd31a   1378 1673    296      9      2    .462    .26    .76   .133   .802   .254   1.81   .262  -.004   1
 194 fdd31b   1378 1671    293                          .25    .80   .123   .823   .227                         
 195 fdd33a   1403 1709    307     10      2    .511    .26    .88   .184   .890   .245   2.11   .254   .010   1
 196 fdd33b   1403 1727    325     11      0    .594    .30    .93   .201   .881   .243   2.21   .253   .010   1
 197 FDD34    1507 1821    315     10      0    .592    .29    .64   .101   .564   .257   1.95   .244  -.010   1
 198 FDD34B   1507 1815    309     10      1    .512    .26    .69   .129   .766   .273   1.94   .258  -.004   3
 199 fdd35a   1177 1385    209      6      0    .453    .31   1.06   .170   .825   .255   2.02   .261   .005   1
 200 fdd35b   1177 1419    243      7      0    .435    .29    .99   .169   .849   .233   1.95   .239  -.010   1
 201 fal02a   1675 2002    328     11      1    .500    .26    .56   .089   .672   .219   1.74   .216  -.006   1
 202 fal02b   1635 2002    368     13      1    .513    .21    .81   .081   .668   .234   2.08   .231  -.004   3
 203 fal05a   1756 2002    247      8      0    .589    .44   1.10   .217   .851   .200   1.67   .208  -.015   1
 204 fal05b   1716 2002    287     10      3    .429    .32    .86   .120   .609   .232   2.12   .241  -.020   1
 205 fal06a   1793 2002    210      7      0    .472    .48   1.15   .189   .724   .225   1.71   .228   .016   2
 206 fal06b   1793 2002    210      7      0    .523    .35    .81   .147   .786   .219   1.57   .205   .007   2
 207 fal07a   1735 2002    268      9      1    .525    .22    .58   .106   .692   .261   1.92   .256   .005   1
 208 fal07b   1735 2002    268      9      0    .512    .18    .44   .076   .664   .234   1.82   .247  -.012   1
 209 fal08a   1671 2002    332     12      0    .628    .27    .65   .104   .572   .265   1.81   .241   .069   0
 210 fal08b   1651 2002    352     12      0    .577    .23    .79   .116   .744   .275   1.78   .248   .008   0
 211 fal11a   1761 2002    242      8      0    .685    .36    .89   .158   .683   .271   2.19   .267   .006   2
 212 fal11b   1761 2002    242      8      0    .580    .44   1.27   .257   .788   .289   2.08   .278  -.012   3
 213 fbl01a   1784 2002    219      7      0    .580    .59   1.51   .255   .695   .275   1.83   .265   .003   2
 214 fbl01b   1784 2002    219      7      1    .490    .39    .96   .172   .675   .253   1.88   .247  -.013   1
 215 fdl04a   1765 2002    238      8      0    .512    .31    .85   .136   .731   .245   2.08   .254   .001   1
 216 fdl04b   1765 2002    238      8      0    .477    .24    .67   .098   .492   .272   2.55   .326   .008   1
 217 fdl05a   1697 2002    306     11      4    .412    .17    .36   .071   .642   .288   2.23   .294  -.016   3
 218 fdl05b   1697 2002    306     11      2    .540    .24    .65   .107   .743   .220   1.98   .228  -.016   3
 --- -------- ---------  -----  -----  -----   ------ -----  -----  -----  -----  -----  -----  -----  -----  --
 Total or mean:          57491   1762    184    .506    .27   2.76   .136   .781   .234   3.12   .235   .001

 DATA CHECKS (rwl.check): cana326
-----------------------------------------------------------------------------------------------------------------------------------
 rwl.check: data_files/treering/measurements/northamerica/canada/cana326.rwl
 218 series, 57491 measurements, 1067-2002, 0.001 mm precision
 1 error(s), 13 warning(s), 78 note(s)
 -------------
 ERROR
   RWL_DUP_SERIES (1)
     NRX21A: identical measurements in NRX21A, NRX21C; one core may be archived twice
 -------------
 WARNING
   RWL_INTERNAL_NA (12)
     fad08b: no measurement for 1605, 1615, inside the measured span of the series. The file records nothing for those years, which is not a fault, but detrend(), chron(), strip.rwl(), rwi.stats() and sss() fail on interior gaps and this series cannot be crossdated. Use fill.internal.NA() to close them deliberately
     fad08d: no measurement for 1892, inside the measured span of the series. The file records nothing for that year, which is not a fault, but detrend(), chron(), strip.rwl(), rwi.stats() and sss() fail on interior gaps and this series cannot be crossdated. Use fill.internal.NA() to close them deliberately
     fad20a: no measurement for 1699, inside the measured span of the series. The file records nothing for that year, which is not a fault, but detrend(), chron(), strip.rwl(), rwi.stats() and sss() fail on interior gaps and this series cannot be crossdated. Use fill.internal.NA() to close them deliberately
     fdd01b: no measurement for 1508-1509, inside the measured span of the series. The file records nothing for those years, which is not a fault, but detrend(), chron(), strip.rwl(), rwi.stats() and sss() fail on interior gaps and this series cannot be crossdated. Use fill.internal.NA() to close them deliberately
     fdd03b: no measurement for 1508-1509, inside the measured span of the series. The file records nothing for those years, which is not a fault, but detrend(), chron(), strip.rwl(), rwi.stats() and sss() fail on interior gaps and this series cannot be crossdated. Use fill.internal.NA() to close them deliberately
     FDD05B: no measurement for 1509, inside the measured span of the series. The file records nothing for that year, which is not a fault, but detrend(), chron(), strip.rwl(), rwi.stats() and sss() fail on interior gaps and this series cannot be crossdated. Use fill.internal.NA() to close them deliberately
     fdd10b: no measurement for 1540, 1574, inside the measured span of the series. The file records nothing for those years, which is not a fault, but detrend(), chron(), strip.rwl(), rwi.stats() and sss() fail on interior gaps and this series cannot be crossdated. Use fill.internal.NA() to close them deliberately
     FDD11B: no measurement for 1220, inside the measured span of the series. The file records nothing for that year, which is not a fault, but detrend(), chron(), strip.rwl(), rwi.stats() and sss() fail on interior gaps and this series cannot be crossdated. Use fill.internal.NA() to close them deliberately
     fdd31b: no measurement for 1509, inside the measured span of the series. The file records nothing for that year, which is not a fault, but detrend(), chron(), strip.rwl(), rwi.stats() and sss() fail on interior gaps and this series cannot be crossdated. Use fill.internal.NA() to close them deliberately
     NRX14A: no measurement for 1300-1349, inside the measured span of the series. The file records nothing for those years, which is not a fault, but detrend(), chron(), strip.rwl(), rwi.stats() and sss() fail on interior gaps and this series cannot be crossdated. Use fill.internal.NA() to close them deliberately
     ... and 2 more; see as.data.frame()
   RWL_MIXED_PRECISION (1)
     the file declares more than one precision (0.001 and 0.01 mm). That is legal and rare, and easy to miss: series measured at different precisions sit in one object
 78 note(s) not shown; see rwl.check() or the 'check' element of this report.

 NOTES
-----------------------------------------------------------------------------------------------------------------------------------
 Report generated using dplR 1.8.1 (R 4.5.2) on 2026-10-01 16:49 PDT.
 Measurement file cana326.rwl, MD5 e5e8a22402000e1d41bc3668ae02b786.
 Filtering: each series divided by a 32-year smoothing spline (caps()), then prewhitened with
   an AR model (order by AIC, at most 3).
 Master: biweight robust mean of the other series (leave-one-out).
 Correlation: Pearson, one-tailed, pcrit = 0.01; critical r = 0.3281 for 50-year segments.
 Segments: 50 years, lagged 25, first segment floored to 100. Lags searched: +/- 10 years.
 A segment is tested only where the series and the master cover all of it, at the dated
   position and at every lag. COFECHA also tests partial segments at the ends of a series, so
   series here may show fewer segments, and no flags can be raised at the ends of the record.
 Lags follow COFECHA: negative means rings are probably missing from the series, positive means
   false rings. A missing ring carries its lag into every segment before it, so look where the
   lag changes along a series. A B flag is a hypothesis to check on the wood; the gain says how
   seriously to take it.
 A B flag marked "weak at every lag" correlates under the critical value even at its best lag:
   the segment is weak wherever it is placed, and the shift is not evidence of a dating error.
   Treat it as a low correlation, like an A.
 Averages in the summary and the totals are weighted by the number of years in each series, as
   COFECHA's are.
 Unfiltered block and mean sensitivity: the measurements as read, and sens1().
 dplR filtered block: the series that was correlated, after filtering. COFECHA's filtered
   series is defined differently, so these three columns are not COFECHA's numbers.
 AR: order of the AR model used to prewhiten.
 Left out of the crossdating: series NRX14A has internal NA values, and the 'nyrs' spline needs
   an unbroken series. Fill them with fill.internal.NA(), remove the series, or use 'n' instead
   of 'nyrs'
 Left out of the crossdating: series NRX14B has internal NA values, and the 'nyrs' spline needs
   an unbroken series. Fill them with fill.internal.NA(), remove the series, or use 'n' instead
   of 'nyrs'
 Left out of the crossdating: series NRX37 has internal NA values, and the 'nyrs' spline needs
   an unbroken series. Fill them with fill.internal.NA(), remove the series, or use 'n' instead
   of 'nyrs'
 Left out of the crossdating: series fad08b has internal NA values, and the 'nyrs' spline needs
   an unbroken series. Fill them with fill.internal.NA(), remove the series, or use 'n' instead
   of 'nyrs'
 Left out of the crossdating: series fad08d has internal NA values, and the 'nyrs' spline needs
   an unbroken series. Fill them with fill.internal.NA(), remove the series, or use 'n' instead
   of 'nyrs'
 Left out of the crossdating: series fad20a has internal NA values, and the 'nyrs' spline needs
   an unbroken series. Fill them with fill.internal.NA(), remove the series, or use 'n' instead
   of 'nyrs'
 Left out of the crossdating: series fdd01b has internal NA values, and the 'nyrs' spline needs
   an unbroken series. Fill them with fill.internal.NA(), remove the series, or use 'n' instead
   of 'nyrs'
 Left out of the crossdating: series fdd03b has internal NA values, and the 'nyrs' spline needs
   an unbroken series. Fill them with fill.internal.NA(), remove the series, or use 'n' instead
   of 'nyrs'
 Left out of the crossdating: series FDD05B has internal NA values, and the 'nyrs' spline needs
   an unbroken series. Fill them with fill.internal.NA(), remove the series, or use 'n' instead
   of 'nyrs'
 Left out of the crossdating: series fdd10b has internal NA values, and the 'nyrs' spline needs
   an unbroken series. Fill them with fill.internal.NA(), remove the series, or use 'n' instead
   of 'nyrs'
 Left out of the crossdating: series FDD11B has internal NA values, and the 'nyrs' spline needs
   an unbroken series. Fill them with fill.internal.NA(), remove the series, or use 'n' instead
   of 'nyrs'
 Left out of the crossdating: series fdd31b has internal NA values, and the 'nyrs' spline needs
   an unbroken series. Fill them with fill.internal.NA(), remove the series, or use 'n' instead
   of 'nyrs'
