
 COFECHA-style crossdating report: mex139
 Report generated using dplR 1.8.1 (R 4.5.2) on 2026-10-01 16:55 PDT
 Built with dplR's xdate.report(), not COFECHA; see the notes at the end.


      Measurement file name  : mex139.rwl
      MD5 of measurement file: f436ec9c4e50586488c2c8a5d5d396cf
      Date checked           : 01OCT26
      Beginning year         : 0
      Ending year            : 2019
      Principal investigators: Villanueva-Díaz, J.; Astudillo-Sánchez, C.; Soria-Díaz, L.
      Site name              : Magdaleno Aguilar, Tamaulipas (MAG)
      Species information    : PIPC Pinus pinceana Gordon & Glend.
      Latitude               : 23.4420 N
      Longitude              : 99.4940 W
      Elevation              : 1260 m

      Series intercorrelation: 0.561
      Avg mean sensitivity   : 0.576
      Avg standard deviation : 0.892
      Avg autocorrelation    : 0.392
      Number dated series    : 125
      Segment length tested  : 50

      Number problem segments: 29  (A 8, B 21; 8 of the B weak at every lag)
      Pct problem segments   : 16.76


 CORRELATION OF SERIES BY SEGMENTS: mex139
-----------------------------------------------------------------------------------------------------------------------------------
 Correlations of  50-year dated segments, lagged  25 years
 Flags:  A = correlation under   .3281 but highest as dated;  B = correlation higher at other than dated position

 Seq Series  Time_span     0   25   50   75  100  125  150  175  200  225  250  275  300  325  350  375  400  425  450  475 
                          49   74   99  124  149  174  199  224  249  274  299  324  349  374  399  424  449  474  499  524 
 --- -------- ---------  ---- ---- ---- ---- ---- ---- ---- ---- ---- ---- ---- ---- ---- ---- ---- ---- ---- ---- ---- ---- 
 Av segment correlation                                                                                                     

 CORRELATION OF SERIES BY SEGMENTS: mex139
-----------------------------------------------------------------------------------------------------------------------------------
 Correlations of  50-year dated segments, lagged  25 years
 Flags:  A = correlation under   .3281 but highest as dated;  B = correlation higher at other than dated position

 Seq Series  Time_span   500  525  550  575  600  625  650  675  700  725  750  775  800  825  850  875  900  925  950  975 
                         549  574  599  624  649  674  699  724  749  774  799  824  849  874  899  924  949  974  999 1024 
 --- -------- ---------  ---- ---- ---- ---- ---- ---- ---- ---- ---- ---- ---- ---- ---- ---- ---- ---- ---- ---- ---- ---- 
 Av segment correlation                                                                                                     

 CORRELATION OF SERIES BY SEGMENTS: mex139
-----------------------------------------------------------------------------------------------------------------------------------
 Correlations of  50-year dated segments, lagged  25 years
 Flags:  A = correlation under   .3281 but highest as dated;  B = correlation higher at other than dated position

 Seq Series  Time_span  1000 1025 1050 1075 1100 1125 1150 1175 1200 1225 1250 1275 1300 1325 1350 1375 1400 1425 1450 1475 
                        1049 1074 1099 1124 1149 1174 1199 1224 1249 1274 1299 1324 1349 1374 1399 1424 1449 1474 1499 1524 
 --- -------- ---------  ---- ---- ---- ---- ---- ---- ---- ---- ---- ---- ---- ---- ---- ---- ---- ---- ---- ---- ---- ---- 
 Av segment correlation                                                                                                     

 CORRELATION OF SERIES BY SEGMENTS: mex139
-----------------------------------------------------------------------------------------------------------------------------------
 Correlations of  50-year dated segments, lagged  25 years
 Flags:  A = correlation under   .3281 but highest as dated;  B = correlation higher at other than dated position

 Seq Series  Time_span  1500 1525 1550 1575 1600 1625 1650 1675 1700 1725 1750 1775 1800 1825 1850 1875 1900 1925 1950 
                        1549 1574 1599 1624 1649 1674 1699 1724 1749 1774 1799 1824 1849 1874 1899 1924 1949 1974 1999 
 --- -------- ---------  ---- ---- ---- ---- ---- ---- ---- ---- ---- ---- ---- ---- ---- ---- ---- ---- ---- ---- ---- 
   1 MAG01A   1910 2018                                                                                       .65  .80 
   2 MAG01B   1900 2019                                                                                  .26A .55  .71 
   3 MAG01C   1871 2017                                                                             .49  .64  .63  .55 
   4 MAG02A   1914 2019                                                                                       .69  .73 
   5 MAG02B   1911 2016                                                                                       .48  .44 
   6 MAG02C   1898 1977                                                                                  .67  .72      
   7 MAG03A   1905 2019                                                                                       .24B .47 
   8 MAG03B   1919 2017                                                                                       .34  .60 
   9 MAG03C   1892 2019                                                                                  .58  .58  .74 
  10 MAG04A   1900 2019                                                                                       .31B .60 
  11 MAG04B   1877 2019                                                                                  .48  .64  .71 
  12 MAG04C   1901 2018                                                                                       .58  .45 
  13 MAG05A   1895 2019                                                                                  .79  .79  .74 
  14 MAG05B   1907 2019                                                                                       .72  .69 
  15 MAG05C   1932 2019                                                                                            .63 
  16 MAG06A   1879 2019                                                                                  .35  .47  .77 
  17 MAG06B   1870 2019                                                                             .41  .33  .37  .63 
  18 MAG06C   1881 2019                                                                                  .38  .48  .69 
  19 MAG06D   1879 2019                                                                                  .52  .52  .64 
  20 MAG07A   1900 2019                                                                                  .19A .39  .61 
  21 MAG07B   1884 2012                                                                                  .37  .19B .26B
  23 MAG08A   1950 2003                                                                                            .69 
  24 MAG08B   1935 2019                                                                                            .59 
  25 MAG09A   1903 2018                                                                                       .66  .72 
  28 MAG10A   1932 2018                                                                                            .29A
  29 MAG10B   1934 2019                                                                                            .65 
  30 MAG10C   1919 2018                                                                                       .49  .69 
  34 MAG12A   1900 2018                                                                                  .59  .78  .66 
  35 MAG12B   1885 2014                                                                                  .58  .63  .74 
  36 MAG12C   1900 2018                                                                                       .79  .78 
  37 MAG13A   1943 2019                                                                                            .58 
  41 MAG15A   1880 2017                                                                                  .51  .72  .68 
  43 MAG16C   1926 2019                                                                                            .61 
  45 MAG17B   1903 2012                                                                                       .56  .20B
  47 MAG19A   1914 2018                                                                                       .19B .43 
  48 MAG19B   1890 2019                                                                                  .47  .59  .71 
  49 MAG19C   1894 2016                                                                                  .07B .38  .61 
  51 MAG20A   1883 2016                                                                                  .11B .04B .25B
  52 MAG20B   1927 2019                                                                                            .18B
  53 MAG21A   1877 2019                                                                                  .76  .69  .62 
  54 MAG21B   1889 2019                                                                                  .55  .24B .35 
  55 MAG22A   1898 2019                                                                                  .50  .44  .47 
  56 MAG22b   1890 2019                                                                                  .49  .39  .30A
  57 MAG22C   1877 2019                                                                                  .62  .74  .61 
  58 MAG24B   1908 2015                                                                                       .44  .33 
  59 MAG24C   1902 1993                                                                                       .30A     
  60 MAG26A   1880 2019                                                                                  .63  .66  .70 
  61 MAG26B   1896 2017                                                                                  .19B .32B .53 
  63 MAG27A   1870 1975                                                                             .43  .56  .26A     
  65 MAG27C   1900 2002                                                                                  .29A .36B .33 
  66 MAG29B   1916 2018                                                                                       .53  .63 
  67 MAG30a   1890 2017                                                                                  .09B-.06B .10B
  68 MAG30C   1886 2019                                                                                  .40B .35  .51 
  69 MAG31A   1888 1975                                                                                  .47  .38      
  70 MAG31B   1867 2019                                                                             .24B .26A .45  .74 
  71 MAG31C   1884 1958                                                                                  .50           
  72 MAG32B   1890 1952                                                                                  .55           
  74 MAG33A   1937 2018                                                                                            .70 
  77 MAG34D   1888 1975                                                                                  .41B .35      
  78 MAG35B   1933 2019                                                                                            .62 
  79 MAG35C   1938 2019                                                                                            .41 
  80 MAG36A   1947 2019                                                                                            .89 
  81 MAG36B   1941 2018                                                                                            .87 
  82 MAG36C   1945 2019                                                                                            .88 
  83 MAG36D   1937 2019                                                                                            .88 
  87 MAG38A   1906 1990                                                                                       .46      
  89 MAG38C   1911 2011                                                                                       .59  .56 
  90 MAG39A   1914 2019                                                                                       .65  .71 
  91 MAG39B   1901 2019                                                                                       .33  .58 
  92 MAG39C   1912 2005                                                                                       .64  .70 
  93 MAG40A   1937 2018                                                                                            .75 
  95 MAG40C   1938 2019                                                                                            .80 
  97 MAG41A   1930 2018                                                                                            .53 
  98 MAG41B   1937 2017                                                                                            .79 
  99 MAG41C   1930 2018                                                                                            .82 
 100 MAG42A   1918 2019                                                                                       .45  .70 
 101 MAG42B   1920 2019                                                                                       .73  .72 
 102 MAG43A   1950 2018                                                                                            .80 
 103 MAG43B   1939 2017                                                                                            .79 
 104 MAG43C   1947 2018                                                                                            .85 
 108 MAG45A   1943 2019                                                                                            .64 
 109 MAG45B   1939 2018                                                                                            .69 
 110 MAG45C   1938 2018                                                                                            .82 
 111 MAG45D   1932 2019                                                                                            .77 
 112 MAG45E   1927 2019                                                                                            .77 
 113 MAG45F   1936 2019                                                                                            .77 
 124 MAG50A   1940 2018                                                                                            .73 
 125 MAG50C   1936 2019                                                                                            .63 
 Av segment correlation                                                                             .39  .45  .49  .62 

 FLAGGED SEGMENTS: mex139
-----------------------------------------------------------------------------------------------------------------------------------
 Seq Series   Segment    Flag  r dated  Best lag  r at lag   Gain  Note
 --- -------- ---------  ----  -------  --------  --------  -----  -----------------
   2 MAG01B   1900 1949     A     .257         0
   7 MAG03A   1925 1974     B     .238         1      .283   .046  weak at every lag
  10 MAG04A   1925 1974     B     .310         3      .652   .342
  20 MAG07A   1900 1949     A     .186         0
  21 MAG07B   1925 1974     B     .191        -3      .334   .143
  21 MAG07B   1950 1999     B     .260         7      .648   .388
  28 MAG10A   1950 1999     A     .291         0
  45 MAG17B   1950 1999     B     .201         7      .613   .412
  47 MAG19A   1925 1974     B     .188        -8      .394   .205
  49 MAG19C   1900 1949     B     .067        -5      .197   .130  weak at every lag
  51 MAG20A   1900 1949     B     .106        10      .212   .105  weak at every lag
  51 MAG20A   1925 1974     B     .035        10      .317   .282  weak at every lag
  51 MAG20A   1950 1999     B     .248         6      .297   .049  weak at every lag
  52 MAG20B   1950 1999     B     .180        -8      .280   .100  weak at every lag
  54 MAG21B   1925 1974     B     .241        -1      .476   .235
  56 MAG22b   1950 1999     A     .297         0
  59 MAG24C   1925 1974     A     .302         0
  61 MAG26B   1900 1949     B     .189        -5      .514   .325
  61 MAG26B   1925 1974     B     .318        -2      .430   .112
  63 MAG27A   1925 1974     A     .259         0
  65 MAG27C   1900 1949     A     .290         0
  65 MAG27C   1925 1974     B     .356         1      .395   .039
  67 MAG30a   1900 1949     B     .094       -10      .398   .303
  67 MAG30a   1925 1974     B    -.055        -7      .323   .378  weak at every lag
  67 MAG30a   1950 1999     B     .095        -5      .251   .155  weak at every lag
  68 MAG30C   1900 1949     B     .398         3      .616   .218
  70 MAG31B   1875 1924     B     .243        -2      .410   .166
  70 MAG31B   1900 1949     A     .262         0
  77 MAG34D   1900 1949     B     .405         3      .560   .155

 DESCRIPTIVE STATISTICS: mex139
-----------------------------------------------------------------------------------------------------------------------------------

                                                Corr   //-------- Unfiltered --------\\  //-- dplR filtered --\\
                           No.    No.    No.    with   Mean   Max     Std   Auto   Mean   Max     Std   Auto  AR
 Seq Series   Interval   Years  Segmt  Flags   Master  msmt   msmt    dev   corr   sens  value    dev   corr  ()
 --- -------- ---------  -----  -----  -----   ------ -----  -----  -----  -----  -----  -----  -----  -----  --
   1 MAG01A   1910 2018    109      2      0    .707   1.03   3.10   .772   .484   .658   2.81   .590   .003   1
   2 MAG01B   1900 2019    120      3      1    .615   1.11   4.60   .762   .236   .632   3.56   .598   .068   0
   3 MAG01C   1871 2017    147      4      0    .570    .92   3.20   .654   .266   .640   2.91   .623   .048   0
   4 MAG02A   1914 2019    106      2      0    .712   1.27   4.30  1.001   .601   .610   3.25   .593  -.021   1
   5 MAG02B   1911 2016    106      2      0    .413   1.09   3.50   .779   .512   .534   3.30   .581   .053   1
   6 MAG02C   1898 1977     80      2      0    .645    .84   2.20   .493   .394   .536   2.14   .493   .012   2
   7 MAG03A   1905 2019    115      2      1    .528   1.34   4.70   .927   .482   .574   3.44   .570   .021   1
   8 MAG03B   1919 2017     99      2      0    .556   1.28   4.00   .782   .336   .572   3.03   .554  -.014   1
   9 MAG03C   1892 2019    128      3      0    .661   1.10   3.20   .745   .390   .633   2.93   .580  -.011   1
  10 MAG04A   1900 2019    120      2      1    .462   1.32   4.50   .937   .421   .592   2.69   .562  -.027   3
  11 MAG04B   1877 2019    143      3      0    .578    .70   3.20   .578   .356   .691   3.37   .658   .002   3
  12 MAG04C   1901 2018    118      2      0    .498   1.31   6.00  1.001   .394   .619   2.79   .576   .002   2
  13 MAG05A   1895 2019    125      3      0    .739   1.46   4.60   .874   .313   .560   2.46   .516   .015   1
  14 MAG05B   1907 2019    113      2      0    .709   1.05   2.90   .727   .316   .640   2.68   .611  -.017   2
  15 MAG05C   1932 2019     88      1      0    .602   1.33   7.50  1.265   .643   .650   2.95   .616   .150   0
  16 MAG06A   1879 2019    141      3      0    .538   1.70   5.90  1.031   .455   .555   2.59   .514   .024   1
  17 MAG06B   1870 2019    150      4      0    .462    .99   3.60   .641   .235   .656   2.99   .574   .111   0
  18 MAG06C   1881 2019    139      3      0    .536   1.31   4.50   .872   .374   .596   2.90   .549  -.003   2
  19 MAG06D   1879 2019    141      3      0    .575   1.21   4.90   .850   .350   .630   3.10   .580  -.013   2
  20 MAG07A   1900 2019    120      3      1    .504    .86   3.10   .655   .254   .624   3.23   .662   .044   0
  21 MAG07B   1884 2012    129      3      2    .287   1.02   3.90   .733   .287   .583   3.55   .630  -.002   1
  22 MAG07C   1950 2007     58      0      0    .398    .64   2.90   .573  -.018   .820   3.07   .689   .008   1
  23 MAG08A   1950 2003     54      1      0    .683   1.77   4.80  1.122   .248   .676   2.13   .534   .005   0
  24 MAG08B   1935 2019     85      1      0    .503   1.65   5.10  1.022   .406   .517   2.63   .508   .028   1
  25 MAG09A   1903 2018    116      2      0    .582   2.00   6.70  1.466   .594   .522   2.84   .506   .002   1
  26 MAG09B   1963 2018     56      0      0    .766   2.04   6.10  1.479   .470   .554   2.83   .565   .149   0
  27 MAG09C   1968 2018     51      0      0    .715   2.23   6.40  1.556   .437   .521   2.67   .531   .181   0
  28 MAG10A   1932 2018     87      1      1    .271   1.19   4.80   .906   .388   .642   2.94   .651   .014   1
  29 MAG10B   1934 2019     86      1      0    .402   1.08   4.20   .870   .476   .530   2.87   .625   .042   1
  30 MAG10C   1919 2018    100      2      0    .559    .93   3.30   .614   .239   .643   2.93   .609   .088   0
  31 MAG11A   1965 2019     55      0      0    .608   2.05   5.10  1.069   .433   .509   2.65   .473   .188   0
  32 MAG11B   1953 2018     66      0      0    .585   1.71   5.00  1.004   .552   .395   2.21   .399  -.063   3
  33 MAG11C   1958 2019     62      0      0    .535   1.92   5.30   .981   .370   .508   2.22   .432   .088   0
  34 MAG12A   1900 2018    119      3      0    .666   1.31   4.50   .790   .204   .635   2.50   .533   .047   0
  35 MAG12B   1885 2014    130      3      0    .651    .99   2.90   .594   .272   .598   2.48   .522   .008   1
  36 MAG12C   1900 2018    119      2      0    .723   1.21   4.40   .754   .310   .623   2.77   .548   .006   1
  37 MAG13A   1943 2019     77      1      0    .574   2.53   6.40  1.563   .372   .525   2.24   .539   .023   1
  38 MAG13B   1954 2019     66      0      0    .574   2.01   4.60  1.204   .396   .521   2.71   .541   .026   1
  39 MAG14A   1960 2014     55      0      0    .812   1.77   4.40   .828   .196   .443   2.24   .428   .079   0
  40 MAG14B   1957 2019     63      0      0    .515   1.86   4.60   .843   .066   .496   2.55   .437  -.053   0
  41 MAG15A   1880 2017    138      3      0    .624    .82   3.50   .643   .227   .695   3.80   .678  -.011   3
  42 MAG15B   1950 2018     69      0      0    .389    .70   2.20   .498   .060   .687   3.11   .612  -.039   3
  43 MAG16C   1926 2019     94      1      0    .580    .85   2.50   .493   .411   .512   2.31   .478   .142   0
  44 MAG17A   1901 1961     61      0      0    .428   1.23   2.60   .627   .264   .472   1.98   .429  -.026   2
  45 MAG17B   1903 2012    110      2      1    .454   1.28   6.00  1.065   .561   .577   3.16   .519   .008   1
  46 MAG17C   1914 1967     54      0      0    .452   1.43   4.00   .814   .249   .595   2.32   .528   .059   1
  47 MAG19A   1914 2018    105      2      1    .369   1.10   6.00  1.045   .406   .722   3.27   .677  -.000   1
  48 MAG19B   1890 2019    130      3      0    .624    .87   5.00   .774   .545   .701   3.07   .657   .015   3
  49 MAG19C   1894 2016    123      3      1    .402    .82   3.30   .567   .299   .632   3.48   .600   .068   0
  50 MAG19D   1960 2016     57      0      0    .714   2.00   4.60   .863   .264   .402   2.40   .384   .095   0
  51 MAG20A   1883 2016    134      3      3    .203    .83   3.30   .623   .275   .696   3.56   .645  -.033   2
  52 MAG20B   1927 2019     93      1      1    .339   1.42   6.00  1.097   .281   .575   4.03   .681   .057   0
  53 MAG21A   1877 2019    143      3      0    .562   1.14   3.60   .800   .376   .684   3.52   .628  -.013   3
  54 MAG21B   1889 2019    131      3      1    .468   1.00   3.80   .806   .461   .677   3.40   .667  -.023   3
  55 MAG22A   1898 2019    122      3      0    .513    .85   4.10   .616   .149   .711   3.22   .637  -.073   0
  56 MAG22b   1890 2019    130      3      1    .454    .92   3.60   .684   .382   .576   2.74   .590   .025   1
  57 MAG22C   1877 2019    143      3      0    .604    .92   3.30   .663   .309   .670   2.94   .609  -.018   2
  58 MAG24B   1908 2015    108      2      0    .390    .71   2.80   .519   .324   .666   2.80   .631   .016   3
  59 MAG24C   1902 1993     92      1      1    .258    .74   2.40   .519   .359   .573   3.14   .644   .019   1
  60 MAG26A   1880 2019    140      3      0    .645    .73   3.10   .591   .375   .718   2.81   .644   .071   0
  61 MAG26B   1896 2017    122      3      2    .464    .81   3.30   .603   .283   .685   3.15   .649   .010   0
  62 MAG26c   1907 1965     59      0      0    .447   1.34   6.30  1.057   .355   .600   2.37   .521   .088   2
  63 MAG27A   1870 1975    106      3      1    .333    .93   3.00   .582   .058   .622   2.86   .599   .002   0
  64 MAG27B      0  110    111      0      0            .82   2.30   .536   .385   .496   2.72   .514  -.056   3
  65 MAG27C   1900 2002    103      3      2    .319    .81   2.40   .508   .158   .651   2.75   .570  -.038   0
  66 MAG29B   1916 2018    103      2      0    .566   1.32   5.90  1.186   .565   .706   3.83   .641   .011   1
  67 MAG30a   1890 2017    128      3      3    .189   1.20   4.00   .845   .391   .595   4.21   .616   .097   0
  68 MAG30C   1886 2019    134      3      1    .521   1.10   3.90   .899   .566   .624   2.96   .649  -.003   1
  69 MAG31A   1888 1975     88      2      0    .312    .70   2.40   .485   .539   .612   2.33   .542  -.001   1
  70 MAG31B   1867 2019    153      4      2    .507   1.31   6.30  1.010   .487   .638   2.78   .565  -.018   3
  71 MAG31C   1884 1958     75      1      0    .393   1.18   4.10   .752   .312   .601   2.43   .545  -.018   2
  72 MAG32B   1890 1952     63      1      0    .479   1.47   4.00   .888   .397   .507   2.74   .525   .010   1
  73 MAG32C   1880 1942     63      0      0    .549   1.25   3.40   .805   .293   .593   2.58   .578   .014   1
  74 MAG33A   1937 2018     82      1      0    .693   1.57   6.50  1.192   .566   .541   3.17   .549  -.013   3
  75 MAG33B   1950 2019     70      0      0    .224    .97   3.60   .753   .443   .528   3.14   .590  -.020   2
  76 MAG34C   1908 1970     63      0      0    .222   1.05   3.10   .636   .366   .507   2.50   .490   .045   1
  77 MAG34D   1888 1975     88      2      1    .347   1.28   4.00   .873   .469   .566   3.66   .567   .007   1
  78 MAG35B   1933 2019     87      1      0    .607   1.36   3.60   .828   .421   .563   3.01   .529   .097   0
  79 MAG35C   1938 2019     82      1      0    .448   1.17   3.40   .803   .228   .593   3.11   .602   .008   0
  80 MAG36A   1947 2019     73      1      0    .861   2.61   7.70  1.632   .527   .497   2.20   .472   .015   1
  81 MAG36B   1941 2018     78      1      0    .838   2.37   7.60  1.510   .572   .502   2.14   .440  -.015   1
  82 MAG36C   1945 2019     75      1      0    .879   2.34   6.40  1.505   .638   .466   2.05   .433  -.020   1
  83 MAG36D   1937 2019     83      1      0    .872   2.32   7.30  1.405   .576   .452   2.19   .440  -.041   3
  84 MAG37A   1977 2019     43      0      0    .658   2.52   5.90  1.108   .257   .423   1.74   .366   .037   0
  85 MAG37B   1960 2019     60      0      0    .835   1.65   3.90   .811   .368   .480   1.95   .410   .175   0
  86 MAG37C   1964 2019     56      0      0    .752   1.98   4.50   .861   .300   .439   1.90   .395   .001   1
  87 MAG38A   1906 1990     85      1      0    .286   1.50   6.20  1.177   .614   .483   2.83   .501   .021   3
  88 MAG38B   1902 1970     69      0      0    .538   1.49   4.10   .956   .378   .519   2.52   .504   .136   0
  89 MAG38C   1911 2011    101      2      0    .549   1.43   5.30  1.063   .629   .550   2.80   .488  -.006   3
  90 MAG39A   1914 2019    106      2      0    .710   1.51   5.80  1.088   .592   .535   2.29   .518  -.002   1
  91 MAG39B   1901 2019    119      2      0    .580   1.52   6.30  1.251   .589   .624   3.01   .606  -.003   3
  92 MAG39C   1912 2005     94      2      0    .690   1.64   4.70  1.061   .621   .465   2.53   .501  -.022   1
  93 MAG40A   1937 2018     82      1      0    .745   1.30   4.10   .705   .388   .529   2.60   .465  -.003   3
  94 MAG40B   1950 2018     69      0      0    .612   1.74   5.30  1.055   .430   .530   2.54   .509   .037   1
  95 MAG40C   1938 2019     82      1      0    .790   2.05   5.80  1.189   .488   .474   2.23   .469   .016   1
  96 MAG40D   1949 2019     71      0      0    .772   2.12   5.60  1.229   .531   .481   2.36   .475  -.031   3
  97 MAG41A   1930 2018     89      1      0    .543   2.02   5.40  1.118   .430   .545   2.43   .483  -.025   3
  98 MAG41B   1937 2017     81      1      0    .711   1.69   4.60   .911   .489   .455   2.56   .432  -.018   1
  99 MAG41C   1930 2018     89      1      0    .668   2.02   5.60  1.130   .509   .489   2.37   .466   .003   1
 100 MAG42A   1918 2019    102      2      0    .637   1.65   5.10   .948   .502   .481   2.23   .454  -.013   1
 101 MAG42B   1920 2019    100      2      0    .710   1.84   5.20  1.193   .668   .478   2.24   .448  -.040   1
 102 MAG43A   1950 2018     69      1      0    .721   1.80   4.70  1.050   .260   .587   2.91   .531   .138   0
 103 MAG43B   1939 2017     79      1      0    .733   1.80   4.70   .964   .268   .517   2.19   .467   .089   0
 104 MAG43C   1947 2018     72      1      0    .804   1.67   4.10   .960   .337   .539   2.36   .508  -.007   1
 105 MAG44A   1949 2019     71      0      0    .198   1.32   3.90   .743   .357   .539   2.28   .432  -.095   3
 106 MAG44B   1953 2019     67      0      0    .363   1.42   4.10   .866   .560   .521   2.40   .457   .026   3
 107 MAG44C   1951 2019     69      0      0    .584   1.29   2.80   .581   .127   .445   1.92   .367  -.020   1
 108 MAG45A   1943 2019     77      1      0    .629   1.75   5.60  1.097   .460   .587   2.88   .498   .010   1
 109 MAG45B   1939 2018     80      1      0    .681   1.80   5.40  1.031   .433   .497   2.97   .464   .016   1
 110 MAG45C   1938 2018     81      1      0    .741   1.54   3.90   .926   .525   .443   2.68   .510  -.027   1
 111 MAG45D   1932 2019     88      1      0    .714   2.29   7.10  1.417   .533   .462   2.78   .482  -.014   1
 112 MAG45E   1927 2019     93      1      0    .686   1.95   6.30  1.268   .509   .441   3.24   .489   .012   1
 113 MAG45F   1936 2019     84      1      0    .753   2.40   7.90  1.507   .526   .461   3.11   .504  -.004   1
 114 MAG46A   1960 2019     60      0      0    .782   1.51   5.50  1.027   .402   .615   2.95   .599   .035   1
 115 MAG46B   1959 2019     61      0      0    .530   1.29   3.40   .703   .083   .614   2.22   .473  -.004   1
 116 MAG46C   1962 2019     58      0      0    .634   1.51   4.70   .916   .366   .515   2.60   .552   .050   1
 117 MAG47A   1967 2019     53      0      0    .731   1.79   4.90   .928   .334   .474   2.76   .459   .111   0
 118 MAG47B   1970 2016     47      0      0    .793   2.00   6.20  1.178   .458   .455   2.62   .429   .064   0
 119 MAG47C   1950 2019     70      0      0    .577   1.28   2.80   .574   .148   .445   1.87   .360  -.014   1
 120 MAG48A   1956 2018     63      0      0    .545   1.54   3.50   .806   .420   .575   1.87   .459   .036   1
 121 MAG48C   1959 2018     60      0      0    .590   1.36   3.60   .766   .042   .604   2.29   .483  -.154   0
 122 MAG49A   1969 2019     51      0      0    .775   2.21   5.90  1.252   .567   .438   1.90   .418  -.010   1
 123 MAG49B   1956 2019     64      0      0    .601   1.98   5.50   .988   .492   .445   1.82   .398   .053   1
 124 MAG50A   1940 2018     79      1      0    .671   1.95   5.40  1.157   .569   .463   1.98   .446  -.054   3
 125 MAG50C   1936 2019     84      1      0    .668   2.08   5.20  1.147   .478   .425   2.62   .451   .032   1
 --- -------- ---------  -----  -----  -----   ------ -----  -----  -----  -----  -----  -----  -----  -----  --
 Total or mean:          11486    173     29    .561   1.36   7.90   .892   .392   .576   4.21   .548   .016

 DATA CHECKS (rwl.check): mex139
-----------------------------------------------------------------------------------------------------------------------------------
 rwl.check: data_files/treering/measurements/northamerica/mexico/mex139.rwl
 125 series, 11486 measurements, 0-2019, 0.1 mm precision
 0 error(s), 3 warning(s), 13 note(s)
 -------------
 WARNING
   RWL_ALL_NA_YEAR (1)
     no series is measured in 111-1866; years with no data at all break several dplR functions
   RWL_HEADER_SPAN (1)
     the header declares 1867-2019 but the measurements cover 0-2019
   RWL_NON_ASCII (1)
     6 byte(s) outside printable ASCII
 13 note(s) not shown; see rwl.check() or the 'check' element of this report.

 NOTES
-----------------------------------------------------------------------------------------------------------------------------------
 Report generated using dplR 1.8.1 (R 4.5.2) on 2026-10-01 16:55 PDT.
 Measurement file mex139.rwl, MD5 f436ec9c4e50586488c2c8a5d5d396cf.
 Filtering: each series divided by a 32-year smoothing spline (caps()), then prewhitened with
   an AR model (order by AIC, at most 3).
 Master: biweight robust mean of the other series (leave-one-out).
 Correlation: Pearson, one-tailed, pcrit = 0.01; critical r = 0.3281 for 50-year segments.
 Segments: 50 years, lagged 25, first segment floored to 100. Lags searched: +/- 10 years.
 A segment is tested only where the series and the master cover all of it, at the dated
   position and at every lag. COFECHA also tests partial segments at the ends of a series, so
   series here may show fewer segments, and no flags can be raised at the ends of the record.
 Lags follow COFECHA: negative means rings are probably missing from the series, positive means
   false rings. A missing ring carries its lag into every segment before it, so look where the
   lag changes along a series. A B flag is a hypothesis to check on the wood; the gain says how
   seriously to take it.
 A B flag marked "weak at every lag" correlates under the critical value even at its best lag:
   the segment is weak wherever it is placed, and the shift is not evidence of a dating error.
   Treat it as a low correlation, like an A.
 Averages in the summary and the totals are weighted by the number of years in each series, as
   COFECHA's are.
 Unfiltered block and mean sensitivity: the measurements as read, and sens1().
 dplR filtered block: the series that was correlated, after filtering. COFECHA's filtered
   series is defined differently, so these three columns are not COFECHA's numbers.
 AR: order of the AR model used to prewhiten.
