
 COFECHA-style crossdating report: mexi045
 Report generated using dplR 1.8.1 (R 4.5.2) on 2026-10-01 16:55 PDT
 Built with dplR's xdate.report(), not COFECHA; see the notes at the end.


      Measurement file name  : mexi045.rwl
      MD5 of measurement file: 9ef95040c596afde91b1b6f7921eb8f9
      Date checked           : 01OCT26
      Beginning year         : 1474
      Ending year            : 2004
      Principal investigators: Stahle, D.W.; Therrell, M.D.; Villanueva-Díaz, J.; Acuña Soto, R.
      Site name              : Cuauhtemoc la Fragua
      Species information    : PSME Pseudotsuga menziesii (Mirb.) Franco
      Latitude               : 19.1700 N
      Longitude              : 97.3200 W
      Elevation              : 3154 m

      Series intercorrelation: 0.682
      Avg mean sensitivity   : 0.270
      Avg standard deviation : 0.568
      Avg autocorrelation    : 0.783
      Number dated series    : 267
      Segment length tested  : 50

      Number problem segments: 13  (A 11, B 2; 1 of the B weak at every lag)
      Pct problem segments   : 0.85


 CORRELATION OF SERIES BY SEGMENTS: mexi045
-----------------------------------------------------------------------------------------------------------------------------------
 Correlations of  50-year dated segments, lagged  25 years
 Flags:  A = correlation under   .3281 but highest as dated;  B = correlation higher at other than dated position

 Seq Series  Time_span  1500 1525 1550 1575 1600 1625 1650 1675 1700 1725 1750 1775 1800 1825 1850 1875 1900 1925 1950 
                        1549 1574 1599 1624 1649 1674 1699 1724 1749 1774 1799 1824 1849 1874 1899 1924 1949 1974 1999 
 --- -------- ---------  ---- ---- ---- ---- ---- ---- ---- ---- ---- ---- ---- ---- ---- ---- ---- ---- ---- ---- ---- 
   1 CUA01A   1740 1926                                                    .72  .74  .70  .84  .85  .75                
   2 CUA01B   1740 1818                                                    .71                                         
   3 CUA01C   1740 1831                                                    .64  .55                                    
   4 CUA02A   1805 2001                                                                   .65  .75  .85  .77  .56  .70 
   5 CUA02B   1775 2001                                                              .59  .60  .74  .88  .82  .70  .80 
   6 CUA03A   1762 1997                                                         .73  .77  .76  .77  .86  .85  .79      
   7 CUA03B   1750 2001                                                         .74  .68  .47  .63  .89  .87  .81  .86 
   8 CUA03C   1744 2001                                                    .80  .78  .83  .81  .75  .84  .87  .84  .89 
   9 CUA03D   1784 2001                                                              .73  .76  .79  .85  .83  .78  .82 
  10 CUA04A   1704 1940                                               .33A .78  .76  .74  .77  .86  .86                
  11 CUA04B   1704 1920                                               .47  .77  .80  .80  .80  .83                     
  12 CUA04C   1704 1790                                               .45                                              
  13 CUA05A   1699 1997                                          .68  .67  .75  .82  .85  .88  .86  .84  .79  .79      
  14 CUA05C   1739 2001                                                    .78  .76  .82  .84  .79  .80  .82  .79  .68 
  15 CUA07B   1720 2001                                               .49  .63  .57  .60  .74  .75  .81  .78  .73  .63 
  16 CUA07C   1760 2001                                                         .80  .79  .80  .81  .90  .90  .84  .77 
  17 CUA08A   1518 1997       .78  .86  .78  .77  .84  .71  .57  .67  .84  .85  .80  .81  .83  .76  .83  .87  .80      
  18 CUA08B   1518 1997       .72  .75  .64  .59  .76  .66  .66  .73  .74  .79  .80  .87  .83  .77  .81  .83  .81      
  19 CUA08C   1518 1997       .71  .79  .63  .57  .78  .73  .67  .72  .69  .85  .88  .83  .85  .79  .81  .82  .73      
  20 CUA08D   1518 1607       .56  .66                                                                                 
  21 CUA08E   1518 1602       .61  .67                                                                                 
  22 CUA09A   1760 1953                                                         .74  .70  .64  .54  .75  .60           
  23 CUA09B   1760 1994                                                         .69  .50  .67  .67  .65  .61  .51      
  24 CUA10A   1760 1997                                                         .63  .60  .67  .79  .81  .72  .67      
  25 CUA10B   1760 1955                                                         .62  .52  .64  .74  .80  .72           
  26 CUA10C   1760 1857                                                         .56  .47                               
  27 CUA11A   1921 2001                                                                                       .75  .76 
  28 CUA11B   1808 2001                                                                   .68  .68  .69  .72  .85  .82 
  29 CUA12A   1854 2001                                                                             .70  .65  .54  .74 
  30 CUA12B   1905 2001                                                                                       .44  .66 
  31 CUA12C   1852 2001                                                                             .76  .77  .31B .48 
  32 CUA13A   1639 2001                                .66  .68  .66  .75  .64  .68  .78  .77  .58  .55  .60  .57  .73 
  33 CUA13B   1643 2001                                .68  .66  .65  .72  .75  .78  .78  .69  .43  .53  .64  .61  .80 
  34 CUA13C   1669 2001                                     .72  .68  .72  .80  .81  .84  .79  .74  .81  .71  .60  .68 
  35 CUA13D   1642 1997                                .75  .68  .64  .73  .77  .76  .77  .82  .73  .73  .63  .58      
  36 CUA14A   1712 2001                                               .61  .64  .74  .60  .54  .75  .85  .85  .83  .86 
  37 CUA14B   1661 2001                                     .59  .64  .48  .63  .71  .60  .50  .72  .88  .81  .73  .82 
  38 CUA14C   1905 2001                                                                                       .69  .82 
  39 CUA14D   1893 2001                                                                                  .71  .63  .76 
  40 CUA14E   1683 2001                                          .62  .60  .64  .66  .51  .46  .61  .81  .83  .57  .65 
  41 CUA14F   1682 2001                                          .62  .56  .61  .72  .52  .55  .71  .81  .84  .81  .85 
  42 CUA15A   1731 1957                                                    .66  .69  .75  .69  .67  .79  .75           
  43 CUA15B   1710 1957                                               .58  .75  .75  .78  .76  .80  .82  .62           
  44 CUA15C   1737 1957                                                    .68  .70  .78  .70  .75  .82  .72           
  45 CUA16A   1929 2001                                                                                            .73 
  46 CUA16B   1934 2001                                                                                            .67 
  47 CUA16C   1924 2001                                                                                       .40  .67 
  48 CUA17A   1843 1959                                                                        .53  .48  .48           
  49 CUA17B   1843 2001                                                                        .58  .55  .48  .62  .62 
  50 CUA17C   1830 1959                                                                        .54  .65  .61           
  51 CUA19A   1933 2001                                                                                            .50 
  52 CUA19B   1933 2001                                                                                            .42 
  53 CUA20A   1852 2001                                                                             .82  .77  .69  .75 
  54 CUA20B   1818 2001                                                                   .56  .68  .79  .84  .78  .79 
  55 CUA20C   1830 2001                                                                        .74  .82  .74  .60  .68 
  56 CUA21A   1686 2001                                          .61  .72  .76  .75  .70  .64  .73  .86  .83  .70  .81 
  57 CUA21B   1708 2001                                               .57  .77  .75  .55  .61  .79  .81  .75  .67  .81 
  58 CUA22A   1673 1931                                     .37  .56  .65  .71  .70  .72  .81  .68  .65                
  59 CUA22B   1673 1939                                     .31A .48  .65  .71  .69  .75  .81  .73  .67                
  60 CUA22C   1673 1767                                     .26B .44                                                   
  61 CUA22D   1673 1728                                     .49                                                        
  62 CUA23A   1740 1944                                                    .75  .80  .77  .79  .85  .85                
  63 CUA23B   1728 2001                                                    .73  .79  .69  .64  .73  .85  .87  .68  .74 
  64 CUA24A   1743 1961                                                    .43  .42  .65  .75  .73  .85  .84           
  65 CUA25A   1750 1960                                                         .69  .74  .82  .80  .87  .84           
  66 CUA25B   1750 1987                                                         .68  .78  .88  .83  .86  .84  .71      
  67 CUA26A   1798 1998                                                              .73  .69  .63  .74  .79  .78      
  68 CUA26B   1798 1998                                                              .66  .62  .57  .60  .68  .81      
  69 CUA27A   1790 2001                                                              .88  .79  .77  .87  .78  .69  .79 
  70 CUA27B   1750 2001                                                         .65  .78  .79  .83  .85  .71  .57  .76 
  71 CUA28A   1748 1957                                                    .65  .59  .70  .79  .79  .81  .64           
  72 CUA28B   1759 1957                                                         .63  .76  .79  .81  .84  .79           
  73 CUA28C   1748 1808                                                    .70                                         
  74 CUA29A   1761 2001                                                         .64  .58  .68  .75  .77  .74  .74  .79 
  75 CUA29B   1771 2001                                                         .58  .59  .72  .79  .79  .66  .55  .54 
  76 CUA30A   1790 2001                                                              .83  .83  .82  .83  .73  .63  .76 
  77 CUA30B   1792 2001                                                              .71  .78  .80  .80  .75  .76  .85 
  78 CUA31A   1786 1992                                                              .76  .83  .89  .89  .82  .80      
  79 CUA31B   1786 1981                                                              .72  .74  .89  .88  .80  .76      
  80 CUA32A   1764 1997                                                         .61  .63  .65  .73  .81  .78  .75      
  81 CUA32B   1764 1997                                                         .60  .65  .70  .75  .80  .81  .79      
  82 CUA32C   1764 1840                                                         .45                                    
  83 CUA33A   1746 2001                                                    .78  .76  .73  .77  .78  .87  .86  .81  .87 
  84 CUA33B   1746 2001                                                    .73  .74  .69  .77  .85  .87  .85  .80  .81 
  85 CUA34A   1670 2001                                     .56  .51  .58  .84  .77  .68  .78  .83  .81  .76  .76  .80 
  86 CUA34B   1708 2001                                               .49  .82  .77  .65  .77  .79  .82  .81  .77  .70 
  87 CUA35A   1906 2001                                                                                       .72  .78 
  88 CUA35B   1787 2001                                                              .68  .79  .79  .74  .76  .82  .84 
  89 CUA36A   1807 2001                                                                   .59  .73  .74  .74  .70  .65 
  90 CUA36B   1808 2001                                                                   .74  .68  .77  .67  .51  .64 
  91 CUA37A   1850 2001                                                                             .71  .58  .49  .57 
  92 CUA37B   1850 2001                                                                             .70  .54  .55  .57 
  93 CUA38A   1620 1842                           .70  .72  .65  .61  .45  .49  .55                                    
  94 CUA38B   1620 1860                           .65  .56  .58  .71  .74  .62  .60  .66                               
  95 CUA38C   1620 1722                           .51  .59                                                             
  96 CUA40A   1814 1968                                                                   .77  .74  .72  .68           
  97 CUA40B   1846 1959                                                                        .59  .59  .62           
  98 CUA41A   1841 2001                                                                        .69  .82  .80  .65  .75 
  99 CUA41B   1942 2001                                                                                            .76 
 100 CUA41C   1799 2001                                                                   .65  .66  .58  .44  .36  .48 
 101 CUA42A   1849 2001                                                                             .48  .56  .48  .65 
 102 CUA42B   1791 2001                                                              .71  .63  .50  .49  .42  .37  .59 
 103 CUA43A   1756 1864                                                         .59  .69                               
 104 CUA43B   1756 1903                                                         .57  .76  .73  .75                     
 105 CUA44A   1788 1961                                                              .64  .68  .70  .73  .71           
 106 CUA44B   1788 1953                                                              .67  .79  .77  .76  .73           
 107 CUA45A   1729 1921                                                    .63  .59  .65  .57  .59                     
 108 CUA45B   1730 2001                                                    .56  .49  .76  .56  .48  .66  .74  .72  .74 
 109 CUA45C   1725 1926                                                    .65  .59  .75  .77  .50  .51                
 110 CUA46A   1917 2001                                                                                       .31A .53 
 111 CUA46B   1919 2001                                                                                       .40  .67 
 112 CUA47A   1918 2001                                                                                       .57  .75 
 113 CUA47B   1926 2001                                                                                            .66 
 114 CUA48A   1913 2001                                                                                       .46  .64 
 115 CUA48B   1918 2001                                                                                       .54  .72 
 116 CUA50A   1934 2001                                                                                            .48 
 117 CUA50B   1930 2001                                                                                            .61 
 118 CUA51A   1795 2001                                                              .74  .70  .72  .80  .85  .81  .84 
 119 CUA51B   1771 2001                                                         .68  .72  .83  .79  .86  .89  .83  .86 
 120 CUA52A   1755 2001                                                         .68  .83  .83  .78  .79  .81  .78  .81 
 121 CUA52B   1806 2001                                                                   .68  .78  .83  .82  .76  .76 
 122 CUA53A   1789 2001                                                              .80  .80  .80  .82  .81  .86  .87 
 123 CUA53B   1888 2001                                                                                  .89  .84  .86 
 124 CUA53C   1794 2001                                                              .81  .79  .82  .84  .82  .85  .87 
 125 CUA54A   1703 2001                                               .55  .72  .68  .67  .73  .84  .84  .79  .75  .79 
 126 CUA54B   1793 2001                                                              .72  .82  .83  .86  .90  .86  .83 
 127 CUA55A   1947 2001                                                                                            .68 
 128 CUA55C   1939 2001                                                                                            .76 
 129 CUA57A   1740 2001                                                    .61  .61  .67  .75  .47  .51  .83  .72  .77 
 130 CUA57B   1798 2001                                                                   .66  .53  .53  .61  .76  .77 
 131 CUA58A   1524 1842       .50  .63  .77  .69  .73  .78  .81  .82  .80  .86  .79                                    
 132 CUA58B   1524 1866       .59  .69  .65  .62  .75  .59  .47  .67  .76  .69  .57  .54                               
 133 CUA58C   1525 1624            .66  .61                                                                            
 134 CUA59A   1828 1917                                                                        .58                     
 135 CUA59B   1764 1923                                                         .46  .49  .55  .65                     
 136 CUA60A   1755 1940                                                         .45  .47  .62  .64  .52                
 137 CUA60B   1755 1950                                                         .30A .44  .56  .63  .56  .42           
 138 CUA61A   1919 1997                                                                                       .46      
 139 CUA61B   1913 2001                                                                                       .52  .62 
 140 CUA62B   1929 2001                                                                                            .47 
 141 CUA63A   1927 2001                                                                                            .64 
 142 CUA63B   1935 2001                                                                                            .70 
 143 CUA64A   1624 1893                           .69  .80  .39  .29A .45  .51  .56  .58  .53                          
 144 CUA64B   1622 1893                           .66  .69  .35  .35  .54  .58  .60  .54  .53                          
 145 CUA64C   1630 1893                                .81  .47  .47  .71  .70  .64  .68  .50                          
 146 CUA64D   1622 1712                           .60  .74                                                             
 147 CUA65A   1937 2001                                                                                            .73 
 148 CUA65B   1927 2001                                                                                            .69 
 149 CUA66A   1519 1706       .78  .73  .63  .63  .53  .34                                                             
 150 CUA66B   1519 1621       .75  .74                                                                                 
 151 CUA66C   1520 1668       .78  .81  .61  .64                                                                       
 152 CUA67A   1586 1847                      .50  .48  .48  .67  .76  .66  .76  .77                                    
 153 CUA67B   1586 1830                      .44  .45  .34  .62  .78  .78  .84  .76                                    
 154 CUA68A   1502 1628       .70  .71  .71                                                                            
 155 CUA68B   1502 1874       .61  .62  .73  .76  .78  .73  .77  .66  .61  .71  .55  .54  .69                          
 156 CUA68C   1502 1870       .65  .69  .55  .59  .78  .67  .69  .70  .65  .79  .73  .57                               
 157 CUA68D   1502 1877       .72  .67  .49  .53  .63  .70  .76  .80  .75  .80  .76  .57  .61                          
 158 CUA69A   1517 1643       .77  .76  .61                                                                            
 159 CUA69B   1516 1667       .74  .74  .70  .69                                                                       
 160 CUA69C   1516 1621       .81  .75                                                                                 
 161 CUA71A   1850 2001                                                                             .73  .79  .82  .84 
 162 CUA71B   1852 2001                                                                             .80  .84  .82  .85 
 163 CUA72A   1808 1928                                                                   .56  .48  .55                
 164 CUA72B   1796 1957                                                              .41  .29A .40  .55  .57           
 165 CUA73A   1668 1874                                     .70  .71  .63  .68  .51  .34  .65                          
 166 CUA73B   1691 1874                                          .69  .63  .63  .66  .73  .75                          
 167 CUA73C   1690 1874                                          .76  .71  .78  .74  .67  .67                          
 168 CUA74A   1734 2001                                                    .72  .67  .70  .81  .82  .83  .80  .74  .76 
 169 CUA74B   1722 2001                                               .72  .79  .69  .70  .71  .76  .83  .81  .78  .77 
 170 CUA74C   1722 1797                                               .59                                              
 171 CUA82A   1840 1998                                                                        .75  .71  .50  .46      
 172 CUA82B   1833 2001                                                                        .77  .71  .46  .42  .61 
 173 CUA83A   1830 1930                                                                        .80  .70                
 174 CUA83B   1830 1983                                                                        .84  .82  .65  .57      
 175 CUA84A   1937 2001                                                                                            .61 
 176 CUA84B   1937 2001                                                                                            .70 
 177 CUA85A   1910 2001                                                                                       .59  .76 
 178 CUA85B   1919 2001                                                                                       .51  .65 
 179 CUA86A   1924 2001                                                                                       .68  .80 
 180 CUA86B   1923 2001                                                                                       .70  .83 
 181 CUA87A   1922 2001                                                                                       .48  .75 
 182 CUA87B   1940 2001                                                                                            .69 
 183 CUA88A   1923 2001                                                                                            .73 
 184 CUA88B   1912 2001                                                                                       .58  .70 
 185 CUA89A   1647 1837                                .76  .73  .68  .72  .73  .68                                    
 186 CUA89B   1644 2001                                .67  .65  .63  .75  .76  .62  .56  .74  .73  .70  .77  .69  .58 
 187 CUA90A   1886 2001                                                                                  .72  .83  .86 
 188 CUA90B   1887 2001                                                                                  .78  .85  .83 
 189 CUA91A   1730 1989                                                    .64  .71  .68  .76  .81  .83  .82  .71      
 190 CUA91B   1730 1992                                                    .54  .61  .69  .71  .74  .76  .73  .59      
 191 CUA91C   1730 1943                                                    .65  .74  .67  .68  .75  .78                
 192 CUA92A   1793 1926                                                              .42  .52  .54  .56                
 193 CUA92B   1793 1922                                                              .38  .48  .54                     
 194 CUA94A   1532 1609            .39                                                                                 
 195 CUA94B   1535 1609            .58                                                                                 
 196 CUA94C   1537 1609            .55                                                                                 
 198 CUA95D   1620 1800                           .29A .55  .43  .28A .45  .66                                         
 200 CUA95E   1620 1751                           .35  .56  .46  .39                                                   
 202 CUA95F   1620 1730                           .54  .56  .60                                                        
 203 CUA96A   1689 1825                                          .61  .50  .56  .57                                    
 204 CUA96B   1689 1884                                          .59  .53  .60  .59  .60  .78                          
 205 CUA97A   1773 1942                                                         .45  .42  .60  .66  .71                
 206 CUA97B   1773 1955                                                              .52  .58  .66  .75  .63           
 207 CUA97C   1773 1869                                                         .54  .42                               
 208 CUA98A   1474 1892  .61  .67  .74  .64  .70  .69  .54  .66  .78  .77  .82  .81  .67  .67                          
 209 CUA98B   1474 1768  .65  .57  .59  .55  .57  .60  .56  .75  .80                                                   
 210 CUA98C   1474 1625  .71  .73  .74  .68                                                                            
 211 CUA98D   1474 1624  .65  .72  .82  .77                                                                            
 212 CUA99A   1622 1870                           .51  .43  .61  .60  .56  .84  .79  .68                               
 213 CUA99B   1620 1957                           .43  .31A .49  .61  .51  .70  .74  .69  .76  .59  .63  .68           
 214 CUA99C   1504 1877       .59  .62  .27A .22A .46  .43  .59  .73  .75  .82  .80  .74  .76                          
 215 CUA99D   1505 1583       .60                                                                                      
 216 CUA99E   1504 1607       .63  .67                                                                                 
 217 CUA100A  1528 1929            .77  .71  .57  .59  .54  .54  .61  .72  .81  .74  .77  .75  .68  .75                
 218 CUA100B  1528 1851            .70  .57  .45  .74  .64  .70  .80  .73  .79  .74  .73                               
 219 CUA100C  1528 1866            .80  .76  .67  .76  .65  .74  .77  .70  .77  .66  .62                               
 220 CUA100D  1528 1800            .72  .59  .63  .72  .66  .72  .79  .77  .82                                         
 221 CUA101A  1533 1831            .66  .75  .54  .70  .62  .60  .76  .78  .68  .67                                    
 222 CUA101B  1554 1810                 .70  .48  .50  .55  .59  .64  .64  .75                                         
 223 CUA101C  1533 1800            .69  .73  .55  .66  .82  .87  .84  .82  .83                                         
 224 CUA101D  1533 1811            .57  .68  .58  .73  .69  .74  .76  .80  .84                                         
 225 CUA102A  1523 1617       .67  .75                                                                                 
 226 CUA102B  1523 1704       .76  .74  .64  .59  .62  .49                                                             
 228 CUA103A  1639 1822                                .70  .78  .78  .65  .66                                         
 229 CUA103B  1639 1830                                .69  .78  .76  .53  .60  .78                                    
 230 CUA105A  1615 1703                           .46  .60                                                             
 231 CUA111A  1715 2001                                               .72  .77  .79  .75  .79  .80  .85  .74  .64  .69 
 232 CUA111B  1764 2001                                                         .75  .64  .65  .76  .84  .87  .83  .80 
 233 CUA112A  1817 2001                                                                   .72  .82  .87  .82  .70  .62 
 234 CUA112B  1818 2001                                                                   .63  .82  .86  .85  .65  .67 
 235 CUA113A  1914 2001                                                                                       .84  .82 
 236 CUA113B  1908 2001                                                                                       .71  .72 
 237 CUA114A  1719 2001                                               .79  .75  .75  .77  .83  .84  .86  .89  .87  .80 
 238 CUA114B  1720 2001                                               .74  .74  .67  .62  .76  .85  .89  .92  .81  .80 
 239 CUA115A  1770 2001                                                         .69  .70  .76  .82  .82  .79  .71  .74 
 240 CUA115B  1753 2001                                                         .76  .69  .71  .78  .86  .80  .70  .75 
 241 CUA116A  1907 1999                                                                                       .79  .78 
 242 CUA116B  1918 1999                                                                                       .80  .84 
 243 CUA117A  1723 1957                                               .66  .79  .76  .81  .87  .90  .91  .87           
 244 CUA117B  1730 1957                                                    .78  .75  .82  .89  .87  .89  .86           
 245 CUA118A  1595 1997                      .39  .57  .81  .75  .79  .73  .77  .79  .83  .84  .87  .91  .85  .82      
 246 CUA118B  1706 1997                                               .80  .83  .84  .85  .84  .85  .87  .85  .84      
 247 CUA119A  1691 2001                                          .50  .64  .72  .69  .79  .78  .75  .78  .82  .74  .54 
 248 CUA119B  1797 2001                                                              .70  .73  .77  .83  .84  .77  .78 
 249 CUA120A  1844 2001                                                                        .72  .50  .42  .72  .76 
 250 CUA120B  1861 2001                                                                             .60  .59  .77  .79 
 251 CUA121A  1785 1981                                                              .82  .84  .84  .85  .84  .87      
 252 CUA121B  1881 1994                                                                                  .75  .81      
 253 CU202A   1815 2004                                                                   .85  .87  .91  .86  .75  .78 
 254 CU202B   1852 1993                                                                             .86  .82  .72      
 255 CU203A   1768 2004                                                         .64  .56  .66  .71  .83  .87  .85  .85 
 256 CU203B   1766 2004                                                         .80  .63  .63  .70  .80  .87  .84  .86 
 257 CU204A   1906 2004                                                                                       .77  .70 
 258 CU205A   1747 2004                                                    .78  .74  .67  .45  .48  .77  .78  .67  .70 
 259 CU207A   1905 2004                                                                                       .80  .74 
 260 CU210A   1756 2004                                                         .68  .56  .38  .47  .67  .54  .57  .65 
 261 CU210B   1805 2004                                                                   .45  .61  .67  .60  .54  .67 
 262 CU213A   1674 2004                                     .58  .60  .66  .64  .61  .62  .54  .64  .80  .82  .82  .76 
 263 CU213B   1739 2004                                                    .61  .61  .55  .63  .73  .81  .80  .85  .80 
 264 CU232A   1678 1948                                          .64  .64  .65  .67  .66  .68  .82  .86                
 265 CU235A   1534 1883            .69  .47  .49  .71  .70  .74  .69  .79  .84  .78  .73  .72                          
 266 CU235B   1534 1680            .62  .46  .53  .68                                                                  
 267 CU2333A  1907 2004                                                                                       .54  .66 
 Av segment correlation  .66  .68  .69  .64  .57  .62  .63  .62  .65  .65  .72  .68  .68  .70  .72  .77  .75  .69  .73 

 FLAGGED SEGMENTS: mexi045
-----------------------------------------------------------------------------------------------------------------------------------
 Seq Series   Segment    Flag  r dated  Best lag  r at lag   Gain  Note
 --- -------- ---------  ----  -------  --------  --------  -----  -----------------
  10 CUA04A   1725 1774     A     .326         0
  31 CUA12C   1925 1974     B     .306        -4      .360   .055
  59 CUA22B   1675 1724     A     .315         0
  60 CUA22C   1675 1724     B     .261         8      .299   .038  weak at every lag
 110 CUA46A   1925 1974     A     .313         0
 137 CUA60B   1775 1824     A     .303         0
 143 CUA64A   1700 1749     A     .289         0
 164 CUA72B   1825 1874     A     .289         0
 198 CUA95D   1625 1674     A     .286         0
 198 CUA95D   1700 1749     A     .275         0
 213 CUA99B   1650 1699     A     .308         0
 214 CUA99C   1575 1624     A     .271         0
 214 CUA99C   1600 1649     A     .219         0

 DESCRIPTIVE STATISTICS: mexi045
-----------------------------------------------------------------------------------------------------------------------------------

                                                Corr   //-------- Unfiltered --------\\  //-- dplR filtered --\\
                           No.    No.    No.    with   Mean   Max     Std   Auto   Mean   Max     Std   Auto  AR
 Seq Series   Interval   Years  Segmt  Flags   Master  msmt   msmt    dev   corr   sens  value    dev   corr  ()
 --- -------- ---------  -----  -----  -----   ------ -----  -----  -----  -----  -----  -----  -----  -----  --
   1 CUA01A   1740 1926    187      6      0    .727   1.54   3.39   .738   .810   .261   1.92   .251  -.000   1
   2 CUA01B   1740 1818     79      1      0    .673   1.15   2.68   .496   .705   .292   1.73   .290   .085   1
   3 CUA01C   1740 1831     92      2      0    .570   1.22   2.75   .637   .802   .320   1.87   .294   .054   1
   4 CUA02A   1805 2001    197      6      0    .695   1.20   2.36   .466   .797   .228   1.53   .221  -.018   1
   5 CUA02B   1775 2001    227      7      0    .758   1.40   3.00   .470   .730   .204   1.60   .218  -.008   1
   6 CUA03A   1762 1997    236      7      0    .785   1.21   2.99   .624   .866   .241   1.84   .246   .002   1
   7 CUA03B   1750 2001    252      8      0    .769   1.35   3.55   .716   .891   .226   1.56   .223  -.028   1
   8 CUA03C   1744 2001    258      9      0    .828   1.20   3.81   .665   .886   .247   1.79   .253  -.028   1
   9 CUA03D   1784 2001    218      7      0    .793   1.26   2.68   .506   .775   .232   1.70   .233  -.001   2
  10 CUA04A   1704 1940    237      7      1    .661   1.15   2.66   .588   .846   .258   1.95   .259  -.017   1
  11 CUA04B   1704 1920    217      6      0    .693   1.04   2.45   .528   .879   .235   1.84   .231   .018   1
  12 CUA04C   1704 1790     87      1      0    .557   1.12   2.44   .565   .874   .209   1.60   .224   .087   1
  13 CUA05A   1699 1997    299     10      0    .778    .85   2.54   .486   .839   .273   1.64   .262  -.023   1
  14 CUA05C   1739 2001    263      9      0    .756   1.29   2.99   .674   .837   .263   1.70   .244   .003   2
  15 CUA07B   1720 2001    282     10      0    .648   1.02   3.09   .636   .859   .316   2.72   .308  -.008   3
  16 CUA07C   1760 2001    242      8      0    .807   1.23   3.37   .667   .844   .300   1.81   .289  -.023   3
  17 CUA08A   1518 1997    480     17      0    .786    .69   1.69   .334   .834   .253   1.89   .246  -.015   1
  18 CUA08B   1518 1997    480     17      0    .760    .72   1.90   .346   .815   .262   1.91   .259  -.004   1
  19 CUA08C   1518 1997    480     17      0    .751    .71   1.88   .391   .879   .262   2.03   .255  -.006   1
  20 CUA08D   1518 1607     90      2      0    .584    .48   1.16   .250   .766   .348   2.12   .341   .010   1
  21 CUA08E   1518 1602     85      2      0    .676    .50   1.15   .253   .715   .362   1.80   .344   .020   1
  22 CUA09A   1760 1953    194      6      0    .622   1.31   3.99   .674   .780   .260   1.74   .237   .005   2
  23 CUA09B   1760 1994    235      7      0    .618   1.15   3.38   .624   .739   .302   1.97   .286   .009   2
  24 CUA10A   1760 1997    238      7      0    .688    .96   2.42   .476   .776   .298   1.70   .276   .000   2
  25 CUA10B   1760 1955    196      6      0    .661   1.03   2.45   .455   .760   .248   1.61   .237   .018   1
  26 CUA10C   1760 1857     98      2      0    .532   1.34   2.22   .466   .561   .274   1.77   .275   .028   1
  27 CUA11A   1921 2001     81      2      0    .687    .64   1.33   .299   .398   .384   1.93   .409   .020   1
  28 CUA11B   1808 2001    194      6      0    .727   1.13   2.95   .680   .861   .302   2.09   .303  -.010   1
  29 CUA12A   1854 2001    148      4      0    .637   1.21   2.93   .729   .751   .417   2.19   .368  -.005   3
  30 CUA12B   1905 2001     97      2      0    .578   1.26   2.19   .434   .433   .301   2.00   .287  -.029   3
  31 CUA12C   1852 2001    150      4      1    .595   1.39   3.60   .758   .703   .340   2.02   .345  -.012   3
  32 CUA13A   1639 2001    363     13      0    .651    .85   2.94   .601   .911   .282   1.88   .253   .002   1
  33 CUA13B   1643 2001    359     13      0    .657    .85   2.05   .468   .866   .259   1.64   .238  -.005   1
  34 CUA13C   1669 2001    333     12      0    .717   1.05   3.42   .647   .889   .256   2.35   .265   .005   2
  35 CUA13D   1642 1997    356     12      0    .700    .91   2.54   .573   .896   .250   1.55   .225  -.002   3
  36 CUA14A   1712 2001    290     10      0    .758   1.45   3.57   .653   .851   .203   1.72   .208  -.024   1
  37 CUA14B   1661 2001    341     12      0    .709   1.09   2.74   .531   .856   .230   1.74   .241   .009   1
  38 CUA14C   1905 2001     97      2      0    .751    .98   2.12   .389   .666   .267   1.63   .264  -.006   1
  39 CUA14D   1893 2001    109      3      0    .749   1.01   2.50   .475   .601   .311   1.75   .316   .052   1
  40 CUA14E   1683 2001    319     11      0    .650   1.27   3.51   .640   .888   .209   1.77   .217   .012   1
  41 CUA14F   1682 2001    320     11      0    .696   1.03   2.07   .395   .772   .214   1.69   .219  -.014   1
  42 CUA15A   1731 1957    227      7      0    .693   1.18   3.68   .608   .861   .245   1.56   .229  -.018   3
  43 CUA15B   1710 1957    248      8      0    .683   1.14   2.28   .451   .804   .220   1.60   .216  -.005   1
  44 CUA15C   1737 1957    221      7      0    .727   1.43   2.88   .532   .778   .197   1.57   .202  -.014   1
  45 CUA16A   1929 2001     73      1      0    .585   2.46   3.65   .528   .329   .209   1.37   .195   .024   1
  46 CUA16B   1934 2001     68      1      0    .479   2.38   3.52   .633   .519   .220   1.38   .205  -.000   1
  47 CUA16C   1924 2001     78      2      0    .530   2.19   3.08   .556   .409   .235   1.50   .220   .012   1
  48 CUA17A   1843 1959    117      3      0    .472   1.51   3.93   .675   .539   .364   2.13   .343  -.022   1
  49 CUA17B   1843 2001    159      5      0    .553    .98   2.34   .471   .744   .312   1.65   .297  -.004   1
  50 CUA17C   1830 1959    130      3      0    .577   1.84   4.19   .756   .551   .337   1.73   .316   .019   1
  51 CUA19A   1933 2001     69      1      0    .547   2.13   3.72   .461   .415   .186   1.43   .171   .047   0
  52 CUA19B   1933 2001     69      1      0    .452   2.10   3.66   .531   .651   .174   1.30   .151   .062   3
  53 CUA20A   1852 2001    150      4      0    .771   2.19   4.71   .846   .758   .210   1.49   .209  -.040   1
  54 CUA20B   1818 2001    184      6      0    .735   1.52   3.54   .756   .789   .257   1.86   .262  -.007   3
  55 CUA20C   1830 2001    172      5      0    .695   1.71   4.46   .926   .826   .245   1.70   .241  -.040   2
  56 CUA21A   1686 2001    316     11      0    .724    .84   2.08   .367   .781   .236   1.66   .239   .015   2
  57 CUA21B   1708 2001    294     10      0    .718    .87   2.07   .416   .804   .246   1.80   .253   .004   1
  58 CUA22A   1673 1931    259      9      0    .599   1.01   3.00   .476   .778   .251   1.63   .248   .011   1
  59 CUA22B   1673 1939    267      9      1    .596   1.05   3.91   .534   .820   .226   1.77   .233   .006   1
  60 CUA22C   1673 1767     95      2      1    .317    .94   2.35   .525   .864   .251   2.05   .277   .025   2
  61 CUA22D   1673 1728     56      1      0    .491    .70   2.27   .509   .929   .286   1.74   .315  -.012   2
  62 CUA23A   1740 1944    205      6      0    .800    .58   1.56   .266   .644   .341   1.84   .326   .015   1
  63 CUA23B   1728 2001    274      9      0    .739   1.12   2.87   .624   .828   .336   2.21   .314  -.014   3
  64 CUA24A   1743 1961    219      7      0    .646   1.32   2.52   .435   .682   .231   1.85   .232  -.027   3
  65 CUA25A   1750 1960    211      6      0    .763   1.18   4.18   .610   .851   .236   1.82   .241   .020   1
  66 CUA25B   1750 1987    238      7      0    .772   1.00   3.81   .578   .859   .259   1.65   .266   .002   1
  67 CUA26A   1798 1998    201      6      0    .747   1.35   2.80   .540   .668   .270   1.93   .264  -.006   2
  68 CUA26B   1798 1998    201      6      0    .715   1.26   2.63   .490   .683   .241   1.69   .253   .015   2
  69 CUA27A   1790 2001    212      7      0    .782   1.12   3.36   .606   .811   .292   1.85   .289  -.030   3
  70 CUA27B   1750 2001    252      8      0    .739    .92   3.18   .504   .840   .271   1.90   .268  -.012   3
  71 CUA28A   1748 1957    210      7      0    .636    .92   3.02   .535   .870   .284   1.85   .297   .003   1
  72 CUA28B   1759 1957    199      6      0    .716    .94   2.30   .471   .844   .284   1.88   .274  -.016   1
  73 CUA28C   1748 1808     61      1      0    .711   1.61   3.09   .526   .749   .184   1.72   .205  -.033   2
  74 CUA29A   1761 2001    241      8      0    .721    .71   1.92   .341   .764   .316   2.00   .295  -.011   3
  75 CUA29B   1771 2001    231      8      0    .618    .74   1.90   .365   .706   .346   2.17   .335  -.019   3
  76 CUA30A   1790 2001    212      7      0    .760    .83   2.27   .428   .766   .296   1.78   .276  -.026   3
  77 CUA30B   1792 2001    210      7      0    .788   1.05   2.74   .471   .639   .324   2.01   .301  -.022   3
  78 CUA31A   1786 1992    207      6      0    .743    .90   1.71   .346   .678   .284   1.90   .274  -.011   1
  79 CUA31B   1786 1981    196      6      0    .730   1.16   2.35   .422   .614   .271   2.36   .275  -.019   2
  80 CUA32A   1764 1997    234      7      0    .737   1.05   4.39   .760   .895   .301   1.67   .274  -.011   1
  81 CUA32B   1764 1997    234      7      0    .749   1.16   4.45   .694   .883   .250   1.60   .235  -.001   2
  82 CUA32C   1764 1840     77      1      0    .454   1.64   3.82   .822   .846   .212   1.51   .212   .030   1
  83 CUA33A   1746 2001    256      9      0    .816   1.08   2.77   .514   .794   .269   1.77   .257   .001   3
  84 CUA33B   1746 2001    256      9      0    .798   1.17   3.26   .638   .881   .242   1.60   .235   .011   2
  85 CUA34A   1670 2001    332     12      0    .712   1.20   3.14   .590   .800   .264   1.94   .264  -.008   3
  86 CUA34B   1708 2001    294     10      0    .697    .99   2.50   .503   .860   .230   1.98   .242  -.006   1
  87 CUA35A   1906 2001     96      2      0    .759    .86   1.88   .357   .625   .277   1.74   .272  -.030   1
  88 CUA35B   1787 2001    215      7      0    .773   1.29   2.69   .430   .698   .210   1.66   .213  -.011   3
  89 CUA36A   1807 2001    195      6      0    .683   1.15   2.73   .544   .881   .212   1.88   .225  -.014   1
  90 CUA36B   1808 2001    194      6      0    .657    .84   2.58   .591   .914   .301   1.73   .286   .021   1
  91 CUA37A   1850 2001    152      4      0    .596    .89   2.05   .493   .752   .374   2.14   .354  -.008   1
  92 CUA37B   1850 2001    152      4      0    .588   1.21   3.35   .770   .878   .278   1.82   .286  -.003   1
  93 CUA38A   1620 1842    223      7      0    .608    .93   2.87   .572   .834   .268   1.80   .252  -.002   3
  94 CUA38B   1620 1860    241      8      0    .632    .95   2.37   .450   .790   .243   1.56   .231  -.012   1
  95 CUA38C   1620 1722    103      2      0    .540   1.18   2.56   .481   .663   .239   1.63   .232   .028   3
  96 CUA40A   1814 1968    155      4      0    .634   2.26   5.68  1.317   .855   .277   1.78   .251  -.005   2
  97 CUA40B   1846 1959    114      3      0    .585   1.44   3.76   .855   .757   .327   1.76   .280   .043   0
  98 CUA41A   1841 2001    161      5      0    .753   1.03   2.34   .421   .580   .328   1.67   .308   .009   1
  99 CUA41B   1942 2001     60      1      0    .741   1.13   2.14   .414   .078   .404   1.83   .347  -.005   0
 100 CUA41C   1799 2001    203      6      0    .508   1.51   3.54   .850   .837   .329   1.90   .312  -.009   2
 101 CUA42A   1849 2001    153      4      0    .550   1.44   3.16   .708   .859   .206   1.64   .207  -.000   3
 102 CUA42B   1791 2001    211      7      0    .528   1.49   5.57  1.048   .910   .221   1.64   .222   .002   3
 103 CUA43A   1756 1864    109      2      0    .662   2.12   4.56   .726   .652   .244   1.51   .226  -.003   2
 104 CUA43B   1756 1903    148      4      0    .654   1.96   5.16   .909   .734   .273   1.74   .271  -.005   1
 105 CUA44A   1788 1961    174      5      0    .668   1.65   4.13   .859   .745   .342   2.22   .319  -.021   1
 106 CUA44B   1788 1953    166      5      0    .714   1.46   3.98   .748   .767   .341   2.03   .299   .010   2
 107 CUA45A   1729 1921    193      5      0    .633   1.37   4.72   .953   .930   .287   2.22   .288  -.009   1
 108 CUA45B   1730 2001    272      9      0    .647   1.19   4.72   .883   .925   .310   2.05   .306  -.003   1
 109 CUA45C   1725 1926    202      6      0    .552   1.53   5.12  1.110   .946   .265   2.12   .274  -.008   3
 110 CUA46A   1917 2001     85      2      1    .491   2.57   6.72  1.269   .852   .224   1.57   .237  -.022   3
 111 CUA46B   1919 2001     83      2      0    .544   2.05   5.25  1.020   .818   .248   1.41   .222  -.039   3
 112 CUA47A   1918 2001     84      2      0    .650   2.98   7.53  1.692   .913   .202   1.45   .196   .020   3
 113 CUA47B   1926 2001     76      1      0    .625   2.03   5.02  1.026   .875   .251   1.64   .248   .046   1
 114 CUA48A   1913 2001     89      2      0    .560   1.66   6.96  1.463   .932   .244   1.90   .276  -.002   2
 115 CUA48B   1918 2001     84      2      0    .636   1.94   6.24  1.065   .833   .247   1.78   .248  -.021   3
 116 CUA50A   1934 2001     68      1      0    .428   1.74   4.44   .888   .754   .309   1.57   .246   .008   2
 117 CUA50B   1930 2001     72      1      0    .544   2.21   4.79  1.137   .827   .306   1.76   .294   .085   0
 118 CUA51A   1795 2001    207      7      0    .790   1.06   2.24   .379   .622   .258   1.78   .257  -.009   3
 119 CUA51B   1771 2001    231      8      0    .810    .92   2.23   .361   .646   .275   1.80   .264  -.025   3
 120 CUA52A   1755 2001    247      8      0    .763   1.00   2.27   .373   .620   .273   1.97   .268  -.002   1
 121 CUA52B   1806 2001    196      6      0    .774   1.48   3.57   .628   .592   .299   1.96   .282  -.009   1
 122 CUA53A   1789 2001    213      7      0    .814    .91   2.00   .330   .497   .296   1.76   .271  -.001   3
 123 CUA53B   1888 2001    114      3      0    .881   1.11   2.74   .414   .481   .320   1.72   .291  -.019   3
 124 CUA53C   1794 2001    208      7      0    .822   1.23   2.62   .398   .550   .268   1.65   .240  -.009   1
 125 CUA54A   1703 2001    299     10      0    .691    .90   2.27   .432   .735   .301   1.72   .283   .027   1
 126 CUA54B   1793 2001    209      7      0    .820   1.26   3.57   .663   .826   .289   1.76   .276   .018   1
 127 CUA55A   1947 2001     55      1      0    .641   1.54   7.38  1.091   .492   .395   2.85   .418   .146   0
 128 CUA55C   1939 2001     63      1      0    .760   2.88   6.68  1.379   .387   .400   2.18   .415  -.028   1
 129 CUA57A   1740 2001    262      9      0    .639    .98   3.87   .770   .936   .329   2.16   .309   .007   1
 130 CUA57B   1798 2001    204      6      0    .644   1.17   3.06   .606   .715   .303   2.08   .286   .009   3
 131 CUA58A   1524 1842    319     11      0    .692    .61   2.75   .374   .807   .292   2.73   .287  -.010   1
 132 CUA58B   1524 1866    343     12      0    .618    .92   2.80   .404   .735   .261   2.34   .262  -.021   1
 133 CUA58C   1525 1624    100      2      0    .577    .94   2.50   .524   .800   .266   1.81   .273  -.001   1
 134 CUA59A   1828 1917     90      1      0    .576   1.52   4.68   .942   .832   .326   2.15   .327  -.021   1
 135 CUA59B   1764 1923    160      4      0    .518   1.95   3.56   .658   .744   .212   2.06   .235  -.022   1
 136 CUA60A   1755 1940    186      5      0    .527   2.07   3.72   .775   .739   .262   1.96   .264   .009   2
 137 CUA60B   1755 1950    196      6      1    .495   2.08   4.15   .845   .832   .206   2.05   .232   .013   1
 138 CUA61A   1919 1997     79      1      0    .566   1.90   5.44  1.364   .856   .332   1.81   .303   .037   1
 139 CUA61B   1913 2001     89      2      0    .593   1.68   6.27  1.441   .904   .277   1.71   .274   .037   1
 140 CUA62B   1929 2001     73      1      0    .474   2.31   4.08   .900   .783   .247   1.46   .224   .016   3
 141 CUA63A   1927 2001     75      1      0    .596   3.46   9.64  1.685   .895   .177   1.45   .179   .031   1
 142 CUA63B   1935 2001     67      1      0    .651   2.97   8.35  1.429   .872   .200   1.55   .199   .136   0
 143 CUA64A   1624 1893    270      9      1    .542    .79   1.59   .291   .583   .272   1.75   .258   .002   1
 144 CUA64B   1622 1893    272      9      0    .530    .97   2.29   .431   .734   .276   1.68   .256   .002   1
 145 CUA64C   1630 1893    264      8      0    .593   1.03   2.58   .378   .643   .251   1.84   .249   .005   1
 146 CUA64D   1622 1712     91      2      0    .506    .91   2.46   .495   .890   .229   1.63   .226   .045   1
 147 CUA65A   1937 2001     65      1      0    .684   2.12   5.48   .929   .759   .247   1.57   .203  -.015   0
 148 CUA65B   1927 2001     75      1      0    .617   1.67   3.57   .774   .884   .193   1.49   .177  -.023   1
 149 CUA66A   1519 1706    188      6      0    .638    .73   3.10   .420   .810   .269   1.92   .270   .034   2
 150 CUA66B   1519 1621    103      2      0    .702    .68   2.79   .509   .892   .309   1.64   .272  -.069   3
 151 CUA66C   1520 1668    149      4      0    .720    .85   3.20   .468   .812   .272   1.88   .271  -.018   1
 152 CUA67A   1586 1847    262      8      0    .626    .61   1.54   .297   .701   .344   2.22   .322  -.026   1
 153 CUA67B   1586 1830    245      8      0    .622    .51   1.43   .244   .744   .300   1.97   .288  -.021   1
 154 CUA68A   1502 1628    127      3      0    .713    .72   2.07   .478   .869   .335   1.99   .308  -.017   3
 155 CUA68B   1502 1874    373     13      0    .668    .70   2.58   .430   .842   .312   2.15   .296  -.008   3
 156 CUA68C   1502 1870    369     12      0    .657    .79   1.99   .409   .813   .305   1.98   .288  -.008   3
 157 CUA68D   1502 1877    376     13      0    .675    .62   2.02   .410   .869   .332   2.32   .303   .005   3
 158 CUA69A   1517 1643    127      3      0    .684    .78   3.32   .638   .930   .325   2.06   .320  -.011   1
 159 CUA69B   1516 1667    152      4      0    .733   1.04   2.91   .577   .863   .316   2.09   .299  -.011   3
 160 CUA69C   1516 1621    106      2      0    .752    .69   2.75   .516   .909   .290   2.26   .300  -.015   3
 161 CUA71A   1850 2001    152      4      0    .770   2.26   5.19   .898   .829   .197   1.46   .197   .007   2
 162 CUA71B   1852 2001    150      4      0    .796   2.35   5.85   .985   .819   .215   1.53   .207   .008   1
 163 CUA72A   1808 1928    121      3      0    .524   2.25   4.63   .857   .671   .296   1.84   .271   .006   3
 164 CUA72B   1796 1957    162      5      1    .470   1.54   3.42   .757   .658   .365   2.43   .338   .002   3
 165 CUA73A   1668 1874    207      7      0    .610   1.07   2.84   .505   .842   .244   1.73   .236   .005   1
 166 CUA73B   1691 1874    184      6      0    .687   1.14   2.44   .440   .772   .231   2.15   .224   .075   0
 167 CUA73C   1690 1874    185      6      0    .707   1.00   2.43   .478   .831   .261   1.96   .257  -.022   1
 168 CUA74A   1734 2001    268      9      0    .749    .89   2.04   .336   .780   .226   1.80   .238  -.010   1
 169 CUA74B   1722 2001    280     10      0    .762    .81   1.79   .291   .766   .205   1.59   .209   .007   1
 170 CUA74C   1722 1797     76      1      0    .686    .93   1.59   .271   .629   .191   1.46   .196   .000   1
 171 CUA82A   1840 1998    159      4      0    .578   1.47   5.60  1.021   .841   .319   2.12   .310   .008   1
 172 CUA82B   1833 2001    169      5      0    .611   1.38   4.15   .955   .837   .348   2.15   .331   .001   3
 173 CUA83A   1830 1930    101      2      0    .722   1.76   4.23   .915   .721   .345   1.80   .326  -.021   1
 174 CUA83B   1830 1983    154      4      0    .729   1.66   4.91  1.108   .750   .420   2.41   .411   .016   2
 175 CUA84A   1937 2001     65      1      0    .508   2.79   5.05   .978   .846   .173   1.31   .165   .167   0
 176 CUA84B   1937 2001     65      1      0    .600   3.54   5.66   .915   .529   .213   1.40   .195   .124   0
 177 CUA85A   1910 2001     92      2      0    .594   3.48   7.19  1.350   .797   .196   1.36   .177   .088   0
 178 CUA85B   1919 2001     83      2      0    .595   4.07   9.28  2.288   .943   .177   1.41   .180   .021   1
 179 CUA86A   1924 2001     78      2      0    .745   3.10   6.76  1.324   .767   .254   1.55   .228   .040   0
 180 CUA86B   1923 2001     79      2      0    .780   4.06   7.71  1.673   .859   .199   1.46   .187   .017   2
 181 CUA87A   1922 2001     80      2      0    .630   3.31   5.27  1.090   .793   .171   1.35   .166   .024   1
 182 CUA87B   1940 2001     62      1      0    .612   3.68   6.68  1.125   .784   .175   1.33   .173   .035   1
 183 CUA88A   1923 2001     79      1      0    .718   2.59   7.11  1.516   .909   .230   1.55   .217  -.006   3
 184 CUA88B   1912 2001     90      2      0    .670   3.39   9.30  1.221   .795   .178   1.64   .172   .013   1
 185 CUA89A   1647 1837    191      6      0    .651   1.02   2.45   .454   .821   .252   1.68   .244   .025   1
 186 CUA89B   1644 2001    358     13      0    .661    .74   2.08   .420   .817   .355   1.76   .311  -.010   1
 187 CUA90A   1886 2001    116      3      0    .798   1.97   4.15   .743   .583   .287   1.68   .269   .023   3
 188 CUA90B   1887 2001    115      3      0    .809   2.33   6.07  1.152   .725   .285   1.67   .276   .014   3
 189 CUA91A   1730 1989    260      8      0    .760   1.34   3.71   .798   .907   .244   1.96   .238   .002   2
 190 CUA91B   1730 1992    263      8      0    .682   1.45   3.81   .733   .823   .277   1.95   .254  -.011   2
 191 CUA91C   1730 1943    214      6      0    .720   1.59   3.83   .607   .739   .240   1.80   .215  -.010   3
 192 CUA92A   1793 1926    134      4      0    .521   1.22   3.36   .800   .793   .427   2.54   .369  -.015   2
 193 CUA92B   1793 1922    130      3      0    .480   1.39   3.47   .733   .767   .304   1.79   .276   .031   0
 194 CUA94A   1532 1609     78      1      0    .415   1.00   2.36   .576   .889   .204   1.83   .235   .001   2
 195 CUA94B   1535 1609     75      1      0    .517   1.01   2.57   .497   .837   .228   1.63   .251   .133   1
 196 CUA94C   1537 1609     73      1      0    .510   1.01   1.92   .430   .808   .211   1.55   .245   .087   1
 197 CUA95A   1558 1609     52      0      0    .574    .83   1.84   .416   .908   .172   1.43   .220   .166   1
 198 CUA95D   1620 1800    181      6      2    .430    .76   1.49   .322   .864   .172   1.50   .192   .293   1
 199 CUA95B   1558 1609     52      0      0    .627    .84   1.84   .405   .899   .192   1.31   .215   .108   1
 200 CUA95E   1620 1751    132      4      0    .393    .97   1.60   .292   .821   .145   1.53   .166   .365   1
 201 CUA95C   1557 1609     53      0      0    .616    .85   1.77   .381   .857   .198   1.47   .230   .125   1
 202 CUA95F   1620 1730    111      3      0    .551   1.09   1.81   .331   .859   .134   1.30   .130  -.008   1
 203 CUA96A   1689 1825    137      4      0    .519   1.13   3.29   .481   .685   .229   1.66   .232   .004   2
 204 CUA96B   1689 1884    196      6      0    .640   1.01   2.95   .411   .637   .248   1.72   .237   .007   2
 205 CUA97A   1773 1942    170      5      0    .593   1.46   2.86   .575   .702   .258   1.76   .257   .002   1
 206 CUA97B   1773 1955    183      5      0    .598   1.40   2.76   .540   .641   .268   1.72   .268  -.010   3
 207 CUA97C   1773 1869     97      2      0    .555   1.35   2.67   .516   .780   .237   1.56   .231  -.025   1
 208 CUA98A   1474 1892    419     14      0    .690    .77   2.06   .426   .855   .275   1.82   .272   .008   2
 209 CUA98B   1474 1768    295      9      0    .648    .83   1.93   .437   .848   .265   1.89   .263   .003   2
 210 CUA98C   1474 1625    152      4      0    .728    .85   2.04   .401   .782   .279   1.73   .275  -.001   1
 211 CUA98D   1474 1624    151      4      0    .745    .86   2.19   .418   .833   .246   1.61   .245   .012   2
 212 CUA99A   1622 1870    249      8      0    .665    .97   3.89   .762   .934   .244   1.66   .237  -.002   1
 213 CUA99B   1620 1957    338     12      1    .605    .78   3.30   .722   .958   .287   1.79   .278   .068   0
 214 CUA99C   1504 1877    374     13      2    .596    .91   3.07   .670   .943   .215   1.68   .219   .009   1
 215 CUA99D   1505 1583     79      1      0    .599    .60   1.20   .232   .796   .202   1.52   .209   .009   1
 216 CUA99E   1504 1607    104      2      0    .598    .71   1.98   .339   .852   .213   1.49   .224   .046   1
 217 CUA100A  1528 1929    402     14      0    .686    .79   2.35   .364   .813   .231   2.44   .237  -.009   1
 218 CUA100B  1528 1851    324     11      0    .657    .77   2.87   .357   .789   .246   2.82   .257  -.021   1
 219 CUA100C  1528 1866    339     11      0    .710    .70   1.67   .311   .825   .238   1.63   .230  -.004   3
 220 CUA100D  1528 1800    273      9      0    .707    .76   1.72   .306   .829   .216   1.53   .200  -.009   1
 221 CUA101A  1533 1831    299     10      0    .643    .83   2.80   .416   .773   .256   1.81   .245  -.011   2
 222 CUA101B  1554 1810    257      8      0    .629    .55   3.00   .357   .841   .272   1.98   .277   .002   1
 223 CUA101C  1533 1800    268      9      0    .654    .67   3.28   .373   .726   .300   2.01   .278  -.008   2
 224 CUA101D  1533 1811    279      9      0    .628    .67   3.31   .442   .769   .301   2.60   .297  -.014   2
 225 CUA102A  1523 1617     95      2      0    .716    .69   1.99   .428   .898   .257   1.87   .256  -.011   1
 226 CUA102B  1523 1704    182      6      0    .660    .79   2.11   .394   .873   .216   1.62   .211   .007   2
 227 CUA102C  1523 1584     62      0      0    .635    .70   2.12   .542   .888   .351   1.55   .262  -.041   3
 228 CUA103A  1639 1822    184      5      0    .712    .67   1.40   .229   .633   .249   1.61   .238   .009   1
 229 CUA103B  1639 1830    192      6      0    .675    .62   1.64   .246   .698   .262   1.90   .258   .017   1
 230 CUA105A  1615 1703     89      2      0    .541    .91   1.68   .318   .810   .190   1.49   .197   .039   1
 231 CUA111A  1715 2001    287     10      0    .721   1.09   2.47   .574   .833   .310   2.42   .293  -.010   1
 232 CUA111B  1764 2001    238      8      0    .782   1.52   4.72  1.068   .922   .305   1.72   .284   .010   2
 233 CUA112A  1817 2001    185      6      0    .728    .94   2.63   .441   .604   .330   2.19   .315   .015   2
 234 CUA112B  1818 2001    184      6      0    .735   1.33   2.93   .503   .484   .314   1.91   .305   .010   2
 235 CUA113A  1914 2001     88      2      0    .808   1.56   3.83   .758   .653   .349   1.89   .327   .029   3
 236 CUA113B  1908 2001     94      2      0    .644   1.17   2.60   .552   .592   .383   2.22   .348   .019   3
 237 CUA114A  1719 2001    283     10      0    .812   1.15   2.68   .489   .734   .266   1.90   .261  -.006   1
 238 CUA114B  1720 2001    282     10      0    .803    .88   2.49   .497   .845   .308   1.85   .278   .007   2
 239 CUA115A  1770 2001    232      8      0    .756    .78   1.94   .309   .515   .357   2.02   .314   .012   2
 240 CUA115B  1753 2001    249      8      0    .759    .93   1.89   .362   .593   .310   1.79   .283   .008   2
 241 CUA116A  1907 1999     93      2      0    .777   1.13   2.83   .627   .622   .440   2.36   .392   .015   3
 242 CUA116B  1918 1999     82      2      0    .809   1.14   3.22   .618   .659   .405   2.02   .364   .003   3
 243 CUA117A  1723 1957    235      8      0    .819   1.27   3.77   .465   .605   .266   2.00   .261  -.010   1
 244 CUA117B  1730 1957    228      7      0    .822   1.21   2.71   .397   .559   .265   1.69   .247  -.014   1
 245 CUA118A  1595 1997    403     14      0    .777    .81   1.95   .381   .793   .289   1.86   .280  -.016   1
 246 CUA118B  1706 1997    292      9      0    .828   1.09   2.79   .510   .850   .268   2.00   .260  -.013   3
 247 CUA119A  1691 2001    311     11      0    .641   1.22   2.32   .490   .765   .253   2.22   .252  -.015   3
 248 CUA119B  1797 2001    205      7      0    .764   1.19   3.09   .587   .817   .280   2.09   .277   .009   2
 249 CUA120A  1844 2001    158      5      0    .626   1.34   2.86   .519   .617   .283   1.61   .272  -.001   3
 250 CUA120B  1861 2001    141      4      0    .699   1.34   3.38   .566   .550   .335   1.84   .320   .004   1
 251 CUA121A  1785 1981    197      6      0    .823   1.15   2.94   .578   .774   .312   2.11   .294   .006   2
 252 CUA121B  1881 1994    114      2      0    .772    .90   2.52   .533   .798   .348   2.18   .334  -.009   3
 253 CU202A   1815 2004    190      6      0    .810   1.61   3.26   .686   .814   .248   2.04   .253   .011   1
 254 CU202B   1852 1993    142      3      0    .799    .95   2.44   .466   .681   .345   2.04   .310  -.009   2
 255 CU203A   1768 2004    237      8      0    .766   1.30   7.37   .785   .805   .290   1.88   .280   .012   2
 256 CU203B   1766 2004    239      8      0    .799   1.21   2.66   .576   .843   .250   1.70   .238   .002   2
 257 CU204A   1906 2004     99      2      0    .720    .90   3.16   .531   .734   .349   2.17   .356   .011   1
 258 CU205A   1747 2004    258      9      0    .682   1.05   2.66   .584   .858   .249   2.38   .272  -.005   1
 259 CU207A   1905 2004    100      2      0    .723    .87   2.21   .433   .598   .377   1.97   .354  -.031   1
 260 CU210A   1756 2004    249      8      0    .573   1.16   3.06   .637   .828   .278   2.48   .292   .007   2
 261 CU210B   1805 2004    200      6      0    .591   1.38   3.34   .626   .763   .252   1.89   .286  -.040   1
 262 CU213A   1674 2004    331     12      0    .670   1.22   3.65   .547   .785   .245   1.88   .253  -.022   1
 263 CU213B   1739 2004    266      9      0    .730   1.46   2.97   .495   .726   .213   1.88   .213   .001   2
 264 CU232A   1678 1948    271      8      0    .714   1.01   2.56   .416   .809   .218   1.60   .220  -.027   1
 265 CU235A   1534 1883    350     12      0    .675    .86   2.90   .545   .895   .265   1.70   .245   .004   1
 266 CU235B   1534 1680    147      4      0    .572   1.18   2.47   .456   .741   .212   1.60   .204  -.001   3
 267 CU2333A  1907 2004     98      2      0    .601    .76   1.75   .300   .334   .351   1.87   .318   .131   0
 --- -------- ---------  -----  -----  -----   ------ -----  -----  -----  -----  -----  -----  -----  -----  --
 Total or mean:          50329   1526     13    .682   1.15   9.64   .568   .783   .270   2.85   .262   .003

 DATA CHECKS (rwl.check): mexi045
-----------------------------------------------------------------------------------------------------------------------------------
 rwl.check: data_files/treering/measurements/northamerica/mexico/mexi045.rwl
 267 series, 50329 measurements, 1474-2004, 0.001 mm precision
 0 error(s), 1 warning(s), 54 note(s)
 -------------
 WARNING
   RWL_SERIES_OUTLIER (1)
     CUA22C: correlates with the rest of the collection at r = 0.137 where the collection median is 0.654 (4.1 MAD below it); it does not fit the collection it is in
 54 note(s) not shown; see rwl.check() or the 'check' element of this report.

 NOTES
-----------------------------------------------------------------------------------------------------------------------------------
 Report generated using dplR 1.8.1 (R 4.5.2) on 2026-10-01 16:55 PDT.
 Measurement file mexi045.rwl, MD5 9ef95040c596afde91b1b6f7921eb8f9.
 Filtering: each series divided by a 32-year smoothing spline (caps()), then prewhitened with
   an AR model (order by AIC, at most 3).
 Master: biweight robust mean of the other series (leave-one-out).
 Correlation: Pearson, one-tailed, pcrit = 0.01; critical r = 0.3281 for 50-year segments.
 Segments: 50 years, lagged 25, first segment floored to 100. Lags searched: +/- 10 years.
 A segment is tested only where the series and the master cover all of it, at the dated
   position and at every lag. COFECHA also tests partial segments at the ends of a series, so
   series here may show fewer segments, and no flags can be raised at the ends of the record.
 Lags follow COFECHA: negative means rings are probably missing from the series, positive means
   false rings. A missing ring carries its lag into every segment before it, so look where the
   lag changes along a series. A B flag is a hypothesis to check on the wood; the gain says how
   seriously to take it.
 A B flag marked "weak at every lag" correlates under the critical value even at its best lag:
   the segment is weak wherever it is placed, and the shift is not evidence of a dating error.
   Treat it as a low correlation, like an A.
 Averages in the summary and the totals are weighted by the number of years in each series, as
   COFECHA's are.
 Unfiltered block and mean sensitivity: the measurements as read, and sens1().
 dplR filtered block: the series that was correlated, after filtering. COFECHA's filtered
   series is defined differently, so these three columns are not COFECHA's numbers.
 AR: order of the AR model used to prewhiten.
