
 COFECHA-style crossdating report: mexi107
 Report generated using dplR 1.8.1 (R 4.5.2) on 2026-10-01 16:54 PDT
 Built with dplR's xdate.report(), not COFECHA; see the notes at the end.


      Measurement file name  : mexi107.rwl
      MD5 of measurement file: 74c7d7dd43a36828c6391756884ba8e0
      Date checked           : 01OCT26
      Beginning year         : 1449
      Ending year            : 2010
      Principal investigators: Meko, D.M.; Malevich, S.B.; Losleben, M.V.; Villanueva-Díaz, J.
      Site name              : San Pedro Martir
      Species information    : PIJE Pinus jeffreyi Balf.
      Latitude               : 30.9980 N
      Longitude              : 115.5580 W
      Elevation              : 2522 m

      Series intercorrelation: 0.755
      Avg mean sensitivity   : 0.409
      Avg standard deviation : 0.635
      Avg autocorrelation    : 0.722
      Number dated series    : 134
      Segment length tested  : 50

      Number problem segments: 4  (A 3, B 1; 1 of the B weak at every lag)
      Pct problem segments   : 0.35


 CORRELATION OF SERIES BY SEGMENTS: mexi107
-----------------------------------------------------------------------------------------------------------------------------------
 Correlations of  50-year dated segments, lagged  25 years
 Flags:  A = correlation under   .3281 but highest as dated;  B = correlation higher at other than dated position

 Seq Series  Time_span  1500 1525 1550 1575 1600 1625 1650 1675 1700 1725 1750 1775 1800 1825 1850 1875 1900 1925 1950 
                        1549 1574 1599 1624 1649 1674 1699 1724 1749 1774 1799 1824 1849 1874 1899 1924 1949 1974 1999 
 --- -------- ---------  ---- ---- ---- ---- ---- ---- ---- ---- ---- ---- ---- ---- ---- ---- ---- ---- ---- ---- ---- 
   1 337011   1463 1971  .83  .80  .84  .81  .80  .82  .84  .74  .74  .85  .87  .83  .87  .82  .69  .72  .72           
   2 337012   1481 1890  .77  .74  .78  .77  .83  .89  .84  .75  .76  .81  .85  .78  .84  .80                          
   3 337021   1547 1971            .86  .89  .57  .70  .90  .62  .59  .86  .85  .79  .84  .83  .66  .67  .72           
   4 337022   1636 1971                                .81  .60  .59  .83  .86  .83  .86  .79  .63  .66  .71           
   5 337031   1626 1971                                .76  .61  .74  .79  .85  .87  .84  .76  .60  .63  .67           
   6 337032   1639 1952                                .78  .51  .65  .79  .84  .87  .89  .82  .58  .69  .82           
   7 337041   1768 1971                                                         .67  .78  .75  .66  .68  .76           
   8 337042   1769 1971                                                         .74  .82  .79  .69  .70  .72           
   9 337051   1508 1971       .76  .87  .84  .78  .83  .82  .50  .43  .75  .85  .68  .57  .59  .60  .66  .71           
  10 337052   1512 1971       .66  .83  .85  .75  .84  .86  .63  .63  .75  .71  .73  .78  .70  .64  .67  .75           
  11 337061   1699 1971                                          .72  .81  .83  .65  .54  .52  .53  .65  .73           
  12 337062   1740 1971                                                    .79  .74  .66  .68  .65  .69  .76           
  13 337071   1825 1971                                                                        .34  .53  .75           
  14 337072   1828 1959                                                                        .41  .56  .70           
  15 337081   1492 1920  .84  .88  .82  .77  .73  .75  .77  .74  .77  .65  .59  .75  .74  .55  .42                     
  16 337082   1525 1920            .78  .76  .70  .77  .78  .61  .73  .84  .80  .71  .74  .69  .50                     
  17 337091   1722 1971                                               .75  .76  .77  .73  .60  .66  .79  .76           
  18 337101   1449 1971  .69  .65  .78  .78  .67  .71  .69  .66  .79  .80  .74  .68  .72  .62  .35  .59  .59           
  19 337102   1460 1971  .86  .69  .79  .87  .79  .76  .73  .60  .69  .79  .77  .71  .73  .64  .49  .72  .76           
  20 337111   1780 1971                                                              .69  .61  .57  .68  .71           
  21 337112   1637 1960                                .71  .42  .55  .62  .58  .65  .72  .64  .58  .72  .72           
  22 337121   1727 1971                                                    .85  .84  .88  .80  .68  .79  .82           
  23 337122   1756 1971                                                         .83  .81  .74  .73  .81  .86           
  24 337131   1579 1971                      .48  .80  .86  .81  .77  .77  .76  .82  .88  .83  .81  .86  .88           
  25 337132   1600 1971                           .86  .86  .80  .82  .86  .81  .80  .88  .81  .71  .78  .60           
  26 337141   1646 1971                                .84  .66  .65  .73  .77  .82  .87  .85  .70  .71  .74           
  27 337142   1661 1971                                     .53  .68  .81  .83  .76  .85  .88  .62  .57  .64           
  28 337161   1616 1971                           .88  .83  .74  .80  .86  .82  .74  .76  .68  .67  .75  .72           
  29 337162   1667 1971                                     .83  .76  .76  .76  .76  .79  .66  .55  .73  .76           
  30 337171   1632 1971                                .85  .72  .57  .63  .76  .68  .69  .62  .42  .56  .67           
  31 337172   1640 1971                                .81  .73  .68  .68  .67  .69  .77  .62  .23A .52  .74           
  32 337181   1620 1949                           .83  .78  .52  .69  .84  .85  .80  .81  .71  .32A .53  .79           
  33 337191   1741 1971                                                    .56  .64  .69  .57  .48  .66  .73           
  34 337192   1763 1971                                                         .62  .57  .56  .35  .55  .66           
  35 337201   1679 1971                                          .63  .81  .86  .77  .80  .72  .58  .73  .83           
  36 337202   1685 1971                                          .47  .74  .77  .73  .79  .70  .41  .65  .81           
  37 337211   1714 1971                                               .77  .84  .75  .53  .24A .24B .54  .71           
  38 337212   1725 1971                                                    .82  .77  .64  .47  .39  .58  .75           
  40 337092   1722 1870                                               .82  .86  .81  .73                               
  41 337113   1770 1940                                                         .60  .72  .57  .54  .74                
  42 337182   1695 1920                                          .54  .80  .82  .78  .74  .60  .43                     
  43 SPJ01A   1894 2010                                                                                  .76  .69  .62 
  44 SPJ01B   1905 2010                                                                                       .76  .78 
  45 SPJ02A   1835 2010                                                                        .72  .72  .68  .71  .65 
  46 SPJ02B   1817 2010                                                                   .78  .62  .61  .68  .71  .73 
  47 SPJ03A   1797 2010                                                              .85  .88  .81  .80  .85  .84  .84 
  48 SPJ03B   1822 2010                                                                   .85  .75  .74  .79  .88  .91 
  49 SPJ04A   1786 2010                                                              .75  .81  .81  .82  .84  .88  .79 
  50 SPJ04B   1801 2010                                                                   .80  .79  .82  .82  .91  .93 
  51 SPJ05A   1712 2010                                               .66  .83  .84  .83  .81  .71  .69  .76  .78  .71 
  52 SPJ05B   1719 2010                                               .73  .81  .87  .90  .88  .81  .77  .73  .51  .54 
  53 SPJ06A   1768 2010                                                         .69  .82  .74  .82  .86  .79  .83  .81 
  54 SPJ06B   1785 2010                                                              .84  .82  .70  .65  .82  .84  .84 
  55 SPJ07A1  1773 1842                                                         .86                                    
  56 SPJ07A2  1878 1958                                                                                  .83           
  57 SPJ07B   1759 2010                                                         .84  .68  .62  .83  .85  .86  .89  .88 
  58 SPJ08A   1770 2010                                                         .72  .89  .88  .90  .83  .79  .66  .63 
  59 SPJ08B   1770 2010                                                         .79  .88  .88  .87  .77  .73  .74  .49 
  60 SPJ09A   1780 2010                                                              .49  .43  .79  .76  .76  .78  .78 
  61 SPJ09B   1745 2010                                                    .76  .73  .67  .65  .72  .70  .74  .58  .56 
  62 SPJ10A   1772 2010                                                         .67  .68  .78  .72  .62  .66  .66  .65 
  63 SPJ10B   1722 2010                                               .70  .79  .62  .67  .81  .73  .74  .77  .76  .61 
  64 SPJ11A   1786 2010                                                              .82  .75  .67  .68  .77  .88  .85 
  65 SPJ11B   1808 2010                                                                   .75  .75  .74  .84  .85  .79 
  66 SPJ12A   1775 2010                                                              .78  .72  .54  .67  .73  .57  .56 
  67 SPJ12B   1725 1920                                                    .68  .73  .72  .72  .49                     
  68 SPJ13A   1801 1917                                                                   .77  .77                     
  69 SPJ13B   1798 2008                                                                   .65  .64  .67  .69  .72  .78 
  70 SPJ14A   1636 1947                                .81  .71  .72  .77  .74  .76  .80  .72  .68  .64                
  71 SPJ14B   1639 1932                                .79  .72  .73  .75  .70  .71  .81  .78  .72  .72                
  72 SPJ15A   1807 2010                                                                   .84  .83  .78  .79  .71  .58 
  73 SPJ15B   1776 2010                                                              .87  .84  .80  .77  .77  .79  .72 
  74 SPJ16A   1911 2010                                                                                       .78  .82 
  75 SPJ16B   1910 2010                                                                                       .75  .78 
  76 SPJ17A   1782 2010                                                              .85  .87  .84  .84  .85  .89  .84 
  77 SPJ17B   1787 2010                                                              .87  .85  .80  .79  .77  .78  .80 
  78 SPJ18A   1888 2010                                                                                  .68  .74  .74 
  79 SPJ18B   1884 2010                                                                                  .76  .74  .71 
  80 SPJ19A   1663 1920                                     .60  .57  .63  .73  .73  .73  .77  .73                     
  81 SPJ19B   1624 2010                           .46  .60  .49  .40  .65  .80  .79  .86  .84  .74  .79  .81  .85  .84 
  82 SPJ20A   1777 2010                                                              .74  .73  .77  .82  .82  .83  .80 
  83 SPJ20B   1706 2010                                               .81  .83  .78  .62  .54  .65  .75  .78  .79  .78 
  84 SPJ24A   1918 2010                                                                                       .86  .84 
  85 SPJ24B   1918 2010                                                                                       .84  .83 
  86 TAS01A   1695 1993                                          .87  .90  .91  .89  .84  .82  .82  .81  .77  .83      
  87 TAS01B   1658 1993                                     .84  .86  .90  .91  .89  .82  .80  .85  .86  .84  .87      
  88 TAS02A   1604 1993                           .80  .78  .83  .89  .91  .90  .86  .84  .83  .88  .89  .88  .89      
  89 TAS02B   1664 1993                                     .84  .88  .88  .88  .87  .90  .90  .86  .84  .89  .89      
  90 TAS03A   1766 1993                                                         .83  .84  .85  .84  .86  .88  .85      
  91 TAS03B   1646 1993                                .79  .82  .83  .81  .80  .82  .89  .82  .83  .89  .88  .87      
  92 TAS04A   1527 1650            .85  .82  .40                                                                       
  93 TAS04B   1463 1649  .82  .73  .79  .83  .65                                                                       
  94 TAS05A   1670 1850                                     .85  .84  .90  .90  .91  .84                               
  95 TAS05B   1726 1870                                                    .89  .90  .87                               
  96 TAS06A   1698 1993                                          .86  .89  .90  .80  .73  .78  .90  .88  .81  .88      
  97 TAS06B   1661 1993                                     .84  .88  .87  .85  .83  .75  .75  .88  .88  .85  .88      
  98 TAS07A   1460 1993  .54  .68  .71  .73  .64  .81  .80  .61  .78  .85  .82  .82  .90  .89  .81  .78  .82  .83      
  99 TAS07B   1450 1769  .84  .79  .82  .77  .69  .81  .77  .63  .79                                                   
 100 TAS08A   1645 1993                                .82  .67  .76  .79  .80  .71  .78  .86  .85  .85  .74  .80      
 101 TAS08B   1617 1993                           .65  .61  .67  .78  .81  .78  .68  .79  .86  .83  .81  .77  .69      
 102 TAS09A   1659 1993                                     .58  .63  .76  .72  .71  .73  .69  .60  .58  .70  .75      
 103 TAS09B   1712 1993                                               .86  .81  .84  .90  .80  .59  .65  .74  .81      
 104 TAS10A   1696 1993                                          .68  .68  .84  .84  .81  .74  .58  .59  .77  .85      
 105 TAS10B   1690 1759                                          .68                                                   
 107 TAS10D   1805 1993                                                                   .58  .42  .69  .79  .85      
 108 TAS11A   1622 1993                           .80  .81  .50  .65  .79  .80  .74  .79  .84  .85  .84  .81  .78      
 109 TAS11B   1625 1993                                .78  .64  .76  .80  .81  .84  .85  .83  .79  .80  .79  .79      
 110 TAS12A   1573 1899                      .66  .67  .65  .71  .68  .76  .81  .82  .80  .75  .81                     
 111 TAS12B   1628 1901                                .76  .75  .69  .76  .82  .82  .86  .79  .63                     
 112 TAS13A   1586 1993                      .83  .87  .85  .87  .89  .87  .86  .74  .72  .81  .85  .87  .82  .81      
 113 TAS13B   1542 1993            .75  .73  .73  .85  .84  .85  .89  .88  .88  .85  .83  .83  .84  .84  .84  .81      
 114 TAS14A   1633 1993                                .85  .81  .85  .90  .90  .85  .86  .86  .81  .76  .67  .72      
 115 TAS14B   1638 1993                                .80  .76  .81  .85  .89  .81  .78  .81  .76  .72  .68  .73      
 116 TAS15A   1616 1993                           .86  .84  .66  .53  .67  .77  .71  .73  .74  .67  .67  .65  .76      
 117 TAS15B   1624 1993                                .72  .76  .77  .80  .80  .82  .87  .84  .75  .77  .79  .86      
 118 TAS16A   1857 1993                                                                             .89  .80  .83      
 119 TAS16B   1912 1993                                                                                       .86      
 120 TAS17A   1717 1993                                               .85  .88  .89  .92  .94  .83  .81  .65  .56      
 121 TAS17B   1673 1993                                          .77  .80  .86  .86  .86  .89  .82  .81  .77  .76      
 122 TAS18A   1609 1993                           .68  .70  .80  .87  .87  .86  .84  .92  .90  .78  .72  .72  .78      
 123 TAS18B   1611 1993                           .73  .76  .82  .78  .85  .84  .74  .84  .81  .67  .61  .68  .64      
 124 TAS19A   1645 1993                                .76  .82  .87  .88  .65  .59  .82  .82  .83  .78  .85  .87      
 125 TAS19B   1810 1993                                                                   .88  .89  .88  .86  .76      
 126 TAS20A   1802 1993                                                                   .82  .84  .84  .81  .85      
 127 TAS20B   1741 1993                                                    .83  .86  .85  .82  .84  .87  .83  .82      
 128 TAS21A   1646 1993                                .75  .78  .83  .91  .93  .85  .83  .81  .75  .79  .76  .83      
 129 TAS21B   1602 1993                           .77  .80  .85  .82  .86  .89  .87  .86  .85  .79  .83  .89  .89      
 130 TAS22B   1761 1993                                                         .76  .82  .83  .84  .87  .82  .85      
 131 TAS23A   1690 1993                                          .75  .80  .78  .69  .74  .83  .85  .78  .68  .75      
 132 TAS24B   1760 1993                                                         .80  .82  .85  .87  .89  .78  .82      
 133 TAS25A   1807 1993                                                                   .90  .89  .89  .89  .87      
 134 TAS25B   1815 1993                                                                   .85  .87  .87  .86  .85      
 Av segment correlation  .77  .74  .80  .80  .69  .78  .78  .70  .73  .80  .81  .78  .79  .76  .69  .74  .77  .79  .74 

 FLAGGED SEGMENTS: mexi107
-----------------------------------------------------------------------------------------------------------------------------------
 Seq Series   Segment    Flag  r dated  Best lag  r at lag   Gain  Note
 --- -------- ---------  ----  -------  --------  --------  -----  -----------------
  31 337172   1850 1899     A     .233         0
  32 337181   1850 1899     A     .320         0
  37 337211   1825 1874     A     .239         0
  37 337211   1850 1899     B     .241         4      .311   .070  weak at every lag

 DESCRIPTIVE STATISTICS: mexi107
-----------------------------------------------------------------------------------------------------------------------------------

                                                Corr   //-------- Unfiltered --------\\  //-- dplR filtered --\\
                           No.    No.    No.    with   Mean   Max     Std   Auto   Mean   Max     Std   Auto  AR
 Seq Series   Interval   Years  Segmt  Flags   Master  msmt   msmt    dev   corr   sens  value    dev   corr  ()
 --- -------- ---------  -----  -----  -----   ------ -----  -----  -----  -----  -----  -----  -----  -----  --
   1 337011   1463 1971    509     17      0    .799    .72   3.54   .620   .795   .497   1.93   .373  -.014   0
   2 337012   1481 1890    410     14      0    .799    .81   4.26   .702   .792   .378   1.78   .319   .047   0
   3 337021   1547 1971    425     15      0    .775    .42   1.23   .196   .445   .481   1.81   .372  -.010   3
   4 337022   1636 1971    336     11      0    .770    .57   1.31   .244   .431   .432   2.09   .351  -.001   3
   5 337031   1626 1971    346     11      0    .745    .56   1.76   .272   .537   .381   1.89   .321   .010   1
   6 337032   1639 1952    314     11      0    .776    .64   2.00   .336   .645   .368   1.85   .318   .001   1
   7 337041   1768 1971    204      6      0    .710   1.31   7.58  1.610   .952   .370   1.88   .332   .004   2
   8 337042   1769 1971    203      6      0    .710   1.16   6.39  1.366   .939   .401   2.50   .358  -.003   1
   9 337051   1508 1971    464     16      0    .724    .59   2.61   .404   .764   .444   2.29   .377  -.006   3
  10 337052   1512 1971    460     16      0    .745    .43   1.75   .271   .706   .470   2.27   .378  -.004   3
  11 337061   1699 1971    273      9      0    .691    .99   2.44   .554   .820   .288   1.75   .260  -.004   1
  12 337062   1740 1971    232      7      0    .733    .96   2.52   .602   .819   .358   2.00   .314   .007   2
  13 337071   1825 1971    147      3      0    .613   1.91   6.38  1.523   .920   .276   1.67   .254  -.003   3
  14 337072   1828 1959    132      3      0    .597   2.14   7.25  1.577   .843   .278   1.70   .248   .029   3
  15 337081   1492 1920    429     15      0    .717    .67   1.91   .369   .709   .322   1.95   .283  -.010   3
  16 337082   1525 1920    396     13      0    .723    .78   2.20   .445   .751   .349   1.97   .308  -.003   3
  17 337091   1722 1971    250      8      0    .726    .82   2.91   .554   .842   .360   1.72   .312  -.013   3
  18 337101   1449 1971    523     17      0    .660    .59   3.90   .510   .891   .332   1.82   .290  -.003   2
  19 337102   1460 1971    512     17      0    .711    .62   2.33   .400   .787   .362   2.06   .314   .009   1
  20 337111   1780 1971    192      5      0    .688    .45   1.09   .241   .800   .296   1.59   .255  -.002   1
  21 337112   1637 1960    324     11      0    .634    .79   3.43   .592   .855   .313   2.09   .270  -.003   1
  22 337121   1727 1971    245      7      0    .823   1.79   6.12  1.252   .799   .373   1.86   .319  -.016   3
  23 337122   1756 1971    216      6      0    .823   1.70   4.18   .940   .736   .345   1.72   .294  -.004   3
  24 337131   1579 1971    393     13      0    .762    .95   3.59   .602   .678   .429   2.23   .362  -.012   3
  25 337132   1600 1971    372     12      0    .664    .98   4.14   .729   .777   .448   2.04   .368   .003   1
  26 337141   1646 1971    326     11      0    .754    .33   1.44   .218   .462   .608   2.36   .450   .055   0
  27 337142   1661 1971    311     10      0    .741    .47   1.70   .321   .717   .484   2.09   .392   .000   1
  28 337161   1616 1971    356     12      0    .778    .71   1.92   .296   .559   .333   1.64   .284  -.008   3
  29 337162   1667 1971    305     10      0    .736    .60   1.24   .226   .329   .373   1.95   .328  -.005   1
  30 337171   1632 1971    340     11      0    .656    .88   2.84   .627   .859   .324   1.73   .276   .024   0
  31 337172   1640 1971    332     11      1    .683    .86   2.94   .508   .789   .336   1.76   .276   .010   0
  32 337181   1620 1949    330     12      1    .745    .95   2.44   .528   .806   .327   1.69   .288   .002   1
  33 337191   1741 1971    231      7      0    .631   1.29   4.34   .859   .865   .312   1.83   .285   .027   1
  34 337192   1763 1971    209      6      0    .576   1.79   6.79  1.234   .801   .337   1.77   .313  -.008   1
  35 337201   1679 1971    293      9      0    .754   1.01   2.64   .586   .883   .264   1.73   .254  -.003   1
  36 337202   1685 1971    287      9      0    .716   1.06   2.65   .541   .805   .253   1.77   .248  -.016   3
  37 337211   1714 1971    258      8      2    .651    .99   3.72   .785   .893   .343   1.87   .310   .006   1
  38 337212   1725 1971    247      7      0    .695   1.22   5.18  1.070   .908   .279   1.57   .258   .038   1
  39 337151   1906 1971     66      0      0    .679   4.56   8.37  1.858   .628   .328   1.95   .312   .027   1
  40 337092   1722 1870    149      4      0    .757    .99   2.22   .456   .645   .375   1.64   .312  -.025   3
  41 337113   1770 1940    171      5      0    .625    .56   1.27   .252   .757   .251   1.57   .228  -.004   3
  42 337182   1695 1920    226      7      0    .667    .78   2.66   .553   .842   .366   2.00   .306   .011   3
  43 SPJ01A   1894 2010    117      3      0    .734   2.40   5.59  1.036   .706   .291   1.79   .267   .012   0
  44 SPJ01B   1905 2010    106      2      0    .790   2.28   4.56   .996   .684   .334   1.83   .302   .007   0
  45 SPJ02A   1835 2010    176      5      0    .741   1.48   4.10   .786   .791   .296   1.79   .280   .009   2
  46 SPJ02B   1817 2010    194      6      0    .786   1.58   3.04   .603   .660   .264   1.68   .257  -.024   1
  47 SPJ03A   1797 2010    214      7      0    .835   1.32   3.78   .869   .778   .381   1.61   .318  -.024   3
  48 SPJ03B   1822 2010    189      6      0    .860   1.56   5.25  1.073   .810   .367   1.83   .315  -.019   3
  49 SPJ04A   1786 2010    225      7      0    .788   1.14   2.77   .520   .448   .440   1.96   .350  -.058   0
  50 SPJ04B   1801 2010    210      6      0    .828   1.30   2.99   .573   .477   .402   1.68   .319  -.004   3
  51 SPJ05A   1712 2010    299     10      0    .745    .89   4.03   .773   .787   .494   2.25   .422   .013   2
  52 SPJ05B   1719 2010    292     10      0    .753    .68   3.72   .572   .756   .492   2.30   .408   .011   2
  53 SPJ06A   1768 2010    243      8      0    .778    .99   5.17   .774   .674   .530   2.46   .453   .003   1
  54 SPJ06B   1785 2010    226      7      0    .786    .74   2.54   .428   .561   .522   2.10   .421  -.001   1
  55 SPJ07A1  1773 1842     70      1      0    .848   2.39   4.77  1.066   .355   .498   1.77   .398   .159   0
  56 SPJ07A2  1878 1958     81      1      0    .714    .90   2.86   .477   .340   .478   1.60   .328   .050   1
  57 SPJ07B   1759 2010    252      8      0    .805   1.13   5.48  1.004   .783   .451   2.06   .374   .001   1
  58 SPJ08A   1770 2010    241      8      0    .778   1.05   4.72   .964   .857   .424   1.93   .362  -.004   1
  59 SPJ08B   1770 2010    241      8      0    .737   1.08   4.93  1.008   .843   .486   2.42   .387  -.060   0
  60 SPJ09A   1780 2010    231      7      0    .725    .80   2.33   .547   .621   .515   2.16   .417   .005   0
  61 SPJ09B   1745 2010    266      9      0    .700   1.02   3.75   .720   .618   .491   2.05   .410  -.012   3
  62 SPJ10A   1772 2010    239      8      0    .382   1.19   2.85   .786   .809   .433  10.35   .715   .171   1
  63 SPJ10B   1722 2010    289     10      0    .692   1.14   3.72   .785   .773   .457   2.76   .407   .010   3
  64 SPJ11A   1786 2010    225      7      0    .796   1.12   3.63   .801   .869   .344   1.67   .305  -.006   1
  65 SPJ11B   1808 2010    203      6      0    .813   1.07   3.08   .723   .819   .344   1.86   .304   .001   2
  66 SPJ12A   1775 2010    236      7      0    .707   1.16   3.05   .606   .749   .326   1.80   .291  -.006   1
  67 SPJ12B   1725 1920    196      5      0    .607   1.28   3.34   .731   .738   .331   2.37   .299  -.000   1
  68 SPJ13A   1801 1917    117      2      0    .648   1.58   3.07   .679   .487   .334   1.60   .295   .046   0
  69 SPJ13B   1798 2008    211      6      0    .696   1.37   4.15   .854   .745   .368   2.04   .328  -.009   3
  70 SPJ14A   1636 1947    312     10      0    .730    .89   2.90   .734   .815   .405   2.40   .352   .008   1
  71 SPJ14B   1639 1932    294     10      0    .746    .79   3.31   .657   .813   .436   1.74   .352  -.005   3
  72 SPJ15A   1807 2010    204      6      0    .759    .80   2.61   .466   .703   .363   1.80   .318   .062   0
  73 SPJ15B   1776 2010    235      7      0    .797   1.10   3.01   .569   .601   .368   1.65   .302   .015   0
  74 SPJ16A   1911 2010    100      2      0    .789   1.17   2.46   .467   .494   .404   1.77   .329  -.010   2
  75 SPJ16B   1910 2010    101      2      0    .750   1.69   3.01   .608   .362   .382   1.60   .321  -.013   2
  76 SPJ17A   1782 2010    229      7      0    .834   1.04   2.91   .524   .645   .376   1.75   .329  -.000   1
  77 SPJ17B   1787 2010    224      7      0    .814   1.06   2.80   .572   .645   .422   1.95   .355   .084   0
  78 SPJ18A   1888 2010    123      3      0    .771   1.70   4.74   .895   .827   .309   1.77   .284  -.003   0
  79 SPJ18B   1884 2010    127      3      0    .768   1.98   5.73  1.147   .841   .294   1.72   .272  -.003   2
  80 SPJ19A   1663 1920    258      8      0    .658    .94   3.56   .739   .747   .477   2.38   .389  -.012   3
  81 SPJ19B   1624 2010    387     14      0    .714    .68   2.30   .510   .758   .506   2.51   .430   .069   0
  82 SPJ20A   1777 2010    234      7      0    .808   1.52   3.85   .873   .743   .406   2.05   .364   .010   2
  83 SPJ20B   1706 2010    305     10      0    .760    .95   2.49   .441   .524   .446   1.94   .355  -.009   3
  84 SPJ24A   1918 2010     93      2      0    .865   1.12   3.81   .660   .551   .523   1.78   .422   .003   1
  85 SPJ24B   1918 2010     93      2      0    .839   1.36   3.84   .693   .450   .500   1.96   .404   .017   1
  86 TAS01A   1695 1993    299     10      0    .832   1.05   2.93   .649   .523   .573   2.12   .454  -.003   1
  87 TAS01B   1658 1993    336     11      0    .859    .85   2.01   .477   .545   .513   1.99   .408  -.010   3
  88 TAS02A   1604 1993    390     13      0    .844    .80   3.91   .512   .688   .494   1.96   .384  -.004   3
  89 TAS02B   1664 1993    330     11      0    .876    .91   2.93   .546   .644   .464   2.33   .381   .003   3
  90 TAS03A   1766 1993    228      7      0    .828   1.50   6.06  1.034   .790   .449   2.13   .382  -.013   1
  91 TAS03B   1646 1993    348     12      0    .821   1.13   5.70   .962   .815   .494   2.14   .416  -.008   1
  92 TAS04A   1527 1650    124      3      0    .655    .99   2.80   .644   .654   .464   2.34   .378  -.074   0
  93 TAS04B   1463 1649    187      5      0    .749   1.03   2.36   .508   .551   .420   2.08   .347  -.000   2
  94 TAS05A   1670 1850    181      6      0    .855   1.48   4.62   .863   .619   .552   2.02   .413  -.011   3
  95 TAS05B   1726 1870    145      3      0    .870   1.13   3.56   .771   .696   .524   2.06   .407  -.016   1
  96 TAS06A   1698 1993    296     10      0    .839    .76   3.60   .551   .691   .588   2.19   .447  -.000   1
  97 TAS06B   1661 1993    333     11      0    .838    .80   3.86   .566   .677   .546   2.09   .415  -.014   3
  98 TAS07A   1460 1993    534     18      0    .752    .56   1.90   .390   .818   .417   2.15   .354  -.009   3
  99 TAS07B   1450 1769    320      9      0    .724    .76   1.85   .367   .749   .318   2.03   .283   .002   3
 100 TAS08A   1645 1993    349     12      0    .778    .69   3.02   .534   .809   .507   2.34   .411  -.002   3
 101 TAS08B   1617 1993    377     13      0    .724    .80   3.45   .443   .726   .368   1.86   .321  -.006   3
 102 TAS09A   1659 1993    335     11      0    .704   1.06   4.17   .672   .837   .303   1.96   .298  -.017   3
 103 TAS09B   1712 1993    282      9      0    .786    .59   2.24   .368   .825   .347   2.16   .320   .004   1
 104 TAS10A   1696 1993    298     10      0    .759   1.13   7.09  1.009   .822   .422   2.20   .376  -.006   3
 105 TAS10B   1690 1759     70      1      0    .680   1.74   6.50  1.250   .767   .408   1.86   .384   .012   2
 106 TAS10C   1690 1730     41      0      0    .712    .78   1.91   .364   .381   .402   2.06   .345  -.006   0
 107 TAS10D   1805 1993    189      5      0    .709    .60   1.92   .317   .722   .393   1.97   .347   .000   1
 108 TAS11A   1622 1993    372     13      0    .761    .92   2.88   .646   .840   .370   1.90   .317  -.014   1
 109 TAS11B   1625 1993    369     12      0    .783    .82   2.74   .636   .828   .439   2.22   .354  -.003   3
 110 TAS12A   1573 1899    327     11      0    .734    .93   3.82   .653   .806   .395   1.84   .329  -.001   3
 111 TAS12B   1628 1901    274      9      0    .726    .86   5.48   .784   .860   .464   2.27   .375  -.028   3
 112 TAS13A   1586 1993    408     14      0    .816    .80   2.53   .468   .666   .456   2.02   .374  -.006   3
 113 TAS13B   1542 1993    452     16      0    .805    .72   4.10   .631   .852   .437   2.08   .370  -.008   3
 114 TAS14A   1633 1993    361     12      0    .812   1.05   3.46   .680   .782   .392   2.17   .335  -.018   3
 115 TAS14B   1638 1993    356     12      0    .777   1.00   4.36   .722   .733   .434   2.13   .361  -.015   3
 116 TAS15A   1616 1993    378     13      0    .720    .74   3.52   .589   .848   .447   2.04   .365   .002   2
 117 TAS15B   1624 1993    370     12      0    .784    .78   3.00   .536   .759   .423   2.65   .367  -.001   3
 118 TAS16A   1857 1993    137      3      0    .821   2.76   9.42  1.870   .803   .384   1.65   .330   .006   1
 119 TAS16B   1912 1993     82      1      0    .842   2.97   5.74  1.113   .547   .343   1.50   .300  -.014   1
 120 TAS17A   1717 1993    277      9      0    .748   1.34   5.44  1.163   .876   .376   1.94   .320  -.003   1
 121 TAS17B   1673 1993    321     10      0    .809   1.24   4.75   .827   .817   .345   2.00   .302   .014   3
 122 TAS18A   1609 1993    385     13      0    .796    .80   2.28   .368   .625   .362   2.04   .316  -.006   1
 123 TAS18B   1611 1993    383     13      0    .733    .99   2.45   .448   .616   .368   1.95   .316  -.001   3
 124 TAS19A   1645 1993    349     12      0    .789    .84   2.87   .611   .805   .417   2.19   .356  -.001   3
 125 TAS19B   1810 1993    184      5      0    .823   1.13   3.96   .697   .714   .447   1.93   .367   .006   3
 126 TAS20A   1802 1993    192      5      0    .819   1.73   5.84  1.188   .718   .397   1.93   .329   .045   0
 127 TAS20B   1741 1993    253      8      0    .822   1.51   5.04  1.125   .746   .466   1.86   .364   .007   1
 128 TAS21A   1646 1993    348     12      0    .813    .72   2.05   .349   .603   .404   1.85   .315  -.002   3
 129 TAS21B   1602 1993    392     13      0    .837    .67   2.26   .347   .581   .426   1.85   .336  -.006   3
 130 TAS22B   1761 1993    233      7      0    .804   1.47   4.01   .795   .527   .472   2.18   .414   .002   1
 131 TAS23A   1690 1993    304     10      0    .742    .85   2.69   .503   .603   .458   1.98   .404   .012   1
 132 TAS24B   1760 1993    234      7      0    .818    .58   1.65   .306   .405   .480   2.05   .389   .004   3
 133 TAS25A   1807 1993    187      5      0    .856   1.91   5.55   .991   .415   .491   2.01   .398   .005   3
 134 TAS25B   1815 1993    179      5      0    .848   1.74   5.94  1.080   .456   .485   2.02   .401  -.008   3
 --- -------- ---------  -----  -----  -----   ------ -----  -----  -----  -----  -----  -----  -----  -----  --
 Total or mean:          35751   1130      4    .755    .98   9.42   .635   .722   .409  10.35   .347   .001

 DATA CHECKS (rwl.check): mexi107
-----------------------------------------------------------------------------------------------------------------------------------
 rwl.check: data_files/treering/measurements/northamerica/mexico/mexi107.rwl
 134 series, 35751 measurements, 1449-2010, 0.001 mm precision
 0 error(s), 2 warning(s), 56 note(s)
 -------------
 WARNING
   RWL_MIXED_PRECISION (1)
     the file declares more than one precision (0.001 and 0.01 mm). That is legal and rare, and easy to miss: series measured at different precisions sit in one object
   RWL_SERIES_OUTLIER (1)
     SPJ10A: correlates with the rest of the collection at r = 0.39 where the collection median is 0.757 (5.5 MAD below it); it does not fit the collection it is in
 56 note(s) not shown; see rwl.check() or the 'check' element of this report.

 NOTES
-----------------------------------------------------------------------------------------------------------------------------------
 Report generated using dplR 1.8.1 (R 4.5.2) on 2026-10-01 16:54 PDT.
 Measurement file mexi107.rwl, MD5 74c7d7dd43a36828c6391756884ba8e0.
 Filtering: each series divided by a 32-year smoothing spline (caps()), then prewhitened with
   an AR model (order by AIC, at most 3).
 Master: biweight robust mean of the other series (leave-one-out).
 Correlation: Pearson, one-tailed, pcrit = 0.01; critical r = 0.3281 for 50-year segments.
 Segments: 50 years, lagged 25, first segment floored to 100. Lags searched: +/- 10 years.
 A segment is tested only where the series and the master cover all of it, at the dated
   position and at every lag. COFECHA also tests partial segments at the ends of a series, so
   series here may show fewer segments, and no flags can be raised at the ends of the record.
 Lags follow COFECHA: negative means rings are probably missing from the series, positive means
   false rings. A missing ring carries its lag into every segment before it, so look where the
   lag changes along a series. A B flag is a hypothesis to check on the wood; the gain says how
   seriously to take it.
 A B flag marked "weak at every lag" correlates under the critical value even at its best lag:
   the segment is weak wherever it is placed, and the shift is not evidence of a dating error.
   Treat it as a low correlation, like an A.
 Averages in the summary and the totals are weighted by the number of years in each series, as
   COFECHA's are.
 Unfiltered block and mean sensitivity: the measurements as read, and sens1().
 dplR filtered block: the series that was correlated, after filtering. COFECHA's filtered
   series is defined differently, so these three columns are not COFECHA's numbers.
 AR: order of the AR model used to prewhiten.
