
 COFECHA-style crossdating report: mexi021
 Report generated using dplR 1.8.1 (R 4.5.2) on 2026-10-01 16:48 PDT
 Built with dplR's xdate.report(), not COFECHA; see the notes at the end.


      Measurement file name  : mexi021.rwl
      MD5 of measurement file: cf23b3d1cd7fe3898470e69e29b671d2
      Date checked           : 01OCT26
      Beginning year         : 1553
      Ending year            : 1997
      Principal investigators: Biondi, F.
      Site name              : Nevado de Colima
      Species information    : PIHR Pinus hartwegii Lindl.
      Latitude               : 19.5800 N
      Longitude              : 103.6200 W
      Elevation              : 3700 m

      Series intercorrelation: 0.552
      Avg mean sensitivity   : 0.253
      Avg standard deviation : 0.735
      Avg autocorrelation    : 0.835
      Number dated series    : 79
      Segment length tested  : 50

      Number problem segments: 26  (A 13, B 13; 8 of the B weak at every lag)
      Pct problem segments   : 5.66


 CORRELATION OF SERIES BY SEGMENTS: mexi021
-----------------------------------------------------------------------------------------------------------------------------------
 Correlations of  50-year dated segments, lagged  25 years
 Flags:  A = correlation under   .3281 but highest as dated;  B = correlation higher at other than dated position

 Seq Series  Time_span  1600 1625 1650 1675 1700 1725 1750 1775 1800 1825 1850 1875 1900 1925 
                        1649 1674 1699 1724 1749 1774 1799 1824 1849 1874 1899 1924 1949 1974 
 --- -------- ---------  ---- ---- ---- ---- ---- ---- ---- ---- ---- ---- ---- ---- ---- ---- 
   1 NDC08A   1879 1997                                                              .72  .55 
   2 NDC08B   1868 1997                                                         .71  .72  .77 
   3 NDC12A   1840 1997                                                    .51  .59  .63  .60 
   4 NDC12B   1799 1997                                               .31A .50  .66  .70  .44 
   5 NDC13A   1892 1997                                                              .43  .47 
   6 NDC14A   1710 1997                           .57  .55  .70  .72  .66  .73  .69  .66  .62 
   7 NDC15B   1620 1760       .53  .49  .47  .60                                              
   8 NDC16A   1873 1997                                                         .65  .54  .53 
   9 NDC16B   1863 1997                                                         .59  .57  .50 
  10 NDC17A   1806 1997                                               .46  .51  .73  .71  .54 
  11 NDC17B   1799 1910                                               .44  .45                
  12 NDC18A   1789 1997                                          .46  .44  .54  .74  .53  .04B
  13 NDC18B   1783 1997                                          .56  .55  .53  .77  .71  .42 
  14 NDC20A   1710 1997                           .52  .68  .71  .74  .56  .58  .86  .77  .58 
  15 NDC20B   1710 1839                           .58  .61  .48                               
  16 NDC22A   1900 1997                                                                   .60 
  17 NDC22B   1866 1997                                                         .68  .63  .54 
  18 NDC23A   1774 1980                                          .52  .52  .66  .80  .71  .50 
  19 NDC23B   1760 1960                                     .42  .60  .60  .48  .64  .69      
  20 NDC24A   1726 1997                                .58  .55  .70  .51  .34  .72  .76  .66 
  21 NDC24B   1724 1997                                .55  .64  .68  .50  .45  .47  .45  .44 
  22 NDC26A   1634 1997            .59  .55  .51  .62  .60  .58  .63  .58  .48  .61  .52  .37 
  23 NDC26B   1870 1997                                                         .68  .58  .42 
  24 NDC26C   1666 1997                 .54  .47  .50  .63  .56  .57  .53  .38  .73  .73  .62 
  25 NDC28A   1637 1820            .61  .60  .48  .40  .47                                    
  26 NDC28B   1628 1730            .45  .47                                                   
  27 NDC29A   1801 1997                                               .52  .32B .56  .61  .60 
  28 NDC29D   1792 1997                                          .69  .71  .32A .50  .71  .79 
  29 NDC30A   1735 1997                                .61  .58  .50  .34  .62  .80  .74  .56 
  30 NDC30C   1830 1997                                                    .07B .70  .74  .68 
  31 NDC31A   1788 1997                                          .46  .46  .57  .62  .61  .69 
  32 NDC31C   1810 1997                                               .44  .68  .74  .70  .75 
  33 NDC33B   1688 1990                      .43  .31A .43  .51  .59  .51  .50  .60  .57  .54 
  34 NDC34A   1742 1996                                .69  .65  .54  .40  .60  .84  .75  .61 
  35 NDC34B   1744 1997                                .73  .63  .61  .39  .27B .76  .73  .53 
  36 NDC35A   1707 1997                           .42  .58  .65  .69  .74  .48  .65  .68  .53 
  37 NDC35B   1712 1997                           .51  .70  .69  .73  .63  .45  .63  .64  .56 
  38 NDC37C   1802 1910                                               .59  .67                
  39 NDC37D   1801 1920                                               .43  .54                
  40 NDC39C   1750 1950                                     .50  .58  .46  .42  .72  .76      
  41 NDC39D   1775 1950                                          .34B .12B .32A .72  .68      
  42 NDC40A   1662 1991                 .68  .67  .49  .46  .67  .65  .49  .55  .58  .60  .63 
  43 NDC40B   1627 1990            .71  .62  .57  .35  .48  .69  .63  .44  .57  .66  .66  .62 
  44 NDC40C   1642 1960            .63  .57  .47  .49  .53  .55  .58  .39  .47  .58  .59      
  45 NDC40E   1639 1993            .52  .52  .44  .31A .47  .69  .60  .29A .41B .49  .56  .67 
  46 NDC41C   1804 1997                                               .22A .45  .72  .49  .26B
  47 NDC41D   1782 1997                                          .52  .21B .40  .67  .65  .60 
  48 NDC42C   1553 1813  .58  .57  .63  .61  .46  .51  .55                                    
  49 NDC44A   1600 1910       .75  .71  .74  .56  .34  .54  .67  .64  .56  .52                
  50 NDC44C   1651 1810                 .76  .48  .18B .41                                    
  51 NDC44D   1614 1810       .88  .80  .70  .49  .33  .50                                    
  52 NDC45A   1695 1997                      .27B .49  .58  .73  .68  .50  .60  .53  .56  .66 
  53 NDC45D   1720 1920                           .38  .46  .53  .59  .50  .36                
  54 NDC45F   1695 1838                      .36  .48  .54  .66                               
  55 NDC46A   1786 1997                                          .57  .36  .28A .58  .65  .70 
  56 NDC46B   1800 1997                                               .39  .42  .62  .64  .60 
  57 NDC46C   1790 1997                                          .71  .51  .40  .64  .67  .66 
  58 NDC47A   1770 1975                                     .50  .59  .59  .76  .71  .67  .60 
  59 NDC47B   1787 1997                                          .51  .45  .59  .77  .70  .50 
  60 NDC47C   1781 1997                                          .70  .56  .70  .70  .64  .66 
  61 NDC51A   1756 1997                                     .41  .44  .35  .68  .70  .59  .44 
  62 NDC51B   1729 1997                                .30A .51  .63  .58  .45  .53  .66  .62 
  63 NDC29BBA 1832 1997                                                    .37  .59  .68  .68 
  64 NDC29CBA 1875 1997                                                              .57  .71 
  65 NDC30BBA 1750 1997                                     .49  .40  .23A .33A .72  .69  .54 
  66 NDC30DBA 1749 1996                                     .47  .50  .27A .20A .66  .74  .66 
  67 NDC31BBA 1775 1997                                          .63  .59  .60  .57  .60  .76 
  68 NDC31DBA 1775 1997                                          .67  .64  .58  .62  .62  .70 
  69 NDC37ABA 1795 1997                                          .57  .50  .46  .63  .42  .22B
  70 NDC37BBA 1815 1878                                               .60                     
  71 NDC39ABA 1751 1906                                     .42  .57  .64  .65                
  72 NDC39BBA 1800 1997                                               .71  .39  .60  .73  .69 
  73 NDC40DBA 1860 1980                                                         .50  .46  .54 
  74 NDC40GBA 1601 1810       .51  .54  .58  .50  .28B .45                                    
  75 NDC40FBA 1869 1990                                                         .60  .55  .58 
  76 NDC41ABA 1828 1997                                                    .42  .63  .71  .72 
  77 NDC41BBA 1867 1997                                                         .70  .57  .56 
  78 NDC44BBA 1576 1810  .61  .79  .60  .64  .64  .45  .57                                    
  79 NDC44EBA 1614 1810       .74  .77  .69  .57  .42  .57                                    
 Av segment correlation  .60  .68  .62  .61  .50  .43  .55  .58  .59  .48  .48  .66  .64  .57 

 FLAGGED SEGMENTS: mexi021
-----------------------------------------------------------------------------------------------------------------------------------
 Seq Series   Segment    Flag  r dated  Best lag  r at lag   Gain  Note
 --- -------- ---------  ----  -------  --------  --------  -----  -----------------
   4 NDC12B   1825 1874     A     .310         0
  12 NDC18A   1925 1974     B     .044         5      .244   .200  weak at every lag
  27 NDC29A   1850 1899     B     .319        -8      .339   .021
  28 NDC29D   1850 1899     A     .317         0
  30 NDC30C   1850 1899     B     .070         3      .306   .237  weak at every lag
  33 NDC33B   1725 1774     A     .315         0
  35 NDC34B   1850 1899     B     .271        -9      .283   .012  weak at every lag
  41 NDC39D   1800 1849     B     .338         1      .417   .079
  41 NDC39D   1825 1874     B     .123         1      .512   .389
  41 NDC39D   1850 1899     A     .316         0
  45 NDC40E   1725 1774     A     .315         0
  45 NDC40E   1825 1874     A     .293         0
  45 NDC40E   1850 1899     B     .412        -1      .475   .063
  46 NDC41C   1825 1874     A     .225         0
  46 NDC41C   1925 1974     B     .264        -1      .347   .084
  47 NDC41D   1825 1874     B     .206        -1      .216   .010  weak at every lag
  50 NDC44C   1725 1774     B     .180         1      .298   .118  weak at every lag
  52 NDC45A   1700 1749     B     .266        -6      .298   .032  weak at every lag
  55 NDC46A   1850 1899     A     .279         0
  62 NDC51B   1750 1799     A     .304         0
  65 NDC30BBA 1825 1874     A     .235         0
  65 NDC30BBA 1850 1899     A     .327         0
  66 NDC30DBA 1825 1874     A     .274         0
  66 NDC30DBA 1850 1899     A     .200         0
  69 NDC37ABA 1925 1974     B     .223         6      .296   .073  weak at every lag
  74 NDC40GBA 1725 1774     B     .283         7      .301   .018  weak at every lag

 DESCRIPTIVE STATISTICS: mexi021
-----------------------------------------------------------------------------------------------------------------------------------

                                                Corr   //-------- Unfiltered --------\\  //-- dplR filtered --\\
                           No.    No.    No.    with   Mean   Max     Std   Auto   Mean   Max     Std   Auto  AR
 Seq Series   Interval   Years  Segmt  Flags   Master  msmt   msmt    dev   corr   sens  value    dev   corr  ()
 --- -------- ---------  -----  -----  -----   ------ -----  -----  -----  -----  -----  -----  -----  -----  --
   1 NDC08A   1879 1997    119      2      0    .627   2.29   4.19   .712   .777   .165   1.33   .173   .027   2
   2 NDC08B   1868 1997    130      3      0    .685   1.80   4.84   .680   .675   .214   1.93   .227   .045   1
   3 NDC12A   1840 1997    158      4      0    .477   1.44   3.48   .668   .800   .228   1.64   .226   .016   2
   4 NDC12B   1799 1997    199      5      1    .484   1.68   4.32   .823   .806   .212   1.65   .203   .002   2
   5 NDC13A   1892 1997    106      2      0    .483   3.45   8.82  2.479   .937   .224   2.05   .236   .019   2
   6 NDC14A   1710 1997    288      9      0    .588   1.32   5.12  1.204   .976   .250   1.66   .233  -.012   2
   7 NDC15B   1620 1760    141      4      0    .484    .65   1.59   .345   .823   .303   2.22   .293  -.009   2
   8 NDC16A   1873 1997    125      3      0    .601   2.57   5.61  1.241   .798   .256   1.64   .223   .046   2
   9 NDC16B   1863 1997    135      3      0    .559   2.48   6.28  1.362   .852   .247   1.75   .233   .024   2
  10 NDC17A   1806 1997    192      5      0    .601   1.64   5.09   .913   .865   .281   1.77   .259   .007   2
  11 NDC17B   1799 1910    112      2      0    .485   2.25   5.10   .991   .827   .210   1.60   .213   .010   3
  12 NDC18A   1789 1997    209      6      1    .480   1.69   5.09   .858   .853   .232   2.10   .232  -.013   2
  13 NDC18B   1783 1997    215      6      0    .565   1.06   3.88   .685   .886   .263   1.84   .255  -.009   3
  14 NDC20A   1710 1997    288      9      0    .648   1.11   4.16   .690   .867   .283   1.78   .263   .010   2
  15 NDC20B   1710 1839    130      3      0    .445   1.65   4.11   .935   .899   .243   1.83   .250   .012   2
  16 NDC22A   1900 1997     98      1      0    .627   1.95   5.08   .866   .839   .193   1.63   .194   .022   2
  17 NDC22B   1866 1997    132      3      0    .576   1.91   4.43   .871   .830   .195   1.80   .229   .064   2
  18 NDC23A   1774 1980    207      6      0    .596   1.50   4.38   .891   .833   .290   1.77   .277   .007   3
  19 NDC23B   1760 1960    201      6      0    .580   1.46   4.03   .919   .833   .301   1.65   .280  -.010   2
  20 NDC24A   1726 1997    272      8      0    .638   1.38   5.02   .904   .911   .225   1.73   .220   .000   2
  21 NDC24B   1724 1997    274      8      0    .460   1.39   4.42   .686   .876   .196   2.15   .222   .064   2
  22 NDC26A   1634 1997    364     12      0    .541   1.13   3.32   .749   .888   .299   2.05   .300  -.012   2
  23 NDC26B   1870 1997    128      3      0    .544    .83   2.20   .415   .786   .247   1.92   .263   .036   2
  24 NDC26C   1666 1997    332     11      0    .566    .94   2.88   .638   .895   .339   2.37   .320  -.016   2
  25 NDC28A   1637 1820    184      5      0    .494   1.27   3.29   .606   .656   .359   1.96   .318  -.019   2
  26 NDC28B   1628 1730    103      2      0    .386   1.12   3.08   .685   .811   .335   2.28   .329  -.016   2
  27 NDC29A   1801 1997    197      5      1    .537   1.37   3.57   .648   .821   .219   1.81   .222   .011   2
  28 NDC29D   1792 1997    206      6      1    .622   1.20   3.29   .603   .829   .268   2.20   .263  -.008   2
  29 NDC30A   1735 1997    263      8      0    .544   1.38   3.56   .649   .849   .252   1.76   .256  -.006   2
  30 NDC30C   1830 1997    168      4      1    .485   1.63   4.90   .702   .801   .205   1.89   .222   .003   3
  31 NDC31A   1788 1997    210      6      0    .555   1.86   4.83   .837   .827   .210   2.51   .244   .032   2
  32 NDC31C   1810 1997    188      5      0    .691   1.68   4.93   .722   .742   .234   2.00   .257  -.018   2
  33 NDC33B   1688 1990    303     10      1    .528   1.12   3.70   .609   .802   .253   2.02   .252   .014   2
  34 NDC34A   1742 1996    255      8      0    .663   1.45   4.26   .747   .898   .190   1.49   .189   .023   2
  35 NDC34B   1744 1997    254      8      1    .604   1.21   4.38   .718   .939   .199   1.51   .191  -.008   2
  36 NDC35A   1707 1997    291      9      0    .579   1.30   3.59   .546   .816   .211   1.66   .209  -.007   2
  37 NDC35B   1712 1997    286      9      0    .591   1.22   3.53   .725   .843   .307   2.13   .282  -.008   3
  38 NDC37C   1802 1910    109      2      0    .567   1.73   4.01  1.026   .876   .277   1.65   .270   .011   2
  39 NDC37D   1801 1920    120      2      0    .449   1.78   5.49  1.214   .920   .232   1.95   .248  -.036   3
  40 NDC39C   1750 1950    201      6      0    .597   1.06   2.21   .471   .792   .262   1.83   .247   .019   2
  41 NDC39D   1775 1950    176      5      3    .486    .79   2.21   .392   .793   .274   1.97   .262  -.011   2
  42 NDC40A   1662 1991    330     11      0    .563   1.04   2.46   .403   .803   .223   1.53   .216   .006   2
  43 NDC40B   1627 1990    364     12      0    .549   1.23   2.72   .463   .821   .203   1.70   .202   .015   2
  44 NDC40C   1642 1960    319     11      0    .538    .92   2.48   .403   .806   .235   1.91   .254   .013   2
  45 NDC40E   1639 1993    355     12      3    .507   1.17   2.43   .432   .758   .222   1.56   .218   .010   2
  46 NDC41C   1804 1997    194      5      2    .474   1.88   4.20   .924   .837   .250   1.49   .224  -.003   3
  47 NDC41D   1782 1997    216      6      1    .506   1.61   3.61   .850   .880   .240   1.57   .219   .017   2
  48 NDC42C   1553 1813    261      7      0    .481   1.25   4.07   .735   .891   .244   1.65   .233  -.028   3
  49 NDC44A   1600 1910    311     10      0    .554    .81   3.63   .540   .875   .309   2.06   .299   .000   3
  50 NDC44C   1651 1810    160      4      1    .525   1.17   2.98   .552   .799   .275   1.60   .248   .039   2
  51 NDC44D   1614 1810    197      6      0    .606   1.34   3.86   .589   .743   .255   1.86   .252   .001   2
  52 NDC45A   1695 1997    303     10      1    .523   1.15   2.76   .602   .846   .283   2.16   .279   .010   3
  53 NDC45D   1720 1920    201      6      0    .486    .94   2.29   .459   .790   .320   1.86   .307   .010   2
  54 NDC45F   1695 1838    144      4      0    .516   1.32   2.31   .456   .708   .225   1.48   .224  -.008   2
  55 NDC46A   1786 1997    212      6      1    .536   1.87   6.23  1.324   .946   .234   1.67   .219   .034   2
  56 NDC46B   1800 1997    198      5      0    .592   1.49   5.68   .971   .891   .293   1.74   .256  -.016   2
  57 NDC46C   1790 1997    208      6      0    .619   1.93   5.01  1.051   .898   .236   1.66   .233   .012   2
  58 NDC47A   1770 1975    206      7      0    .626   1.40   3.48   .671   .785   .250   1.82   .248   .012   2
  59 NDC47B   1787 1997    211      6      0    .586   1.35   3.33   .686   .846   .222   1.59   .230  -.001   2
  60 NDC47C   1781 1997    217      6      0    .646   1.80   4.00   .733   .765   .221   1.94   .234  -.007   2
  61 NDC51A   1756 1997    242      7      0    .541   1.68   4.73  1.053   .861   .275   2.24   .281  -.006   2
  62 NDC51B   1729 1997    269      8      1    .544   1.46   4.72   .824   .892   .234   2.06   .250  -.006   2
  63 NDC29BBA 1832 1997    166      4      0    .599   1.49   3.40   .665   .814   .214   1.92   .219  -.006   3
  64 NDC29CBA 1875 1997    123      2      0    .508   1.11   2.76   .612   .874   .228   1.83   .201  -.050   2
  65 NDC30BBA 1750 1997    248      7      2    .475   1.51   3.04   .678   .837   .241   1.87   .242  -.013   3
  66 NDC30DBA 1749 1996    248      7      2    .527   1.30   3.02   .496   .785   .215   1.83   .219  -.011   2
  67 NDC31BBA 1775 1997    223      6      0    .628   1.61   5.22  1.011   .872   .250   1.87   .276  -.009   2
  68 NDC31DBA 1775 1997    223      6      0    .619   1.58   4.24   .901   .871   .238   1.67   .241  -.001   2
  69 NDC37ABA 1795 1997    203      6      1    .418   1.26   4.20   .914   .792   .419   2.18   .382  -.001   2
  70 NDC37BBA 1815 1878     64      1      0    .618   2.05   3.60   .664   .583   .246   1.69   .247   .054   1
  71 NDC39ABA 1751 1906    156      4      0    .552    .86   2.92   .605   .862   .293   1.83   .283  -.024   2
  72 NDC39BBA 1800 1997    198      5      0    .540   1.00   3.10   .691   .856   .290   1.99   .283   .012   2
  73 NDC40DBA 1860 1980    121      3      0    .492    .62   1.34   .281   .684   .340   1.82   .321   .005   2
  74 NDC40GBA 1601 1810    210      6      1    .459   1.37   3.22   .651   .898   .172   1.55   .190  -.004   2
  75 NDC40FBA 1869 1990    122      3      0    .504   1.34   3.08   .485   .643   .244   1.51   .242   .018   2
  76 NDC41ABA 1828 1997    170      4      0    .543   2.29   5.16   .979   .763   .257   1.86   .255   .047   3
  77 NDC41BBA 1867 1997    131      3      0    .555   1.60   3.78   .805   .800   .343   2.12   .313   .019   2
  78 NDC44BBA 1576 1810    235      7      0    .532   1.06   4.48   .903   .917   .317   1.84   .287  -.004   2
  79 NDC44EBA 1614 1810    197      6      0    .601   1.12   3.02   .455   .758   .236   1.78   .231  -.003   2
 --- -------- ---------  -----  -----  -----   ------ -----  -----  -----  -----  -----  -----  -----  -----  --
 Total or mean:          16225    459     26    .552   1.39   8.82   .735   .835   .253   2.51   .249   .004

 DATA CHECKS (rwl.check): mexi021
-----------------------------------------------------------------------------------------------------------------------------------
 rwl.check: data_files/treering/measurements/northamerica/mexico/mexi021.rwl
 79 series, 16225 measurements, 1553-1997, 0.001 mm precision
 0 error(s), 0 warning(s), 36 note(s)
 -------------
 Nothing to report at this severity.
 36 note(s) not shown; see rwl.check() or the 'check' element of this report.

 NOTES
-----------------------------------------------------------------------------------------------------------------------------------
 Report generated using dplR 1.8.1 (R 4.5.2) on 2026-10-01 16:48 PDT.
 Measurement file mexi021.rwl, MD5 cf23b3d1cd7fe3898470e69e29b671d2.
 Filtering: each series divided by a 32-year smoothing spline (caps()), then prewhitened with
   an AR model (order by AIC, at most 3).
 Master: biweight robust mean of the other series (leave-one-out).
 Correlation: Pearson, one-tailed, pcrit = 0.01; critical r = 0.3281 for 50-year segments.
 Segments: 50 years, lagged 25, first segment floored to 100. Lags searched: +/- 10 years.
 A segment is tested only where the series and the master cover all of it, at the dated
   position and at every lag. COFECHA also tests partial segments at the ends of a series, so
   series here may show fewer segments, and no flags can be raised at the ends of the record.
 Lags follow COFECHA: negative means rings are probably missing from the series, positive means
   false rings. A missing ring carries its lag into every segment before it, so look where the
   lag changes along a series. A B flag is a hypothesis to check on the wood; the gain says how
   seriously to take it.
 A B flag marked "weak at every lag" correlates under the critical value even at its best lag:
   the segment is weak wherever it is placed, and the shift is not evidence of a dating error.
   Treat it as a low correlation, like an A.
 Averages in the summary and the totals are weighted by the number of years in each series, as
   COFECHA's are.
 Unfiltered block and mean sensitivity: the measurements as read, and sens1().
 dplR filtered block: the series that was correlated, after filtering. COFECHA's filtered
   series is defined differently, so these three columns are not COFECHA's numbers.
 AR: order of the AR model used to prewhiten.
