
 COFECHA-style crossdating report: mexi081
 Report generated using dplR 1.8.1 (R 4.5.2) on 2026-10-01 16:56 PDT
 Built with dplR's xdate.report(), not COFECHA; see the notes at the end.


      Measurement file name  : mexi081.rwl
      MD5 of measurement file: a89893d8e23c296f42a36959f4c589ff
      Date checked           : 01OCT26
      Beginning year         : 1210
      Ending year            : 2008
      Principal investigators: Villanueva-Díaz, J.
      Site name              : Palmito
      Species information    : TAMU Taxodium mucronatum Ten.
      Latitude               : 25.0590 N
      Longitude              : 104.0990 W
      Elevation              : 1430 m

      Series intercorrelation: 0.615
      Avg mean sensitivity   : 0.368
      Avg standard deviation : 0.759
      Avg autocorrelation    : 0.687
      Number dated series    : 66
      Segment length tested  : 50

      Number problem segments: 37  (A 16, B 21; 9 of the B weak at every lag)
      Pct problem segments   : 5.32


 CORRELATION OF SERIES BY SEGMENTS: mexi081
-----------------------------------------------------------------------------------------------------------------------------------
 Correlations of  50-year dated segments, lagged  25 years
 Flags:  A = correlation under   .3281 but highest as dated;  B = correlation higher at other than dated position

 Seq Series  Time_span  1300 1325 1350 1375 1400 1425 1450 1475 1500 1525 1550 1575 1600 1625 1650 1675 1700 1725 1750 1775 
                        1349 1374 1399 1424 1449 1474 1499 1524 1549 1574 1599 1624 1649 1674 1699 1724 1749 1774 1799 1824 
 --- -------- ---------  ---- ---- ---- ---- ---- ---- ---- ---- ---- ---- ---- ---- ---- ---- ---- ---- ---- ---- ---- ---- 
   1 PAL10A   1757 2008                                                                                                 .49 
   7 PAL26A   1761 2008                                                                                                 .62 
   8 PAL26B   1762 2008                                                                                                 .67 
   9 PAL27B   1685 2008                                                                                  .33A .37B .55  .61 
  11 PAL51A   1725 1950                                                                                            .74  .84 
  12 PAL51C   1725 2008                                                                                            .66  .70 
  14 PAL65A   1213 1639  .85  .68  .55  .64  .65  .55  .57  .68  .73  .74  .74  .67                                         
  15 PAL65B   1284 1639  .86  .75  .63  .70  .79  .79  .74  .71  .74  .81  .87  .75                                         
  16 PAL65J   1243 1639  .84  .72  .71  .73  .81  .83  .82  .83  .81  .83  .87  .85                                         
  17 PAL65K   1422 1659                           .61  .66  .68  .71  .56  .59  .68  .47                                    
  18 PAL65M   1269 1425  .80  .57  .47  .66                                                                                 
  20 PAL67A   1725 2008                                                                                            .73  .74 
  21 PAL67D   1725 2008                                                                                            .59  .58 
  22 PAL70A   1299 1370  .42                                                                                                
  23 PAL70F   1281 1370  .40                                                                                                
  24 PAL74B   1449 2008                                     .49  .78  .78  .80  .85  .85  .89  .88  .86  .84  .71  .71  .74 
  25 PAL74D   1506 2008                                               .82  .81  .84  .87  .87  .84  .79  .84  .80  .81  .81 
  26 PAL74G   1449 2008                                     .60  .78  .79  .78  .86  .81  .82  .84  .83  .83  .58  .38B .67 
  27 PAL74H   1516 1750                                               .64  .86  .90  .75  .79  .84  .76  .75                
  28 PAL74I   1505 2008                                               .78  .80  .90  .81  .81  .87  .83  .78  .77  .75  .80 
  29 PAL75C   1584 2008                                                              .69  .81  .84  .77  .72  .64  .45  .52 
  30 PAL75E   1770 2008                                                                                                 .48 
  31 PAL76E   1750 2008                                                                                                 .70 
  32 PAL158I  1462 2008                                     .61  .69  .65  .65  .66  .57  .78  .61  .17B .49  .54  .42  .30A
  33 PAL158J  1295 2008  .56  .56  .57  .56  .37  .47  .66  .61  .61  .57  .69  .62  .41  .77  .60  .33  .59  .45  .32A .27A
  34 PAL158L  1295 2008  .58  .56  .60  .55  .43  .49  .60  .61  .51  .43  .69  .70  .43  .77  .68  .36  .52  .44  .32A .31A
  36 PAL167D  1770 2008                                                                                                 .46 
  37 PAL173B  1700 2008                                                                                       .35  .46  .77 
  38 PAL173F  1549 2008                                                         .58  .22B .53  .59  .26B .06B .24B .55  .79 
  39 PAL179A  1210 1967  .87  .71  .68  .80  .83  .82  .82  .73  .66  .74  .86  .65  .39  .71  .77  .75  .69  .70  .49  .47 
  40 PAL179B  1229 1974  .80  .68  .71  .80  .72  .64  .73  .60  .49  .59  .81  .78  .55  .72  .81  .75  .78  .66  .49  .53 
  41 PAL179C  1210 1974  .89  .56  .56  .77  .78  .81  .83  .69  .59  .73  .87  .71  .56  .73  .77  .75  .74  .72  .57  .59 
  42 PAL179E  1231 1966  .89  .68  .65  .77  .84  .81  .77  .68  .62  .76  .85  .68  .53  .72  .79  .74  .67  .78  .47  .51 
  43 PAL190A  1252 1577  .46  .49  .27A .16A .45  .49  .34  .30A .45  .39                                                   
  45 PAL190I  1236 1577  .46  .32A .03B .13B .43  .46  .29A .29A .47  .46                                                   
  47 PAL232B  1635 2008                                                                        .80  .57  .47  .59  .56  .62 
  48 PAL234A  1680 2008                                                                                  .57  .33  .27B .60 
  49 PAL242A  1725 1900                                                                                            .62  .71 
  50 PAL242B  1750 1950                                                                                                 .49 
  51 PAL243C  1720 2006                                                                                       .28A .36  .65 
  52 PAL247A  1532 1699                                                    .46  .61  .38  .64  .64                          
  53 PAL247C  1518 1729                                               .43  .45  .56  .57  .77  .84  .81                     
  54 PAL247D  1500 1770                                               .62  .60  .60  .68  .70  .70  .66  .64                
  55 PAL270A  1730 2008                                                                                            .51  .58 
  56 PAL270B  1736 2008                                                                                            .54  .53 
  57 PAL271A  1749 2008                                                                                                 .82 
  58 PAL271B  1700 2008                                                                                       .65  .61  .69 
  59 PAL271C  1715 2008                                                                                       .60  .72  .68 
  62 PAL277A  1720 1970                                                                                       .47  .45  .54 
  63 PAL279A  1660 2008                                                                             .48  .65  .72  .48  .69 
  64 PAL279B  1625 2008                                                                        .48  .61  .74  .62  .33B .50 
 Av segment correlation  .69  .61  .54  .61  .65  .65  .65  .61  .64  .66  .74  .72  .59  .76  .75  .64  .64  .57  .53  .61 

 CORRELATION OF SERIES BY SEGMENTS: mexi081
-----------------------------------------------------------------------------------------------------------------------------------
 Correlations of  50-year dated segments, lagged  25 years
 Flags:  A = correlation under   .3281 but highest as dated;  B = correlation higher at other than dated position

 Seq Series  Time_span  1800 1825 1850 1875 1900 1925 1950 
                        1849 1874 1899 1924 1949 1974 1999 
 --- -------- ---------  ---- ---- ---- ---- ---- ---- ---- 
   1 PAL10A   1757 2008  .44  .44  .42  .42  .53  .52  .47 
   2 PAL10E   1775 1970  .66  .53  .49  .49  .48           
   3 PAL12A   1791 2008  .66  .72  .68  .58  .62  .72  .59 
   4 PAL12C   1830 2008            .73  .66  .68  .69  .66 
   5 PAL20C   1860 2008                 .53  .68  .78  .78 
   6 PAL24C   1780 2008  .60  .74  .61  .40  .61  .63  .45 
   7 PAL26A   1761 2008  .80  .85  .77  .61  .35  .31A .59 
   8 PAL26B   1762 2008  .81  .88  .82  .65  .49  .43  .58 
   9 PAL27B   1685 2008  .58  .61  .55  .44  .54  .53  .52 
  10 PAL27C   1850 1980                 .56  .56  .62      
  11 PAL51A   1725 1950  .85  .81  .76  .54  .57           
  12 PAL51C   1725 2008  .74  .77  .77  .73  .75  .74  .62 
  13 PAL57C   1775 2008  .62  .19B .35  .62  .62  .58  .62 
  19 PAL66G   1780 2008  .50  .55  .67  .65  .58  .60  .48 
  20 PAL67A   1725 2008  .77  .78  .82  .80  .80  .77  .53 
  21 PAL67D   1725 2008  .71  .79  .75  .76  .81  .69  .58 
  24 PAL74B   1449 2008  .66  .57  .58  .67  .64  .67  .80 
  25 PAL74D   1506 2008  .76  .71  .71  .74  .73  .64  .71 
  26 PAL74G   1449 2008  .77  .67  .68  .73  .79  .68  .69 
  28 PAL74I   1505 2008  .80  .78  .78  .77  .74  .56  .58 
  29 PAL75C   1584 2008  .73  .83  .87  .80  .76  .70  .46 
  30 PAL75E   1770 2008  .70  .84  .89  .80  .77  .81  .61 
  31 PAL76E   1750 2008  .64  .73  .74  .62  .52  .40  .40 
  32 PAL158I  1462 2008  .09B .16B .47  .50  .53  .56  .35 
  33 PAL158J  1295 2008  .12B .23B .52  .44  .52  .58  .42 
  34 PAL158L  1295 2008  .19B .23B .49  .58  .58  .60  .46 
  35 PAL167B  1800 2008       .76  .75  .77  .74  .57  .58 
  36 PAL167D  1770 2008  .78  .85  .80  .83  .73  .59  .70 
  37 PAL173B  1700 2008  .76  .71  .72  .64  .67  .76  .56 
  38 PAL173F  1549 2008  .71  .67  .77  .59  .59  .68  .67 
  39 PAL179A  1210 1967  .52  .38  .49  .54  .58           
  40 PAL179B  1229 1974  .46  .48  .61  .57  .68  .71      
  41 PAL179C  1210 1974  .49  .41  .68  .55  .55  .62      
  42 PAL179E  1231 1966  .59  .33  .51  .53  .59           
  44 PAL190F  1780 1919  .64  .42  .46                     
  46 PAL232A  1800 2008       .86  .82  .78  .72  .58  .62 
  47 PAL232B  1635 2008  .75  .85  .80  .73  .63  .56  .70 
  48 PAL234A  1680 2008  .66  .57  .49  .56  .60  .68  .70 
  49 PAL242A  1725 1900  .59  .61  .55                     
  50 PAL242B  1750 1950  .59  .53  .51  .57  .52           
  51 PAL243C  1720 2006  .67  .64  .78  .68  .48  .62  .50 
  55 PAL270A  1730 2008  .58  .53  .49  .29B .37  .62  .53 
  56 PAL270B  1736 2008  .64  .62  .44  .22B .45  .58  .56 
  57 PAL271A  1749 2008  .74  .63  .60  .67  .71  .65  .77 
  58 PAL271B  1700 2008  .71  .59  .55  .54  .48  .59  .69 
  59 PAL271C  1715 2008  .70  .67  .61  .57  .71  .78  .75 
  60 PAL273A  1800 2008       .68  .74  .33  .28A .63  .52 
  61 PAL273B  1788 2008  .46  .42  .56  .52  .57  .62  .35B
  62 PAL277A  1720 1970  .71  .72  .62  .43  .53           
  63 PAL279A  1660 2008  .69  .38  .38  .31A .50  .65  .62 
  64 PAL279B  1625 2008  .65  .56  .61  .60  .65  .68  .73 
  65 PAL295A  1780 2008  .71  .80  .85  .75  .59  .53  .52 
  66 PAL295B  1780 2008  .74  .82  .81  .69  .60  .62  .61 
 Av segment correlation  .63  .62  .65  .59  .60  .63  .59 

 FLAGGED SEGMENTS: mexi081
-----------------------------------------------------------------------------------------------------------------------------------
 Seq Series   Segment    Flag  r dated  Best lag  r at lag   Gain  Note
 --- -------- ---------  ----  -------  --------  --------  -----  -----------------
   7 PAL26A   1925 1974     A     .313         0
   9 PAL27B   1700 1749     A     .325         0
   9 PAL27B   1725 1774     B     .371         3      .382   .010
  13 PAL57C   1825 1874     B     .192        -1      .298   .106  weak at every lag
  26 PAL74G   1750 1799     B     .377         1      .559   .182
  32 PAL158I  1675 1724     B     .172        -4      .313   .141  weak at every lag
  32 PAL158I  1775 1824     A     .300         0
  32 PAL158I  1800 1849     B     .094        -8      .390   .297
  32 PAL158I  1825 1874     B     .157        -6      .314   .157  weak at every lag
  33 PAL158J  1750 1799     A     .323         0
  33 PAL158J  1775 1824     A     .271         0
  33 PAL158J  1800 1849     B     .116        -8      .406   .290
  33 PAL158J  1825 1874     B     .226        -6      .331   .105
  34 PAL158L  1750 1799     A     .316         0
  34 PAL158L  1775 1824     A     .310         0
  34 PAL158L  1800 1849     B     .188        -8      .423   .235
  34 PAL158L  1825 1874     B     .226        -8      .325   .098  weak at every lag
  38 PAL173F  1600 1649     B     .220         1      .285   .065  weak at every lag
  38 PAL173F  1675 1724     B     .261         1      .543   .282
  38 PAL173F  1700 1749     B     .061        -1      .359   .297
  38 PAL173F  1725 1774     B     .237        -1      .396   .159
  43 PAL190A  1350 1399     A     .270         0
  43 PAL190A  1375 1424     A     .164         0
  43 PAL190A  1475 1524     A     .302         0
  45 PAL190I  1325 1374     A     .322         0
  45 PAL190I  1350 1399     B     .031         2      .209   .179  weak at every lag
  45 PAL190I  1375 1424     B     .127        -7      .200   .073  weak at every lag
  45 PAL190I  1450 1499     A     .291         0
  45 PAL190I  1475 1524     A     .295         0
  48 PAL234A  1750 1799     B     .267        -3      .287   .019  weak at every lag
  51 PAL243C  1725 1774     A     .280         0
  55 PAL270A  1875 1924     B     .291        -8      .323   .031  weak at every lag
  56 PAL270B  1875 1924     B     .221        -8      .404   .184
  60 PAL273A  1900 1949     A     .283         0
  61 PAL273B  1950 1999     B     .353        -1      .382   .029
  63 PAL279A  1875 1924     A     .307         0
  64 PAL279B  1750 1799     B     .328        -8      .328   .001

 DESCRIPTIVE STATISTICS: mexi081
-----------------------------------------------------------------------------------------------------------------------------------

                                                Corr   //-------- Unfiltered --------\\  //-- dplR filtered --\\
                           No.    No.    No.    with   Mean   Max     Std   Auto   Mean   Max     Std   Auto  AR
 Seq Series   Interval   Years  Segmt  Flags   Master  msmt   msmt    dev   corr   sens  value    dev   corr  ()
 --- -------- ---------  -----  -----  -----   ------ -----  -----  -----  -----  -----  -----  -----  -----  --
   1 PAL10A   1757 2008    252      8      0    .470   1.68   6.06  1.453   .738   .427   4.05   .503   .019   1
   2 PAL10E   1775 1970    196      5      0    .500    .89   6.65   .722   .706   .312   2.82   .361   .046   1
   3 PAL12A   1791 2008    218      7      0    .610   1.89   9.55  1.466   .616   .383   3.12   .467  -.014   2
   4 PAL12C   1830 2008    179      5      0    .669   1.89   8.92  1.424   .665   .357   3.47   .429  -.014   3
   5 PAL20C   1860 2008    149      4      0    .698   2.05  16.69  2.419   .820   .402   2.76   .438  -.021   3
   6 PAL24C   1780 2008    229      7      0    .561    .78   2.75   .331   .392   .316   3.40   .354   .004   3
   7 PAL26A   1761 2008    248      8      1    .586   1.57   6.63  1.150   .656   .371   2.67   .392  -.014   3
   8 PAL26B   1762 2008    247      8      0    .644   1.40   6.04  1.002   .655   .400   2.69   .393  -.015   3
   9 PAL27B   1685 2008    324     11      2    .498   1.16   5.25   .729   .790   .269   2.28   .283  -.021   3
  10 PAL27C   1850 1980    131      3      0    .591   1.31   5.46   .865   .809   .293   1.99   .295   .020   3
  11 PAL51A   1725 1950    226      7      0    .741   1.12   3.96   .592   .647   .309   2.16   .312  -.036   3
  12 PAL51C   1725 2008    284      9      0    .693   1.30   3.77   .590   .547   .330   1.89   .322  -.009   3
  13 PAL57C   1775 2008    234      7      1    .536    .92   2.85   .649   .791   .356   2.20   .352  -.015   3
  14 PAL65A   1213 1639    427     12      0    .645    .62   5.43   .690   .757   .495   3.33   .512  -.010   3
  15 PAL65B   1284 1639    356     12      0    .764    .43   2.52   .336   .636   .459   2.91   .475  -.004   2
  16 PAL65J   1243 1639    397     12      0    .795    .50   4.76   .505   .741   .456   3.01   .459   .009   2
  17 PAL65K   1422 1659    238      8      0    .612    .58   2.82   .427   .700   .409   2.61   .413   .027   1
  18 PAL65M   1269 1425    157      4      0    .737    .99   5.64   .852   .684   .406   4.03   .460   .012   1
  19 PAL66G   1780 2008    229      7      0    .507    .80   4.70   .632   .727   .326   2.63   .351  -.031   3
  20 PAL67A   1725 2008    284      9      0    .737    .99   4.41   .739   .739   .404   2.39   .411  -.030   3
  21 PAL67D   1725 2008    284      9      0    .688   1.02   5.41   .831   .719   .398   3.40   .434  -.023   3
  22 PAL70A   1299 1370     72      1      0    .405   1.41   7.78  1.157   .318   .446   4.28   .605   .157   0
  23 PAL70F   1281 1370     90      1      0    .358   1.88   8.72  1.535   .502   .401   3.67   .543  -.014   2
  24 PAL74B   1449 2008    560     20      0    .722   1.01  15.71  1.406   .683   .499   3.70   .482   .005   3
  25 PAL74D   1506 2008    503     18      0    .779    .72   8.87   .854   .765   .434   3.37   .443  -.015   3
  26 PAL74G   1449 2008    560     20      1    .715   1.02  11.75  1.449   .659   .476   3.31   .487  -.012   3
  27 PAL74H   1516 1750    235      8      0    .758    .70   6.14   .693   .592   .403   2.92   .493   .001   1
  28 PAL74I   1505 2008    504     18      0    .769    .79   9.76  1.155   .732   .487   3.38   .522  -.011   3
  29 PAL75C   1584 2008    425     15      0    .675    .88   6.67   .868   .769   .401   3.56   .429  -.018   3
  30 PAL75E   1770 2008    239      8      0    .661    .96   4.69   .899   .782   .411   2.19   .408  -.002   1
  31 PAL76E   1750 2008    259      8      0    .603    .84   7.86   .948   .705   .486   4.78   .554   .009   3
  32 PAL158I  1462 2008    547     20      4    .508    .87   5.38   .507   .614   .286   4.31   .343   .002   3
  33 PAL158J  1295 2008    714     27      4    .497    .88   7.57   .561   .675   .302   3.12   .325   .006   3
  34 PAL158L  1295 2008    714     27      4    .504    .89   8.10   .571   .612   .306   3.74   .340   .002   3
  35 PAL167B  1800 2008    209      6      0    .505   1.48   9.62  1.672   .644   .458   7.51   .723   .283   1
  36 PAL167D  1770 2008    239      8      0    .646   1.21  14.12  1.353   .696   .428   3.42   .482  -.016   3
  37 PAL173B  1700 2008    309     10      0    .610   1.15   4.71   .648   .639   .311   3.36   .349  -.018   3
  38 PAL173F  1549 2008    460     16      4    .539   1.08   8.63   .770   .603   .338   4.83   .398  -.009   3
  39 PAL179A  1210 1967    758     25      0    .699    .47   5.55   .416   .725   .393   3.26   .408  -.008   3
  40 PAL179B  1229 1974    746     26      0    .693    .44   4.09   .331   .705   .399   2.96   .389   .017   1
  41 PAL179C  1210 1974    765     26      0    .715    .45   5.49   .411   .691   .379   3.64   .392  -.007   3
  42 PAL179E  1231 1966    736     25      0    .669    .44   3.73   .325   .614   .395   3.31   .415  -.005   1
  43 PAL190A  1252 1577    326     10      3    .390    .76   2.19   .347   .585   .338   2.77   .357  -.014   1
  44 PAL190F  1780 1919    140      3      0    .514    .68   1.57   .315   .540   .399   1.99   .360   .011   1
  45 PAL190I  1236 1577    342     10      5    .337    .80   2.38   .377   .751   .264   2.67   .278   .025   1
  46 PAL232A  1800 2008    209      6      0    .724   1.13   5.82   .664   .741   .323   1.98   .313  -.003   3
  47 PAL232B  1635 2008    374     13      0    .667   1.15   6.59   .847   .801   .278   2.50   .300  -.006   3
  48 PAL234A  1680 2008    329     11      1    .518    .81   3.70   .484   .574   .285   2.90   .360  -.037   3
  49 PAL242A  1725 1900    176      5      0    .607    .71   4.61   .584   .658   .348   2.41   .361   .009   2
  50 PAL242B  1750 1950    201      6      0    .524    .96   4.73   .763   .789   .324   2.13   .343  -.044   3
  51 PAL243C  1720 2006    287     10      1    .509   1.55   9.69  1.501   .876   .301   2.47   .323   .041   1
  52 PAL247A  1532 1699    168      5      0    .518    .89   2.83   .475   .592   .309   2.34   .336   .015   1
  53 PAL247C  1518 1729    212      7      0    .633    .99   3.64   .517   .639   .289   2.63   .312  -.004   1
  54 PAL247D  1500 1770    271      8      0    .581    .81   3.02   .480   .611   .341   2.48   .372   .013   2
  55 PAL270A  1730 2008    279      9      1    .499   1.10   3.85   .578   .789   .232   1.95   .257   .007   1
  56 PAL270B  1736 2008    273      9      1    .510   1.24   7.32   .755   .691   .202   2.61   .263  -.004   2
  57 PAL271A  1749 2008    260      8      0    .711   1.33   6.10   .809   .717   .284   2.45   .315  -.003   3
  58 PAL271B  1700 2008    309     10      0    .564   1.36   8.89  1.492   .778   .365   3.61   .425   .103   1
  59 PAL271C  1715 2008    294     10      0    .645   1.15   6.74  1.071   .798   .315   2.05   .329  -.012   3
  60 PAL273A  1800 2008    209      6      1    .473   1.95   8.05  1.548   .660   .432   3.38   .449  -.013   1
  61 PAL273B  1788 2008    221      7      1    .444   1.58   9.43  1.152   .572   .401   2.97   .458   .003   1
  62 PAL277A  1720 1970    251      8      0    .535    .79   2.89   .397   .757   .263   2.19   .274   .035   1
  63 PAL279A  1660 2008    349     12      1    .534    .68   3.71   .483   .596   .404   2.54   .412  -.009   3
  64 PAL279B  1625 2008    384     13      1    .553   1.00   7.63   .783   .773   .311   2.82   .343  -.001   1
  65 PAL295A  1780 2008    229      7      0    .657    .62   1.77   .366   .706   .360   2.12   .361  -.010   1
  66 PAL295B  1780 2008    229      7      0    .688    .67   2.02   .389   .720   .330   2.25   .342   .003   3
 --- -------- ---------  -----  -----  -----   ------ -----  -----  -----  -----  -----  -----  -----  -----  --
 Total or mean:          21255    695     37    .615    .93  16.69   .759   .687   .368   7.51   .395   .001

 DATA CHECKS (rwl.check): mexi081
-----------------------------------------------------------------------------------------------------------------------------------
 rwl.check: data_files/treering/measurements/northamerica/mexico/mexi081.rwl
 66 series, 21255 measurements, 1210-2008, 0.001 mm precision
 0 error(s), 0 warning(s), 7 note(s)
 -------------
 Nothing to report at this severity.
 7 note(s) not shown; see rwl.check() or the 'check' element of this report.

 NOTES
-----------------------------------------------------------------------------------------------------------------------------------
 Report generated using dplR 1.8.1 (R 4.5.2) on 2026-10-01 16:56 PDT.
 Measurement file mexi081.rwl, MD5 a89893d8e23c296f42a36959f4c589ff.
 Filtering: each series divided by a 32-year smoothing spline (caps()), then prewhitened with
   an AR model (order by AIC, at most 3).
 Master: biweight robust mean of the other series (leave-one-out).
 Correlation: Pearson, one-tailed, pcrit = 0.01; critical r = 0.3281 for 50-year segments.
 Segments: 50 years, lagged 25, first segment floored to 100. Lags searched: +/- 10 years.
 A segment is tested only where the series and the master cover all of it, at the dated
   position and at every lag. COFECHA also tests partial segments at the ends of a series, so
   series here may show fewer segments, and no flags can be raised at the ends of the record.
 Lags follow COFECHA: negative means rings are probably missing from the series, positive means
   false rings. A missing ring carries its lag into every segment before it, so look where the
   lag changes along a series. A B flag is a hypothesis to check on the wood; the gain says how
   seriously to take it.
 A B flag marked "weak at every lag" correlates under the critical value even at its best lag:
   the segment is weak wherever it is placed, and the shift is not evidence of a dating error.
   Treat it as a low correlation, like an A.
 Averages in the summary and the totals are weighted by the number of years in each series, as
   COFECHA's are.
 Unfiltered block and mean sensitivity: the measurements as read, and sens1().
 dplR filtered block: the series that was correlated, after filtering. COFECHA's filtered
   series is defined differently, so these three columns are not COFECHA's numbers.
 AR: order of the AR model used to prewhiten.
