
 COFECHA-style crossdating report: mexi028
 Report generated using dplR 1.8.1 (R 4.5.2) on 2026-10-01 16:58 PDT
 Built with dplR's xdate.report(), not COFECHA; see the notes at the end.


      Measurement file name  : mexi028.rwl
      MD5 of measurement file: 32eb869ade67504034238a69d81943a2
      Date checked           : 01OCT26
      Beginning year         : 1583
      Ending year            : 1993
      Principal investigators: Stahle, D.W.; Burns, B.T.; Cleaveland, M.K.
      Site name              : El Tabacote and Tomochic
      Species information    : PSME Pseudotsuga menziesii (Mirb.) Franco
      Latitude               : 28.3300 N
      Longitude              : 108.0000 W
      Elevation              : 2250 m

      Series intercorrelation: 0.681
      Avg mean sensitivity   : 0.336
      Avg standard deviation : 0.482
      Avg autocorrelation    : 0.687
      Number dated series    : 64
      Segment length tested  : 50

      Number problem segments: 5  (A 2, B 3; 2 of the B weak at every lag)
      Pct problem segments   : 1.37


 CORRELATION OF SERIES BY SEGMENTS: mexi028
-----------------------------------------------------------------------------------------------------------------------------------
 Correlations of  50-year dated segments, lagged  25 years
 Flags:  A = correlation under   .3281 but highest as dated;  B = correlation higher at other than dated position

 Seq Series  Time_span  1600 1625 1650 1675 1700 1725 1750 1775 1800 1825 1850 1875 1900 1925 
                        1649 1674 1699 1724 1749 1774 1799 1824 1849 1874 1899 1924 1949 1974 
 --- -------- ---------  ---- ---- ---- ---- ---- ---- ---- ---- ---- ---- ---- ---- ---- ---- 
   1 TAB01A   1794 1980                                          .76  .65  .58  .31A .42  .72 
   2 TAB01B   1771 1980                                     .63  .83  .69  .59  .52  .52  .76 
   3 TAB02A   1818 1993                                               .66  .39  .62  .69  .69 
   4 TAB02B   1824 1993                                                    .53  .68  .74  .80 
   5 TAB03B   1854 1993                                                         .55  .43  .48 
   6 TAB04A   1797 1980                                          .70  .60  .61  .81  .73  .59 
   7 TAB04B   1783 1974                                          .67  .67  .75  .80  .66  .62 
   8 TAB07A   1757 1993                                     .83  .77  .72  .70  .61  .52  .70 
   9 TAB08B   1847 1993                                                    .73  .72  .71  .77 
  10 TAB09A   1824 1993                                               .73  .79  .80  .80  .84 
  11 TAB10A   1828 1993                                                    .71  .76  .80  .76 
  12 TAB10B   1842 1993                                                    .80  .76  .79  .80 
  13 TAB14A   1757 1993                                     .76  .82  .77  .72  .82  .80  .74 
  14 TAB15A   1812 1993                                               .83  .77  .66  .57  .54 
  15 TAB15B   1807 1993                                               .79  .83  .80  .70  .50 
  16 TAB16A   1815 1993                                               .77  .82  .81  .75  .64 
  17 TAB16B   1816 1993                                               .71  .73  .81  .78  .76 
  18 TAB17A   1827 1993                                                    .72  .76  .81  .79 
  19 TAB17B   1855 1993                                                         .85  .79  .75 
  20 TAB18A   1693 1970                      .69  .72  .68  .69  .64  .74  .66  .46  .56      
  21 TAB22A   1700 1993                           .82  .81  .82  .51  .43  .62  .58  .38  .42 
  22 TAB22D   1701 1909                           .80  .75  .59  .50  .56  .55                
  23 TAB24A   1701 1993                           .72  .70  .69  .62  .61  .65  .69  .53  .63 
  24 TAB24B   1683 1993                      .72  .83  .85  .77  .63  .58  .73  .77  .63  .71 
  25 TAB24C   1684 1775                      .74  .79                                         
  26 TAB41A   1686 1952                      .71  .68  .47  .68  .71  .63  .71  .78  .82      
  27 TAB41C   1687 1865                      .79  .90  .83  .82  .76                          
  28 TAB43A   1635 1900            .73  .66  .73  .79  .77  .72  .60  .60  .72                
  29 TAB43D   1647 1799            .72  .61  .72  .81  .68                                    
  30 TAB43E   1647 1820            .81  .76  .82  .91  .76                                    
  31 TAB78A   1639 1973            .80  .71  .73  .73  .76  .70  .16B-.01B .33  .56  .80      
  33 TAB80A   1646 1779            .58  .59  .56  .64                                         
  34 TAB80B   1646 1744            .71  .70                                                   
  35 TAB80C   1646 1760            .58  .65  .69                                              
  36 TAB90A   1583 1820  .78  .83  .76  .62  .78  .84  .75                                    
  37 TAB90B   1583 1853  .84  .82  .81  .74  .77  .77  .70  .77  .74                          
  38 TAB90C   1583 1830  .70  .71  .84  .81  .82  .83  .70  .70                               
  39 TAB96A   1594 1783  .84  .83  .84  .61  .54  .68                                         
  40 TAB96B   1594 1750  .82  .80  .78  .60  .52                                              
  41 TAB96C   1594 1710  .79  .81  .85                                                        
  42 440021   1753 1974                                     .69  .57  .47  .50  .63  .70  .75 
  43 440022   1818 1974                                               .41  .61  .63  .66  .81 
  44 440031   1750 1974                                     .73  .64  .65  .67  .68  .76  .73 
  45 440032   1743 1971                                .71  .74  .75  .77  .73  .68  .65      
  46 440061   1684 1974                      .64  .76  .58  .54  .58  .43  .60  .73  .51  .56 
  47 440062   1680 1974                      .71  .80  .64  .61  .68  .54  .70  .74  .71  .73 
  48 440071   1754 1974                                     .82  .79  .66  .61  .70  .81  .75 
  49 440072   1746 1974                                .69  .80  .66  .57  .60  .61  .70  .75 
  50 440091   1790 1974                                          .55  .49  .55  .67  .73  .73 
  51 440092   1808 1974                                               .52  .61  .65  .72  .74 
  52 440101   1770 1974                                     .66  .62  .42  .44  .56  .62  .63 
  53 440132   1770 1950                                     .56  .43  .46  .31B .31A .53      
  54 440151   1848 1974                                                         .67  .67  .70 
  55 440152   1844 1974                                                    .54  .55  .65  .80 
  56 440231   1793 1974                                          .82  .77  .68  .70  .77  .84 
  57 440232   1810 1974                                               .77  .70  .76  .79  .79 
  58 440241   1820 1974                                               .86  .79  .79  .80  .78 
  59 440242   1828 1974                                                    .78  .81  .73  .69 
  60 440251   1862 1974                                                         .68  .73  .81 
  61 440252   1853 1974                                                         .70  .67  .68 
  62 440261   1778 1974                                          .63  .70  .64  .77  .81  .62 
  63 440264   1779 1974                                          .72  .76  .68  .69  .74  .76 
  64 440273   1810 1974                                               .48  .43  .67  .81  .44 
 Av segment correlation  .80  .80  .76  .67  .70  .78  .71  .71  .65  .62  .64  .68  .69  .70 

 FLAGGED SEGMENTS: mexi028
-----------------------------------------------------------------------------------------------------------------------------------
 Seq Series   Segment    Flag  r dated  Best lag  r at lag   Gain  Note
 --- -------- ---------  ----  -------  --------  --------  -----  -----------------
   1 TAB01A   1875 1924     A     .313         0
  31 TAB78A   1800 1849     B     .164         4      .230   .066  weak at every lag
  31 TAB78A   1825 1874     B    -.007         2      .184   .191  weak at every lag
  53 440132   1850 1899     B     .310         2      .329   .018
  53 440132   1875 1924     A     .314         0

 DESCRIPTIVE STATISTICS: mexi028
-----------------------------------------------------------------------------------------------------------------------------------

                                                Corr   //-------- Unfiltered --------\\  //-- dplR filtered --\\
                           No.    No.    No.    with   Mean   Max     Std   Auto   Mean   Max     Std   Auto  AR
 Seq Series   Interval   Years  Segmt  Flags   Master  msmt   msmt    dev   corr   sens  value    dev   corr  ()
 --- -------- ---------  -----  -----  -----   ------ -----  -----  -----  -----  -----  -----  -----  -----  --
   1 TAB01A   1794 1980    187      6      1    .598   1.11   2.44   .461   .827   .195   2.00   .197  -.010   1
   2 TAB01B   1771 1980    210      7      0    .575   1.12   2.48   .424   .776   .200   1.77   .197  -.055   1
   3 TAB02A   1818 1993    176      5      0    .648   1.53   3.21   .720   .879   .199   1.66   .196   .017   1
   4 TAB02B   1824 1993    170      4      0    .700   1.29   2.79   .615   .876   .190   1.48   .180  -.007   3
   5 TAB03B   1854 1993    140      3      0    .479   1.82   4.42  1.087   .923   .229   1.49   .199  -.007   3
   6 TAB04A   1797 1980    184      6      0    .650    .88   2.95   .522   .792   .360   1.97   .292  -.003   1
   7 TAB04B   1783 1974    192      6      0    .675    .91   2.72   .516   .752   .356   2.09   .325   .072   0
   8 TAB07A   1757 1993    237      7      0    .728   1.24   3.32   .634   .766   .298   1.67   .244  -.003   2
   9 TAB08B   1847 1993    147      4      0    .753   1.04   2.08   .426   .573   .312   1.96   .270  -.023   0
  10 TAB09A   1824 1993    170      5      0    .796   1.20   2.55   .552   .756   .282   1.75   .240  -.060   0
  11 TAB10A   1828 1993    166      4      0    .760   1.02   2.88   .563   .757   .322   1.97   .247   .007   2
  12 TAB10B   1842 1993    152      4      0    .793   1.09   2.75   .619   .710   .372   1.73   .289  -.113   0
  13 TAB14A   1757 1993    237      7      0    .770    .84   1.93   .371   .676   .321   1.78   .262   .000   3
  14 TAB15A   1812 1993    182      5      0    .689    .94   2.62   .551   .650   .408   2.39   .368  -.004   3
  15 TAB15B   1807 1993    187      5      0    .689    .91   3.23   .549   .681   .399   2.27   .353  -.003   3
  16 TAB16A   1815 1993    179      5      0    .726   1.16   2.72   .583   .694   .366   2.19   .298  -.011   3
  17 TAB16B   1816 1993    178      5      0    .753   1.23   2.78   .596   .771   .322   1.77   .271  -.029   3
  18 TAB17A   1827 1993    167      4      0    .755   1.60   3.10   .684   .674   .296   1.67   .272  -.016   3
  19 TAB17B   1855 1993    139      3      0    .753   1.61   2.91   .731   .801   .265   1.81   .235  -.083   0
  20 TAB18A   1693 1970    278      9      0    .643    .89   2.10   .435   .793   .254   1.67   .233   .009   1
  21 TAB22A   1700 1993    294      9      0    .601    .54   2.31   .265   .542   .330   2.01   .306  -.008   3
  22 TAB22D   1701 1909    209      6      0    .648    .57   1.79   .255   .551   .310   2.32   .289  -.006   3
  23 TAB24A   1701 1993    293      9      0    .647    .56   2.02   .305   .521   .446   2.50   .383  -.009   3
  24 TAB24B   1683 1993    311     10      0    .699    .59   1.83   .299   .476   .430   2.34   .374  -.014   3
  25 TAB24C   1684 1775     92      2      0    .780    .59   1.39   .276   .593   .384   2.24   .333  -.042   3
  26 TAB41A   1686 1952    267      9      0    .662    .50   1.77   .277   .502   .441   3.27   .407   .060   0
  27 TAB41C   1687 1865    179      5      0    .755    .51   1.41   .249   .597   .368   2.17   .325  -.019   3
  28 TAB43A   1635 1900    266      9      0    .692    .41   1.68   .233   .481   .432   2.61   .402   .065   0
  29 TAB43D   1647 1799    153      5      0    .702    .48   1.53   .239   .455   .385   1.98   .360  -.005   2
  30 TAB43E   1647 1820    174      5      0    .780    .50   1.19   .213   .515   .345   1.97   .322  -.035   3
  31 TAB78A   1639 1973    335     11      2    .578    .46   2.71   .396   .630   .521   4.45   .476  -.010   3
  32 TAB78B   1639 1672     34      0      0    .552    .61   1.33   .325   .358   .457   1.88   .408  -.164   3
  33 TAB80A   1646 1779    134      4      0    .580    .72   1.43   .301   .575   .323   1.84   .299  -.032   3
  34 TAB80B   1646 1744     99      2      0    .523    .75   1.83   .376   .594   .373   1.90   .338   .029   1
  35 TAB80C   1646 1760    115      3      0    .628    .59   1.45   .282   .504   .398   1.96   .340  -.004   0
  36 TAB90A   1583 1820    238      7      0    .723    .43   1.34   .242   .638   .410   2.31   .361  -.012   3
  37 TAB90B   1583 1853    271      9      0    .733    .39   1.55   .236   .629   .420   2.31   .368   .020   3
  38 TAB90C   1583 1830    248      8      0    .760    .43   1.88   .290   .625   .426   2.63   .392  -.003   3
  39 TAB96A   1594 1783    190      6      0    .716    .59   2.27   .421   .736   .444   2.22   .407  -.001   3
  40 TAB96B   1594 1750    157      5      0    .679    .54   1.71   .323   .606   .457   2.26   .419   .005   2
  41 TAB96C   1594 1710    117      3      0    .793    .56   1.68   .305   .536   .440   2.23   .397  -.001   2
  42 440021   1753 1974    222      7      0    .664   1.63   4.47   .721   .764   .260   2.38   .261  -.014   1
  43 440022   1818 1974    157      5      0    .658   1.22   2.46   .584   .824   .255   1.68   .238   .020   0
  44 440031   1750 1974    225      7      0    .684   1.19   4.23   .722   .844   .244   1.73   .246   .004   1
  45 440032   1743 1971    229      7      0    .691   1.04   3.43   .675   .869   .254   1.84   .254   .002   1
  46 440061   1684 1974    291     10      0    .617    .87   2.74   .534   .866   .226   1.82   .233  -.009   3
  47 440062   1680 1974    295     10      0    .678    .82   1.90   .398   .826   .240   1.78   .236   .001   1
  48 440071   1754 1974    221      7      0    .727   1.29   2.84   .477   .671   .240   2.17   .261   .019   1
  49 440072   1746 1974    229      8      0    .673   1.37   2.89   .537   .727   .256   1.61   .249   .029   1
  50 440091   1790 1974    185      6      0    .644   1.25   2.75   .478   .679   .254   1.62   .240   .026   1
  51 440092   1808 1974    167      5      0    .646   1.55   3.14   .576   .750   .218   1.59   .219   .025   1
  52 440101   1770 1974    205      7      0    .572   1.35   2.75   .453   .622   .241   1.63   .233   .025   1
  53 440132   1770 1950    181      6      2    .417   1.52   3.09   .715   .859   .217   1.89   .233  -.011   3
  54 440151   1848 1974    127      3      0    .639   1.05   2.92   .450   .718   .243   1.85   .242   .038   3
  55 440152   1844 1974    131      4      0    .663    .84   2.69   .500   .828   .280   1.89   .283   .035   3
  56 440231   1793 1974    182      6      0    .779   1.15   3.86   .843   .872   .344   1.73   .288   .002   1
  57 440232   1810 1974    165      5      0    .772   1.28   4.63   .953   .838   .372   2.20   .312  -.003   1
  58 440241   1820 1974    155      5      0    .797   1.62   4.89   .803   .598   .369   2.02   .318   .002   2
  59 440242   1828 1974    147      4      0    .777   1.04   3.08   .501   .567   .332   1.88   .286   .009   2
  60 440251   1862 1974    113      3      0    .738   1.31   2.98   .578   .497   .368   2.05   .340   .034   0
  61 440252   1853 1974    122      3      0    .655   1.12   2.48   .457   .558   .315   1.87   .295  -.035   1
  62 440261   1778 1974    197      6      0    .687    .96   3.27   .662   .723   .532   2.34   .432  -.009   2
  63 440264   1779 1974    196      6      0    .726    .91   3.75   .711   .801   .434   2.43   .374  -.005   1
  64 440273   1810 1974    165      5      0    .551    .77   2.20   .415   .606   .453   2.01   .370  -.064   0
 --- -------- ---------  -----  -----  -----   ------ -----  -----  -----  -----  -----  -----  -----  -----  --
 Total or mean:          12161    366      5    .681    .94   4.89   .482   .687   .336   4.45   .304  -.002

 DATA CHECKS (rwl.check): mexi028
-----------------------------------------------------------------------------------------------------------------------------------
 rwl.check: data_files/treering/measurements/northamerica/mexico/mexi028.rwl
 64 series, 12161 measurements, 1583-1993, 0.01 mm precision
 0 error(s), 0 warning(s), 25 note(s)
 -------------
 Nothing to report at this severity.
 25 note(s) not shown; see rwl.check() or the 'check' element of this report.

 NOTES
-----------------------------------------------------------------------------------------------------------------------------------
 Report generated using dplR 1.8.1 (R 4.5.2) on 2026-10-01 16:58 PDT.
 Measurement file mexi028.rwl, MD5 32eb869ade67504034238a69d81943a2.
 Filtering: each series divided by a 32-year smoothing spline (caps()), then prewhitened with
   an AR model (order by AIC, at most 3).
 Master: biweight robust mean of the other series (leave-one-out).
 Correlation: Pearson, one-tailed, pcrit = 0.01; critical r = 0.3281 for 50-year segments.
 Segments: 50 years, lagged 25, first segment floored to 100. Lags searched: +/- 10 years.
 A segment is tested only where the series and the master cover all of it, at the dated
   position and at every lag. COFECHA also tests partial segments at the ends of a series, so
   series here may show fewer segments, and no flags can be raised at the ends of the record.
 Lags follow COFECHA: negative means rings are probably missing from the series, positive means
   false rings. A missing ring carries its lag into every segment before it, so look where the
   lag changes along a series. A B flag is a hypothesis to check on the wood; the gain says how
   seriously to take it.
 A B flag marked "weak at every lag" correlates under the critical value even at its best lag:
   the segment is weak wherever it is placed, and the shift is not evidence of a dating error.
   Treat it as a low correlation, like an A.
 Averages in the summary and the totals are weighted by the number of years in each series, as
   COFECHA's are.
 Unfiltered block and mean sensitivity: the measurements as read, and sens1().
 dplR filtered block: the series that was correlated, after filtering. COFECHA's filtered
   series is defined differently, so these three columns are not COFECHA's numbers.
 AR: order of the AR model used to prewhiten.
